# logAge Mass logTe Mbol logg C/O
-0.5054055187 1.1500000000 3.5228500000 -1.6981500000 0.9488378404 0.0000000000
-0.4602882628 1.1500000000 3.5228547257 -1.6981028203 0.9488756152 0.0000000000
-0.4151710111 1.1500000000 3.5228593199 -1.6980363826 0.9489205671 0.0000000000
-0.3700537638 1.1500000000 3.5228638973 -1.6979533087 0.9489721061 0.0000000000
-0.3249365209 1.1500000000 3.5228685725 -1.6978562201 0.9490296422 0.0000000000
-0.2798192824 1.1500000000 3.5228734203 -1.6977477028 0.9490924406 0.0000000000
-0.2347020475 1.1500000000 3.5228781090 -1.6976299781 0.9491582851 0.0000000000
-0.1895848152 1.1500000000 3.5228821458 -1.6975046956 0.9492245454 0.0000000000
-0.1444675890 1.1500000000 3.5228864445 -1.6973670291 0.9492968067 0.0000000000
-0.0993503759 1.1500000000 3.5228930961 -1.6972067587 0.9493875212 0.0000000000
-0.0542331776 1.1500000000 3.5229024462 -1.6970222272 0.9494987343 0.0000000000
-0.0091159884 1.1500000000 3.5229125582 -1.6968229162 0.9496189067 0.0000000000
0.0360011914 1.1500000000 3.5229220595 -1.6966108356 0.9497417442 0.0000000000
0.0811183489 1.1500000000 3.5229309386 -1.6963723612 0.9498726503 0.0000000000
0.1262354732 1.1500000000 3.5229396508 -1.6960969185 0.9500176760 0.0000000000
0.1713525638 1.1500000000 3.5229495612 -1.6957878585 0.9501809415 0.0000000000
0.2164696195 1.1500000000 3.5229619428 -1.6954489862 0.9503660172 0.0000000000
0.2615866288 1.1500000000 3.5229769157 -1.6950748516 0.9505755625 0.0000000000
0.3067035774 1.1500000000 3.5229942299 -1.6946577700 0.9508116521 0.0000000000
0.3518204509 1.1500000000 3.5230133153 -1.6941926863 0.9510740270 0.0000000000
0.3969372348 1.1500000000 3.5230336459 -1.6936755554 0.9513622018 0.0000000000
0.4420539049 1.1500000000 3.5230568446 -1.6931008231 0.9516848894 0.0000000000
0.4871704320 1.1500000000 3.5230857367 -1.6924620982 0.9520559479 0.0000000000
0.5322867972 1.1500000000 3.5231190386 -1.6917561118 0.9524715501 0.0000000000
0.5774029910 1.1500000000 3.5231516009 -1.6909824147 0.9529112780 0.0000000000
0.6225189636 1.1500000000 3.5231827915 -1.6901316191 0.9533763587 0.0000000000
0.6676346073 1.1500000000 3.5232185766 -1.6891815969 0.9538995078 0.0000000000
0.7127498531 1.1500000000 3.5232628097 -1.6881211741 0.9545006093 0.0000000000
0.7578647225 1.1500000000 3.5233138273 -1.6869643508 0.9551674093 0.0000000000
0.8029792049 1.1500000000 3.5233703593 -1.6857185511 0.9558918571 0.0000000000
0.8480931477 1.1500000000 3.5234346681 -1.6843596328 0.9566926598 0.0000000000
0.8932063679 1.1500000000 3.5235088813 -1.6828589632 0.9575897802 0.0000000000
0.9383186718 1.1500000000 3.5235908584 -1.6811973409 0.9585823377 0.0000000000
0.9834298637 1.1500000000 3.5236777685 -1.6793589922 0.9596653174 0.0000000000
1.0285397574 1.1500000000 3.5237719848 -1.6773318629 0.9608530346 0.0000000000
1.0736481448 1.1500000000 3.5238780169 -1.6751034912 0.9621685116 0.0000000000
1.1187544584 1.1500000000 3.5239954844 -1.6726318534 0.9636270365 0.0000000000
1.1638578792 1.1500000000 3.5241206512 -1.6698547591 0.9652385414 0.0000000000
1.2089577468 1.1500000000 3.5242538526 -1.6667361584 0.9670187875 0.0000000000
1.2540535691 1.1500000000 3.5243997613 -1.6632679168 0.9689897187 0.0000000000
1.2991445432 1.1500000000 3.5245600856 -1.6594289619 0.9711665978 0.0000000000
1.3442293694 1.1500000000 3.5247315880 -1.6551760179 0.9735537852 0.0000000000
1.3893075827 1.1500000000 3.5249175059 -1.6505109027 0.9761635029 0.0000000000
1.4343807892 1.1500000000 3.5251373722 -1.6455464051 0.9790287669 0.0000000000
1.4794494509 1.1500000000 3.5254047953 -1.6403381472 0.9821817626 0.0000000000
1.5245087591 1.1500000000 3.5257031650 -1.6346745160 0.9856406940 0.0000000000
1.5695532006 1.1500000000 3.5260129552 -1.6283157440 0.9894233637 0.0000000000
1.6145801287 1.1500000000 3.5263375540 -1.6212110699 0.9935636283 0.0000000000
1.6595875432 1.1500000000 3.5266874603 -1.6133666525 0.9981010204 0.0000000000
1.7045699066 1.1500000000 3.5270631578 -1.6046897681 1.0030745642 0.0000000000
1.7495200640 1.1500000000 3.5274604355 -1.5950429799 1.0085223904 0.0000000000
1.7944361488 1.1500000000 3.5278881970 -1.5844454572 1.0144724456 0.0000000000
1.8393205356 1.1500000000 3.5283658803 -1.5730424793 1.0209443699 0.0000000000
1.8841708289 1.1500000000 3.5289013975 -1.5608562961 1.0279609119 0.0000000000
1.9289787857 1.1500000000 3.5294884423 -1.5477567436 1.0355489119 0.0000000000
1.9737417888 1.1500000000 3.5301324515 -1.5337358618 1.0437333016 0.0000000000
2.0184597066 1.1500000000 3.5308467372 -1.5188556970 1.0525425102 0.0000000000
2.0631064351 1.1500000000 3.5316093206 -1.5027210230 1.0620467135 0.0000000000
2.1076524563 1.1500000000 3.5323969923 -1.4849297123 1.0723139247 0.0000000000
2.1520874264 1.1500000000 3.5332160615 -1.4654938219 1.0833645575 0.0000000000
2.1964238162 1.1500000000 3.5340880237 -1.4447101589 1.0951658716 0.0000000000
2.2406642870 1.1500000000 3.5350279289 -1.4227088614 1.1077260112 0.0000000000
2.2848068065 1.1500000000 3.5360413884 -1.3995227085 1.1210543107 0.0000000000
2.3288061161 1.1500000000 3.5370902008 -1.3747145663 1.1351728170 0.0000000000
2.3726479412 1.1500000000 3.5381955208 -1.3482237132 1.1501904382 0.0000000000
2.4163316823 1.1500000000 3.5393476140 -1.3201690059 1.1660206942 0.0000000000
2.4599396045 1.1500000000 3.5406326438 -1.2914172082 1.1826615321 0.0000000000
2.5033836134 1.1500000000 3.5419689321 -1.2611750940 1.2001035312 0.0000000000
2.5465490953 1.1500000000 3.5432636721 -1.2285145698 1.2183467009 0.0000000000
2.5895188178 1.1500000000 3.5445995412 -1.1942966641 1.2373773394 0.0000000000
2.6324226100 1.1500000000 3.5460803133 -1.1595977877 1.2571799783 0.0000000000
2.6750887460 1.1500000000 3.5475499681 -1.1231154278 1.2776515417 0.0000000000
2.7174879700 1.1500000000 3.5490179795 -1.0847364332 1.2988751853 0.0000000000
2.7597656930 1.1500000000 3.5505682496 -1.0455452493 1.3207527390 0.0000000000
2.8018390957 1.1500000000 3.5521341046 -1.0050055806 1.3432320266 0.0000000000
2.8436582404 1.1500000000 3.5536987375 -0.9628578595 1.3663496467 0.0000000000
2.8853893765 1.1500000000 3.5553494438 -0.9201863910 1.3900210590 0.0000000000
2.9270521525 1.1500000000 3.5571207532 -0.8771316014 1.4143282125 0.0000000000
2.9682893554 1.1500000000 3.5587455209 -0.8315479920 1.4390607273 0.0000000000
3.0094786562 1.1500000000 3.5604651204 -0.7857196058 1.4642704795 0.0000000000
3.0505560471 1.1500000000 3.5622477121 -0.7392854003 1.4899745285 0.0000000000
3.0912568793 1.1500000000 3.5639018200 -0.6907919642 1.5159883347 0.0000000000
3.1319535809 1.1500000000 3.5656710880 -0.6423020934 1.5424613552 0.0000000000
3.1725553122 1.1500000000 3.5674728119 -0.5933333371 1.5692557531 0.0000000000
3.2128313444 1.1500000000 3.5691879652 -0.5426848334 1.5963757676 0.0000000000
3.2531015862 1.1500000000 3.5709781861 -0.4920265620 1.6237999599 0.0000000000
3.2932142439 1.1500000000 3.5727405250 -0.4405904375 1.6514237655 0.0000000000
3.3330927346 1.1500000000 3.5744605884 -0.3880134356 1.6793348197 0.0000000000
3.3730530634 1.1500000000 3.5762877168 -0.3358484064 1.7075093449 0.0000000000
3.4127644579 1.1500000000 3.5780334893 -0.2824994420 1.7358320208 0.0000000000
3.4523389976 1.1500000000 3.5797629341 -0.2285071613 1.7643467122 0.0000000000
3.4920159350 1.1500000000 3.5815973375 -0.1750072683 1.7930842829 0.0000000000
3.5313532969 1.1500000000 3.5832948995 -0.1199421883 1.8219005631 0.0000000000
3.5706832457 1.1500000000 3.5850197927 -0.0648437383 1.8508395158 0.0000000000
3.6100970987 1.1500000000 3.5868343236 -0.0101396757 1.8799792643 0.0000000000
3.6491253531 1.1500000000 3.5884668053 0.0462999919 1.9090850585 0.0000000000
3.6882430788 1.1500000000 3.5901812822 0.1023357588 1.9383572726 0.0000000000
3.7274345020 1.1500000000 3.5919668574 0.1580354579 1.9677794529 0.0000000000
3.7662159255 1.1500000000 3.5935361214 0.2155410328 1.9970587391 0.0000000000
3.8050893745 1.1500000000 3.5951803789 0.2726426800 2.0264764279 0.0000000000
3.8440575415 1.1500000000 3.5969002456 0.3293255864 2.0560290575 0.0000000000
3.8827463275 1.1500000000 3.5984740557 0.3872190832 2.0854816963 0.0000000000
3.9214740817 1.1500000000 3.6000810280 0.4449435026 2.1149993535 0.0000000000
3.9602731902 1.1500000000 3.6017528948 0.5023567833 2.1446521331 0.0000000000
3.9987866964 1.1500000000 3.6032654078 0.5609842644 2.1741531774 0.0000000000
4.0373355226 1.1500000000 3.6048004927 0.6194647089 2.2036856947 0.0000000000
4.0759994412 1.1500000000 3.6064110008 0.6774558639 2.2333241893 0.0000000000
4.1144947091 1.1500000000 3.6079287036 0.7361574752 2.2628756449 0.0000000000
4.1529184011 1.1500000000 3.6094132061 0.7951570672 2.2924134916 0.0000000000
4.1914530534 1.1500000000 3.6109657755 0.8536926490 2.3220380020 0.0000000000
4.2299013513 1.1500000000 3.6124657794 0.9125883992 2.3515963178 0.0000000000
4.2681810801 1.1500000000 3.6138613231 0.9721845247 2.3810169427 0.0000000000
4.3065489631 1.1500000000 3.6153051719 1.0314182121 2.4104858128 0.0000000000
4.3450239719 1.1500000000 3.6168044446 1.0902081783 2.4399988900 0.0000000000
4.3832355299 1.1500000000 3.6181482469 1.1500830871 2.4693240628 0.0000000000
4.4215471230 1.1500000000 3.6195119605 1.2095558981 2.4985680417 0.0000000000
4.4599421860 1.1500000000 3.6208963588 1.2686883334 2.5277586091 0.0000000000
4.4984087604 1.1500000000 3.6222736090 1.3275301263 2.5568043268 0.0000000000
4.5368063658 1.1500000000 3.6235194148 1.3866715486 2.5854441188 0.0000000000
4.5754494888 1.1500000000 3.6247623960 1.4448038523 2.6136689654 0.0000000000
4.6144915167 1.1500000000 3.6260257782 1.5012408706 2.6412973013 0.0000000000
4.6539998211 1.1500000000 3.6272139933 1.5556238724 2.6678033625 0.0000000000
4.6940497379 1.1500000000 3.6282299477 1.6074817949 2.6926103492 0.0000000000
4.7350803975 1.1500000000 3.6291637190 1.6542965919 2.7150713533 0.0000000000
4.7771949367 1.1500000000 3.6299817601 1.6946698024 2.7344928018 0.0000000000
4.8202862096 1.1500000000 3.6306777053 1.7280089526 2.7506122427 0.0000000000
4.8640445654 1.1500000000 3.6312356277 1.7554286942 2.7638118289 0.0000000000
4.9081588111 1.1500000000 3.6317332546 1.7790432146 2.7752481445 0.0000000000
4.9523464289 1.1500000000 3.6321758711 1.8017957862 2.7861196391 0.0000000000
4.9963782154 1.1500000000 3.6326139659 1.8263677381 2.7977007992 0.0000000000
5.0400454526 1.1500000000 3.6331409137 1.8546988797 2.8111410471 0.0000000000
5.0829479882 1.1500000000 3.6337811709 1.8895347321 2.8276364167 0.0000000000
5.1244139770 1.1500000000 3.6346039632 1.9338590444 2.8486573110 0.0000000000
5.1634091617 1.1500000000 3.6356590449 1.9903977861 2.8754931343 0.0000000000
5.1990003387 1.1500000000 3.6369624897 2.0595338889 2.9083613549 0.0000000000
5.2312353376 1.1500000000 3.6382730829 2.1383526474 2.9451312309 0.0000000000
5.2624969351 1.1500000000 3.6396399081 2.2196086894 2.9831009485 0.0000000000
5.2942130950 1.1500000000 3.6409633272 2.2997584118 3.0204545140 0.0000000000
5.3265447656 1.1500000000 3.6422422070 2.3783617370 3.0570113633 0.0000000000
5.3592472035 1.1500000000 3.6433760067 2.4560140924 3.0926075039 0.0000000000
5.3924757330 1.1500000000 3.6444699438 2.5322619070 3.1274823786 0.0000000000
5.4261776253 1.1500000000 3.6455443029 2.6072024655 3.1617560381 0.0000000000
5.4602707407 1.1500000000 3.6465710874 2.6810326823 3.1953952630 0.0000000000
5.4946200481 1.1500000000 3.6475106613 2.7541254340 3.2283906591 0.0000000000
5.5292030584 1.1500000000 3.6483586149 2.8265324801 3.2607452920 0.0000000000
5.5640918955 1.1500000000 3.6491913573 2.8980181787 3.2926705411 0.0000000000
5.5992190474 1.1500000000 3.6499808141 2.9687735743 3.3241305266 0.0000000000
5.6345844074 1.1500000000 3.6507408108 3.0387857614 3.3551753883 0.0000000000
5.6701332832 1.1500000000 3.6514578559 3.1082173086 3.3858161873 0.0000000000
5.7058246758 1.1500000000 3.6521261907 3.1771938227 3.4160801324 0.0000000000
5.7415769658 1.1500000000 3.6527052436 3.2459779107 3.4459099788 0.0000000000
5.7774592254 1.1500000000 3.6532500027 3.3143395547 3.4754336729 0.0000000000
5.8134713818 1.1500000000 3.6537629437 3.3822743858 3.5046593695 0.0000000000
5.8495867000 1.1500000000 3.6542264996 3.4498684735 3.5335512281 0.0000000000
5.8857844067 1.1500000000 3.6546632631 3.5171876590 3.5622259565 0.0000000000
5.9220500425 1.1500000000 3.6550455305 3.5842801039 3.5905920039 0.0000000000
5.9583766965 1.1500000000 3.6553864417 3.6511673188 3.6187105348 0.0000000000
5.9947610613 1.1500000000 3.6556880444 3.7178594092 3.6465937816 0.0000000000
6.0311816613 1.1500000000 3.6559425778 3.7844289804 3.6742397438 0.0000000000
6.0676492977 1.1500000000 3.6561675249 3.8508381050 3.7017031819 0.0000000000
6.1041390285 1.1500000000 3.6563345116 3.9171723993 3.7289048464 0.0000000000
6.1406555540 1.1500000000 3.6564650855 3.9834149900 3.7559241783 0.0000000000
6.1771901732 1.1500000000 3.6565575670 4.0495955694 3.7827663361 0.0000000000
6.2137238620 1.1500000000 3.6565952040 4.1157797449 3.8093905544 0.0000000000
6.2502718401 1.1500000000 3.6565870906 4.1819146307 3.8358120552 0.0000000000
6.2868330398 1.1500000000 3.6565390341 4.2480037219 3.8620554654 0.0000000000
6.3234293669 1.1500000000 3.6564589832 4.3139709876 3.8881221682 0.0000000000
6.3600754312 1.1500000000 3.6563409929 4.3797650594 3.9139678356 0.0000000000
6.3967838565 1.1500000000 3.6561984418 4.4453411948 3.9396280853 0.0000000000
6.4335891978 1.1500000000 3.6560261570 4.5105763872 3.9650330234 0.0000000000
6.4705298805 1.1500000000 3.6558606681 4.5753315155 3.9902731191 0.0000000000
6.5076213653 1.1500000000 3.6556917368 4.6395455957 4.0152830258 0.0000000000
6.5449007704 1.1500000000 3.6555261347 4.7030758840 4.0400327328 0.0000000000
6.5824385644 1.1500000000 3.6554077822 4.7656481447 4.0645882269 0.0000000000
6.6202634786 1.1500000000 3.6553388485 4.8271302224 4.0889053233 0.0000000000
6.6584226034 1.1500000000 3.6553329348 4.8873086218 4.1129530283 0.0000000000
6.6970010547 1.1500000000 3.6554345899 4.9457896757 4.1367520702 0.0000000000
6.7360543706 1.1500000000 3.6556701776 5.0022630351 4.1602837649 0.0000000000
6.7756766879 1.1500000000 3.6560764176 5.0561942431 4.1834812081 0.0000000000
6.8159519107 1.1500000000 3.6567085290 5.1069940026 4.2063295574 0.0000000000
6.8570045262 1.1500000000 3.6576430594 5.1537048878 4.2287520332 0.0000000000
6.8988971840 1.1500000000 3.6589526471 5.1954218173 4.2506771556 0.0000000000
6.9417201226 1.1500000000 3.6607533227 5.2305865521 4.2719457521 0.0000000000
6.9855076820 1.1500000000 3.6631980237 5.2569167691 4.2922566429 0.0000000000
7.0301075382 1.1500000000 3.6664866218 5.2713785010 4.3111957281 0.0000000000
7.0749747111 1.1500000000 3.6708036120 5.2702502926 4.3280124053 0.0000000000
7.1189831435 1.1500000000 3.6762439352 5.2502311226 4.3417660301 0.0000000000
7.1605727247 1.1500000000 3.6827287988 5.2100426295 4.3516300874 0.0000000000
7.1984412270 1.1500000000 3.6899466359 5.1516830141 4.3571575898 0.0000000000
7.2320495370 1.1500000000 3.6975611343 5.0790087987 4.3585458972 0.0000000000
7.2614680656 1.1500000000 3.7052970365 4.9957910770 4.3562024172 0.0000000000
7.2873094253 1.1500000000 3.7130031837 4.9053983296 4.3508699068 0.0000000000
7.3105213289 1.1500000000 3.7205738892 4.8105661897 4.3432198730 0.0000000000
7.3319223748 1.1500000000 3.7280277621 4.7130404441 4.3340250666 0.0000000000
7.3526890716 1.1500000000 3.7354420806 4.6146369922 4.3243209598 0.0000000000
7.3753683812 1.1500000000 3.7431855198 4.5191511044 4.3171003613 0.0000000000
7.4115692462 1.1500000000 3.7514542983 4.4826408058 4.3355713557 0.0000000000
7.4382029484 1.1500000000 3.7522230073 4.5736431565 4.3750471322 0.0000000000
7.4580065664 1.1500000000 3.7504261468 4.6748596503 4.4083462878 0.0000000000
7.4779531018 1.1500000000 3.7474400000 4.7757250000 4.4367478404 0.0000000000
7.4890786981 1.1500000000 3.7457800000 4.8198500000 4.4477578404 0.0000000000
7.4955992485 1.1500000000 3.7449431276 4.8398758492 4.4524206903 0.0000000000
7.5031530312 1.1500000000 3.7441332683 4.8575028641 4.4562320594 0.0000000000
7.5119647789 1.1500000000 3.7434384784 4.8710485143 4.4588711597 0.0000000000
7.5217983365 1.1500000000 3.7429382718 4.8791703231 4.4601190567 0.0000000000
7.5320971091 1.1500000000 3.7426504968 4.8820663979 4.4601263869 0.0000000000
7.5424665925 1.1500000000 3.7425349332 4.8812137812 4.4593230856 0.0000000000
7.5527648406 1.1500000000 3.7425340918 4.8783089977 4.4581578068 0.0000000000
7.5630163568 1.1500000000 3.7426036830 4.8745061160 4.4569150190 0.0000000000
7.5732547235 1.1500000000 3.7427102193 4.8705163240 4.4557452472 0.0000000000
7.5835033312 1.1500000000 3.7428291085 4.8666995613 4.4546940988 0.0000000000
7.5937721885 1.1500000000 3.7429486748 4.8632247967 4.4537824580 0.0000000000
7.6040581199 1.1500000000 3.7430700026 4.8600804024 4.4530100119 0.0000000000
7.6143571823 1.1500000000 3.7431949939 4.8572292450 4.4523695141 0.0000000000
7.6246648597 1.1500000000 3.7433263372 4.8545793337 4.4518349226 0.0000000000
7.6349765340 1.1500000000 3.7434668666 4.8520281492 4.4513765663 0.0000000000
7.6452886760 1.1500000000 3.7436184593 4.8494960772 4.4509701086 0.0000000000
7.6555998432 1.1500000000 3.7437811599 4.8469473759 4.4506014304 0.0000000000
7.6659088287 1.1500000000 3.7439548057 4.8443512595 4.4502575671 0.0000000000
7.6762145593 1.1500000000 3.7441393481 4.8416805621 4.4499274576 0.0000000000
7.6865165436 1.1500000000 3.7443352355 4.8389239112 4.4496083467 0.0000000000
7.6968144495 1.1500000000 3.7445430519 4.8360742412 4.4492997444 0.0000000000
7.7071079421 1.1500000000 3.7447633830 4.8331244578 4.4490011553 0.0000000000
7.7173961260 1.1500000000 3.7449971732 4.8300606930 4.4487108104 0.0000000000
7.7276768270 1.1500000000 3.7452461856 4.8268536382 4.4484240380 0.0000000000
7.7379476937 1.1500000000 3.7455122964 4.8234718437 4.4481357636 0.0000000000
7.7482063747 1.1500000000 3.7457973821 4.8198838602 4.4478409130 0.0000000000
7.7584507638 1.1500000000 3.7461030188 4.8160623668 4.4475348621 0.0000000000
7.7686801222 1.1500000000 3.7464291073 4.8120030723 4.4472154986 0.0000000000
7.7788941851 1.1500000000 3.7467749683 4.8077096676 4.4468815807 0.0000000000
7.7890926881 1.1500000000 3.7471399217 4.8031858510 4.4465318675 0.0000000000
7.7992753668 1.1500000000 3.7475232874 4.7984353207 4.4461651181 0.0000000000
7.8094407026 1.1500000000 3.7479252068 4.7934516044 4.4457793092 0.0000000000
7.8195826451 1.1500000000 3.7483487900 4.7881914771 4.4453695914 0.0000000000
7.8296941203 1.1500000000 3.7487978176 4.7826034142 4.4449304765 0.0000000000
7.8397680543 1.1500000000 3.7492760699 4.7766358914 4.4444564766 0.0000000000
7.8497973731 1.1500000000 3.7497873275 4.7702373839 4.4439421039 0.0000000000
7.8597752498 1.1500000000 3.7503347932 4.7633614783 4.4433816046 0.0000000000
7.8696966411 1.1500000000 3.7509174992 4.7559986698 4.4427673049 0.0000000000
7.8795572868 1.1500000000 3.7515326455 4.7481556641 4.4420906881 0.0000000000
7.8893529304 1.1500000000 3.7521774247 4.7398392369 4.4413432338 0.0000000000
7.8990806913 1.1500000000 3.7528490916 4.7310633465 4.4405195455 0.0000000000
7.9087494916 1.1500000000 3.7535454398 4.7219035620 4.4396410242 0.0000000000
7.9183742576 1.1500000000 3.7542645361 4.7124667947 4.4387427025 0.0000000000
7.9279721360 1.1500000000 3.7550031671 4.7028722497 4.4378594087 0.0000000000
7.9375833118 1.1500000000 3.7557445195 4.6933668471 4.4370226573 0.0000000000
7.9472618256 1.1500000000 3.7564635949 4.6842743875 4.4362619748 0.0000000000
7.9570519252 1.1500000000 3.7571376580 4.6759066367 4.4356111270 0.0000000000
7.9669709233 1.1500000000 3.7577503840 4.6685400394 4.4351153921 0.0000000000
7.9770289596 1.1500000000 3.7582874165 4.6624248302 4.4348174384 0.0000000000
7.9872067253 1.1500000000 3.7587442863 4.6575876430 4.4347100427 0.0000000000
7.9974666680 1.1500000000 3.7591226494 4.6539165917 4.4347550747 0.0000000000
8.0077739463 1.1500000000 3.7594255792 4.6512829623 4.4349133419 0.0000000000
8.0181104228 1.1500000000 3.7596635743 4.6494753653 4.4351422837 0.0000000000
8.0284637713 1.1500000000 3.7598497169 4.6482536492 4.4353981675 0.0000000000
8.0388223235 1.1500000000 3.7599967252 4.6473864227 4.4356393101 0.0000000000
8.0491815581 1.1500000000 3.7601133027 4.6467386218 4.4358464999 0.0000000000
8.0595413668 1.1500000000 3.7602056740 4.6462346603 4.4360144004 0.0000000000
8.0699017066 1.1500000000 3.7602800269 4.6457998300 4.4361378802 0.0000000000
8.0802625226 1.1500000000 3.7603418086 4.6453729781 4.4362142659 0.0000000000
8.0906237139 1.1500000000 3.7603935057 4.6449471086 4.4362507067 0.0000000000
8.1009851679 1.1500000000 3.7604368660 4.6445287486 4.4362568039 0.0000000000
8.1113467721 1.1500000000 3.7604736371 4.6441244251 4.4362421590 0.0000000000
8.1217084239 1.1500000000 3.7605054253 4.6437394919 4.4362153381 0.0000000000
8.1320700927 1.1500000000 3.7605328260 4.6433709233 4.4361775137 0.0000000000
8.1424317792 1.1500000000 3.7605559955 4.6430120491 4.4361266421 0.0000000000
8.1527934840 1.1500000000 3.7605750881 4.6426561841 4.4360606666 0.0000000000
8.1631552021 1.1500000000 3.7605903665 4.6422963483 4.4359778458 0.0000000000
8.1735168681 1.1500000000 3.7606032017 4.6419225462 4.4358796654 0.0000000000
8.1838783814 1.1500000000 3.7606156133 4.6415230169 4.4357695002 0.0000000000
8.1942396408 1.1500000000 3.7606296295 4.6410859770 4.4356507490 0.0000000000
8.2046005636 1.1500000000 3.7606468550 4.6406023496 4.4355262002 0.0000000000
8.2149611462 1.1500000000 3.7606670763 4.6400746862 4.4353960198 0.0000000000
8.2253214060 1.1500000000 3.7606895912 4.6395086611 4.4352596696 0.0000000000
8.2356813614 1.1500000000 3.7607137069 4.6389099420 4.4351166448 0.0000000000
8.2460410489 1.1500000000 3.7607388885 4.6382840818 4.4349670270 0.0000000000
8.2564005202 1.1500000000 3.7607647354 4.6376365356 4.4348113962 0.0000000000
8.2667598266 1.1500000000 3.7607908668 4.6369726740 4.4346503773 0.0000000000
8.2771189884 1.1500000000 3.7608174457 4.6362949629 4.4344856083 0.0000000000
8.2874779867 1.1500000000 3.7608453137 4.6356022439 4.4343199927 0.0000000000
8.2978368019 1.1500000000 3.7608753305 4.6348932285 4.4341564536 0.0000000000
8.3081954406 1.1500000000 3.7609077875 4.6341688823 4.4339965431 0.0000000000
8.3185539365 1.1500000000 3.7609424084 4.6334324235 4.4338404432 0.0000000000
8.3289123257 1.1500000000 3.7609787063 4.6326871919 4.4336875421 0.0000000000
8.3392706542 1.1500000000 3.7610147659 4.6319367101 4.4335315881 0.0000000000
8.3496289725 1.1500000000 3.7610480250 4.6311845589 4.4333637639 0.0000000000
8.3599872882 1.1500000000 3.7610776824 4.6304311797 4.4331810419 0.0000000000
8.3703455265 1.1500000000 3.7611063348 4.6296709695 4.4329915674 0.0000000000
8.3807036245 1.1500000000 3.7611365563 4.6288993409 4.4328038017 0.0000000000
8.3910616458 1.1500000000 3.7611685324 4.6281216552 4.4326206322 0.0000000000
8.4014196876 1.1500000000 3.7612015660 4.6273459069 4.4324424670 0.0000000000
8.4117777037 1.1500000000 3.7612347336 4.6265681243 4.4322640247 0.0000000000
8.4221355586 1.1500000000 3.7612669582 4.6257768808 4.4320764253 0.0000000000
8.4324932622 1.1500000000 3.7612971025 4.6249727354 4.4318753444 0.0000000000
8.4428509507 1.1500000000 3.7613241255 4.6241666871 4.4316610170 0.0000000000
8.4532085852 1.1500000000 3.7613498572 4.6233560958 4.4314397073 0.0000000000
8.4635660229 1.1500000000 3.7613781735 4.6225302334 4.4312226275 0.0000000000
8.4739239102 1.1500000000 3.7614055619 4.6217403262 4.4310162183 0.0000000000
8.4842831166 1.1500000000 3.7614249816 4.6210554698 4.4308199546 0.0000000000
8.4946420224 1.1500000000 3.7614424814 4.6203519942 4.4306085637 0.0000000000
8.5049982322 1.1500000000 3.7614686741 4.6194454594 4.4303507204 0.0000000000
8.5153531534 1.1500000000 3.7614996306 4.6184373263 4.4300712932 0.0000000000
8.5257096658 1.1500000000 3.7615252525 4.6175417118 4.4298155353 0.0000000000
8.5360665540 1.1500000000 3.7615489197 4.6166728291 4.4295626509 0.0000000000
8.5464226720 1.1500000000 3.7615749043 4.6157488889 4.4292970130 0.0000000000
8.5567784401 1.1500000000 3.7616029061 4.6148010892 4.4290299003 0.0000000000
8.5671340085 1.1500000000 3.7616267549 4.6138394037 4.4287406212 0.0000000000
8.5774894012 1.1500000000 3.7616471286 4.6128652870 4.4284324697 0.0000000000
8.5878446444 1.1500000000 3.7616754858 4.6118824143 4.4281527491 0.0000000000
8.5981994211 1.1500000000 3.7617018251 4.6108693278 4.4278528720 0.0000000000
8.6085538343 1.1500000000 3.7617238052 4.6098322493 4.4275259609 0.0000000000
8.6189081906 1.1500000000 3.7617473583 4.6087919880 4.4272040686 0.0000000000
8.6292620722 1.1500000000 3.7617634701 4.6077218893 4.4268404766 0.0000000000
8.6396157059 1.1500000000 3.7617837799 4.6066369843 4.4264877535 0.0000000000
8.6499687252 1.1500000000 3.7618112298 4.6055174480 4.4261497388 0.0000000000
8.6603213228 1.1500000000 3.7618340069 4.6043728113 4.4257829926 0.0000000000
8.6706740426 1.1500000000 3.7618517955 4.6032347836 4.4253989359 0.0000000000
8.6810257601 1.1500000000 3.7618791289 4.6020420847 4.4250311900 0.0000000000
8.6913773580 1.1500000000 3.7618981868 4.6008419362 4.4246273619 0.0000000000
8.7017283673 1.1500000000 3.7619158681 4.5996103942 4.4242054706 0.0000000000
8.7120791623 1.1500000000 3.7619446556 4.5983688783 4.4238240140 0.0000000000
8.7224294302 1.1500000000 3.7619664703 4.5970994636 4.4234035068 0.0000000000
8.7327790605 1.1500000000 3.7619864182 4.5957976068 4.4229625559 0.0000000000
8.7431277880 1.1500000000 3.7620076419 4.5944518919 4.4225091648 0.0000000000
8.7534763380 1.1500000000 3.7620291961 4.5930976306 4.4220536769 0.0000000000
8.7638237624 1.1500000000 3.7620509770 4.5916907089 4.4215780319 0.0000000000
8.7741714535 1.1500000000 3.7620613488 4.5902950771 4.4210612665 0.0000000000
8.7845216900 1.1500000000 3.7620698642 4.5890166608 4.4205839615 0.0000000000
8.7948685267 1.1500000000 3.7620845767 4.5875895168 4.4200719539 0.0000000000
8.8052110973 1.1500000000 3.7621042432 4.5859712064 4.4195032958 0.0000000000
8.8155595152 1.1500000000 3.7621142785 4.5846072656 4.4189978606 0.0000000000
8.8259025157 1.1500000000 3.7621345880 4.5830237418 4.4184456889 0.0000000000
8.8362448618 1.1500000000 3.7621493917 4.5813997856 4.4178553216 0.0000000000
8.8465869746 1.1500000000 3.7621729789 4.5797673655 4.4172967022 0.0000000000
8.8569269357 1.1500000000 3.7621919278 4.5780512828 4.4166860646 0.0000000000
8.8672671699 1.1500000000 3.7622092194 4.5763453315 4.4160728504 0.0000000000
8.8776056171 1.1500000000 3.7622344585 4.5745735546 4.4154650962 0.0000000000
8.8879428437 1.1500000000 3.7622479110 4.5727575019 4.4147924852 0.0000000000
8.8982792993 1.1500000000 3.7622646587 4.5709139669 4.4141220618 0.0000000000
8.9086144556 1.1500000000 3.7622880879 4.5690259851 4.4134605860 0.0000000000
8.9189481119 1.1500000000 3.7623031608 4.5670868336 4.4127452171 0.0000000000
8.9292809615 1.1500000000 3.7623190154 4.5651209063 4.4120222645 0.0000000000
8.9396120056 1.1500000000 3.7623352539 4.5630965633 4.4112774815 0.0000000000
8.9499413150 1.1500000000 3.7623516220 4.5610179199 4.4105114961 0.0000000000
8.9602697970 1.1500000000 3.7623787683 4.5589143975 4.4097786725 0.0000000000
8.9705957777 1.1500000000 3.7623971171 4.5567350512 4.4089803292 0.0000000000
8.9809208672 1.1500000000 3.7624070455 4.5545286191 4.4081374699 0.0000000000
8.9912439374 1.1500000000 3.7624237304 4.5522644782 4.4072985534 0.0000000000
9.0015647458 1.1500000000 3.7624428146 4.5499370510 4.4064439191 0.0000000000
9.0118846234 1.1500000000 3.7624625777 4.5475838994 4.4055817111 0.0000000000
9.0222013376 1.1500000000 3.7624759339 4.5451450797 4.4046596079 0.0000000000
9.0325166600 1.1500000000 3.7624934348 4.5426701282 4.4037396310 0.0000000000
9.0428299084 1.1500000000 3.7625080215 4.5401414558 4.4027865086 0.0000000000
9.0531410181 1.1500000000 3.7625154092 4.5375586172 4.4017829240 0.0000000000
9.0634491769 1.1500000000 3.7625228942 4.5349031356 4.4007506713 0.0000000000
9.0737548018 1.1500000000 3.7625305178 4.5321869122 4.3996946765 0.0000000000
9.0840583463 1.1500000000 3.7625373106 4.5294218091 4.3986158065 0.0000000000
9.0943593370 1.1500000000 3.7625408132 4.5265974785 4.3975000844 0.0000000000
9.1046573431 1.1500000000 3.7625404648 4.5237050467 4.3963417184 0.0000000000
9.1149522516 1.1500000000 3.7625386655 4.5207438521 4.3951500433 0.0000000000
9.1252439716 1.1500000000 3.7625380229 4.5177138090 4.3939354554 0.0000000000
9.1355324125 1.1500000000 3.7625411445 4.5146148322 4.3927083513 0.0000000000
9.1458174836 1.1500000000 3.7625506378 4.5114468361 4.3914791261 0.0000000000
9.1560991006 1.1500000000 3.7625663633 4.5082098627 4.3902472386 0.0000000000
9.1663772021 1.1500000000 3.7625786599 4.5049043956 4.3889742380 0.0000000000
9.1766517316 1.1500000000 3.7625758048 4.5015310138 4.3876134650 0.0000000000
9.1869226168 1.1500000000 3.7625495522 4.4980899356 4.3861320233 0.0000000000
9.1971894260 1.1500000000 3.7625607971 4.4945730417 4.3847702454 0.0000000000
9.2074517702 1.1500000000 3.7625517141 4.4909755141 4.3832949023 0.0000000000
9.2177086584 1.1500000000 3.7625432295 4.4872827464 4.3817838570 0.0000000000
9.2279620619 1.1500000000 3.7625277714 4.4835302049 4.3802210078 0.0000000000
9.2382153713 1.1500000000 3.7625191880 4.4797654635 4.3786807779 0.0000000000
9.2484345098 1.1500000000 3.7624817708 4.4754854165 4.3768190903 0.0000000000
9.2586777928 1.1500000000 3.7624549162 4.4715611604 4.3751419694 0.0000000000
9.2689121956 1.1500000000 3.7624305416 4.4674971545 4.3734188687 0.0000000000
9.2791401917 1.1500000000 3.7624017061 4.4633336647 4.3716381306 0.0000000000
9.2893637197 1.1500000000 3.7623712763 4.4591023309 4.3698238781 0.0000000000
9.2995821346 1.1500000000 3.7623397743 4.4547946098 4.3679747814 0.0000000000
9.3097937917 1.1500000000 3.7622969607 4.4503883061 4.3660410054 0.0000000000
9.3199979342 1.1500000000 3.7622529511 4.4458746705 4.3640595131 0.0000000000
9.3301965390 1.1500000000 3.7622076051 4.4412839991 4.3620418603 0.0000000000
9.3403893378 1.1500000000 3.7621515555 4.4366139892 4.3599496581 0.0000000000
9.3505767918 1.1500000000 3.7620952561 4.4318718103 4.3578275888 0.0000000000
9.3607584165 1.1500000000 3.7620269320 4.4270534186 4.3556269357 0.0000000000
9.3709338704 1.1500000000 3.7619322676 4.4221566219 4.3532895595 0.0000000000
9.3811039319 1.1500000000 3.7618281770 4.4171910339 4.3508869619 0.0000000000
9.3912202929 1.1500000000 3.7616901610 4.4116498574 4.3481184272 0.0000000000
9.4013754579 1.1500000000 3.7615608762 4.4065046072 4.3455431880 0.0000000000
9.4115254771 1.1500000000 3.7614314907 4.4012930349 4.3429410172 0.0000000000
9.4216679263 1.1500000000 3.7612905027 4.3959925283 4.3402568626 0.0000000000
9.4318004795 1.1500000000 3.7611319456 4.3905780084 4.3374568261 0.0000000000
9.4419291580 1.1500000000 3.7609620115 4.3851206193 4.3345941341 0.0000000000
9.4519981546 1.1500000000 3.7607239640 4.3791106145 4.3312379422 0.0000000000
9.4621142707 1.1500000000 3.7605330498 4.3735096015 4.3282338801 0.0000000000
9.4722234150 1.1500000000 3.7603299708 4.3678392749 4.3251534336 0.0000000000
9.4823305781 1.1500000000 3.7601089811 4.3621507145 4.3219940506 0.0000000000
9.4924293101 1.1500000000 3.7598854576 4.3563695504 4.3187874908 0.0000000000
9.5025214158 1.1500000000 3.7596338318 4.3505261428 4.3154436247 0.0000000000
9.5126149654 1.1500000000 3.7593636445 4.3447056519 4.3120346792 0.0000000000
9.5227024181 1.1500000000 3.7590800000 4.3388250000 4.3085478404 0.0000000000
9.5252408107 1.1500000000 3.7590000000 4.3373500000 4.3076378404 0.0000000000
9.5265492565 1.1500000000 3.7589484778 4.3367224105 4.3071807158 0.0000000000
9.5278577023 1.1500000000 3.7589060210 4.3359673047 4.3067088463 0.0000000000
9.5291661481 1.1500000000 3.7588549059 4.3352108524 4.3062018047 0.0000000000
9.5304745939 1.1500000000 3.7588109449 4.3344732285 4.3057309113 0.0000000000
9.5317830397 1.1500000000 3.7587604200 4.3337323508 4.3052324608 0.0000000000
9.5330914855 1.1500000000 3.7587148736 4.3329957942 4.3047556526 0.0000000000
9.5343999313 1.1500000000 3.7586651913 4.3322658481 4.3042649449 0.0000000000
9.5357083771 1.1500000000 3.7586179124 4.3315268178 4.3037802172 0.0000000000
9.5370168229 1.1500000000 3.7585589344 4.3308393443 4.3032693158 0.0000000000
9.5383252687 1.1500000000 3.7585060437 4.3301157928 4.3027683325 0.0000000000
9.5396337144 1.1500000000 3.7584556826 4.3293445569 4.3022583936 0.0000000000
9.5409421602 1.1500000000 3.7584088775 4.3285998085 4.3017732739 0.0000000000
9.5422506060 1.1500000000 3.7583563110 4.3278601981 4.3012671635 0.0000000000
9.5435590518 1.1500000000 3.7583011875 4.3271404370 4.3007587650 0.0000000000
9.5448674976 1.1500000000 3.7582359655 4.3259361199 4.3000161502 0.0000000000
9.5461759434 1.1500000000 3.7581826355 4.3250917294 4.2994650743 0.0000000000
9.5474843892 1.1500000000 3.7581073487 4.3237630711 4.2986324636 0.0000000000
9.5487928350 1.1500000000 3.7580454651 4.3229011211 4.2980401492 0.0000000000
9.5501012808 1.1500000000 3.7579903312 4.3220799683 4.2974911526 0.0000000000
9.5514097266 1.1500000000 3.7579364503 4.3213378796 4.2969787932 0.0000000000
9.5527181724 1.1500000000 3.7578905357 4.3205769636 4.2964907684 0.0000000000
9.5540266182 1.1500000000 3.7578323985 4.3198519827 4.2959682273 0.0000000000
9.5553350640 1.1500000000 3.7577698468 4.3191130086 4.2954224311 0.0000000000
9.5566435098 1.1500000000 3.7577140625 4.3183878124 4.2949092153 0.0000000000
9.5579519556 1.1500000000 3.7576580222 4.3176432994 4.2943872488 0.0000000000
9.5592604013 1.1500000000 3.7575940736 4.3170172800 4.2938810467 0.0000000000
9.5605688471 1.1500000000 3.7575263588 4.3162741862 4.2933129501 0.0000000000
9.5618772929 1.1500000000 3.7574683965 4.3155049566 4.2927734091 0.0000000000
9.5631857387 1.1500000000 3.7574112016 4.3147900201 4.2922586548 0.0000000000
9.5644941845 1.1500000000 3.7573537486 4.3140637322 4.2917383278 0.0000000000
9.5658026303 1.1500000000 3.7572963900 4.3133298756 4.2912153508 0.0000000000
9.5671110761 1.1500000000 3.7572325407 4.3126097986 4.2906719224 0.0000000000
9.5684195219 1.1500000000 3.7571625979 4.3119404811 4.2901244246 0.0000000000
9.5697279677 1.1500000000 3.7571020510 4.3112256371 4.2895962991 0.0000000000
9.5710364135 1.1500000000 3.7570331460 4.3104893256 4.2890261548 0.0000000000
9.5723448593 1.1500000000 3.7569740001 4.3097580011 4.2884970411 0.0000000000
9.5736533051 1.1500000000 3.7569095850 4.3090458502 4.2879545205 0.0000000000
9.5749617509 1.1500000000 3.7568449911 4.3083298931 4.2874097620 0.0000000000
9.5762701967 1.1500000000 3.7567765116 4.3076151163 4.2868499334 0.0000000000
9.5775786424 1.1500000000 3.7567138792 4.3069290941 4.2863249949 0.0000000000
9.5788870882 1.1500000000 3.7566327529 4.3062703429 4.2857369892 0.0000000000
9.5801955340 1.1500000000 3.7565653065 4.3055286784 4.2851705379 0.0000000000
9.5815039798 1.1500000000 3.7564975672 4.3048006718 4.2846083778 0.0000000000
9.5828124256 1.1500000000 3.7564336494 4.3040919686 4.2840692256 0.0000000000
9.5841208714 1.1500000000 3.7563609835 4.3033635920 4.2834872112 0.0000000000
9.5854293172 1.1500000000 3.7562872247 4.3026567367 4.2829094338 0.0000000000
9.5867377630 1.1500000000 3.7562192031 4.3019458357 4.2823529871 0.0000000000
9.5880462088 1.1500000000 3.7561400860 4.3013184405 4.2817855605 0.0000000000
9.5893546546 1.1500000000 3.7560638499 4.3005910615 4.2811896645 0.0000000000
9.5906631004 1.1500000000 3.7559922263 4.2998706027 4.2806149867 0.0000000000
9.5919715462 1.1500000000 3.7559170869 4.2991781520 4.2800374489 0.0000000000
9.5932799920 1.1500000000 3.7558462367 4.2984717220 4.2794714759 0.0000000000
9.5945884378 1.1500000000 3.7557713635 4.2977458323 4.2788816274 0.0000000000
9.5958968836 1.1500000000 3.7556950548 4.2970463361 4.2782965942 0.0000000000
9.5972053293 1.1500000000 3.7556253343 4.2963436770 4.2777366482 0.0000000000
9.5985137751 1.1500000000 3.7555512844 4.2956612389 4.2771674737 0.0000000000
9.5998222209 1.1500000000 3.7554737446 4.2949577655 4.2765759251 0.0000000000
9.6011306667 1.1500000000 3.7553959661 4.2942630224 4.2759869136 0.0000000000
9.6024391125 1.1500000000 3.7553179790 4.2935698162 4.2753976828 0.0000000000
9.6037475583 1.1500000000 3.7552294840 4.2929198400 4.2747837123 0.0000000000
9.6050560041 1.1500000000 3.7551505365 4.2921549178 4.2741619534 0.0000000000
9.6063644499 1.1500000000 3.7550709146 4.2914659549 4.2735678807 0.0000000000
9.6076728957 1.1500000000 3.7549911673 4.2907763939 4.2729730670 0.0000000000
9.6089813415 1.1500000000 3.7549109755 4.2900960353 4.2723801563 0.0000000000
9.6102897873 1.1500000000 3.7548305943 4.2894132861 4.2717855321 0.0000000000
9.6115982331 1.1500000000 3.7547496609 4.2887388408 4.2711920203 0.0000000000
9.6129066789 1.1500000000 3.7546630337 4.2881137642 4.2705954809 0.0000000000
9.6142151247 1.1500000000 3.7545766704 4.2874583656 4.2699878680 0.0000000000
9.6155235704 1.1500000000 3.7544945343 4.2867711190 4.2693844250 0.0000000000
9.6168320162 1.1500000000 3.7544121541 4.2861003866 4.2687866113 0.0000000000
9.6181404620 1.1500000000 3.7543292289 4.2854188957 4.2681823144 0.0000000000
9.6194489078 1.1500000000 3.7542420026 4.2847600178 4.2675698580 0.0000000000
9.6207573536 1.1500000000 3.7541523086 4.2840974432 4.2669460521 0.0000000000
9.6220657994 1.1500000000 3.7540666615 4.2834583077 4.2663478096 0.0000000000
9.6233742452 1.1500000000 3.7539683955 4.2828778250 4.2657225524 0.0000000000
9.6246826910 1.1500000000 3.7538797516 4.2821980338 4.2650960604 0.0000000000
9.6259911368 1.1500000000 3.7537946098 4.2815345735 4.2644901090 0.0000000000
9.6272995826 1.1500000000 3.7537176112 4.2807663349 4.2638748193 0.0000000000
9.6286080284 1.1500000000 3.7536307328 4.2801511396 4.2632812275 0.0000000000
9.6299164742 1.1500000000 3.7535377828 4.2795083707 4.2626523197 0.0000000000
9.6312249200 1.1500000000 3.7534504096 4.2788814971 4.2620520776 0.0000000000
9.6325333658 1.1500000000 3.7533557816 4.2782076197 4.2614040146 0.0000000000
9.6338418116 1.1500000000 3.7532689157 4.2775680296 4.2608007150 0.0000000000
9.6351502573 1.1500000000 3.7531677814 4.2769408936 4.2601453233 0.0000000000
9.6364587031 1.1500000000 3.7530667632 4.2764088162 4.2595284198 0.0000000000
9.6377671489 1.1500000000 3.7529516690 4.2759010520 4.2588649372 0.0000000000
9.6390755947 1.1500000000 3.7528514724 4.2752908232 4.2582200593 0.0000000000
9.6403840405 1.1500000000 3.7527325419 4.2749330540 4.2576012296 0.0000000000
9.6416924863 1.1500000000 3.7525235508 4.2747177539 4.2566791450 0.0000000000
9.6430009321 1.1500000000 3.7524081858 4.2741841260 4.2560042340 0.0000000000
9.6443093779 1.1500000000 3.7523018017 4.2735998494 4.2553449871 0.0000000000
9.6456178237 1.1500000000 3.7521960392 4.2730551961 4.2547040756 0.0000000000
9.6469262695 1.1500000000 3.7520943150 4.2724607874 4.2540594151 0.0000000000
9.6482347153 1.1500000000 3.7519718192 4.2719829664 4.2533783039 0.0000000000
9.6495431611 1.1500000000 3.7518606300 4.2714563002 4.2527228805 0.0000000000
9.6508516069 1.1500000000 3.7517570697 4.2708676741 4.2520731886 0.0000000000
9.6521600527 1.1500000000 3.7516391708 4.2704229270 4.2514236943 0.0000000000
9.6534684984 1.1500000000 3.7515464246 4.2695892463 4.2507192374 0.0000000000
9.6547769442 1.1500000000 3.7514356327 4.2691781637 4.2501116368 0.0000000000
9.6560853900 1.1500000000 3.7513110647 4.2687566545 4.2494447610 0.0000000000
9.6573938358 1.1500000000 3.7511937285 4.2683343212 4.2488064828 0.0000000000
9.6587022816 1.1500000000 3.7510782589 4.2677456472 4.2481091348 0.0000000000
9.6600107274 1.1500000000 3.7509718632 4.2671139737 4.2474308825 0.0000000000
9.6613191732 1.1500000000 3.7508538821 4.2666500000 4.2467733687 0.0000000000
9.6626276190 1.1500000000 3.7507300000 4.2662517260 4.2461185307 0.0000000000
9.6639360648 1.1500000000 3.7506100000 4.2656656756 4.2454041106 0.0000000000
9.6652445106 1.1500000000 3.7504881047 4.2651452618 4.2447083640 0.0000000000
9.6665529564 1.1500000000 3.7503700000 4.2646135338 4.2440232539 0.0000000000
9.6678614022 1.1500000000 3.7502500000 4.2640702728 4.2433259495 0.0000000000
9.6691698480 1.1500000000 3.7501365496 4.2635413741 4.2426605886 0.0000000000
9.6704782938 1.1500000000 3.7500191658 4.2629979146 4.2419736696 0.0000000000
9.6717867396 1.1500000000 3.7499000000 4.2624406218 4.2412740891 0.0000000000
9.6730951853 1.1500000000 3.7497575262 4.2620814466 4.2405605239 0.0000000000
9.6744036311 1.1500000000 3.7496473270 4.2614532221 4.2398684371 0.0000000000
9.6757120769 1.1500000000 3.7495300000 4.2609561913 4.2392003169 0.0000000000
9.6770205227 1.1500000000 3.7494000000 4.2604157937 4.2384641578 0.0000000000
9.6783289685 1.1500000000 3.7492700000 4.2599749425 4.2377678173 0.0000000000
9.6796374143 1.1500000000 3.7491448421 4.2595371053 4.2370920510 0.0000000000
9.6809458601 1.1500000000 3.7490200000 4.2589979182 4.2363770077 0.0000000000
9.6822543059 1.1500000000 3.7488966319 4.2585165797 4.2356909997 0.0000000000
9.6835627517 1.1500000000 3.7487700000 4.2578740014 4.2349274409 0.0000000000
9.6848711975 1.1500000000 3.7486500000 4.2573250000 4.2342278404 0.0000000000
9.6861796433 1.1500000000 3.7485300000 4.2567731603 4.2335271045 0.0000000000
9.6874880891 1.1500000000 3.7484077888 4.2562194720 4.2328167844 0.0000000000
9.6887965349 1.1500000000 3.7482800000 4.2556500000 4.2320778404 0.0000000000
9.6901049807 1.1500000000 3.7481600000 4.2551000000 4.2313778404 0.0000000000
9.6914134264 1.1500000000 3.7480400000 4.2545250000 4.2306678404 0.0000000000
9.6927218722 1.1500000000 3.7479200000 4.2539690473 4.2299654593 0.0000000000
9.6940303180 1.1500000000 3.7477900000 4.2533945779 4.2292156715 0.0000000000
9.6953387638 1.1500000000 3.7476783934 4.2526959834 4.2284898072 0.0000000000
9.6966472096 1.1500000000 3.7475500000 4.2521250000 4.2277478404 0.0000000000
9.6979556554 1.1500000000 3.7474300000 4.2515335053 4.2270312425 0.0000000000
9.6992641012 1.1500000000 3.7472987146 4.2510217864 4.2263014132 0.0000000000
9.7005725470 1.1500000000 3.7471700000 4.2504159901 4.2255442364 0.0000000000
9.7018809928 1.1500000000 3.7470500000 4.2498000000 4.2248178404 0.0000000000
9.7031894386 1.1500000000 3.7469200000 4.2491869048 4.2240526023 0.0000000000
9.7044978844 1.1500000000 3.7467808452 4.2486271130 4.2232720664 0.0000000000
9.7058063302 1.1500000000 3.7466500000 4.2481000000 4.2225378404 0.0000000000
9.7071147760 1.1500000000 3.7465200000 4.2474305229 4.2217500495 0.0000000000
9.7084232218 1.1500000000 3.7463800000 4.2468714671 4.2209664272 0.0000000000
9.7097316676 1.1500000000 3.7462768593 4.2459485551 4.2201846997 0.0000000000
9.7110401133 1.1500000000 3.7461366631 4.2455083153 4.2194478187 0.0000000000
9.7123485591 1.1500000000 3.7459968287 4.2451341436 4.2187388127 0.0000000000
9.7136570049 1.1500000000 3.7458638844 4.2443847111 4.2179072625 0.0000000000
9.7149654507 1.1500000000 3.7457300000 4.2437552318 4.2171199331 0.0000000000
9.7162738965 1.1500000000 3.7455942235 4.2431658380 4.2163410694 0.0000000000
9.7175823423 1.1500000000 3.7454700000 4.2422954523 4.2154960213 0.0000000000
9.7188907881 1.1500000000 3.7453590636 4.2417203179 4.2148222218 0.0000000000
9.7201992339 1.1500000000 3.7452200000 4.2410695130 4.2140056456 0.0000000000
9.7215076797 1.1500000000 3.7450600000 4.2404983919 4.2131371971 0.0000000000
9.7228161255 1.1500000000 3.7449051884 4.2398629711 4.2122637825 0.0000000000
9.7241245713 1.1500000000 3.7447600000 4.2392068717 4.2114205890 0.0000000000
9.7254330171 1.1500000000 3.7446087841 4.2384719602 4.2105217608 0.0000000000
9.7267414629 1.1500000000 3.7444526399 4.2377815998 4.2096210400 0.0000000000
9.7280499087 1.1500000000 3.7443031844 4.2370579610 4.2087337623 0.0000000000
9.7293583544 1.1500000000 3.7441425323 4.2362563306 4.2077705016 0.0000000000
9.7306668002 1.1500000000 3.7439835924 4.2355589810 4.2068558023 0.0000000000
9.7319752460 1.1500000000 3.7438278816 4.2347144081 4.2058951300 0.0000000000
9.7332836918 1.1500000000 3.7436776407 4.2338108442 4.2049327409 0.0000000000
9.7345921376 1.1500000000 3.7435252198 4.2327891488 4.2039143792 0.0000000000
9.7359005834 1.1500000000 3.7433786569 4.2317007481 4.2028927673 0.0000000000
9.7372090292 1.1500000000 3.7432455961 4.2305669706 4.2019070129 0.0000000000
9.7385174750 1.1500000000 3.7431207191 4.2293495927 4.2009205539 0.0000000000
9.7398259208 1.1500000000 3.7429885273 4.2282121139 4.1999367951 0.0000000000
9.7411343666 1.1500000000 3.7428616833 4.2269407809 4.1989208859 0.0000000000
9.7424428124 1.1500000000 3.7427341690 4.2255889194 4.1978700840 0.0000000000
9.7437512582 1.1500000000 3.7426254444 4.2240395834 4.1968154515 0.0000000000
9.7450597040 1.1500000000 3.7425159627 4.2225641306 4.1957873433 0.0000000000
9.7463681498 1.1500000000 3.7423826591 4.2209715346 4.1946170907 0.0000000000
9.7476765956 1.1500000000 3.7422883132 4.2190283103 4.1934624172 0.0000000000
9.7489850413 1.1500000000 3.7422398555 4.2164688595 4.1922448062 0.0000000000
9.7502934871 1.1500000000 3.7421900000 4.2139589304 4.1910414125 0.0000000000
9.7516019329 1.1500000000 3.7421600000 4.2111520291 4.1897986520 0.0000000000
9.7529103787 1.1500000000 3.7421500000 4.2080484277 4.1885172115 0.0000000000
9.7542188245 1.1500000000 3.7421700000 4.2045476416 4.1871968970 0.0000000000
9.7555272703 1.1500000000 3.7422100000 4.2006923524 4.1858147813 0.0000000000
9.7568357161 1.1500000000 3.7423119285 4.1957092929 4.1842292713 0.0000000000
9.7581441619 1.1500000000 3.7424843304 4.1897755019 4.1825453626 0.0000000000
9.7594526077 1.1500000000 3.7427133223 4.1829113501 4.1807156696 0.0000000000
9.7607610535 1.1500000000 3.7430564832 4.1743178650 4.1786509190 0.0000000000
9.7620694993 1.1500000000 3.7434898751 4.1640612468 4.1762818396 0.0000000000
9.7633779451 1.1500000000 3.7441306086 4.1506077194 4.1734633625 0.0000000000
9.7646863909 1.1500000000 3.7450488405 4.1326981906 4.1699724785 0.0000000000
9.7659948367 1.1500000000 3.7464048811 4.1069220219 4.1650861734 0.0000000000
9.7673032824 1.1500000000 3.7485784433 4.0654830212 4.1572048219 0.0000000000
9.7686117282 1.1500000000 3.7526242591 3.9785969937 4.1386336743 0.0000000000
9.7699201740 1.1500000000 3.7530322937 3.8859382505 4.1032023155 0.0000000000
9.7712286198 1.1500000000 3.7520220750 3.8746431565 4.0946434030 0.0000000000
9.7725370656 1.1500000000 3.7515174587 3.8701173124 4.0908146000 0.0000000000
9.7738455114 1.1500000000 3.7511116752 3.8660422177 4.0875614284 0.0000000000
9.7751539572 1.1500000000 3.7507399967 3.8620823151 4.0844907530 0.0000000000
9.7764624030 1.1500000000 3.7503971367 3.8581870723 4.0815612161 0.0000000000
9.7777708488 1.1500000000 3.7500603040 3.8543298017 4.0786709769 0.0000000000
9.7790792946 1.1500000000 3.7497275645 3.8505460154 4.0758265043 0.0000000000
9.7803877404 1.1500000000 3.7494009082 3.8468076157 4.0730245193 0.0000000000
9.7816961862 1.1500000000 3.7490741980 3.8431222280 4.0702435237 0.0000000000
9.7830046320 1.1500000000 3.7487472313 3.8394575989 4.0674698050 0.0000000000
9.7843130778 1.1500000000 3.7484186156 3.8358662995 4.0647188227 0.0000000000
9.7856215236 1.1500000000 3.7480900000 3.8322750000 4.0619678404 0.0000000000
9.7890805179 1.1500000000 3.7472000000 3.8230750000 4.0547278404 0.0000000000
9.7935062922 1.1500000000 3.7459503637 3.8117999900 4.0452192911 0.0000000000
9.7979562886 1.1500000000 3.7446045813 3.8006545383 4.0353779807 0.0000000000
9.8023614246 1.1500000000 3.7431685136 3.7894675849 4.0251589287 0.0000000000
9.8067086700 1.1500000000 3.7415643775 3.7782844580 4.0142691336 0.0000000000
9.8109796266 1.1500000000 3.7396499478 3.7672209090 4.0021859951 0.0000000000
9.8153507950 1.1500000000 3.7373056601 3.7569564923 3.9887030777 0.0000000000
9.8200171810 1.1500000000 3.7339260937 3.7499655697 3.9723884430 0.0000000000
9.8244314085 1.1500000000 3.7294375678 3.7513464293 3.9549866832 0.0000000000
9.8274815031 1.1500000000 3.7251710244 3.7605402247 3.9415980279 0.0000000000
9.8295814130 1.1500000000 3.7214680107 3.7726066388 3.9316125385 0.0000000000
9.8311921202 1.1500000000 3.7180737151 3.7856834944 3.9232660985 0.0000000000
9.8325506744 1.1500000000 3.7148021151 3.7991317389 3.9155589963 0.0000000000
9.8337905632 1.1500000000 3.7115293860 3.8126504128 3.9078755497 0.0000000000
9.8350039971 1.1500000000 3.7080307341 3.8258237621 3.8991502817 0.0000000000
9.8363179660 1.1500000000 3.7040438906 3.8380172186 3.8880802903 0.0000000000
9.8380107241 1.1500000000 3.6987593621 3.8455568225 3.8699580177 0.0000000000
9.8396688368 1.1500000000 3.6938574839 3.8371690226 3.8469953852 0.0000000000
9.8406568015 1.1500000000 3.6911883970 3.8227570269 3.8305542392 0.0000000000
9.8413788663 1.1500000000 3.6894332498 3.8073716206 3.8173794879 0.0000000000
9.8419823560 1.1500000000 3.6880455824 3.7917196832 3.8055680431 0.0000000000
9.8425053985 1.1500000000 3.6869261337 3.7759157406 3.7947686715 0.0000000000
9.8429770759 1.1500000000 3.6859915802 3.7600267021 3.7846748421 0.0000000000
9.8434124973 1.1500000000 3.6851900951 3.7440861301 3.7750926729 0.0000000000
9.8438206024 1.1500000000 3.6844892738 3.7281110057 3.7658993378 0.0000000000
9.8442087087 1.1500000000 3.6838266394 3.7121229713 3.7568535864 0.0000000000
9.8445775015 1.1500000000 3.6832479393 3.6961114278 3.7481341685 0.0000000000
9.8449327535 1.1500000000 3.6827168275 3.6800878201 3.7396002783 0.0000000000
9.8452765345 1.1500000000 3.6822256528 3.6640546530 3.7312223127 0.0000000000
9.8456095795 1.1500000000 3.6817648740 3.6480144222 3.7229631053 0.0000000000
9.8459345773 1.1500000000 3.6813295189 3.6319687574 3.7148034189 0.0000000000
9.8462514102 1.1500000000 3.6809371321 3.6159151153 3.7068124150 0.0000000000
9.8465613336 1.1500000000 3.6805640018 3.5998577777 3.6988969585 0.0000000000
9.8468660980 1.1500000000 3.6801978933 3.5837987824 3.6910089266 0.0000000000
9.8471641708 1.1500000000 3.6798691778 3.5677340083 3.6832681549 0.0000000000
9.8474569862 1.1500000000 3.6795496508 3.5516674314 3.6755634159 0.0000000000
9.8477477834 1.1500000000 3.6792179120 3.5356021825 3.6678103613 0.0000000000
9.8480334243 1.1500000000 3.6789401121 3.5195299410 3.6602702650 0.0000000000
9.8483130950 1.1500000000 3.6786443459 3.5034590619 3.6526588489 0.0000000000
9.8485907157 1.1500000000 3.6783565451 3.4873870439 3.6450788384 0.0000000000
9.8488626835 1.1500000000 3.6780884177 3.4713123209 3.6375764395 0.0000000000
9.8491321574 1.1500000000 3.6778341845 3.4552359074 3.6301289414 0.0000000000
9.8494005921 1.1500000000 3.6775817558 3.4391592154 3.6226885498 0.0000000000
9.8496650957 1.1500000000 3.6773359759 3.4230814617 3.6152743288 0.0000000000
9.8499265445 1.1500000000 3.6771027279 3.4070022381 3.6079096472 0.0000000000
9.8501879788 1.1500000000 3.6768625867 3.3909236390 3.6005176428 0.0000000000
9.8504429522 1.1500000000 3.6766133444 3.3748452670 3.5930893249 0.0000000000
9.8506958215 1.1500000000 3.6763791472 3.3587652640 3.5857205346 0.0000000000
9.8509494710 1.1500000000 3.6761563676 3.3426843323 3.5783970438 0.0000000000
9.8511954808 1.1500000000 3.6759193196 3.3266039654 3.5710167051 0.0000000000
9.8514421616 1.1500000000 3.6756918317 3.3105228093 3.5636742908 0.0000000000
9.8516852151 1.1500000000 3.6754674464 3.2944410216 3.5563440345 0.0000000000
9.8519276635 1.1500000000 3.6752569218 3.2783579848 3.5490687217 0.0000000000
9.8521665548 1.1500000000 3.6750287548 3.2622761173 3.5417233066 0.0000000000
9.8524012952 1.1500000000 3.6748129817 3.2461927877 3.5344268821 0.0000000000
9.8526341383 1.1500000000 3.6746045640 3.2301086936 3.5271595736 0.0000000000
9.8528651508 1.1500000000 3.6743867612 3.2140252739 3.5198549948 0.0000000000
9.8530875563 1.1500000000 3.6741596520 3.1979418737 3.5125131977 0.0000000000
9.8533157764 1.1500000000 3.6739594866 3.1818567306 3.5052784789 0.0000000000
9.8535389415 1.1500000000 3.6737355470 3.1657730710 3.4979492568 0.0000000000
9.8537605724 1.1500000000 3.6735266642 3.1496880199 3.4906797052 0.0000000000
9.8539765056 1.1500000000 3.6733132327 3.1336028506 3.4833919115 0.0000000000
9.8541897155 1.1500000000 3.6731049433 3.1175170388 3.4761244289 0.0000000000
9.8544071224 1.1500000000 3.6728954776 3.1014317350 3.4688524448 0.0000000000
9.8546177136 1.1500000000 3.6726934232 3.0853453065 3.4616096556 0.0000000000
9.8548255523 1.1500000000 3.6724762431 3.0692597865 3.4543067273 0.0000000000
9.8550327779 1.1500000000 3.6722643698 3.0531737925 3.4470248366 0.0000000000
9.8552379789 1.1500000000 3.6720604976 3.0370869700 3.4397746186 0.0000000000
9.8554412092 1.1500000000 3.6718353114 3.0210017671 3.4324397929 0.0000000000
9.8556394730 1.1500000000 3.6716037295 3.0049167523 3.4250794594 0.0000000000
9.8558368292 1.1500000000 3.6713595919 2.9888328681 3.4176693554 0.0000000000
9.8560337456 1.1500000000 3.6711328198 2.9727473655 3.4103280659 0.0000000000
9.8562279553 1.1500000000 3.6709084596 2.9566614061 3.4029962413 0.0000000000
9.8564186604 1.1500000000 3.6706814222 2.9405754244 3.3956536990 0.0000000000
9.8566049275 1.1500000000 3.6704429504 2.9244901784 3.3882657133 0.0000000000
9.8567921750 1.1500000000 3.6702185712 2.9084037072 3.3809336079 0.0000000000
9.8569720359 1.1500000000 3.6699747778 2.8923184593 3.3735243352 0.0000000000
9.8571567501 1.1500000000 3.6697508001 2.8762317799 3.3661937529 0.0000000000
9.8573315422 1.1500000000 3.6695095899 2.8601459384 3.3587945752 0.0000000000
9.8575132411 1.1500000000 3.6692808009 2.8440594494 3.3514448238 0.0000000000
9.8576866009 1.1500000000 3.6690324035 2.8279742107 3.3440171387 0.0000000000
9.8578611643 1.1500000000 3.6688025229 2.8118873434 3.3366628692 0.0000000000
9.8580293976 1.1500000000 3.6685682961 2.7958004298 3.3292911966 0.0000000000
9.8581996178 1.1500000000 3.6683296437 2.7797140680 3.3219020423 0.0000000000
9.8583660105 1.1500000000 3.6681001407 2.7636266719 3.3145490720 0.0000000000
9.8585306114 1.1500000000 3.6678582340 2.7475402284 3.3071468675 0.0000000000
9.8586938012 1.1500000000 3.6676287976 2.7314525569 3.2997940534 0.0000000000
9.8588529412 1.1500000000 3.6673927935 2.7153652337 3.2924151080 0.0000000000
9.8590085934 1.1500000000 3.6671548451 2.6992779113 3.2850283853 0.0000000000
9.8591665434 1.1500000000 3.6669154592 2.6831908495 3.2776360170 0.0000000000
9.8593223130 1.1500000000 3.6666562447 2.6671055651 3.2701650453 0.0000000000
9.8594727860 1.1500000000 3.6663793434 2.6510217897 3.2626239298 0.0000000000
9.8596254333 1.1500000000 3.6661125161 2.6349371064 3.2551227472 0.0000000000
9.8597718821 1.1500000000 3.6658279465 2.6188539452 3.2475512046 0.0000000000
9.8599184696 1.1500000000 3.6655611791 2.6027688667 3.2400501032 0.0000000000
9.8600640546 1.1500000000 3.6653011988 2.5866830780 3.2325758668 0.0000000000
9.8602051534 1.1500000000 3.6650344589 2.5705976953 3.2250747539 0.0000000000
9.8603474954 1.1500000000 3.6647714165 2.5545120436 3.2175883237 0.0000000000
9.8604835689 1.1500000000 3.6645026342 2.5384266193 3.2100790249 0.0000000000
9.8606212067 1.1500000000 3.6642360639 2.5223410529 3.2025785170 0.0000000000
9.8607552404 1.1500000000 3.6639674662 2.5062554862 3.1950698994 0.0000000000
9.8608878191 1.1500000000 3.6637090801 2.4901688343 3.1876016943 0.0000000000
9.8610205353 1.1500000000 3.6634469455 2.4740825518 3.1801186431 0.0000000000
9.8611503868 1.1500000000 3.6631746464 2.4579971489 3.1725952856 0.0000000000
9.8612782190 1.1500000000 3.6629220475 2.4419096717 3.1651498991 0.0000000000
9.8614041658 1.1500000000 3.6626447199 2.4258246819 3.1576065927 0.0000000000
9.8615294282 1.1500000000 3.6623788272 2.4097384249 3.1501085192 0.0000000000
9.8616530444 1.1500000000 3.6621187681 2.3936514762 3.1426335032 0.0000000000
9.8617746340 1.1500000000 3.6618402993 2.3775664779 3.1350856286 0.0000000000
9.8618936421 1.1500000000 3.6615411664 2.3614835386 3.1274559216 0.0000000000
9.8620132257 1.1500000000 3.6612377564 2.3454011372 3.1198093207 0.0000000000
9.8621293565 1.1500000000 3.6609363107 2.3293183549 3.1121704253 0.0000000000
9.8622464404 1.1500000000 3.6606442503 2.3132345169 3.1045686481 0.0000000000
9.8623598207 1.1500000000 3.6603469192 2.2971511256 3.0969459676 0.0000000000
9.8624714520 1.1500000000 3.6600504781 2.2810675910 3.0893267890 0.0000000000
9.8625834915 1.1500000000 3.6597606981 2.2649832901 3.0817339487 0.0000000000
9.8626926365 1.1500000000 3.6594670289 2.2488993463 3.0741256944 0.0000000000
9.8628006548 1.1500000000 3.6591707830 2.2328156532 3.0665072337 0.0000000000
9.8629068984 1.1500000000 3.6588798500 2.2167312722 3.0589097492 0.0000000000
9.8630128814 1.1500000000 3.6585701911 2.2006490073 3.0512382075 0.0000000000
9.8631170640 1.1500000000 3.6582770889 2.1845647552 3.0436320978 0.0000000000
9.8632192164 1.1500000000 3.6579915371 2.1684795813 3.0360558213 0.0000000000
9.8633202555 1.1500000000 3.6576987568 2.1523952052 3.0284509495 0.0000000000
9.8634198986 1.1500000000 3.6574060495 2.1363107715 3.0208463469 0.0000000000
9.8635183402 1.1500000000 3.6571303485 2.1202243473 3.0133089734 0.0000000000
9.8636159194 1.1500000000 3.6568197468 2.1041419087 3.0056335912 0.0000000000
9.8637125761 1.1500000000 3.6564908544 2.0880617404 2.9978859542 0.0000000000
9.8638079300 1.1500000000 3.6561692195 2.0719805601 2.9901669422 0.0000000000
9.8639021627 1.1500000000 3.6558375487 2.0559005934 2.9824082725 0.0000000000
9.8639950585 1.1500000000 3.6555239070 2.0398183620 2.9747208133 0.0000000000
9.8640868275 1.1500000000 3.6551999440 2.0237373346 2.9669925501 0.0000000000
9.8641776259 1.1500000000 3.6548777663 2.0076560472 2.9592713243 0.0000000000
9.8642675155 1.1500000000 3.6545528532 1.9915751648 2.9515393192 0.0000000000
9.8643560691 1.1500000000 3.6542259689 1.9754944617 2.9437995008 0.0000000000
9.8644436531 1.1500000000 3.6539086089 1.9594124612 2.9360972604 0.0000000000
9.8645297200 1.1500000000 3.6535949858 1.9433299822 2.9284097763 0.0000000000
9.8646148841 1.1500000000 3.6532922484 1.9272461729 2.9207653032 0.0000000000
9.8646991985 1.1500000000 3.6529684883 1.9111648502 2.9130377335 0.0000000000
9.8647823601 1.1500000000 3.6526653810 1.8950810560 2.9053917868 0.0000000000
9.8648645470 1.1500000000 3.6523553913 1.8789980450 2.8977186234 0.0000000000
9.8649458758 1.1500000000 3.6520523958 1.8629141586 2.8900730872 0.0000000000
9.8650266786 1.1500000000 3.6517095140 1.8468352171 2.8822699832 0.0000000000
9.8651064982 1.1500000000 3.6513604679 1.8307571154 2.8744425581 0.0000000000
9.8651853712 1.1500000000 3.6510211107 1.8146776340 2.8666533366 0.0000000000
9.8652633136 1.1500000000 3.6506830091 1.7985979445 2.8588690547 0.0000000000
9.8653405264 1.1500000000 3.6503388607 1.7825190699 2.8510609112 0.0000000000
9.8654169171 1.1500000000 3.6499918798 1.7664405507 2.8432415797 0.0000000000
9.8654925793 1.1500000000 3.6496390439 1.7503629220 2.8353991846 0.0000000000
9.8655673828 1.1500000000 3.6492925374 1.7342843333 2.8275817234 0.0000000000
9.8656412920 1.1500000000 3.6489636922 1.7182033894 2.8198339648 0.0000000000
9.8657144272 1.1500000000 3.6486316734 1.7021228591 2.8120736777 0.0000000000
9.8657870580 1.1500000000 3.6482935032 1.6860430773 2.8042890839 0.0000000000
9.8658588711 1.1500000000 3.6479668639 1.6699617356 2.7965499903 0.0000000000
9.8659300896 1.1500000000 3.6476423315 1.6538801687 2.7888192339 0.0000000000
9.8660008541 1.1500000000 3.6473093355 1.6377996540 2.7810550441 0.0000000000
9.8660711344 1.1500000000 3.6469799358 1.6217186694 2.7733050512 0.0000000000
9.8661413369 1.1500000000 3.6466095629 1.6056433545 2.7653934338 0.0000000000
9.8662109762 1.1500000000 3.6462610407 1.5895648074 2.7575679261 0.0000000000
9.8662803511 1.1500000000 3.6458964236 1.5734887675 2.7496790419 0.0000000000
9.8663494800 1.1500000000 3.6455335636 1.5574125321 2.7417971075 0.0000000000
9.8664186080 1.1500000000 3.6451731687 1.5413357096 2.7339247992 0.0000000000
9.8664878209 1.1500000000 3.6448003039 1.5252606759 2.7260033262 0.0000000000
9.8665571898 1.1500000000 3.6444291649 1.5091854108 2.7180886642 0.0000000000
9.8666268428 1.1500000000 3.6440860446 1.4931061588 2.7102844823 0.0000000000
9.8666971766 1.1500000000 3.6437339922 1.4770282211 2.7024450974 0.0000000000
9.8667688796 1.1500000000 3.6433794720 1.4609507403 2.6945960246 0.0000000000
9.8668420932 1.1500000000 3.6430342103 1.4448720541 2.6867835030 0.0000000000
9.8669177621 1.1500000000 3.6426952752 1.4287924013 2.6789959017 0.0000000000
9.8669973832 1.1500000000 3.6423484063 1.4127140686 2.6711770930 0.0000000000
9.8670831052 1.1500000000 3.6420110237 1.3966347572 2.6633958381 0.0000000000
9.8671803750 1.1500000000 3.6416517752 1.3805586591 2.6555284049 0.0000000000
9.8673033739 1.1500000000 3.6413044083 1.3644828778 2.6477086246 0.0000000000
9.8676285554 1.1500000000 3.6412782102 1.3570540489 2.6446323006 0.0000000000
9.8677596113 1.1500000000 3.6417642984 1.3731070619 2.6529978589 0.0000000000
9.8678395288 1.1500000000 3.6422013438 1.3891714823 2.6611718083 0.0000000000
9.8679013972 1.1500000000 3.6426133142 1.4052406147 2.6692473431 0.0000000000
9.8679556117 1.1500000000 3.6430237323 1.4213102961 2.6773168881 0.0000000000
9.8680074497 1.1500000000 3.6434380043 1.4373793719 2.6854016062 0.0000000000
9.8680627637 1.1500000000 3.6436357203 1.4451674810 2.6893077138 0.0000000000
9.8681278432 1.1500000000 3.6433101496 1.4294585095 2.6817218427 0.0000000000
9.8681568641 1.1500000000 3.6429322670 1.4133689191 2.6737744759 0.0000000000
9.8682062586 1.1500000000 3.6425816744 1.3972902796 2.6659406498 0.0000000000
9.8682591255 1.1500000000 3.6422232419 1.3812128010 2.6580759283 0.0000000000
9.8683112885 1.1500000000 3.6418615974 1.3651357792 2.6501985415 0.0000000000
9.8683636657 1.1500000000 3.6414665216 1.3490636069 2.6421893697 0.0000000000
9.8684160167 1.1500000000 3.6410804660 1.3329901153 2.6342157504 0.0000000000
9.8684681987 1.1500000000 3.6406896743 1.3169173577 2.6262234808 0.0000000000
9.8685203686 1.1500000000 3.6402876076 1.3008464107 2.6181868349 0.0000000000
9.8685721531 1.1500000000 3.6398811203 1.2847763018 2.6101328423 0.0000000000
9.8686233533 1.1500000000 3.6395124797 1.2687002903 2.6022278752 0.0000000000
9.8686741577 1.1500000000 3.6391403391 1.2526247346 2.5943090905 0.0000000000
9.8687246007 1.1500000000 3.6387518248 1.2365515518 2.5863257604 0.0000000000
9.8687747025 1.1500000000 3.6383803015 1.2204759308 2.5784094189 0.0000000000
9.8688238715 1.1500000000 3.6380131049 1.2043995935 2.5705100974 0.0000000000
9.8688729506 1.1500000000 3.6376312654 1.1883254478 2.5625530810 0.0000000000
9.8689214310 1.1500000000 3.6372679846 1.1722485332 2.5546691922 0.0000000000
9.8689695703 1.1500000000 3.6368891775 1.1561739504 2.5467241303 0.0000000000
9.8690173131 1.1500000000 3.6364879929 1.1401027350 2.5386909058 0.0000000000
9.8690643025 1.1500000000 3.6360840148 1.1240319016 2.5306466603 0.0000000000
9.8691110578 1.1500000000 3.6356675831 1.1079631337 2.5225534262 0.0000000000
9.8691570723 1.1500000000 3.6352738405 1.0918907705 2.5145495106 0.0000000000
9.8692026330 1.1500000000 3.6348753159 1.0758191142 2.5065267494 0.0000000000
9.8692479171 1.1500000000 3.6344401226 1.0597533395 2.4983596664 0.0000000000
9.8692923318 1.1500000000 3.6340474082 1.0436807440 2.4903597707 0.0000000000
9.8693363055 1.1500000000 3.6336671499 1.0276063373 2.4824089749 0.0000000000
9.8693798463 1.1500000000 3.6332757754 1.0115336577 2.4744144050 0.0000000000
9.8694227261 1.1500000000 3.6328924870 0.9954595794 2.4664516202 0.0000000000
9.8694649857 1.1500000000 3.6325113143 0.9793851760 2.4584971681 0.0000000000
9.8695068425 1.1500000000 3.6321333120 0.9633104270 2.4505552592 0.0000000000
9.8695484317 1.1500000000 3.6317278490 0.9472399154 2.4425052024 0.0000000000
9.8695895345 1.1500000000 3.6313068491 0.9311717709 2.4343939452 0.0000000000
9.8696301648 1.1500000000 3.6308776872 0.9151050088 2.4262505928 0.0000000000
9.8696702359 1.1500000000 3.6304628909 0.8990356858 2.4181636782 0.0000000000
9.8697098319 1.1500000000 3.6300318925 0.8829691401 2.4100130665 0.0000000000
9.8697488977 1.1500000000 3.6296305084 0.8668978551 2.4019790159 0.0000000000
9.8697874843 1.1500000000 3.6292181262 0.8508284512 2.3939017256 0.0000000000
9.8698257574 1.1500000000 3.6287741262 0.8347641422 2.3857000021 0.0000000000
9.8698633060 1.1500000000 3.6283832288 0.8186913174 2.3777072825 0.0000000000
9.8699004759 1.1500000000 3.6279907462 0.8026186921 2.3697083020 0.0000000000
9.8699372403 1.1500000000 3.6275854944 0.7865480686 2.3616590455 0.0000000000
9.8699736172 1.1500000000 3.6272060773 0.7704733914 2.3537115061 0.0000000000
9.8700095588 1.1500000000 3.6267928049 0.7544039773 2.3456306508 0.0000000000
9.8700452565 1.1500000000 3.6263582588 0.7383379111 2.3374660399 0.0000000000
9.8700805331 1.1500000000 3.6259102758 0.7222741451 2.3292486014 0.0000000000
9.8701154147 1.1500000000 3.6254695275 0.7062092161 2.3210596369 0.0000000000
9.8701498251 1.1500000000 3.6250473008 0.6901412842 2.3129435572 0.0000000000
9.8701838965 1.1500000000 3.6246171797 0.6740746881 2.3047964344 0.0000000000
9.8702177849 1.1500000000 3.6241762340 0.6580100409 2.2966067927 0.0000000000
9.8702506526 1.1500000000 3.6237664059 0.6419400085 2.2885394676 0.0000000000
9.8702832134 1.1500000000 3.6233545975 0.6258702868 2.2804643451 0.0000000000
9.8703153692 1.1500000000 3.6229133134 0.6098055404 2.2722733100 0.0000000000
9.8703470643 1.1500000000 3.6225155509 0.5937336917 2.2642535205 0.0000000000
9.8703783823 1.1500000000 3.6221157040 0.5776618727 2.2562254056 0.0000000000
9.8704094001 1.1500000000 3.6216765902 0.5615968131 2.2480429264 0.0000000000
9.8704401344 1.1500000000 3.6212233146 0.5455341995 2.2398047784 0.0000000000
9.8704704785 1.1500000000 3.6207577998 0.5294737545 2.2315185415 0.0000000000
9.8705002860 1.1500000000 3.6203147171 0.5134093238 2.2233204382 0.0000000000
9.8705298540 1.1500000000 3.6198684908 0.4973453762 2.2151099540 0.0000000000
9.8705590806 1.1500000000 3.6194081241 0.4812840582 2.2068439599 0.0000000000
9.8705878740 1.1500000000 3.6189828253 0.4652166696 2.1987158094 0.0000000000
9.8706163129 1.1500000000 3.6185538356 0.4491495209 2.1905729911 0.0000000000
9.8706444523 1.1500000000 3.6181109773 0.4330848805 2.1823757015 0.0000000000
9.8706722145 1.1500000000 3.6176964832 0.4170156483 2.1742900324 0.0000000000
9.8706995806 1.1500000000 3.6172816665 0.4009467944 2.1662032240 0.0000000000
9.8707267177 1.1500000000 3.6168554134 0.3848794656 2.1580712802 0.0000000000
9.8707536087 1.1500000000 3.6163759591 0.3688215903 2.1497303129 0.0000000000
9.8707801337 1.1500000000 3.6159073618 0.3527616111 2.1414319318 0.0000000000
9.8708063752 1.1500000000 3.6154492338 0.3367000672 2.1331748023 0.0000000000
9.8708322328 1.1500000000 3.6149788931 0.3206403102 2.1248695369 0.0000000000
9.8708578596 1.1500000000 3.6145043364 0.3045813869 2.1165477408 0.0000000000
9.8708830471 1.1500000000 3.6140765315 0.2885143540 2.1084097080 0.0000000000
9.8709079083 1.1500000000 3.6136172363 0.2724527115 2.1001478701 0.0000000000
9.8709325083 1.1500000000 3.6131690765 0.2563890275 2.0919297575 0.0000000000
9.8709567874 1.1500000000 3.6127441162 0.2403215835 2.0838029386 0.0000000000
9.8709807526 1.1500000000 3.6123154058 0.2242546979 2.0756613426 0.0000000000
9.8710044665 1.1500000000 3.6118797195 0.2081891514 2.0674923791 0.0000000000
9.8710279486 1.1500000000 3.6113849026 0.1921339195 2.0590910187 0.0000000000
9.8710511504 1.1500000000 3.6108962028 0.1760773780 2.0507136027 0.0000000000
9.8710739493 1.1500000000 3.6104270161 0.1600177173 2.0424129916 0.0000000000
9.8710965196 1.1500000000 3.6099350684 0.1439622006 2.0340229940 0.0000000000
9.8711187730 1.1500000000 3.6094541067 0.1279047623 2.0256761722 0.0000000000
9.8711407270 1.1500000000 3.6090011642 0.1118420537 2.0174393184 0.0000000000
9.8711624842 1.1500000000 3.6085303130 0.0957831303 2.0091323445 0.0000000000
9.8711838352 1.1500000000 3.6080762745 0.0797206754 2.0008912086 0.0000000000
9.8712049844 1.1500000000 3.6076389739 0.0636553010 1.9927158564 0.0000000000
9.8712258420 1.1500000000 3.6072022336 0.0475898121 1.9845426997 0.0000000000
9.8712465519 1.1500000000 3.6067270295 0.0315312329 1.9762184516 0.0000000000
9.8712670318 1.1500000000 3.6062224864 0.0154778938 1.9677789437 0.0000000000
9.8712872109 1.1500000000 3.6057102454 -0.0005740511 1.9593092014 0.0000000000
9.8713071605 1.1500000000 3.6052305764 -0.0166318181 1.9509674187 0.0000000000
9.8713268928 1.1500000000 3.6047235334 -0.0326841581 1.9425183106 0.0000000000
9.8713463209 1.1500000000 3.6042282043 -0.0487391075 1.9341150147 0.0000000000
9.8713654672 1.1500000000 3.6037754217 -0.0648017826 1.9258788141 0.0000000000
9.8713844550 1.1500000000 3.6032894411 -0.0808581644 1.9175123389 0.0000000000
9.8714031799 1.1500000000 3.6028126785 -0.0969163945 1.9091819965 0.0000000000
9.8714216350 1.1500000000 3.6023897404 -0.1129844711 1.9010630135 0.0000000000
9.8714398895 1.1500000000 3.6019500138 -0.1290495493 1.8928780757 0.0000000000
9.8714580713 1.1500000000 3.6013494034 -0.1450818632 1.8840627085 0.0000000000
9.8714760769 1.1500000000 3.6007713112 -0.1611195172 1.8753352782 0.0000000000
9.8714937116 1.1500000000 3.6002624558 -0.1771716851 1.8668789895 0.0000000000
9.8715111255 1.1500000000 3.5997740739 -0.1932278141 1.8585030101 0.0000000000
9.8715283647 1.1500000000 3.5992640600 -0.2092795807 1.8500422482 0.0000000000
9.8715453399 1.1500000000 3.5987676140 -0.2253340190 1.8416346888 0.0000000000
9.8715621316 1.1500000000 3.5983139444 -0.2413968681 1.8333948709 0.0000000000
9.8715787519 1.1500000000 3.5978309930 -0.2574542909 1.8250400962 0.0000000000
9.8715951018 1.1500000000 3.5973783359 -0.2735167355 1.8168044899 0.0000000000
9.8716113201 1.1500000000 3.5969099509 -0.2895764376 1.8085070689 0.0000000000
9.8716274458 1.1500000000 3.5963685680 -0.3056217626 1.7999234071 0.0000000000
9.8716433306 1.1500000000 3.5958367752 -0.3216692201 1.7913772532 0.0000000000
9.8716590332 1.1500000000 3.5952990194 -0.3377153329 1.7828077849 0.0000000000
9.8716745194 1.1500000000 3.5947734907 -0.3537639174 1.7742862362 0.0000000000
9.8716898239 1.1500000000 3.5942833240 -0.3698197528 1.7659032351 0.0000000000
9.8717049776 1.1500000000 3.5937566084 -0.3858682907 1.7573769578 0.0000000000
9.8717198668 1.1500000000 3.5932774355 -0.4019258909 1.7490372260 0.0000000000
9.8717346364 1.1500000000 3.5928053265 -0.4179845029 1.7407253452 0.0000000000
9.8717491808 1.1500000000 3.5923278587 -0.4340421220 1.7323924263 0.0000000000
9.8717636116 1.1500000000 3.5918505733 -0.4500991550 1.7240604716 0.0000000000
9.8717779384 1.1500000000 3.5912696793 -0.4661356835 1.7153222842 0.0000000000
9.8717920518 1.1500000000 3.5907049723 -0.4821758905 1.7066473732 0.0000000000
9.8718059811 1.1500000000 3.5901574249 -0.4982200937 1.6980395024 0.0000000000
9.8718197698 1.1500000000 3.5895777456 -0.5142569811 1.6893060305 0.0000000000
9.8718333220 1.1500000000 3.5890691079 -0.5303088775 1.6808507210 0.0000000000
9.8718467156 1.1500000000 3.5885652425 -0.5463619941 1.6724140129 0.0000000000
9.8718599913 1.1500000000 3.5880165614 -0.5624062546 1.6638015841 0.0000000000
9.8718730284 1.1500000000 3.5875473063 -0.5784655544 1.6555008439 0.0000000000
9.8718859257 1.1500000000 3.5870634895 -0.5945222275 1.6471429072 0.0000000000
9.8718987642 1.1500000000 3.5864987117 -0.6105622918 1.6384677705 0.0000000000
9.8719114329 1.1500000000 3.5859208359 -0.6265997402 1.6297412880 0.0000000000
9.8719239467 1.1500000000 3.5853398914 -0.6426366443 1.6210027481 0.0000000000
9.8719362748 1.1500000000 3.5848110762 -0.6586842059 1.6124684629 0.0000000000
9.8719484943 1.1500000000 3.5842653189 -0.6747285588 1.6038676923 0.0000000000
9.8719605315 1.1500000000 3.5837096365 -0.6907713427 1.5952278492 0.0000000000
9.8719723963 1.1500000000 3.5832207366 -0.7068269539 1.5868500051 0.0000000000
9.8719841245 1.1500000000 3.5827392401 -0.7228841253 1.5785011507 0.0000000000
9.8719957184 1.1500000000 3.5822323261 -0.7389362647 1.5700526388 0.0000000000
9.8720072342 1.1500000000 3.5816972880 -0.7549821740 1.5614941226 0.0000000000
9.8720186284 1.1500000000 3.5810744638 -0.7710091534 1.5525920343 0.0000000000
9.8720298633 1.1500000000 3.5805111636 -0.7870497890 1.5439225792 0.0000000000
9.8720410065 1.1500000000 3.5799086339 -0.8030816922 1.5350996989 0.0000000000
9.8720519797 1.1500000000 3.5793068820 -0.8191126346 1.5262803145 0.0000000000
9.8720627951 1.1500000000 3.5787920995 -0.8351630973 1.5178009995 0.0000000000
9.8720734889 1.1500000000 3.5782646103 -0.8512109098 1.5092719175 0.0000000000
9.8720840591 1.1500000000 3.5777180883 -0.8672545031 1.5006683923 0.0000000000
9.8720944683 1.1500000000 3.5772252286 -0.8833095917 1.4922749181 0.0000000000
9.8721048302 1.1500000000 3.5766480323 -0.8993461549 1.4835515077 0.0000000000
9.8721150818 1.1500000000 3.5760402147 -0.9153758905 1.4747083429 0.0000000000
9.8721252257 1.1500000000 3.5753977750 -0.9313977373 1.4657298455 0.0000000000
9.8721352127 1.1500000000 3.5747867981 -0.9474274013 1.4568740720 0.0000000000
9.8721450871 1.1500000000 3.5742468703 -0.9634726885 1.4482962463 0.0000000000
9.8721548336 1.1500000000 3.5736751672 -0.9795107936 1.4395941918 0.0000000000
9.8721644679 1.1500000000 3.5731142471 -0.9955511796 1.4309343568 0.0000000000
9.8721739933 1.1500000000 3.5725944096 -1.0116010282 1.4224350674 0.0000000000
9.8721834055 1.1500000000 3.5720837162 -1.0276531067 1.4139714623 0.0000000000
9.8721927659 1.1500000000 3.5714607393 -1.0436795261 1.4050689873 0.0000000000
9.8722020408 1.1500000000 3.5708082542 -1.0596989571 1.3960512741 0.0000000000
9.8722111841 1.1500000000 3.5701632192 -1.0757194227 1.3870629479 0.0000000000
9.8722202114 1.1500000000 3.5696066961 -1.0917612253 1.3784201348 0.0000000000
9.8722291648 1.1500000000 3.5689760226 -1.1077856346 1.3694876767 0.0000000000
9.8722380024 1.1500000000 3.5684058659 -1.1238243337 1.3607915706 0.0000000000
9.8722467031 1.1500000000 3.5678802211 -1.1398736588 1.3522692611 0.0000000000
9.8722553243 1.1500000000 3.5673306564 -1.1559160977 1.3436540268 0.0000000000
9.8722638546 1.1500000000 3.5667637661 -1.1719541452 1.3349712466 0.0000000000
9.8722723138 1.1500000000 3.5660869890 -1.1879666201 1.3258591485 0.0000000000
9.8722806745 1.1500000000 3.5654402662 -1.2039865724 1.3168642762 0.0000000000
9.8722889214 1.1500000000 3.5648349767 -1.2200170902 1.3080309111 0.0000000000
9.8722971172 1.1500000000 3.5641844309 -1.2360361174 1.2990211169 0.0000000000
9.8723051650 1.1500000000 3.5636022727 -1.2520719267 1.2902781606 0.0000000000
9.8723130995 1.1500000000 3.5630533815 -1.2681157169 1.2816650797 0.0000000000
9.8723209395 1.1500000000 3.5624786288 -1.2841529697 1.2729511675 0.0000000000
9.8723286770 1.1500000000 3.5619540253 -1.3002012151 1.2644334557 0.0000000000
9.8723363817 1.1500000000 3.5612272602 -1.3162000243 1.2551268714 0.0000000000
9.8723439605 1.1500000000 3.5605561905 -1.3322133725 1.2460372534 0.0000000000
9.8723514469 1.1500000000 3.5598997772 -1.3482306176 1.2370047021 0.0000000000
9.8723588503 1.1500000000 3.5592034224 -1.3642373696 1.2278165820 0.0000000000
9.8723661436 1.1500000000 3.5586163525 -1.3802725492 1.2190542305 0.0000000000
9.8723733537 1.1500000000 3.5580270344 -1.3963080543 1.2102827563 0.0000000000
9.8723804858 1.1500000000 3.5574307946 -1.4123395027 1.2014852176 0.0000000000
9.8723875216 1.1500000000 3.5568757240 -1.4283797124 1.1928488513 0.0000000000
9.8723945290 1.1500000000 3.5561515848 -1.4443785528 1.1835527586 0.0000000000
9.8724014305 1.1500000000 3.5555013963 -1.4603982149 1.1745441395 0.0000000000
9.8724082693 1.1500000000 3.5548223304 -1.4764098958 1.1654232038 0.0000000000
9.8724150190 1.1500000000 3.5541381572 -1.4924193955 1.1562827111 0.0000000000
9.8724216770 1.1500000000 3.5535646436 -1.5084565920 1.1475737781 0.0000000000
9.8724282465 1.1500000000 3.5530044022 -1.5244963207 1.1389169210 0.0000000000
9.8724347658 1.1500000000 3.5523996514 -1.5405266974 1.1300857669 0.0000000000
9.8724412146 1.1500000000 3.5518043202 -1.5565575681 1.1212920939 0.0000000000
9.8724476237 1.1500000000 3.5510414891 -1.5725450889 1.1118457613 0.0000000000
9.8724539239 1.1500000000 3.5503847521 -1.5885626279 1.1028117974 0.0000000000
9.8724601832 1.1500000000 3.5496680926 -1.6045639783 1.0935446195 0.0000000000
9.8724663522 1.1500000000 3.5489827210 -1.6205736505 1.0843992642 0.0000000000
9.8724724414 1.1500000000 3.5483874579 -1.6366057015 1.0756053912 0.0000000000
9.8724784741 1.1500000000 3.5477772843 -1.6526340804 1.0667533455 0.0000000000
9.8724844294 1.1500000000 3.5471743296 -1.6686640669 1.0579295320 0.0000000000
9.8724903529 1.1500000000 3.5464612489 -1.6846634712 1.0486774473 0.0000000000
9.8724962091 1.1500000000 3.5457030496 -1.7006516641 1.0392493730 0.0000000000
9.8725019970 1.1500000000 3.5450433726 -1.7166680164 1.0302041243 0.0000000000
9.8725077299 1.1500000000 3.5443184359 -1.7326684799 1.0209041920 0.0000000000
9.8725133837 1.1500000000 3.5436625009 -1.7486859237 1.0118734744 0.0000000000
9.8725189922 1.1500000000 3.5430538856 -1.7647141667 1.0030277159 0.0000000000
9.8725245333 1.1500000000 3.5424166707 -1.7807352873 0.9940704082 0.0000000000
9.8725300141 1.1500000000 3.5418047783 -1.7967623130 0.9852120283 0.0000000000
9.8725354837 1.1500000000 3.5410236564 -1.8127455521 0.9756942452 0.0000000000
9.8725408714 1.1500000000 3.5402911871 -1.8287407335 0.9663662953 0.0000000000
9.8725462054 1.1500000000 3.5396155713 -1.8447521433 0.9572592681 0.0000000000
9.8725514854 1.1500000000 3.5388986653 -1.8607516998 0.9479918215 0.0000000000
9.8725567026 1.1500000000 3.5382682611 -1.8767745017 0.9390610841 0.0000000000
9.8725618638 1.1500000000 3.5376595163 -1.8928025427 0.9302148885 0.0000000000
9.8725669676 1.1500000000 3.5370502047 -1.9088304826 0.9213664659 0.0000000000
9.8725720458 1.1500000000 3.5362755900 -1.9248156211 0.9118739520 0.0000000000
9.8725770734 1.1500000000 3.5354716021 -1.9407921520 0.9022673879 0.0000000000
9.8725820317 1.1500000000 3.5347704625 -1.9567964340 0.8930611167 0.0000000000
9.8725869353 1.1500000000 3.5340905644 -1.9728059353 0.8839377237 0.0000000000
9.8725917919 1.1500000000 3.5333893335 -1.9888096108 0.8747313301 0.0000000000
9.8725965840 1.1500000000 3.5327724990 -2.0048351126 0.8658537913 0.0000000000
9.8726013372 1.1500000000 3.5321338687 -2.0208557444 0.8568910173 0.0000000000
9.8726060512 1.1500000000 3.5313588325 -2.0368371899 0.8473982944 0.0000000000
9.8726107215 1.1500000000 3.5305468649 -2.0528099680 0.8377613127 0.0000000000
9.8726153310 1.1500000000 3.5297826259 -2.0687943121 0.8283106191 0.0000000000
9.8726198809 1.1500000000 3.5291774901 -2.0848245224 0.8194779916 0.0000000000
9.8726243881 1.1500000000 3.5285006776 -2.1008349322 0.8103665779 0.0000000000
9.8726288468 1.1500000000 3.5277994933 -2.1168385263 0.8011604030 0.0000000000
9.8726332534 1.1500000000 3.5271832671 -2.1328668459 0.7922841703 0.0000000000
9.8726376456 1.1500000000 3.5263758362 -2.1488388512 0.7826656449 0.0000000000
9.8726419747 1.1500000000 3.5256102260 -2.1648237331 0.7732092513 0.0000000000
9.8726462657 1.1500000000 3.5247970209 -2.1807937035 0.7635684425 0.0000000000
9.8726505084 1.1500000000 3.5240261938 -2.1967763549 0.7540920736 0.0000000000
9.8726547019 1.1500000000 3.5233692562 -2.2127925889 0.7450578297 0.0000000000
9.8726588534 1.1500000000 3.5226788020 -2.2288000288 0.7358930369 0.0000000000
9.8726629556 1.1500000000 3.5220063912 -2.2448117649 0.7267986994 0.0000000000
9.8726670398 1.1500000000 3.5211535916 -2.2607681987 0.7170049274 0.0000000000
9.8726710692 1.1500000000 3.5203354733 -2.2767355095 0.7073455296 0.0000000000
9.8726750584 1.1500000000 3.5196181337 -2.2927353733 0.6980762258 0.0000000000
9.8726790119 1.1500000000 3.5188449504 -2.3087170309 0.6885908297 0.0000000000
9.8726829172 1.1500000000 3.5181268916 -2.3247154416 0.6793192300 0.0000000000
9.8726867794 1.1500000000 3.5174505350 -2.3407272243 0.6702090906 0.0000000000
9.8726906155 1.1500000000 3.5167181035 -2.3567215393 0.6608816385 0.0000000000
9.8726944145 1.1500000000 3.5158879898 -2.3726844650 0.6511760135 0.0000000000
9.8726981745 1.1500000000 3.5150489614 -2.3886439344 0.6414361122 0.0000000000
9.8727018948 1.1500000000 3.5143084221 -2.4046367222 0.6320768397 0.0000000000
9.8727055792 1.1500000000 3.5135970513 -2.4206406747 0.6228297758 0.0000000000
9.8727092248 1.1500000000 3.5128238033 -2.4366221917 0.6133441767 0.0000000000
9.8727128336 1.1500000000 3.5121606971 -2.4526361893 0.6042861532 0.0000000000
9.8727164255 1.1500000000 3.5112761559 -2.4685786981 0.5943709849 0.0000000000
9.8727199806 1.1500000000 3.5104392842 -2.4845391708 0.5846393087 0.0000000000
9.8727235032 1.1500000000 3.5096179694 -2.5005070964 0.5749668792 0.0000000000
9.8727269952 1.1500000000 3.5087725349 -2.5164630554 0.5652027578 0.0000000000
9.8727304413 1.1500000000 3.5081654244 -2.5324873594 0.5563645944 0.0000000000
9.8727338588 1.1500000000 3.5074821155 -2.5484943415 0.5472285658 0.0000000000
9.8727372508 1.1500000000 3.5067313768 -2.5644777321 0.5378322549 0.0000000000
9.8727406157 1.1500000000 3.5058096104 -2.5804071440 0.5277734243 0.0000000000
9.8727439520 1.1500000000 3.5048858367 -2.5963374978 0.5177061881 0.0000000000
9.8727472456 1.1500000000 3.5041540353 -2.6123308490 0.5083816420 0.0000000000
9.8727505337 1.1500000000 3.5033578095 -2.6283060843 0.4988066446 0.0000000000
9.8727538016 1.1500000000 3.5025965389 -2.6442897582 0.4893680929 0.0000000000
9.8727570289 1.1500000000 3.5018929606 -2.6602868141 0.4801549569 0.0000000000
9.8727602274 1.1500000000 3.5009872535 -2.6762243016 0.4701571336 0.0000000000
9.8727633936 1.1500000000 3.5001586511 -2.6921883169 0.4604571182 0.0000000000
9.8727665244 1.1500000000 3.4992673335 -2.7081346093 0.4505133307 0.0000000000
9.8727696322 1.1500000000 3.4984598546 -2.7241022421 0.4408963620 0.0000000000
9.8727726902 1.1500000000 3.4977427944 -2.7400969710 0.4316302294 0.0000000000
9.8727757303 1.1500000000 3.4970353546 -2.7560933208 0.4224019305 0.0000000000
9.8727787444 1.1500000000 3.4961262868 -2.7720271578 0.4123921244 0.0000000000
9.8727817516 1.1500000000 3.4952138952 -2.7879604529 0.4023692401 0.0000000000
9.8727847025 1.1500000000 3.4943763918 -2.8039174596 0.3926364236 0.0000000000
9.8727876349 1.1500000000 3.4935991206 -2.8198936520 0.3831368621 0.0000000000
9.8727905403 1.1500000000 3.4927773728 -2.8358561746 0.3734648617 0.0000000000
9.8727934125 1.1500000000 3.4920270720 -2.8518384367 0.3640707536 0.0000000000
9.8727962633 1.1500000000 3.4911248504 -2.8677780220 0.3540860333 0.0000000000
9.8727990833 1.1500000000 3.4902647339 -2.8837293266 0.3442650453 0.0000000000
9.8728018801 1.1500000000 3.4893774499 -2.8996718772 0.3343388891 0.0000000000
9.8728046497 1.1500000000 3.4884849171 -2.9156108365 0.3243931740 0.0000000000
9.8728073913 1.1500000000 3.4876800181 -2.9315746892 0.3147880370 0.0000000000
9.8728101087 1.1500000000 3.4869582479 -2.9475627867 0.3055057173 0.0000000000
9.8728128030 1.1500000000 3.4861146530 -2.9635153099 0.2957503285 0.0000000000
9.8728154753 1.1500000000 3.4852210207 -2.9794514194 0.2858013554 0.0000000000
9.8728181209 1.1500000000 3.4843163380 -2.9953837557 0.2758096901 0.0000000000
9.8728207438 1.1500000000 3.4834730569 -3.0113349075 0.2660561051 0.0000000000
9.8728233400 1.1500000000 3.4826087932 -3.0272790041 0.2562214115 0.0000000000
9.8728259140 1.1500000000 3.4817314894 -3.0432180302 0.2463365860 0.0000000000
9.8728284663 1.1500000000 3.4808485681 -3.0591554264 0.2364299422 0.0000000000
9.8728309921 1.1500000000 3.4799740225 -3.0750954287 0.2265557588 0.0000000000
9.8728334986 1.1500000000 3.4791069598 -3.0910379305 0.2167105075 0.0000000000
9.8728359810 1.1500000000 3.4782028344 -3.1069672321 0.2067222852 0.0000000000
9.8728384450 1.1500000000 3.4773014545 -3.1228958582 0.1967453152 0.0000000000
9.8728408895 1.1500000000 3.4764229265 -3.1388325058 0.1868565442 0.0000000000
9.8728433109 1.1500000000 3.4755331188 -3.1547646455 0.1769244574 0.0000000000
9.8728457198 1.1500000000 3.4746426802 -3.1706950692 0.1669905335 0.0000000000
9.8728481081 1.1500000000 3.4737118540 -3.1866102426 0.1569011594 0.0000000000
9.8728504774 1.1500000000 3.4728157291 -3.2025383957 0.1469453984 0.0000000000
9.8728528249 1.1500000000 3.4718838293 -3.2184536879 0.1368516824 0.0000000000
9.8728551527 1.1500000000 3.4709939616 -3.2343859579 0.1269193036 0.0000000000
9.8728574610 1.1500000000 3.4700466295 -3.2502943536 0.1167666169 0.0000000000
9.8728597493 1.1500000000 3.4691517481 -3.2662227500 0.1068157326 0.0000000000
9.8728620244 1.1500000000 3.4682109282 -3.2821339013 0.0966879928 0.0000000000
9.8728642779 1.1500000000 3.4671954660 -3.2980177284 0.0862726129 0.0000000000
9.8728665107 1.1500000000 3.4662532493 -3.3139288073 0.0761393145 0.0000000000
9.8728687254 1.1500000000 3.4653125320 -3.3298365193 0.0660133608 0.0000000000
9.8728709255 1.1500000000 3.4644336889 -3.3457700882 0.0561245607 0.0000000000
9.8728731059 1.1500000000 3.4634752755 -3.3616713710 0.0459303939 0.0000000000
9.8728752674 1.1500000000 3.4625430553 -3.3775835381 0.0358366465 0.0000000000
9.8728774142 1.1500000000 3.4615361063 -3.3934643874 0.0254565104 0.0000000000
9.8728795383 1.1500000000 3.4604913403 -3.4093303904 0.0149310455 0.0000000000
9.8728816459 1.1500000000 3.4594420196 -3.4251915360 0.0043893043 0.0000000000
9.8728837453 1.1500000000 3.4585416217 -3.4411201037 -0.0055837142 0.0000000000
9.8728858231 1.1500000000 3.4576286578 -3.4570437013 -0.0156050089 0.0000000000
9.8728878885 1.1500000000 3.4566290672 -3.4729286997 -0.0259573707 0.0000000000
9.8728899336 1.1500000000 3.4554578849 -3.4887332160 -0.0369639066 0.0000000000
9.8728919657 1.1500000000 3.4544037125 -3.5045935640 -0.0475247354 0.0000000000
9.8728939879 1.1500000000 3.4534964597 -3.5205243964 -0.0575260794 0.0000000000
9.8728960005 1.1500000000 3.4525730084 -3.5364464159 -0.0675886925 0.0000000000
9.8728980013 1.1500000000 3.4516410229 -3.5523631254 -0.0776833181 0.0000000000
9.8728999839 1.1500000000 3.4504127719 -3.5681326115 -0.0889041165 0.0000000000
9.8729019645 1.1500000000 3.4494005230 -3.5840153656 -0.0993062141 0.0000000000
9.8729039436 1.1500000000 3.4484340196 -3.5999210668 -0.1095345081 0.0000000000
9.8729059202 1.1500000000 3.4474963391 -3.6158413507 -0.1196533436 0.0000000000
9.8729079044 1.1500000000 3.4464692498 -3.6317143854 -0.1301109146 0.0000000000
9.8729099088 1.1500000000 3.4453374343 -3.6475391607 -0.1409680869 0.0000000000
9.8729119458 1.1500000000 3.4443647087 -3.6634542307 -0.1512250172 0.0000000000
9.8729140659 1.1500000000 3.4433673949 -3.6793604781 -0.1615767713 0.0000000000
9.8729166737 1.1500000000 3.4424200000 -3.6952750000 -0.1717321596 0.0000000000
