# logAge Mass logTe Mbol logg C/O
4.1860800861 0.6200000000 3.6621600000 0.8717500000 2.2657316895 0.0000000000
4.1945749456 0.6200000000 3.6621508263 0.8714965038 2.2655935964 0.0000000000
4.2030698716 0.6200000000 3.6621419556 0.8712478565 2.2654586545 0.0000000000
4.2115648624 0.6200000000 3.6621333884 0.8710041504 2.2653269032 0.0000000000
4.2200599159 0.6200000000 3.6621251252 0.8707654778 2.2651983815 0.0000000000
4.2285550303 0.6200000000 3.6621171667 0.8705319310 2.2650731287 0.0000000000
4.2370502037 0.6200000000 3.6621095134 0.8703036022 2.2649511840 0.0000000000
4.2455454341 0.6200000000 3.6621021659 0.8700805838 2.2648325865 0.0000000000
4.2540407197 0.6200000000 3.6620951247 0.8698629680 2.2647173754 0.0000000000
4.2625360585 0.6200000000 3.6620883904 0.8696508471 2.2646055900 0.0000000000
4.2710314487 0.6200000000 3.6620819636 0.8694443133 2.2644972694 0.0000000000
4.2795268883 0.6200000000 3.6620758449 0.8692434590 2.2643924527 0.0000000000
4.2880223753 0.6200000000 3.6620700348 0.8690483765 2.2642911793 0.0000000000
4.2965179081 0.6200000000 3.6620645339 0.8688591581 2.2641934883 0.0000000000
4.3050134845 0.6200000000 3.6620593427 0.8686758959 2.2640994188 0.0000000000
4.3135091027 0.6200000000 3.6620544619 0.8684986823 2.2640090101 0.0000000000
4.3220047607 0.6200000000 3.6620498920 0.8683276097 2.2639223013 0.0000000000
4.3305004568 0.6200000000 3.6620456335 0.8681627702 2.2638393316 0.0000000000
4.3389961889 0.6200000000 3.6620416871 0.8680042561 2.2637601403 0.0000000000
4.3474919552 0.6200000000 3.6620380533 0.8678521598 2.2636847665 0.0000000000
4.3559877538 0.6200000000 3.6620347326 0.8677065736 2.2636132494 0.0000000000
4.3644835826 0.6200000000 3.6620317257 0.8675675896 2.2635456282 0.0000000000
4.3729794400 0.6200000000 3.6620290331 0.8674353002 2.2634819421 0.0000000000
4.3814753238 0.6200000000 3.6620266554 0.8673097977 2.2634222303 0.0000000000
4.3899712323 0.6200000000 3.6620245932 0.8671911743 2.2633665319 0.0000000000
4.3984671635 0.6200000000 3.6620228469 0.8670795224 2.2633148861 0.0000000000
4.4069631155 0.6200000000 3.6620214173 0.8669749342 2.2632673322 0.0000000000
4.4154590864 0.6200000000 3.6620203048 0.8668775020 2.2632239094 0.0000000000
4.4239550743 0.6200000000 3.6620195100 0.8667873181 2.2631846567 0.0000000000
4.4324510772 0.6200000000 3.6620190335 0.8667044748 2.2631496135 0.0000000000
4.4409470934 0.6200000000 3.6620188759 0.8666290643 2.2631188188 0.0000000000
4.4494431208 0.6200000000 3.6620190377 0.8665611790 2.2630923119 0.0000000000
4.4579391575 0.6200000000 3.6620195195 0.8665009111 2.2630701320 0.0000000000
4.4664352017 0.6200000000 3.6620203219 0.8664483529 2.2630523183 0.0000000000
4.4749312515 0.6200000000 3.6620214454 0.8664035967 2.2630389099 0.0000000000
4.4834273048 0.6200000000 3.6620228907 0.8663667348 2.2630299461 0.0000000000
4.4919233599 0.6200000000 3.6620246582 0.8663378595 2.2630254659 0.0000000000
4.5004194149 0.6200000000 3.6620267485 0.8663170629 2.2630255087 0.0000000000
4.5089154677 0.6200000000 3.6620291623 0.8663044376 2.2630301137 0.0000000000
4.5174115165 0.6200000000 3.6620319000 0.8663000756 2.2630393199 0.0000000000
4.5259075595 0.6200000000 3.6620349623 0.8663040693 2.2630531665 0.0000000000
4.5344035946 0.6200000000 3.6620383498 0.8663165110 2.2630716929 0.0000000000
4.5428996200 0.6200000000 3.6620420629 0.8663374929 2.2630949381 0.0000000000
4.5513956337 0.6200000000 3.6620461022 0.8663671074 2.2631229414 0.0000000000
4.5598916339 0.6200000000 3.6620504684 0.8664054468 2.2631557419 0.0000000000
4.5683876187 0.6200000000 3.6620551620 0.8664526032 2.2631933789 0.0000000000
4.5768835861 0.6200000000 3.6620601836 0.8665086690 2.2632358914 0.0000000000
4.5853795343 0.6200000000 3.6620655337 0.8665737366 2.2632833188 0.0000000000
4.5938754613 0.6200000000 3.6620712129 0.8666478980 2.2633357002 0.0000000000
4.6023713652 0.6200000000 3.6620772217 0.8667312458 2.2633930748 0.0000000000
4.6108672441 0.6200000000 3.6620835608 0.8668238720 2.2634554817 0.0000000000
4.6193630961 0.6200000000 3.6620902308 0.8669258691 2.2635229602 0.0000000000
4.6278589194 0.6200000000 3.6620972321 0.8670373292 2.2635955495 0.0000000000
4.6363547119 0.6200000000 3.6621045653 0.8671583448 2.2636732887 0.0000000000
4.6448504718 0.6200000000 3.6621122311 0.8672890080 2.2637562170 0.0000000000
4.6533461971 0.6200000000 3.6621202299 0.8674294112 2.2638443736 0.0000000000
4.6618418861 0.6200000000 3.6621285624 0.8675796466 2.2639377978 0.0000000000
4.6703375367 0.6200000000 3.6621372291 0.8677398065 2.2640365287 0.0000000000
4.6788331470 0.6200000000 3.6621462307 0.8679099832 2.2641406054 0.0000000000
4.6873287152 0.6200000000 3.6621555675 0.8680902690 2.2642500672 0.0000000000
4.6958242393 0.6200000000 3.6621652403 0.8682807561 2.2643649533 0.0000000000
4.7043197174 0.6200000000 3.6621752497 0.8684815369 2.2644853029 0.0000000000
4.7128151477 0.6200000000 3.6621855960 0.8686927037 2.2646111551 0.0000000000
4.7213105282 0.6200000000 3.6621962800 0.8689143486 2.2647425491 0.0000000000
4.7298058569 0.6200000000 3.6622073023 0.8691465641 2.2648795242 0.0000000000
4.7383011321 0.6200000000 3.6622186632 0.8693894423 2.2650221194 0.0000000000
4.7467963517 0.6200000000 3.6622303636 0.8696430756 2.2651703741 0.0000000000
4.7552915140 0.6200000000 3.6622424038 0.8699075563 2.2653243273 0.0000000000
4.7637866169 0.6200000000 3.6622547846 0.8701829766 2.2654840184 0.0000000000
4.7722816587 0.6200000000 3.6622675056 0.8704694035 2.2656494732 0.0000000000
4.7807766408 0.6200000000 3.6622805547 0.8707665055 2.2658205105 0.0000000000
4.7892715668 0.6200000000 3.6622939101 0.8710736330 2.2659967833 0.0000000000
4.7977664406 0.6200000000 3.6623075499 0.8713901280 2.2661779404 0.0000000000
4.8062612658 0.6200000000 3.6623214520 0.8717153322 2.2663636303 0.0000000000
4.8147560462 0.6200000000 3.6623355943 0.8720485874 2.2665535017 0.0000000000
4.8232507855 0.6200000000 3.6623499549 0.8723892353 2.2667472033 0.0000000000
4.8317454876 0.6200000000 3.6623645117 0.8727366179 2.2669443836 0.0000000000
4.8402401563 0.6200000000 3.6623792428 0.8730900768 2.2671446912 0.0000000000
4.8487347951 0.6200000000 3.6623941260 0.8734489538 2.2673477748 0.0000000000
4.8572294080 0.6200000000 3.6624091393 0.8738125909 2.2675532831 0.0000000000
4.8657239986 0.6200000000 3.6624242608 0.8741803296 2.2677608646 0.0000000000
4.8742185708 0.6200000000 3.6624394684 0.8745515120 2.2679701680 0.0000000000
4.8827131282 0.6200000000 3.6624547401 0.8749254796 2.2681808419 0.0000000000
4.8912076747 0.6200000000 3.6624700539 0.8753015744 2.2683925349 0.0000000000
4.8997022140 0.6200000000 3.6624853877 0.8756791381 2.2686048956 0.0000000000
4.9081967499 0.6200000000 3.6625007196 0.8760575125 2.2688175727 0.0000000000
4.9166912861 0.6200000000 3.6625160274 0.8764360394 2.2690302149 0.0000000000
4.9251858264 0.6200000000 3.6625312892 0.8768140606 2.2692424706 0.0000000000
4.9336803745 0.6200000000 3.6625464830 0.8771909179 2.2694539887 0.0000000000
4.9421749342 0.6200000000 3.6625615867 0.8775659531 2.2696644176 0.0000000000
4.9506695093 0.6200000000 3.6625765785 0.8779385135 2.2698734089 0.0000000000
4.9591641023 0.6200000000 3.6625914416 0.8783081206 2.2700807042 0.0000000000
4.9676587149 0.6200000000 3.6626061653 0.8786744993 2.2702861503 0.0000000000
4.9761533484 0.6200000000 3.6626207391 0.8790373862 2.2704896003 0.0000000000
4.9846480041 0.6200000000 3.6626351526 0.8793965177 2.2706909068 0.0000000000
4.9931426836 0.6200000000 3.6626493953 0.8797516305 2.2708899229 0.0000000000
5.0016373881 0.6200000000 3.6626634569 0.8801024610 2.2710865014 0.0000000000
5.0101321192 0.6200000000 3.6626773269 0.8804487459 2.2712804953 0.0000000000
5.0186268782 0.6200000000 3.6626909948 0.8807902215 2.2714717573 0.0000000000
5.0271216665 0.6200000000 3.6627044503 0.8811266246 2.2716601405 0.0000000000
5.0356164856 0.6200000000 3.6627176829 0.8814576915 2.2718454976 0.0000000000
5.0441113368 0.6200000000 3.6627306821 0.8817831590 2.2720276816 0.0000000000
5.0526062215 0.6200000000 3.6627434376 0.8821027633 2.2722065454 0.0000000000
5.0611011412 0.6200000000 3.6627559390 0.8824162412 2.2723819418 0.0000000000
5.0695960972 0.6200000000 3.6627681757 0.8827233292 2.2725537238 0.0000000000
5.0780910910 0.6200000000 3.6627801373 0.8830237638 2.2727217443 0.0000000000
5.0865861239 0.6200000000 3.6627918135 0.8833172814 2.2728858560 0.0000000000
5.0950811975 0.6200000000 3.6628031938 0.8836036188 2.2730459120 0.0000000000
5.1035763129 0.6200000000 3.6628142678 0.8838825159 2.2732017671 0.0000000000
5.1120714704 0.6200000000 3.6628250310 0.8841538633 2.2733533589 0.0000000000
5.1205666685 0.6200000000 3.6628354863 0.8844177522 2.2735007354 0.0000000000
5.1290619056 0.6200000000 3.6628456370 0.8846742881 2.2736439528 0.0000000000
5.1375571800 0.6200000000 3.6628554867 0.8849235764 2.2737830668 0.0000000000
5.1460524900 0.6200000000 3.6628650387 0.8851657226 2.2739181335 0.0000000000
5.1545478342 0.6200000000 3.6628742966 0.8854008321 2.2740492087 0.0000000000
5.1630432108 0.6200000000 3.6628832637 0.8856290102 2.2741763483 0.0000000000
5.1715386183 0.6200000000 3.6628919434 0.8858503625 2.2742996083 0.0000000000
5.1800340550 0.6200000000 3.6629003393 0.8860649944 2.2744190446 0.0000000000
5.1885295192 0.6200000000 3.6629084548 0.8862730112 2.2745347131 0.0000000000
5.1970250094 0.6200000000 3.6629162932 0.8864745185 2.2746466697 0.0000000000
5.2055205240 0.6200000000 3.6629238581 0.8866696217 2.2747549704 0.0000000000
5.2140160612 0.6200000000 3.6629311528 0.8868584261 2.2748596710 0.0000000000
5.2225116196 0.6200000000 3.6629381808 0.8870410372 2.2749608276 0.0000000000
5.2310071974 0.6200000000 3.6629449456 0.8872175605 2.2750584959 0.0000000000
5.2395027931 0.6200000000 3.6629514505 0.8873881013 2.2751527320 0.0000000000
5.2479984053 0.6200000000 3.6629576995 0.8875527671 2.2752435941 0.0000000000
5.2564940334 0.6200000000 3.6629636971 0.8877116691 2.2753311455 0.0000000000
5.2649896768 0.6200000000 3.6629694482 0.8878649192 2.2754154498 0.0000000000
5.2734853349 0.6200000000 3.6629749574 0.8880126291 2.2754965708 0.0000000000
5.2819810072 0.6200000000 3.6629802296 0.8881549107 2.2755745724 0.0000000000
5.2904766930 0.6200000000 3.6629852696 0.8882918758 2.2756495182 0.0000000000
5.2989723918 0.6200000000 3.6629900820 0.8884236363 2.2757214720 0.0000000000
5.3074681030 0.6200000000 3.6629946717 0.8885503038 2.2757904977 0.0000000000
5.3159638261 0.6200000000 3.6629990433 0.8886719902 2.2758566589 0.0000000000
5.3244595604 0.6200000000 3.6630032018 0.8887888074 2.2759200195 0.0000000000
5.3329553054 0.6200000000 3.6630071517 0.8889008671 2.2759806432 0.0000000000
5.3414510604 0.6200000000 3.6630108979 0.8890082812 2.2760385938 0.0000000000
5.3499468250 0.6200000000 3.6630144452 0.8891111614 2.2760939350 0.0000000000
5.3584425986 0.6200000000 3.6630177983 0.8892096196 2.2761467306 0.0000000000
5.3669383804 0.6200000000 3.6630209620 0.8893037671 2.2761970442 0.0000000000
5.3754341702 0.6200000000 3.6630239407 0.8893936843 2.2762449260 0.0000000000
5.3839299674 0.6200000000 3.6630267387 0.8894793998 2.2762904044 0.0000000000
5.3924257717 0.6200000000 3.6630293602 0.8895609380 2.2763335054 0.0000000000
5.4009215828 0.6200000000 3.6630318092 0.8896383227 2.2763742554 0.0000000000
5.4094174003 0.6200000000 3.6630340899 0.8897115783 2.2764126805 0.0000000000
5.4179132238 0.6200000000 3.6630362065 0.8897807287 2.2764488069 0.0000000000
5.4264090530 0.6200000000 3.6630381630 0.8898457980 2.2764826608 0.0000000000
5.4349048874 0.6200000000 3.6630399637 0.8899068103 2.2765142684 0.0000000000
5.4434007268 0.6200000000 3.6630416126 0.8899637898 2.2765436560 0.0000000000
5.4518965708 0.6200000000 3.6630431140 0.8900167605 2.2765708497 0.0000000000
5.4603924189 0.6200000000 3.6630444719 0.8900657465 2.2765958758 0.0000000000
5.4688882709 0.6200000000 3.6630456905 0.8901107720 2.2766187604 0.0000000000
5.4773841264 0.6200000000 3.6630467740 0.8901518610 2.2766395298 0.0000000000
5.4858799849 0.6200000000 3.6630477264 0.8901890375 2.2766582101 0.0000000000
5.4943758463 0.6200000000 3.6630485520 0.8902223258 2.2766748276 0.0000000000
5.5028717100 0.6200000000 3.6630492548 0.8902517499 2.2766894085 0.0000000000
5.5113675757 0.6200000000 3.6630498390 0.8902773339 2.2767019790 0.0000000000
5.5198634431 0.6200000000 3.6630503088 0.8902991019 2.2767125653 0.0000000000
5.5283593117 0.6200000000 3.6630506682 0.8903170779 2.2767211935 0.0000000000
5.5368551813 0.6200000000 3.6630509215 0.8903312862 2.2767278900 0.0000000000
5.5453510514 0.6200000000 3.6630510728 0.8903417507 2.2767326808 0.0000000000
5.5538469218 0.6200000000 3.6630511261 0.8903484956 2.2767355923 0.0000000000
5.5623427919 0.6200000000 3.6630510858 0.8903515450 2.2767366506 0.0000000000
5.5708386616 0.6200000000 3.6630509558 0.8903509229 2.2767358819 0.0000000000
5.5793345303 0.6200000000 3.6630507404 0.8903466535 2.2767333124 0.0000000000
5.5878303977 0.6200000000 3.6630504436 0.8903387609 2.2767289683 0.0000000000
5.5963262636 0.6200000000 3.6630500697 0.8903272691 2.2767228759 0.0000000000
5.6048221274 0.6200000000 3.6630496201 0.8903122013 2.2767150505 0.0000000000
5.6133179892 0.6200000000 3.6630490788 0.8902935745 2.2767054347 0.0000000000
5.6218138486 0.6200000000 3.6630484227 0.8902714031 2.2766939416 0.0000000000
5.6303097057 0.6200000000 3.6630476286 0.8902457015 2.2766804843 0.0000000000
5.6388055602 0.6200000000 3.6630466732 0.8902164841 2.2766649758 0.0000000000
5.6473014122 0.6200000000 3.6630455333 0.8901837654 2.2766473289 0.0000000000
5.6557972614 0.6200000000 3.6630441859 0.8901475597 2.2766274568 0.0000000000
5.6642931077 0.6200000000 3.6630426076 0.8901078815 2.2766052725 0.0000000000
5.6727889511 0.6200000000 3.6630407753 0.8900647452 2.2765806889 0.0000000000
5.6812847914 0.6200000000 3.6630386658 0.8900181652 2.2765536190 0.0000000000
5.6897806285 0.6200000000 3.6630362560 0.8899681559 2.2765239758 0.0000000000
5.6982764622 0.6200000000 3.6630335225 0.8899147317 2.2764916723 0.0000000000
5.7067722926 0.6200000000 3.6630304423 0.8898579071 2.2764566216 0.0000000000
5.7152681193 0.6200000000 3.6630269983 0.8897976913 2.2764187594 0.0000000000
5.7237639422 0.6200000000 3.6630232110 0.8897340628 2.2763781588 0.0000000000
5.7322597609 0.6200000000 3.6630191147 0.8896669889 2.2763349440 0.0000000000
5.7407555752 0.6200000000 3.6630147438 0.8895964364 2.2762892392 0.0000000000
5.7492513848 0.6200000000 3.6630101326 0.8895223726 2.2762411688 0.0000000000
5.7577471892 0.6200000000 3.6630053154 0.8894447644 2.2761908570 0.0000000000
5.7662429882 0.6200000000 3.6630003267 0.8893635789 2.2761384280 0.0000000000
5.7747387816 0.6200000000 3.6629952008 0.8892787832 2.2760840062 0.0000000000
5.7832345689 0.6200000000 3.6629899721 0.8891903443 2.2760277157 0.0000000000
5.7917303500 0.6200000000 3.6629846749 0.8890982294 2.2759696808 0.0000000000
5.8002261244 0.6200000000 3.6629793435 0.8890024054 2.2759100259 0.0000000000
5.8087218918 0.6200000000 3.6629740124 0.8889028395 2.2758488751 0.0000000000
5.8172176521 0.6200000000 3.6629687158 0.8887994988 2.2757863521 0.0000000000
5.8257134048 0.6200000000 3.6629634679 0.8886923651 2.2757225070 0.0000000000
5.8342091497 0.6200000000 3.6629582437 0.8885814489 2.2756572437 0.0000000000
5.8427048866 0.6200000000 3.6629530136 0.8884667643 2.2755904494 0.0000000000
5.8512006152 0.6200000000 3.6629477479 0.8883483251 2.2755220109 0.0000000000
5.8596963353 0.6200000000 3.6629424169 0.8882261453 2.2754518153 0.0000000000
5.8681920467 0.6200000000 3.6629369911 0.8881002390 2.2753797496 0.0000000000
5.8766877490 0.6200000000 3.6629314408 0.8879706200 2.2753057006 0.0000000000
5.8851834421 0.6200000000 3.6629257362 0.8878373024 2.2752295554 0.0000000000
5.8936791258 0.6200000000 3.6629198479 0.8877003000 2.2751512010 0.0000000000
5.9021747997 0.6200000000 3.6629137460 0.8875596270 2.2750705244 0.0000000000
5.9106704636 0.6200000000 3.6629074010 0.8874152971 2.2749874125 0.0000000000
5.9191661173 0.6200000000 3.6629007833 0.8872673244 2.2749017523 0.0000000000
5.9276617605 0.6200000000 3.6628938685 0.8871157189 2.2748134509 0.0000000000
5.9361573930 0.6200000000 3.6628866633 0.8869604682 2.2747225302 0.0000000000
5.9446530144 0.6200000000 3.6628791854 0.8868015521 2.2746290520 0.0000000000
5.9531486244 0.6200000000 3.6628714522 0.8866389503 2.2745330783 0.0000000000
5.9616442226 0.6200000000 3.6628634812 0.8864726424 2.2744346712 0.0000000000
5.9701398088 0.6200000000 3.6628552900 0.8863026083 2.2743338928 0.0000000000
5.9786353827 0.6200000000 3.6628468961 0.8861288276 2.2742308050 0.0000000000
5.9871309439 0.6200000000 3.6628383171 0.8859512801 2.2741254699 0.0000000000
5.9956264921 0.6200000000 3.6628295704 0.8857699455 2.2740179495 0.0000000000
6.0041220269 0.6200000000 3.6628206737 0.8855848035 2.2739083058 0.0000000000
6.0126175481 0.6200000000 3.6628116445 0.8853958338 2.2737966009 0.0000000000
6.0211130554 0.6200000000 3.6628025002 0.8852030162 2.2736828968 0.0000000000
6.0296085484 0.6200000000 3.6627932567 0.8850063325 2.2735672494 0.0000000000
6.0381040269 0.6200000000 3.6627839137 0.8848057831 2.2734496575 0.0000000000
6.0465994906 0.6200000000 3.6627744619 0.8846013791 2.2733300886 0.0000000000
6.0550949393 0.6200000000 3.6627648919 0.8843931315 2.2732085098 0.0000000000
6.0635903726 0.6200000000 3.6627551946 0.8841810513 2.2730848885 0.0000000000
6.0720857904 0.6200000000 3.6627453606 0.8839651495 2.2729591918 0.0000000000
6.0805811924 0.6200000000 3.6627353806 0.8837454372 2.2728313870 0.0000000000
6.0890765784 0.6200000000 3.6627252454 0.8835219254 2.2727014411 0.0000000000
6.0975719481 0.6200000000 3.6627149455 0.8832946251 2.2725693215 0.0000000000
6.1060673012 0.6200000000 3.6627044717 0.8830635474 2.2724349954 0.0000000000
6.1145626375 0.6200000000 3.6626938148 0.8828287032 2.2722984299 0.0000000000
6.1230579567 0.6200000000 3.6626829653 0.8825901036 2.2721595923 0.0000000000
6.1315532587 0.6200000000 3.6626719159 0.8823477605 2.2720184573 0.0000000000
6.1400485432 0.6200000000 3.6626606755 0.8821016935 2.2718750690 0.0000000000
6.1485438101 0.6200000000 3.6626492624 0.8818519264 2.2717295095 0.0000000000
6.1570390594 0.6200000000 3.6626376946 0.8815984830 2.2715818611 0.0000000000
6.1655342910 0.6200000000 3.6626259905 0.8813413872 2.2714322063 0.0000000000
6.1740295048 0.6200000000 3.6626141682 0.8810806629 2.2712806274 0.0000000000
6.1825247006 0.6200000000 3.6626022459 0.8808163339 2.2711272068 0.0000000000
6.1910198784 0.6200000000 3.6625902420 0.8805484241 2.2709720270 0.0000000000
6.1995150381 0.6200000000 3.6625781745 0.8802769573 2.2708151704 0.0000000000
6.2080101796 0.6200000000 3.6625660617 0.8800019574 2.2706567193 0.0000000000
6.2165053028 0.6200000000 3.6625539218 0.8797234483 2.2704967561 0.0000000000
6.2250004076 0.6200000000 3.6625417730 0.8794414538 2.2703353632 0.0000000000
6.2334954939 0.6200000000 3.6625296283 0.8791559948 2.2701726006 0.0000000000
6.2419905613 0.6200000000 3.6625174671 0.8788670743 2.2700083877 0.0000000000
6.2504856097 0.6200000000 3.6625052564 0.8785746879 2.2698425904 0.0000000000
6.2589806386 0.6200000000 3.6624929630 0.8782788317 2.2696750742 0.0000000000
6.2674756478 0.6200000000 3.6624805536 0.8779795013 2.2695057046 0.0000000000
6.2759706368 0.6200000000 3.6624679952 0.8776766927 2.2693343472 0.0000000000
6.2844656055 0.6200000000 3.6624552544 0.8773704016 2.2691608676 0.0000000000
6.2929605534 0.6200000000 3.6624422981 0.8770606239 2.2689851314 0.0000000000
6.3014554802 0.6200000000 3.6624290931 0.8767473554 2.2688070041 0.0000000000
6.3099503856 0.6200000000 3.6624156062 0.8764305920 2.2686263512 0.0000000000
6.3184452695 0.6200000000 3.6624018086 0.8761103402 2.2684430598 0.0000000000
6.3269401326 0.6200000000 3.6623877375 0.8757867725 2.2682573486 0.0000000000
6.3354349770 0.6200000000 3.6623734829 0.8754601925 2.2680696980 0.0000000000
6.3439298047 0.6200000000 3.6623591357 0.8751309071 2.2678805953 0.0000000000
6.3524246176 0.6200000000 3.6623447873 0.8747992234 2.2676905282 0.0000000000
6.3609194177 0.6200000000 3.6623305288 0.8744654484 2.2674999840 0.0000000000
6.3694142070 0.6200000000 3.6623164513 0.8741298890 2.2673094503 0.0000000000
6.3779089873 0.6200000000 3.6623026460 0.8737928524 2.2671194144 0.0000000000
6.3864037608 0.6200000000 3.6622892040 0.8734546456 2.2669303638 0.0000000000
6.3948985288 0.6200000000 3.6622761824 0.8731154940 2.2667426166 0.0000000000
6.4033932908 0.6200000000 3.6622635237 0.8727753513 2.2665559247 0.0000000000
6.4118880462 0.6200000000 3.6622511467 0.8724341143 2.2663699218 0.0000000000
6.4203827940 0.6200000000 3.6622389701 0.8720916795 2.2661842418 0.0000000000
6.4288775335 0.6200000000 3.6622269128 0.8717479439 2.2659985184 0.0000000000
6.4373722639 0.6200000000 3.6622148936 0.8714028042 2.2658123854 0.0000000000
6.4458669843 0.6200000000 3.6622028311 0.8710561571 2.2656254766 0.0000000000
6.4543616941 0.6200000000 3.6621906528 0.8707079207 2.2654374688 0.0000000000
6.4628563939 0.6200000000 3.6621783570 0.8703581891 2.2652483931 0.0000000000
6.4713510851 0.6200000000 3.6621659771 0.8700071429 2.2650584550 0.0000000000
6.4798457687 0.6200000000 3.6621535466 0.8696549632 2.2648678612 0.0000000000
6.4883404461 0.6200000000 3.6621410991 0.8693018312 2.2646768184 0.0000000000
6.4968351186 0.6200000000 3.6621286681 0.8689479282 2.2644855333 0.0000000000
6.5053297874 0.6200000000 3.6621162874 0.8685934382 2.2642942143 0.0000000000
6.5138244551 0.6200000000 3.6621040048 0.8682387632 2.2641032141 0.0000000000
6.5223191270 0.6200000000 3.6620918924 0.8678846745 2.2639131290 0.0000000000
6.5308138082 0.6200000000 3.6620800244 0.8675319791 2.2637245789 0.0000000000
6.5393085042 0.6200000000 3.6620684751 0.8671814839 2.2635381836 0.0000000000
6.5478032203 0.6200000000 3.6620573188 0.8668339958 2.2633545630 0.0000000000
6.5562979617 0.6200000000 3.6620466286 0.8664903157 2.2631743303 0.0000000000
6.5647927309 0.6200000000 3.6620364076 0.8661508342 2.2629976534 0.0000000000
6.5732875258 0.6200000000 3.6620265456 0.8658152844 2.2628239857 0.0000000000
6.5817823438 0.6200000000 3.6620169228 0.8654833402 2.2626527166 0.0000000000
6.5902771826 0.6200000000 3.6620074189 0.8651546753 2.2624832352 0.0000000000
6.5987720395 0.6200000000 3.6619979147 0.8648289640 2.2623149338 0.0000000000
6.6072669128 0.6200000000 3.6619884166 0.8645059625 2.2621477411 0.0000000000
6.6157618022 0.6200000000 3.6619791977 0.8641856004 2.2619827205 0.0000000000
6.6242567077 0.6200000000 3.6619705647 0.8638678291 2.2618210800 0.0000000000
6.6327516292 0.6200000000 3.6619628245 0.8635526002 2.2616640277 0.0000000000
6.6412465670 0.6200000000 3.6619562634 0.8632399412 2.2615127197 0.0000000000
6.6497415277 0.6200000000 3.6619508510 0.8629310494 2.2613675133 0.0000000000
6.6582365228 0.6200000000 3.6619463086 0.8626280391 2.2612281396 0.0000000000
6.6667315641 0.6200000000 3.6619423509 0.8623330491 2.2610943127 0.0000000000
6.6752266630 0.6200000000 3.6619386962 0.8620482026 2.2609657552 0.0000000000
6.6837218254 0.6200000000 3.6619352444 0.8617748419 2.2608426040 0.0000000000
6.6922170489 0.6200000000 3.6619321567 0.8615131876 2.2607255913 0.0000000000
6.7007123307 0.6200000000 3.6619296141 0.8612633737 2.2606154952 0.0000000000
6.7092076678 0.6200000000 3.6619277977 0.8610255341 2.2605130939 0.0000000000
6.7177030573 0.6200000000 3.6619268888 0.8607998025 2.2604191655 0.0000000000
6.7261984962 0.6200000000 3.6619270684 0.8605863130 2.2603344883 0.0000000000
6.7346939817 0.6200000000 3.6619285178 0.8603851994 2.2602598404 0.0000000000
6.7431895107 0.6200000000 3.6619314160 0.8601965971 2.2601959922 0.0000000000
6.7516850809 0.6200000000 3.6619358704 0.8600206965 2.2601434496 0.0000000000
6.7601806905 0.6200000000 3.6619419012 0.8598577542 2.2601023959 0.0000000000
6.7686763379 0.6200000000 3.6619495232 0.8597080312 2.2600729950 0.0000000000
6.7771720215 0.6200000000 3.6619586171 0.8595719540 2.2600549396 0.0000000000
6.7856677402 0.6200000000 3.6619684273 0.8594507335 2.2600456922 0.0000000000
6.7941634932 0.6200000000 3.6619780102 0.8593458125 2.2600420552 0.0000000000
6.8026592791 0.6200000000 3.6619866463 0.8592584983 2.2600416739 0.0000000000
6.8111550919 0.6200000000 3.6619953885 0.8591890238 2.2600488530 0.0000000000
6.8196509231 0.6200000000 3.6620061312 0.8591371123 2.2600710591 0.0000000000
6.8281467645 0.6200000000 3.6620205446 0.8591026833 2.2601149414 0.0000000000
6.8366426093 0.6200000000 3.6620379514 0.8590877020 2.2601785760 0.0000000000
6.8451384510 0.6200000000 3.6620562967 0.8590953331 2.2602550095 0.0000000000
6.8536342832 0.6200000000 3.6620738972 0.8591282039 2.2603385598 0.0000000000
6.8621300965 0.6200000000 3.6620920001 0.8591847795 2.2604336017 0.0000000000
6.8706258807 0.6200000000 3.6621131854 0.8592616327 2.2605490841 0.0000000000
6.8791216224 0.6200000000 3.6621387451 0.8593578990 2.2606898295 0.0000000000
6.8876173004 0.6200000000 3.6621665197 0.8594795709 2.2608495968 0.0000000000
6.8961128925 0.6200000000 3.6621939060 0.8596334305 2.2610206856 0.0000000000
6.9046083886 0.6200000000 3.6622209985 0.8598189214 2.2612032521 0.0000000000
6.9131037903 0.6200000000 3.6622504928 0.8600284126 2.2614050259 0.0000000000
6.9215990979 0.6200000000 3.6622842067 0.8602560390 2.2616309321 0.0000000000
6.9300943052 0.6200000000 3.6623202038 0.8605037742 2.2618740145 0.0000000000
6.9385894001 0.6200000000 3.6623560093 0.8607756062 2.2621259691 0.0000000000
6.9470843312 0.6200000000 3.6623924901 0.8610768755 2.2623924002 0.0000000000
6.9555790315 0.6200000000 3.6624322201 0.8614129229 2.2626857391 0.0000000000
6.9640735456 0.6200000000 3.6624755830 0.8617752980 2.2630041407 0.0000000000
6.9725680115 0.6200000000 3.6625210257 0.8621441096 2.2633334363 0.0000000000
6.9810624074 0.6200000000 3.6625675367 0.8625214007 2.2636703965 0.0000000000
6.9895565308 0.6200000000 3.6626147956 0.8629339223 2.2640244410 0.0000000000
6.9980502341 0.6200000000 3.6626634848 0.8633978760 2.2644047792 0.0000000000
7.0065434754 0.6200000000 3.6627158749 0.8639099923 2.2648191859 0.0000000000
7.0150362558 0.6200000000 3.6627736099 0.8644634388 2.2652715045 0.0000000000
7.0235287420 0.6200000000 3.6628344574 0.8650426081 2.2657465625 0.0000000000
7.0320210537 0.6200000000 3.6628959232 0.8656372313 2.2662302749 0.0000000000
7.0405129940 0.6200000000 3.6629585582 0.8662629385 2.2667310978 0.0000000000
7.0490044047 0.6200000000 3.6630227436 0.8669315430 2.2672552812 0.0000000000
7.0574953029 0.6200000000 3.6630876487 0.8676392885 2.2677979996 0.0000000000
7.0659857136 0.6200000000 3.6631545857 0.8683814220 2.2683626011 0.0000000000
7.0744756494 0.6200000000 3.6632261767 0.8691542346 2.2689580903 0.0000000000
7.0829650863 0.6200000000 3.6633007987 0.8699587551 2.2695783862 0.0000000000
7.0914540185 0.6200000000 3.6633758885 0.8707955571 2.2702134663 0.0000000000
7.0999425744 0.6200000000 3.6634531275 0.8716548809 2.2708661518 0.0000000000
7.1084307665 0.6200000000 3.6635330412 0.8725347503 2.2715377545 0.0000000000
7.1169183889 0.6200000000 3.6636134280 0.8734480175 2.2722246086 0.0000000000
7.1254055057 0.6200000000 3.6636995926 0.8743870630 2.2729448851 0.0000000000
7.1338922218 0.6200000000 3.6637923741 0.8753445909 2.2736990224 0.0000000000
7.1423784607 0.6200000000 3.6638825870 0.8763298188 2.2744539650 0.0000000000
7.1508639756 0.6200000000 3.6639738078 0.8773524914 2.2752279172 0.0000000000
7.1593487500 0.6200000000 3.6640679652 0.8784114343 2.2760281241 0.0000000000
7.1678330557 0.6200000000 3.6641603331 0.8794946631 2.2768308873 0.0000000000
7.1763165398 0.6200000000 3.6642575387 0.8806144507 2.2776676245 0.0000000000
7.1847991806 0.6200000000 3.6643624058 0.8817696604 2.2785491769 0.0000000000
7.1932817845 0.6200000000 3.6644678443 0.8829260269 2.2794334777 0.0000000000
7.2017650606 0.6200000000 3.6645676231 0.8840544253 2.2802839522 0.0000000000
7.2102473959 0.6200000000 3.6646699711 0.8852248564 2.2811615164 0.0000000000
7.2187278916 0.6200000000 3.6647795742 0.8864722362 2.2820988807 0.0000000000
7.2272067169 0.6200000000 3.6648944503 0.8877856101 2.2830837349 0.0000000000
7.2356846810 0.6200000000 3.6650106324 0.8891325584 2.2840872423 0.0000000000
7.2441629400 0.6200000000 3.6651312356 0.8904653924 2.2851027889 0.0000000000
7.2526403096 0.6200000000 3.6652422535 0.8918383115 2.2860960281 0.0000000000
7.2611156539 0.6200000000 3.6653668636 0.8932798972 2.2871711028 0.0000000000
7.2695903609 0.6200000000 3.6654980403 0.8947416625 2.2882805155 0.0000000000
7.2780645232 0.6200000000 3.6656264650 0.8962240524 2.2893871704 0.0000000000
7.2865376786 0.6200000000 3.6657581893 0.8977406127 2.2905206920 0.0000000000
7.2950106953 0.6200000000 3.6658830377 0.8992652789 2.2916299519 0.0000000000
7.3034816744 0.6200000000 3.6660219558 0.9008522694 2.2928204206 0.0000000000
7.3119519593 0.6200000000 3.6661618419 0.9024614939 2.2940236548 0.0000000000
7.3204223068 0.6200000000 3.6663022574 0.9040683280 2.2952280502 0.0000000000
7.3288928399 0.6200000000 3.6664355609 0.9056729970 2.2964031320 0.0000000000
7.3373609880 0.6200000000 3.6665791898 0.9073488930 2.2976480058 0.0000000000
7.3458277024 0.6200000000 3.6667354775 0.9090630959 2.2989588377 0.0000000000
7.3542926312 0.6200000000 3.6668853930 0.9108341476 2.3002669205 0.0000000000
7.3627564567 0.6200000000 3.6670389729 0.9126364344 2.3016021549 0.0000000000
7.3712220061 0.6200000000 3.6671920983 0.9143876087 2.3029151262 0.0000000000
7.3796867486 0.6200000000 3.6673427172 0.9161643732 2.3042283075 0.0000000000
7.3881486749 0.6200000000 3.6675001040 0.9180195437 2.3055999232 0.0000000000
7.3966087420 0.6200000000 3.6676661060 0.9199224231 2.3070250827 0.0000000000
7.4050692417 0.6200000000 3.6678351295 0.9218114021 2.3084567684 0.0000000000
7.4135300651 0.6200000000 3.6680023479 0.9236926478 2.3098781402 0.0000000000
7.4219872479 0.6200000000 3.6681651560 0.9256755999 2.3113225536 0.0000000000
7.4304437920 0.6200000000 3.6683391824 0.9276694485 2.3128161984 0.0000000000
7.4388985401 0.6200000000 3.6685092943 0.9297128368 2.3143140016 0.0000000000
7.4473562312 0.6200000000 3.6686876545 0.9316736932 2.3158117846 0.0000000000
7.4558103427 0.6200000000 3.6688652725 0.9337292683 2.3173444869 0.0000000000
7.4642609214 0.6200000000 3.6690469394 0.9358714999 2.3189280469 0.0000000000
7.4727133066 0.6200000000 3.6692341619 0.9379656285 2.3205145884 0.0000000000
7.4811657458 0.6200000000 3.6694105626 0.9400642940 2.3220596575 0.0000000000
7.4896163228 0.6200000000 3.6695954732 0.9422050740 2.3236556119 0.0000000000
7.4980642377 0.6200000000 3.6697928211 0.9444034082 2.3253243373 0.0000000000
7.5065135443 0.6200000000 3.6699825215 0.9465725516 2.3269507962 0.0000000000
7.5149616575 0.6200000000 3.6701697362 0.9487719006 2.3285793944 0.0000000000
7.5234065804 0.6200000000 3.6703681441 0.9510399061 2.3302802285 0.0000000000
7.5318533233 0.6200000000 3.6705586792 0.9532692031 2.3319340876 0.0000000000
7.5403004950 0.6200000000 3.6707543848 0.9554852815 2.3336033413 0.0000000000
7.5487486934 0.6200000000 3.6709527094 0.9576755089 2.3352727305 0.0000000000
7.5571972216 0.6200000000 3.6711438556 0.9598596584 2.3369109754 0.0000000000
7.5656509225 0.6200000000 3.6713390013 0.9619140460 2.3385133132 0.0000000000
7.5741006587 0.6200000000 3.6715334068 0.9640702468 2.3401534154 0.0000000000
7.5825448116 0.6200000000 3.6717419368 0.9663512509 2.3418999370 0.0000000000
7.5909945222 0.6200000000 3.6719433910 0.9685034244 2.3435666232 0.0000000000
7.5994466038 0.6200000000 3.6721319276 0.9706043197 2.3451611277 0.0000000000
7.6078954521 0.6200000000 3.6723333173 0.9727778696 2.3468361066 0.0000000000
7.6163477373 0.6200000000 3.6725212118 0.9748738845 2.3484260904 0.0000000000
7.6248009821 0.6200000000 3.6727048967 0.9769470699 2.3499901044 0.0000000000
7.6332520372 0.6200000000 3.6728995488 0.9790699528 2.3516178659 0.0000000000
7.6417026432 0.6200000000 3.6730991106 0.9812014767 2.3532687226 0.0000000000
7.6501574372 0.6200000000 3.6732806783 0.9832364532 2.3548089838 0.0000000000
7.6586161420 0.6200000000 3.6734630173 0.9851651811 2.3563098311 0.0000000000
7.6670740794 0.6200000000 3.6736545576 0.9871075846 2.3578529537 0.0000000000
7.6755335729 0.6200000000 3.6738310363 0.9890180229 2.3593230438 0.0000000000
7.6839903298 0.6200000000 3.6740102268 0.9910026197 2.3608336445 0.0000000000
7.6924520425 0.6200000000 3.6741853435 0.9928523487 2.3622740031 0.0000000000
7.7009139607 0.6200000000 3.6743555615 0.9946988086 2.3636934588 0.0000000000
7.7093794445 0.6200000000 3.6745236162 0.9964419291 2.3650629258 0.0000000000
7.7178465431 0.6200000000 3.6746862722 0.9981367626 2.3663914835 0.0000000000
7.7263158886 0.6200000000 3.6748358979 0.9997621968 2.3676401599 0.0000000000
7.7347923350 0.6200000000 3.6749761676 1.0011504167 2.3687565265 0.0000000000
7.7432658975 0.6200000000 3.6751156971 1.0026351741 2.3699085474 0.0000000000
7.7517451815 0.6200000000 3.6752507617 1.0039077422 2.3709578330 0.0000000000
7.7602297700 0.6200000000 3.6753632777 1.0049646690 2.3718306678 0.0000000000
7.7687136321 0.6200000000 3.6754784071 1.0060378911 2.3727204743 0.0000000000
7.7772025559 0.6200000000 3.6755817268 1.0068452590 2.3734567003 0.0000000000
7.7856941528 0.6200000000 3.6756663346 1.0074763947 2.3740475857 0.0000000000
7.7941877494 0.6200000000 3.6757371298 1.0079303447 2.3745123465 0.0000000000
7.8026819782 0.6200000000 3.6758008068 1.0083041613 2.3749165814 0.0000000000
7.8111772157 0.6200000000 3.6758551224 1.0085158792 2.3752185307 0.0000000000
7.8196729436 0.6200000000 3.6758884371 1.0084584302 2.3753288098 0.0000000000
7.8281679735 0.6200000000 3.6759069826 1.0082000487 2.3752996396 0.0000000000
7.8366614718 0.6200000000 3.6759251208 1.0076842721 2.3751658814 0.0000000000
7.8451518394 0.6200000000 3.6759036150 1.0069260641 2.3747765751 0.0000000000
7.8536374554 0.6200000000 3.6758765123 1.0059180632 2.3742649639 0.0000000000
7.8621143867 0.6200000000 3.6758175673 1.0045196795 2.3734698305 0.0000000000
7.8705864895 0.6200000000 3.6757564431 1.0029638645 2.3726030078 0.0000000000
7.8790489419 0.6200000000 3.6756723741 1.0011043827 2.3715229389 0.0000000000
7.8874945332 0.6200000000 3.6755603961 0.9988156622 2.3701595389 0.0000000000
7.8959135087 0.6200000000 3.6754048418 0.9960249193 2.3684210243 0.0000000000
7.9043005079 0.6200000000 3.6752192514 0.9926721817 2.3663375678 0.0000000000
7.9126701771 0.6200000000 3.6750237571 0.9890625410 2.3641117341 0.0000000000
7.9210142712 0.6200000000 3.6748070028 0.9851179834 2.3616668941 0.0000000000
7.9292980083 0.6200000000 3.6745559333 0.9804768188 2.3588061503 0.0000000000
7.9375816967 0.6200000000 3.6743055242 0.9759634191 2.3559991538 0.0000000000
7.9457494283 0.6200000000 3.6739868979 0.9701973068 2.3524182038 0.0000000000
7.9538647978 0.6200000000 3.6736478038 0.9639760253 2.3485733147 0.0000000000
7.9619240724 0.6200000000 3.6732840562 0.9573201916 2.3444559910 0.0000000000
7.9698141745 0.6200000000 3.6728722878 0.9496774391 2.3397518163 0.0000000000
7.9777919816 0.6200000000 3.6724807015 0.9425878094 2.3353496192 0.0000000000
7.9855415998 0.6200000000 3.6720266926 0.9339686215 2.3300859087 0.0000000000
7.9931794056 0.6200000000 3.6715327207 0.9247593464 2.3244263109 0.0000000000
8.0006787677 0.6200000000 3.6710315301 0.9151098773 2.3185617609 0.0000000000
8.0082079589 0.6200000000 3.6705646248 0.9058106383 2.3129744438 0.0000000000
8.0156657290 0.6200000000 3.6700953666 0.8962569087 2.3072759194 0.0000000000
8.0230133197 0.6200000000 3.6696231819 0.8862714199 2.3013929849 0.0000000000
8.0282898056 0.6200000000 3.6694586522 0.8824572238 2.2992091878 0.0000000000
8.0308028470 0.6200000000 3.6697947797 0.8905487779 2.3037903193 0.0000000000
8.0353841373 0.6200000000 3.6689500351 0.8728416449 2.2933284880 0.0000000000
8.0402689239 0.6200000000 3.6681206210 0.8555900283 2.2831101849 0.0000000000
8.0448998938 0.6200000000 3.6672881714 0.8379093116 2.2727080998 0.0000000000
8.0495966102 0.6200000000 3.6664712461 0.8203320007 2.2624094741 0.0000000000
8.0540039375 0.6200000000 3.6656521829 0.8022900685 2.2519164484 0.0000000000
8.0579786496 0.6200000000 3.6648065235 0.7836796445 2.2410896411 0.0000000000
8.0606444540 0.6200000000 3.6638830610 0.7636394320 2.2293797063 0.0000000000
8.0630138706 0.6200000000 3.6628681316 0.7434023527 2.2172251569 0.0000000000
8.0650867742 0.6200000000 3.6619512251 0.7229335434 2.2053700071 0.0000000000
8.0669011776 0.6200000000 3.6610173250 0.7023164935 2.1933875868 0.0000000000
8.0684871396 0.6200000000 3.6600853742 0.6815812086 2.1813656696 0.0000000000
8.0698764892 0.6200000000 3.6591397336 0.6607617107 2.1692553082 0.0000000000
8.0710987763 0.6200000000 3.6581879041 0.6398785383 2.1570947211 0.0000000000
8.0721725253 0.6200000000 3.6572308353 0.6189457121 2.1448933154 0.0000000000
8.0731199728 0.6200000000 3.6562665289 0.5979768646 2.1326485508 0.0000000000
8.0739562740 0.6200000000 3.6553094610 0.5769763772 2.1204200845 0.0000000000
8.0746952899 0.6200000000 3.6543445167 0.5559553140 2.1081518819 0.0000000000
8.0753488567 0.6200000000 3.6533851099 0.5349149524 2.0958981102 0.0000000000
8.0759337271 0.6200000000 3.6524174511 0.5138642662 2.0836072003 0.0000000000
8.0764586499 0.6200000000 3.6514646155 0.4927994707 2.0713699397 0.0000000000
8.0769277217 0.6200000000 3.6505010928 0.4717294884 2.0590878559 0.0000000000
8.0773461334 0.6200000000 3.6495481666 0.4506498218 2.0468442846 0.0000000000
8.0777200104 0.6200000000 3.6485892096 0.4295666262 2.0345751782 0.0000000000
8.0780540557 0.6200000000 3.6476358912 0.4084776464 2.0223263128 0.0000000000
8.0783553642 0.6200000000 3.6466814699 0.3873858970 2.0100719278 0.0000000000
8.0786435953 0.6200000000 3.6457339800 0.3662910508 1.9978440298 0.0000000000
8.0789037671 0.6200000000 3.6447824402 0.3451950727 1.9855994792 0.0000000000
8.0791336837 0.6200000000 3.6438442933 0.3240932068 1.9734061455 0.0000000000
8.0793361376 0.6200000000 3.6429040736 0.3029902626 1.9612040888 0.0000000000
8.0795133293 0.6200000000 3.6419727306 0.2818833322 1.9490359450 0.0000000000
8.0796693579 0.6200000000 3.6410628949 0.2607694199 1.9369510372 0.0000000000
8.0798083650 0.6200000000 3.6401476297 0.2396562464 1.9248447070 0.0000000000
8.0799333585 0.6200000000 3.6392359769 0.2185415444 1.9127522147 0.0000000000
8.0800462855 0.6200000000 3.6382993679 0.1974332479 1.9005624601 0.0000000000
8.0801481568 0.6200000000 3.6373761004 0.1763209206 1.8884244594 0.0000000000
8.0802413097 0.6200000000 3.6364505039 0.1552089815 1.8762772976 0.0000000000
8.0803264437 0.6200000000 3.6355289582 0.1340957269 1.8641458130 0.0000000000
8.0804045215 0.6200000000 3.6346047492 0.1129830274 1.8520038974 0.0000000000
8.0804764713 0.6200000000 3.6336884381 0.0918680571 1.8398926647 0.0000000000
8.0805430228 0.6200000000 3.6327697719 0.0707535974 1.8277722160 0.0000000000
8.0806048129 0.6200000000 3.6318552699 0.0496379464 1.8156679476 0.0000000000
8.0806623621 0.6200000000 3.6309534941 0.0285187944 1.8036131837 0.0000000000
8.0807162855 0.6200000000 3.6300677052 0.0073953385 1.7916206455 0.0000000000
8.0807671691 0.6200000000 3.6291700000 -0.0137250000 1.7795816895 0.0000000000
8.0808002983 0.6200000000 3.6285400000 -0.0281500000 1.7712916895 0.0000000000
8.0814678521 0.6200000000 3.6135632803 -0.3917295563 1.5659529883 0.0000000000
8.0821354059 0.6200000000 3.6043972470 -0.6203829121 1.4378275127 0.0000000000
8.0828029597 0.6200000000 3.6133476231 -0.4032439521 1.5604846009 0.0000000000
8.0834705135 0.6200000000 3.6170720818 -0.3131291090 1.6114283729 0.0000000000
8.0841380672 0.6200000000 3.6195172796 -0.2539155785 1.6448945764 0.0000000000
8.0848056210 0.6200000000 3.6209526907 -0.2192633321 1.6644971195 0.0000000000
8.0854731748 0.6200000000 3.6218636497 -0.1966363650 1.6771917425 0.0000000000
8.0861407286 0.6200000000 3.6224498791 -0.1819263311 1.6854206736 0.0000000000
8.0868082824 0.6200000000 3.6227876917 -0.1728313785 1.6904099047 0.0000000000
8.0874758362 0.6200000000 3.6229102489 -0.1690271611 1.6924218205 0.0000000000
8.0881433899 0.6200000000 3.6229066589 -0.1683059290 1.6926959534 0.0000000000
8.0888109437 0.6200000000 3.6228196838 -0.1696231655 1.6918211587 0.0000000000
8.0894784975 0.6200000000 3.6226133097 -0.1738653000 1.6892988084 0.0000000000
8.0901460513 0.6200000000 3.6223709572 -0.1790247951 1.6862656004 0.0000000000
8.0908136051 0.6200000000 3.6220751946 -0.1855461192 1.6824740202 0.0000000000
8.0914811588 0.6200000000 3.6217668929 -0.1924656012 1.6784730207 0.0000000000
8.0921487126 0.6200000000 3.6214342540 -0.2001578761 1.6740655551 0.0000000000
8.0928162664 0.6200000000 3.6211016151 -0.2078501509 1.6696580895 0.0000000000
8.0934838202 0.6200000000 3.6207548342 -0.2160217640 1.6650023206 0.0000000000
8.0941513740 0.6200000000 3.6204048382 -0.2243023507 1.6602901020 0.0000000000
8.0948189277 0.6200000000 3.6200548422 -0.2325829374 1.6555778834 0.0000000000
8.0954864815 0.6200000000 3.6196873308 -0.2412980993 1.6506217728 0.0000000000
8.0961540353 0.6200000000 3.6193112653 -0.2502254951 1.6455465525 0.0000000000
8.0968215891 0.6200000000 3.6189351998 -0.2591528908 1.6404713322 0.0000000000
8.0974891429 0.6200000000 3.6185516075 -0.2684173348 1.6352311858 0.0000000000
8.0981566967 0.6200000000 3.6181642590 -0.2778499897 1.6299087296 0.0000000000
8.0988242504 0.6200000000 3.6177769104 -0.2872826446 1.6245862733 0.0000000000
8.0994918042 0.6200000000 3.6173705835 -0.2971275377 1.6190230085 0.0000000000
8.1001593580 0.6200000000 3.6169616415 -0.3070292348 1.6134265617 0.0000000000
8.1008269118 0.6200000000 3.6165497065 -0.3170421267 1.6077736646 0.0000000000
8.1014944656 0.6200000000 3.6161281848 -0.3274111618 1.6019399639 0.0000000000
8.1021620193 0.6200000000 3.6157066631 -0.3377801970 1.5961062633 0.0000000000
8.1028295731 0.6200000000 3.6152678326 -0.3484482566 1.5900837174 0.0000000000
8.1034971269 0.6200000000 3.6148223784 -0.3592307468 1.5839889044 0.0000000000
8.1041646807 0.6200000000 3.6143711040 -0.3701749925 1.5778061083 0.0000000000
8.1048322345 0.6200000000 3.6139075289 -0.3814610944 1.5714373675 0.0000000000
8.1054997882 0.6200000000 3.6134436234 -0.3927543960 1.5650644247 0.0000000000
8.1061673420 0.6200000000 3.6129547066 -0.4045925208 1.5583735076 0.0000000000
8.1068348958 0.6200000000 3.6124657898 -0.4164306456 1.5516825904 0.0000000000
8.1075024496 0.6200000000 3.6119536032 -0.4287492539 1.5447064006 0.0000000000
8.1081700034 0.6200000000 3.6114357466 -0.4411849375 1.5376607010 0.0000000000
8.1088375572 0.6200000000 3.6109345640 -0.4540668411 1.5305032091 0.0000000000
8.1095051109 0.6200000000 3.6104405530 -0.4671406679 1.5232976344 0.0000000000
8.1101726647 0.6200000000 3.6098997524 -0.4806714776 1.5157221081 0.0000000000
8.1108402185 0.6200000000 3.6093384418 -0.4944026033 1.5079844154 0.0000000000
8.1115077723 0.6200000000 3.6087592170 -0.5087000322 1.4999485446 0.0000000000
8.1121753261 0.6200000000 3.6081752012 -0.5231489146 1.4918329283 0.0000000000
8.1128428798 0.6200000000 3.6075619649 -0.5383066233 1.4833168996 0.0000000000
8.1135104336 0.6200000000 3.6069372201 -0.5536701513 1.4746725095 0.0000000000
8.1141779874 0.6200000000 3.6062798830 -0.5696014461 1.4656706431 0.0000000000
8.1148455412 0.6200000000 3.6056025405 -0.5860272590 1.4563909478 0.0000000000
8.1155130950 0.6200000000 3.6049107236 -0.6028081904 1.4469113078 0.0000000000
8.1161806487 0.6200000000 3.6041857991 -0.6203439801 1.4369972939 0.0000000000
8.1168482025 0.6200000000 3.6034417603 -0.6383518228 1.4268180015 0.0000000000
8.1175157563 0.6200000000 3.6026784144 -0.6568386873 1.4163698723 0.0000000000
8.1181833101 0.6200000000 3.6018900240 -0.6759589977 1.4055681863 0.0000000000
8.1188508639 0.6200000000 3.6010829906 -0.6955861715 1.3944891834 0.0000000000
8.1195184177 0.6200000000 3.6002539633 -0.7157575738 1.3831045134 0.0000000000
8.1201859714 0.6200000000 3.5993969373 -0.7365570641 1.3713566132 0.0000000000
8.1208535252 0.6200000000 3.5985042403 -0.7580479189 1.3591894831 0.0000000000
8.1215210790 0.6200000000 3.5975481165 -0.7804249306 1.3464141834 0.0000000000
8.1221886328 0.6200000000 3.5965816764 -0.8035472197 1.3332995072 0.0000000000
8.1228561866 0.6200000000 3.5955859595 -0.8274218029 1.3197668064 0.0000000000
8.1235237403 0.6200000000 3.5945490190 -0.8521154886 1.3057415702 0.0000000000
8.1241912941 0.6200000000 3.5934779789 -0.8776552723 1.2912414963 0.0000000000
8.1248588479 0.6200000000 3.5923795141 -0.9040420797 1.2762929138 0.0000000000
8.1255264017 0.6200000000 3.5912400651 -0.9313227527 1.2608228487 0.0000000000
8.1261939555 0.6200000000 3.5900578144 -0.9594788618 1.2448314023 0.0000000000
8.1268615092 0.6200000000 3.5888364254 -0.9885203973 1.2283292320 0.0000000000
8.1275290630 0.6200000000 3.5875872314 -1.0183951554 1.2113825528 0.0000000000
8.1281966168 0.6200000000 3.5863312206 -1.0490250301 1.1941065600 0.0000000000
8.1288641706 0.6200000000 3.5850146237 -1.0805384253 1.1762348141 0.0000000000
8.1295317244 0.6200000000 3.5836370551 -1.1129527457 1.1577588115 0.0000000000
8.1301992782 0.6200000000 3.5822030918 -1.1462785164 1.1386926500 0.0000000000
8.1308668319 0.6200000000 3.5806991119 -1.1806415601 1.1189315129 0.0000000000
8.1315343857 0.6200000000 3.5790977157 -1.2158494661 1.0984427658 0.0000000000
8.1322019395 0.6200000000 3.5775444283 -1.2520382011 1.0777541223 0.0000000000
8.1328694933 0.6200000000 3.5759383632 -1.2891592327 1.0564814493 0.0000000000
8.1335370471 0.6200000000 3.5742114426 -1.3272454584 1.0343392764 0.0000000000
8.1342046008 0.6200000000 3.5725160575 -1.3663559347 1.0119135457 0.0000000000
8.1348721546 0.6200000000 3.5707327303 -1.4064286085 0.9887511672 0.0000000000
8.1355397084 0.6200000000 3.5688278102 -1.4476719280 0.9646341590 0.0000000000
8.1362072622 0.6200000000 3.5669117349 -1.4905415993 0.9398219893 0.0000000000
8.1368748160 0.6200000000 3.5648637431 -1.5354666487 0.9136600025 0.0000000000
8.1375423697 0.6200000000 3.5626086228 -1.5835571460 0.8854033225 0.0000000000
8.1382099235 0.6200000000 3.5601308430 -1.6369901766 0.8541189908 0.0000000000
8.1388774773 0.6200000000 3.5571956900 -1.6989739830 0.8175848564 0.0000000000
8.1395450311 0.6200000000 3.5536947684 -1.7711514794 0.7747101715 0.0000000000
8.1402125849 0.6200000000 3.5494414226 -1.8592863285 0.7224428485 0.0000000000
8.1408801387 0.6200000000 3.5438813635 -1.9710771433 0.6554862862 0.0000000000
8.1415476924 0.6200000000 3.5371322769 -2.1036613942 0.5754562394 0.0000000000
8.1422152462 0.6200000000 3.5292593732 -2.2516157942 0.4847828645 0.0000000000
8.1428828000 0.6200000000 3.5211189651 -2.4047679310 0.3909603775 0.0000000000
8.1435503538 0.6200000000 3.5119759483 -2.5675530115 0.2892742780 0.0000000000
8.1442179076 0.6200000000 3.5032481776 -2.7231855014 0.1921101993 0.0000000000
8.1448854613 0.6200000000 3.4951101652 -2.8656859755 0.1025579599 0.0000000000
8.1455530151 0.6200000000 3.4879531664 -2.9934496408 0.0228244990 0.0000000000
8.1462205689 0.6200000000 3.4809858601 -3.1167077982 -0.0543479894 0.0000000000
8.1468881227 0.6200000000 3.4606900000 -3.4377250000 -0.2639383105 0.0000000000
