# logAge Mass logTe Mbol logg C/O
4.1860800861 0.4890000000 4.4252400000 1.6433000000 5.5235888591 0.0000000000
4.1943179751 0.4890000000 4.4252396480 1.6433018288 5.5235881827 0.0000000000
4.2025558641 0.4890000000 4.4252393306 1.6433034812 5.5235875742 0.0000000000
4.2107937531 0.4890000000 4.4252390470 1.6433049616 5.5235870317 0.0000000000
4.2190316422 0.4890000000 4.4252387961 1.6433062745 5.5235865535 0.0000000000
4.2272695313 0.4890000000 4.4252385772 1.6433074246 5.5235861378 0.0000000000
4.2355074204 0.4890000000 4.4252383893 1.6433084163 5.5235857829 0.0000000000
4.2437453095 0.4890000000 4.4252382316 1.6433092541 5.5235854871 0.0000000000
4.2519831987 0.4890000000 4.4252381031 1.6433099427 5.5235852485 0.0000000000
4.2602210879 0.4890000000 4.4252380029 1.6433104864 5.5235850654 0.0000000000
4.2684589771 0.4890000000 4.4252379302 1.6433108900 5.5235849360 0.0000000000
4.2766968664 0.4890000000 4.4252378841 1.6433111578 5.5235848586 0.0000000000
4.2849347556 0.4890000000 4.4252378636 1.6433112944 5.5235848314 0.0000000000
4.2931726449 0.4890000000 4.4252378680 1.6433113044 5.5235848527 0.0000000000
4.3014105342 0.4890000000 4.4252378962 1.6433111922 5.5235849207 0.0000000000
4.3096484236 0.4890000000 4.4252379474 1.6433109624 5.5235850337 0.0000000000
4.3178863129 0.4890000000 4.4252380207 1.6433106196 5.5235851898 0.0000000000
4.3261242023 0.4890000000 4.4252381152 1.6433101683 5.5235853873 0.0000000000
4.3343620917 0.4890000000 4.4252382300 1.6433096129 5.5235856245 0.0000000000
4.3425999811 0.4890000000 4.4252383643 1.6433089581 5.5235858996 0.0000000000
4.3508378706 0.4890000000 4.4252385171 1.6433082083 5.5235862108 0.0000000000
4.3590757600 0.4890000000 4.4252386875 1.6433073682 5.5235865564 0.0000000000
4.3673136495 0.4890000000 4.4252388747 1.6433064421 5.5235869346 0.0000000000
4.3755515390 0.4890000000 4.4252390777 1.6433054347 5.5235873437 0.0000000000
4.3837894285 0.4890000000 4.4252392956 1.6433043504 5.5235877819 0.0000000000
4.3920273180 0.4890000000 4.4252395277 1.6433031939 5.5235882474 0.0000000000
4.4002652075 0.4890000000 4.4252397729 1.6433019696 5.5235887385 0.0000000000
4.4085030971 0.4890000000 4.4252400304 1.6433006821 5.5235892534 0.0000000000
4.4167409867 0.4890000000 4.4252402992 1.6432993359 5.5235897903 0.0000000000
4.4249788762 0.4890000000 4.4252405786 1.6432979355 5.5235903476 0.0000000000
4.4332167658 0.4890000000 4.4252408675 1.6432964855 5.5235909234 0.0000000000
4.4414546554 0.4890000000 4.4252411652 1.6432949903 5.5235915160 0.0000000000
4.4496925451 0.4890000000 4.4252414707 1.6432934546 5.5235921236 0.0000000000
4.4579304347 0.4890000000 4.4252417831 1.6432918828 5.5235927445 0.0000000000
4.4661683243 0.4890000000 4.4252421015 1.6432902795 5.5235933768 0.0000000000
4.4744062140 0.4890000000 4.4252424250 1.6432886493 5.5235940189 0.0000000000
4.4826441036 0.4890000000 4.4252427528 1.6432869965 5.5235946690 0.0000000000
4.4908819933 0.4890000000 4.4252430840 1.6432853258 5.5235953253 0.0000000000
4.4991198830 0.4890000000 4.4252434176 1.6432836418 5.5235959861 0.0000000000
4.5073577727 0.4890000000 4.4252437527 1.6432819489 5.5235966495 0.0000000000
4.5155956624 0.4890000000 4.4252440885 1.6432802516 5.5235973139 0.0000000000
4.5238335521 0.4890000000 4.4252444241 1.6432785545 5.5235979775 0.0000000000
4.5320714418 0.4890000000 4.4252447586 1.6432768622 5.5235986384 0.0000000000
4.5403093315 0.4890000000 4.4252450911 1.6432751791 5.5235992951 0.0000000000
4.5485472212 0.4890000000 4.4252454207 1.6432735097 5.5235999456 0.0000000000
4.5567851109 0.4890000000 4.4252457464 1.6432718588 5.5236005883 0.0000000000
4.5650230007 0.4890000000 4.4252460675 1.6432702306 5.5236012214 0.0000000000
4.5732608904 0.4890000000 4.4252463830 1.6432686298 5.5236018430 0.0000000000
4.5814987801 0.4890000000 4.4252466920 1.6432670609 5.5236024516 0.0000000000
4.5897366699 0.4890000000 4.4252469937 1.6432655285 5.5236030452 0.0000000000
4.5979745596 0.4890000000 4.4252472871 1.6432640370 5.5236036222 0.0000000000
4.6062124493 0.4890000000 4.4252475713 1.6432625910 5.5236041807 0.0000000000
4.6144503391 0.4890000000 4.4252478455 1.6432611951 5.5236047191 0.0000000000
4.6226882288 0.4890000000 4.4252481087 1.6432598537 5.5236052355 0.0000000000
4.6309261186 0.4890000000 4.4252483601 1.6432585714 5.5236057282 0.0000000000
4.6391640083 0.4890000000 4.4252485988 1.6432573527 5.5236061954 0.0000000000
4.6474018980 0.4890000000 4.4252488239 1.6432562022 5.5236066355 0.0000000000
4.6556397878 0.4890000000 4.4252490344 1.6432551243 5.5236070465 0.0000000000
4.6638776775 0.4890000000 4.4252492296 1.6432541236 5.5236074268 0.0000000000
4.6721155672 0.4890000000 4.4252494084 1.6432532047 5.5236077746 0.0000000000
4.6803534570 0.4890000000 4.4252495701 1.6432523721 5.5236080882 0.0000000000
4.6885913467 0.4890000000 4.4252497136 1.6432516302 5.5236083657 0.0000000000
4.6968292364 0.4890000000 4.4252498382 1.6432509837 5.5236086054 0.0000000000
4.7050671261 0.4890000000 4.4252499429 1.6432504370 5.5236088056 0.0000000000
4.7133050158 0.4890000000 4.4252500269 1.6432499947 5.5236089645 0.0000000000
4.7215429055 0.4890000000 4.4252500892 1.6432496614 5.5236090803 0.0000000000
4.7297807952 0.4890000000 4.4252501289 1.6432494415 5.5236091513 0.0000000000
4.7380186849 0.4890000000 4.4252501452 1.6432493396 5.5236091757 0.0000000000
4.7462565745 0.4890000000 4.4252501371 1.6432493602 5.5236091518 0.0000000000
4.7544944642 0.4890000000 4.4252501039 1.6432495078 5.5236090777 0.0000000000
4.7627323539 0.4890000000 4.4252500445 1.6432497870 5.5236089519 0.0000000000
4.7709702435 0.4890000000 4.4252499581 1.6432502023 5.5236087723 0.0000000000
4.7792081331 0.4890000000 4.4252498438 1.6432507582 5.5236085374 0.0000000000
4.7874460228 0.4890000000 4.4252497006 1.6432514593 5.5236082454 0.0000000000
4.7956839124 0.4890000000 4.4252495278 1.6432523101 5.5236078944 0.0000000000
4.8039218020 0.4890000000 4.4252493244 1.6432533151 5.5236074828 0.0000000000
4.8121596915 0.4890000000 4.4252490895 1.6432544789 5.5236070088 0.0000000000
4.8203975811 0.4890000000 4.4252488223 1.6432558059 5.5236064706 0.0000000000
4.8286354707 0.4890000000 4.4252485217 1.6432573008 5.5236058664 0.0000000000
4.8368733602 0.4890000000 4.4252481871 1.6432589680 5.5236051946 0.0000000000
4.8451112497 0.4890000000 4.4252478173 1.6432608121 5.5236044532 0.0000000000
4.8533491392 0.4890000000 4.4252474116 1.6432628376 5.5236036407 0.0000000000
4.8615870287 0.4890000000 4.4252469691 1.6432650490 5.5236027551 0.0000000000
4.8698249182 0.4890000000 4.4252464888 1.6432674509 5.5236017948 0.0000000000
4.8780628077 0.4890000000 4.4252459700 1.6432700478 5.5236007581 0.0000000000
4.8863006971 0.4890000000 4.4252454116 1.6432728442 5.5235996430 0.0000000000
4.8945385865 0.4890000000 4.4252448127 1.6432758446 5.5235984479 0.0000000000
4.9027764759 0.4890000000 4.4252441726 1.6432790537 5.5235971711 0.0000000000
4.9110143653 0.4890000000 4.4252434903 1.6432824759 5.5235958107 0.0000000000
4.9192522547 0.4890000000 4.4252427649 1.6432861157 5.5235943650 0.0000000000
4.9274901440 0.4890000000 4.4252419955 1.6432899777 5.5235928322 0.0000000000
4.9357280333 0.4890000000 4.4252411812 1.6432940664 5.5235912106 0.0000000000
4.9439659226 0.4890000000 4.4252403212 1.6432983863 5.5235894984 0.0000000000
4.9522038119 0.4890000000 4.4252394147 1.6433029418 5.5235876948 0.0000000000
4.9604417012 0.4890000000 4.4252384642 1.6433077345 5.5235858099 0.0000000000
4.9686795904 0.4890000000 4.4252374742 1.6433127641 5.5235838617 0.0000000000
4.9769174796 0.4890000000 4.4252364493 1.6433180303 5.5235818683 0.0000000000
4.9851553688 0.4890000000 4.4252353939 1.6433235330 5.5235798478 0.0000000000
4.9933932579 0.4890000000 4.4252343126 1.6433292717 5.5235778182 0.0000000000
5.0016311470 0.4890000000 4.4252332101 1.6433352462 5.5235757978 0.0000000000
5.0098690361 0.4890000000 4.4252320907 1.6433414562 5.5235738046 0.0000000000
5.0181069252 0.4890000000 4.4252309592 1.6433479014 5.5235718566 0.0000000000
5.0263448143 0.4890000000 4.4252298201 1.6433545816 5.5235699720 0.0000000000
5.0345827033 0.4890000000 4.4252286778 1.6433614964 5.5235681689 0.0000000000
5.0428205923 0.4890000000 4.4252275370 1.6433686456 5.5235664654 0.0000000000
5.0510584813 0.4890000000 4.4252264022 1.6433760289 5.5235648796 0.0000000000
5.0592963702 0.4890000000 4.4252252780 1.6433836461 5.5235634295 0.0000000000
5.0675342591 0.4890000000 4.4252241689 1.6433914967 5.5235621333 0.0000000000
5.0757721480 0.4890000000 4.4252230794 1.6433995805 5.5235610091 0.0000000000
5.0840100368 0.4890000000 4.4252220142 1.6434078973 5.5235600750 0.0000000000
5.0922479257 0.4890000000 4.4252209778 1.6434164468 5.5235593490 0.0000000000
5.1004858144 0.4890000000 4.4252199747 1.6434252287 5.5235588493 0.0000000000
5.1087237032 0.4890000000 4.4252190066 1.6434342414 5.5235585819 0.0000000000
5.1169615919 0.4890000000 4.4252180645 1.6434434790 5.5235585087 0.0000000000
5.1251994806 0.4890000000 4.4252171371 1.6434529344 5.5235585812 0.0000000000
5.1334373693 0.4890000000 4.4252162129 1.6434626006 5.5235587508 0.0000000000
5.1416752579 0.4890000000 4.4252152804 1.6434724704 5.5235589690 0.0000000000
5.1499131464 0.4890000000 4.4252143284 1.6434825369 5.5235591874 0.0000000000
5.1581510349 0.4890000000 4.4252133453 1.6434927930 5.5235593574 0.0000000000
5.1663889234 0.4890000000 4.4252123197 1.6435032315 5.5235594306 0.0000000000
5.1746268118 0.4890000000 4.4252112402 1.6435138456 5.5235593583 0.0000000000
5.1828647002 0.4890000000 4.4252100955 1.6435246280 5.5235590922 0.0000000000
5.1911025885 0.4890000000 4.4252088740 1.6435355718 5.5235585837 0.0000000000
5.1993404767 0.4890000000 4.4252075643 1.6435466698 5.5235577844 0.0000000000
5.2075783649 0.4890000000 4.4252061551 1.6435579151 5.5235566456 0.0000000000
5.2158162530 0.4890000000 4.4252046349 1.6435693005 5.5235551190 0.0000000000
5.2240541410 0.4890000000 4.4252029923 1.6435808190 5.5235531560 0.0000000000
5.2322920290 0.4890000000 4.4252012159 1.6435924636 5.5235507081 0.0000000000
5.2405299168 0.4890000000 4.4251992944 1.6436042270 5.5235477275 0.0000000000
5.2487678047 0.4890000000 4.4251972261 1.6436160921 5.5235442003 0.0000000000
5.2570056924 0.4890000000 4.4251950230 1.6436280274 5.5235401619 0.0000000000
5.2652435801 0.4890000000 4.4251926981 1.6436400003 5.5235356518 0.0000000000
5.2734814678 0.4890000000 4.4251902646 1.6436519784 5.5235307091 0.0000000000
5.2817193555 0.4890000000 4.4251877356 1.6436639290 5.5235253732 0.0000000000
5.2899572432 0.4890000000 4.4251851241 1.6436758196 5.5235196833 0.0000000000
5.2981951309 0.4890000000 4.4251824432 1.6436876176 5.5235136789 0.0000000000
5.3064330186 0.4890000000 4.4251797060 1.6436992904 5.5235073992 0.0000000000
5.3146709064 0.4890000000 4.4251769255 1.6437108055 5.5235008834 0.0000000000
5.3229087942 0.4890000000 4.4251741149 1.6437221304 5.5234941710 0.0000000000
5.3311466822 0.4890000000 4.4251712873 1.6437332324 5.5234873011 0.0000000000
5.3393845702 0.4890000000 4.4251684556 1.6437440791 5.5234803132 0.0000000000
5.3476224584 0.4890000000 4.4251656331 1.6437546377 5.5234732466 0.0000000000
5.3558603466 0.4890000000 4.4251628327 1.6437648759 5.5234661404 0.0000000000
5.3640982350 0.4890000000 4.4251600676 1.6437747609 5.5234590341 0.0000000000
5.3723361236 0.4890000000 4.4251573472 1.6437842502 5.5234519482 0.0000000000
5.3805740123 0.4890000000 4.4251546652 1.6437932572 5.5234448226 0.0000000000
5.3888119011 0.4890000000 4.4251520108 1.6438016836 5.5234375758 0.0000000000
5.3970497900 0.4890000000 4.4251493736 1.6438094314 5.5234301259 0.0000000000
5.4052876790 0.4890000000 4.4251467428 1.6438164022 5.5234223912 0.0000000000
5.4135255681 0.4890000000 4.4251441080 1.6438224977 5.5234142900 0.0000000000
5.4217634572 0.4890000000 4.4251414584 1.6438276199 5.5234057406 0.0000000000
5.4300013463 0.4890000000 4.4251387835 1.6438316703 5.5233966612 0.0000000000
5.4382392355 0.4890000000 4.4251360727 1.6438345509 5.5233869701 0.0000000000
5.4464771246 0.4890000000 4.4251333153 1.6438361634 5.5233765857 0.0000000000
5.4547150137 0.4890000000 4.4251305008 1.6438364094 5.5233654260 0.0000000000
5.4629529028 0.4890000000 4.4251276185 1.6438351909 5.5233534095 0.0000000000
5.4711907918 0.4890000000 4.4251246579 1.6438324095 5.5233404545 0.0000000000
5.4794286806 0.4890000000 4.4251216083 1.6438279671 5.5233264791 0.0000000000
5.4876665694 0.4890000000 4.4251184594 1.6438217666 5.5233114035 0.0000000000
5.4959044581 0.4890000000 4.4251152101 1.6438137409 5.5232951957 0.0000000000
5.5041423464 0.4890000000 4.4251118680 1.6438038540 5.5232778729 0.0000000000
5.5123802344 0.4890000000 4.4251084417 1.6437920715 5.5232594546 0.0000000000
5.5206181220 0.4890000000 4.4251049395 1.6437783589 5.5232399605 0.0000000000
5.5288560090 0.4890000000 4.4251013696 1.6437626815 5.5232194102 0.0000000000
5.5370938954 0.4890000000 4.4250977405 1.6437450050 5.5231978233 0.0000000000
5.5453317810 0.4890000000 4.4250940606 1.6437252947 5.5231752193 0.0000000000
5.5535696658 0.4890000000 4.4250903381 1.6437035163 5.5231516179 0.0000000000
5.5618075497 0.4890000000 4.4250865814 1.6436796351 5.5231270387 0.0000000000
5.5700454325 0.4890000000 4.4250827989 1.6436536166 5.5231015012 0.0000000000
5.5782833143 0.4890000000 4.4250789989 1.6436254263 5.5230750251 0.0000000000
5.5865211948 0.4890000000 4.4250751897 1.6435950298 5.5230476300 0.0000000000
5.5947590740 0.4890000000 4.4250713798 1.6435623925 5.5230193354 0.0000000000
5.6029969518 0.4890000000 4.4250675771 1.6435274805 5.5229901597 0.0000000000
5.6112348281 0.4890000000 4.4250637848 1.6434902684 5.5229601057 0.0000000000
5.6194727027 0.4890000000 4.4250600028 1.6434507368 5.5229291650 0.0000000000
5.6277105754 0.4890000000 4.4250562309 1.6434088663 5.5228973293 0.0000000000
5.6359484462 0.4890000000 4.4250524690 1.6433646374 5.5228645901 0.0000000000
5.6441863149 0.4890000000 4.4250487168 1.6433180307 5.5228309388 0.0000000000
5.6524241812 0.4890000000 4.4250449743 1.6432690270 5.5227963670 0.0000000000
5.6606620452 0.4890000000 4.4250412411 1.6432176068 5.5227608663 0.0000000000
5.6688999066 0.4890000000 4.4250375172 1.6431637508 5.5227244282 0.0000000000
5.6771377652 0.4890000000 4.4250338023 1.6431074395 5.5226870442 0.0000000000
5.6853756210 0.4890000000 4.4250300963 1.6430486535 5.5226487058 0.0000000000
5.6936134738 0.4890000000 4.4250263990 1.6429873736 5.5226094046 0.0000000000
5.7018513234 0.4890000000 4.4250227102 1.6429235802 5.5225691321 0.0000000000
5.7100891696 0.4890000000 4.4250190298 1.6428572542 5.5225278799 0.0000000000
5.7183270125 0.4890000000 4.4250153550 1.6427883933 5.5224856364 0.0000000000
5.7265648519 0.4890000000 4.4250116788 1.6427170265 5.5224423847 0.0000000000
5.7348026878 0.4890000000 4.4250079934 1.6426431866 5.5223981074 0.0000000000
5.7430405202 0.4890000000 4.4250042913 1.6425669061 5.5223527868 0.0000000000
5.7512783490 0.4890000000 4.4250005648 1.6424882177 5.5223064055 0.0000000000
5.7595161743 0.4890000000 4.4249968063 1.6424071541 5.5222589460 0.0000000000
5.7677539960 0.4890000000 4.4249930081 1.6423237478 5.5222103905 0.0000000000
5.7759918141 0.4890000000 4.4249891625 1.6422380316 5.5221607218 0.0000000000
5.7842296285 0.4890000000 4.4249852619 1.6421500380 5.5221099221 0.0000000000
5.7924674392 0.4890000000 4.4249812988 1.6420597997 5.5220579740 0.0000000000
5.8007052463 0.4890000000 4.4249772653 1.6419673493 5.5220048600 0.0000000000
5.8089430496 0.4890000000 4.4249731539 1.6418727195 5.5219505624 0.0000000000
5.8171808492 0.4890000000 4.4249689569 1.6417759423 5.5218950638 0.0000000000
5.8254186448 0.4890000000 4.4249646703 1.6416769833 5.5218383336 0.0000000000
5.8336564358 0.4890000000 4.4249602967 1.6415756773 5.5217803167 0.0000000000
5.8418942217 0.4890000000 4.4249558395 1.6414718440 5.5217209548 0.0000000000
5.8501320019 0.4890000000 4.4249513023 1.6413653031 5.5216601897 0.0000000000
5.8583697757 0.4890000000 4.4249466886 1.6412558744 5.5215979632 0.0000000000
5.8666075426 0.4890000000 4.4249420018 1.6411433774 5.5215342171 0.0000000000
5.8748453020 0.4890000000 4.4249372453 1.6410276319 5.5214688933 0.0000000000
5.8830830531 0.4890000000 4.4249324228 1.6409084577 5.5214019335 0.0000000000
5.8913207955 0.4890000000 4.4249275377 1.6407856743 5.5213332795 0.0000000000
5.8995585285 0.4890000000 4.4249225933 1.6406591015 5.5212628731 0.0000000000
5.9077962516 0.4890000000 4.4249175934 1.6405285590 5.5211906561 0.0000000000
5.9160339640 0.4890000000 4.4249125412 1.6403938664 5.5211165704 0.0000000000
5.9242716654 0.4890000000 4.4249074401 1.6402548658 5.5210405657 0.0000000000
5.9325093564 0.4890000000 4.4249022882 1.6401119092 5.5209627755 0.0000000000
5.9407470392 0.4890000000 4.4248970785 1.6399658579 5.5208835163 0.0000000000
5.9489847162 0.4890000000 4.4248918039 1.6398175953 5.5208031129 0.0000000000
5.9572223894 0.4890000000 4.4248864572 1.6396680050 5.5207218899 0.0000000000
5.9654600611 0.4890000000 4.4248810312 1.6395179703 5.5206401718 0.0000000000
5.9736977335 0.4890000000 4.4248755186 1.6393683745 5.5205582834 0.0000000000
5.9819354089 0.4890000000 4.4248699124 1.6392201012 5.5204765491 0.0000000000
5.9901730894 0.4890000000 4.4248642053 1.6390740338 5.5203952937 0.0000000000
5.9984107773 0.4890000000 4.4248583901 1.6389310556 5.5203148418 0.0000000000
6.0066484749 0.4890000000 4.4248524597 1.6387920501 5.5202355179 0.0000000000
6.0148861843 0.4890000000 4.4248464069 1.6386579007 5.5201576468 0.0000000000
6.0231239077 0.4890000000 4.4248402244 1.6385294908 5.5200815530 0.0000000000
6.0313616466 0.4890000000 4.4248339001 1.6384074148 5.5200074256 0.0000000000
6.0395993995 0.4890000000 4.4248273998 1.6382909792 5.5199348498 0.0000000000
6.0478371635 0.4890000000 4.4248206827 1.6381791321 5.5198632428 0.0000000000
6.0560749362 0.4890000000 4.4248137085 1.6380708215 5.5197920217 0.0000000000
6.0643127149 0.4890000000 4.4248064366 1.6379649955 5.5197206036 0.0000000000
6.0725504970 0.4890000000 4.4247988264 1.6378606022 5.5196484056 0.0000000000
6.0807882799 0.4890000000 4.4247908375 1.6377565896 5.5195748450 0.0000000000
6.0890260610 0.4890000000 4.4247824293 1.6376519057 5.5194993387 0.0000000000
6.0972638377 0.4890000000 4.4247735613 1.6375454986 5.5194213039 0.0000000000
6.1055016074 0.4890000000 4.4247641930 1.6374363164 5.5193401578 0.0000000000
6.1137393676 0.4890000000 4.4247542839 1.6373233071 5.5192553174 0.0000000000
6.1219771156 0.4890000000 4.4247437985 1.6372054662 5.5191662397 0.0000000000
6.1302148508 0.4890000000 4.4247327841 1.6370825444 5.5190730132 0.0000000000
6.1384525742 0.4890000000 4.4247213537 1.6369548975 5.5189762328 0.0000000000
6.1466902865 0.4890000000 4.4247096223 1.6368228986 5.5188765079 0.0000000000
6.1549279888 0.4890000000 4.4246977050 1.6366869205 5.5187744475 0.0000000000
6.1631656817 0.4890000000 4.4246857168 1.6365473360 5.5186706608 0.0000000000
6.1714033663 0.4890000000 4.4246737727 1.6364045181 5.5185657571 0.0000000000
6.1796410434 0.4890000000 4.4246619876 1.6362588397 5.5184603454 0.0000000000
6.1878787138 0.4890000000 4.4246504766 1.6361106736 5.5183550350 0.0000000000
6.1961163786 0.4890000000 4.4246393547 1.6359603928 5.5182504351 0.0000000000
6.2043540385 0.4890000000 4.4246287369 1.6358083702 5.5181471548 0.0000000000
6.2125916944 0.4890000000 4.4246187381 1.6356549786 5.5180458028 0.0000000000
6.2208293473 0.4890000000 4.4246093789 1.6355005949 5.5179466129 0.0000000000
6.2290669983 0.4890000000 4.4246004242 1.6353456066 5.5178487987 0.0000000000
6.2373046485 0.4890000000 4.4245915954 1.6351904031 5.5177514020 0.0000000000
6.2455422991 0.4890000000 4.4245826140 1.6350353737 5.5176534645 0.0000000000
6.2537799512 0.4890000000 4.4245732014 1.6348809078 5.5175540279 0.0000000000
6.2620176061 0.4890000000 4.4245630792 1.6347273947 5.5174521339 0.0000000000
6.2702552647 0.4890000000 4.4245519689 1.6345752237 5.5173468242 0.0000000000
6.2784929276 0.4890000000 4.4245396364 1.6344245845 5.5172372385 0.0000000000
6.2867305909 0.4890000000 4.4245261434 1.6342743374 5.5171231677 0.0000000000
6.2949682488 0.4890000000 4.4245116723 1.6341228009 5.5170046686 0.0000000000
6.3032058955 0.4890000000 4.4244964058 1.6339682914 5.5168817988 0.0000000000
6.3114435253 0.4890000000 4.4244805266 1.6338091257 5.5167546160 0.0000000000
6.3196811325 0.4890000000 4.4244642176 1.6336436203 5.5166231776 0.0000000000
6.3279187113 0.4890000000 4.4244476613 1.6334700919 5.5164875412 0.0000000000
6.3361562558 0.4890000000 4.4244310406 1.6332868571 5.5163477645 0.0000000000
6.3443937612 0.4890000000 4.4244145030 1.6330925214 5.5162038799 0.0000000000
6.3526312256 0.4890000000 4.4243980262 1.6328870856 5.5160557981 0.0000000000
6.3608686484 0.4890000000 4.4243815365 1.6326709711 5.5159033935 0.0000000000
6.3691060288 0.4890000000 4.4243649603 1.6324445995 5.5157465403 0.0000000000
6.3773433662 0.4890000000 4.4243482241 1.6322083923 5.5155851125 0.0000000000
6.3855806600 0.4890000000 4.4243312542 1.6319627713 5.5154189845 0.0000000000
6.3938179093 0.4890000000 4.4243139770 1.6317081578 5.5152480304 0.0000000000
6.4020551135 0.4890000000 4.4242963193 1.6314449733 5.5150721255 0.0000000000
6.4102922723 0.4890000000 4.4242782623 1.6311735776 5.5148913393 0.0000000000
6.4185293862 0.4890000000 4.4242599075 1.6308941966 5.5147061678 0.0000000000
6.4267664559 0.4890000000 4.4242413722 1.6306070382 5.5145171631 0.0000000000
6.4350034820 0.4890000000 4.4242227736 1.6303123104 5.5143248775 0.0000000000
6.4432404651 0.4890000000 4.4242042289 1.6300102213 5.5141298633 0.0000000000
6.4514774058 0.4890000000 4.4241858555 1.6297009788 5.5139326728 0.0000000000
6.4597143050 0.4890000000 4.4241677482 1.6293848073 5.5137337747 0.0000000000
6.4679511640 0.4890000000 4.4241497509 1.6290621151 5.5135327086 0.0000000000
6.4761879849 0.4890000000 4.4241315509 1.6287334252 5.5133284328 0.0000000000
6.4844247697 0.4890000000 4.4241128331 1.6283992623 5.5131198966 0.0000000000
6.4926615203 0.4890000000 4.4240932824 1.6280601514 5.5129060492 0.0000000000
6.5008982389 0.4890000000 4.4240725835 1.6277166172 5.5126858401 0.0000000000
6.5091349266 0.4890000000 4.4240505012 1.6273690361 5.5124584782 0.0000000000
6.5173715801 0.4890000000 4.4240272593 1.6270169300 5.5122246682 0.0000000000
6.5256081947 0.4890000000 4.4240032458 1.6266595153 5.5119856485 0.0000000000
6.5338447654 0.4890000000 4.4239788490 1.6262960083 5.5117426583 0.0000000000
6.5420812874 0.4890000000 4.4239544569 1.6259256253 5.5114969368 0.0000000000
6.5503177557 0.4890000000 4.4239304491 1.6255475828 5.5112496885 0.0000000000
6.5585541636 0.4890000000 4.4239068696 1.6251611050 5.5110007795 0.0000000000
6.5667905016 0.4890000000 4.4238833274 1.6247654268 5.5107483394 0.0000000000
6.5750267602 0.4890000000 4.4238594025 1.6243597834 5.5104903823 0.0000000000
6.5832629300 0.4890000000 4.4238346747 1.6239434103 5.5102249222 0.0000000000
6.5914990016 0.4890000000 4.4238087366 1.6235155574 5.5099500283 0.0000000000
6.5997349706 0.4890000000 4.4237815901 1.6230759583 5.5096656030 0.0000000000
6.6079708391 0.4890000000 4.4237537329 1.6226249310 5.5093737631 0.0000000000
6.6162066093 0.4890000000 4.4237256918 1.6221628282 5.5090767577 0.0000000000
6.6244422834 0.4890000000 4.4236979938 1.6216900027 5.5087768354 0.0000000000
6.6326778624 0.4890000000 4.4236709302 1.6212067290 5.5084752715 0.0000000000
6.6409133425 0.4890000000 4.4236440349 1.6207130308 5.5081702111 0.0000000000
6.6491487190 0.4890000000 4.4236166901 1.6202088812 5.5078591719 0.0000000000
6.6573839873 0.4890000000 4.4235882778 1.6196942534 5.5075396718 0.0000000000
6.6656191455 0.4890000000 4.4235584489 1.6191692682 5.5072103618 0.0000000000
6.6738542009 0.4890000000 4.4235277538 1.6186345412 5.5068736908 0.0000000000
6.6820891625 0.4890000000 4.4234969317 1.6180907914 5.5065329024 0.0000000000
6.6903240394 0.4890000000 4.4234667211 1.6175387372 5.5061912383 0.0000000000
6.6985588298 0.4890000000 4.4234374574 1.6169782705 5.5058499967 0.0000000000
6.7067934993 0.4890000000 4.4234083132 1.6164069009 5.5055048724 0.0000000000
6.7150280079 0.4890000000 4.4233782531 1.6158217111 5.5051505558 0.0000000000
6.7232623162 0.4890000000 4.4233462667 1.6152198310 5.5047818581 0.0000000000
6.7314964055 0.4890000000 4.4233122231 1.6146000242 5.5043977612 0.0000000000
6.7397302826 0.4890000000 4.4232770746 1.6139630659 5.5040023837 0.0000000000
6.7479639558 0.4890000000 4.4232418398 1.6133098554 5.5036001605 0.0000000000
6.7561974325 0.4890000000 4.4232071715 1.6126412790 5.5031940568 0.0000000000
6.7644307151 0.4890000000 4.4231720067 1.6119581613 5.5027801506 0.0000000000
6.7726638045 0.4890000000 4.4231347803 1.6112613094 5.5023525042 0.0000000000
6.7808966997 0.4890000000 4.4230943696 1.6105512820 5.5019068504 0.0000000000
6.7891293903 0.4890000000 4.4230522165 1.6098272003 5.5014486051 0.0000000000
6.7973618621 0.4890000000 4.4230106845 1.6090876688 5.5009866647 0.0000000000
6.8055941146 0.4890000000 4.4229714064 1.6083324013 5.5005274452 0.0000000000
6.8138262053 0.4890000000 4.4229329335 1.6075657824 5.5000669062 0.0000000000
6.8220582065 0.4890000000 4.4228930095 1.6067934112 5.4995982618 0.0000000000
6.8302901245 0.4890000000 4.4228502532 1.6060163818 5.4991164245 0.0000000000
6.8385218057 0.4890000000 4.4228054070 1.6052248533 5.4986204285 0.0000000000
6.8467530758 0.4890000000 4.4227595193 1.6044075971 5.4981099753 0.0000000000
6.8549838686 0.4890000000 4.4227133225 1.6035606290 5.4975864009 0.0000000000
6.8632142423 0.4890000000 4.4226671843 1.6026883299 5.4970529284 0.0000000000
6.8714442591 0.4890000000 4.4226213053 1.6017953192 5.4965122081 0.0000000000
6.8796739627 0.4890000000 4.4225749412 1.6008847591 5.4959625277 0.0000000000
6.8879033938 0.4890000000 4.4225270318 1.5999594655 5.4954007725 0.0000000000
6.8961327123 0.4890000000 4.4224780337 1.5990282597 5.4948322980 0.0000000000
6.9043622038 0.4890000000 4.4224300166 1.5981063168 5.4942714521 0.0000000000
6.9125919226 0.4890000000 4.4223832836 1.5971965882 5.4937206288 0.0000000000
6.9208214107 0.4890000000 4.4223341532 1.5962749532 5.4931554530 0.0000000000
6.9290502145 0.4890000000 4.4222795156 1.5953176034 5.4925539629 0.0000000000
6.9372782458 0.4890000000 4.4222218132 1.5943202654 5.4919242181 0.0000000000
6.9455055312 0.4890000000 4.4221651470 1.5932848541 5.4912833887 0.0000000000
6.9537320789 0.4890000000 4.4221105198 1.5922130327 5.4906361513 0.0000000000
6.9619578812 0.4890000000 4.4220553948 1.5911064092 5.4899730021 0.0000000000
6.9701831079 0.4890000000 4.4219982484 1.5899738997 5.4892914128 0.0000000000
6.9784081343 0.4890000000 4.4219390419 1.5888328281 5.4885981578 0.0000000000
6.9866333084 0.4890000000 4.4218794097 1.5876987514 5.4879059985 0.0000000000
6.9948588970 0.4890000000 4.4218220690 1.5865831431 5.4872303924 0.0000000000
7.0030846498 0.4890000000 4.4217647470 1.5854747941 5.4865577649 0.0000000000
7.0113099825 0.4890000000 4.4217025194 1.5843480262 5.4858581473 0.0000000000
7.0195342949 0.4890000000 4.4216355946 1.5831777477 5.4851223366 0.0000000000
7.0277570312 0.4890000000 4.4215667399 1.5819414318 5.4843523916 0.0000000000
7.0359783135 0.4890000000 4.4214976053 1.5806454263 5.4835574510 0.0000000000
7.0441987939 0.4890000000 4.4214290569 1.5793180135 5.4827522922 0.0000000000
7.0524193770 0.4890000000 4.4213621032 1.5779945771 5.4819551029 0.0000000000
7.0606404442 0.4890000000 4.4212957113 1.5766896864 5.4811675789 0.0000000000
7.0688612485 0.4890000000 4.4212253075 1.5753750188 5.4803600968 0.0000000000
7.0770807850 0.4890000000 4.4211503090 1.5740139289 5.4795156665 0.0000000000
7.0852982449 0.4890000000 4.4210731002 1.5725777192 5.4786323475 0.0000000000
7.0935145941 0.4890000000 4.4209949318 1.5711016469 5.4777292449 0.0000000000
7.1017313864 0.4890000000 4.4209184993 1.5696411812 5.4768393288 0.0000000000
7.1099495828 0.4890000000 4.4208471194 1.5682295549 5.4759891586 0.0000000000
7.1181674308 0.4890000000 4.4207706193 1.5668061927 5.4751138134 0.0000000000
7.1263827102 0.4890000000 4.4206831576 1.5652963262 5.4741600200 0.0000000000
7.1345943289 0.4890000000 4.4205967309 1.5636676048 5.4731628244 0.0000000000
7.1428033706 0.4890000000 4.4205163694 1.5619567158 5.4721570228 0.0000000000
7.1510126561 0.4890000000 4.4204389786 1.5602531084 5.4711660169 0.0000000000
7.1592239602 0.4890000000 4.4203588318 1.5586119847 5.4701889803 0.0000000000
7.1674336158 0.4890000000 4.4202709587 1.5569228885 5.4691618494 0.0000000000
7.1756405134 0.4890000000 4.4201785880 1.5551525942 5.4680842487 0.0000000000
7.1838457343 0.4890000000 4.4200867947 1.5533347291 5.4669899296 0.0000000000
7.1920495395 0.4890000000 4.4199923195 1.5514783505 5.4658694773 0.0000000000
7.2002529135 0.4890000000 4.4198959510 1.5496100015 5.4647366639 0.0000000000
7.2084534857 0.4890000000 4.4197962833 1.5476685529 5.4635614135 0.0000000000
7.2166505843 0.4890000000 4.4196989071 1.5456356922 5.4623587643 0.0000000000
7.2248477749 0.4890000000 4.4196071654 1.5436040787 5.4611791523 0.0000000000
7.2330453613 0.4890000000 4.4195033035 1.5415859789 5.4599564647 0.0000000000
7.2412387149 0.4890000000 4.4193909375 1.5394655870 5.4586588439 0.0000000000
7.2494264232 0.4890000000 4.4192924226 1.5372093416 5.4573622863 0.0000000000
7.2576159283 0.4890000000 4.4191855487 1.5349968427 5.4560497910 0.0000000000
7.2658074603 0.4890000000 4.4190771575 1.5328317809 5.4547502013 0.0000000000
7.2739976332 0.4890000000 4.4189681834 1.5306352903 5.4534357089 0.0000000000
7.2821850786 0.4890000000 4.4188555696 1.5283769562 5.4520819201 0.0000000000
7.2903682614 0.4890000000 4.4187439203 1.5260239806 5.4506941324 0.0000000000
7.2985520579 0.4890000000 4.4186320124 1.5236847875 5.4493108236 0.0000000000
7.3067361336 0.4890000000 4.4185186221 1.5213516224 5.4479239964 0.0000000000
7.3149143329 0.4890000000 4.4183930218 1.5188968977 5.4464397054 0.0000000000
7.3230919512 0.4890000000 4.4182765715 1.5164274980 5.4449861442 0.0000000000
7.3312677965 0.4890000000 4.4181555049 1.5139233229 5.4435002079 0.0000000000
7.3394363637 0.4890000000 4.4180276191 1.5112758310 5.4419296679 0.0000000000
7.3476094289 0.4890000000 4.4179081789 1.5087158325 5.4404279078 0.0000000000
7.3557831946 0.4890000000 4.4177812487 1.5061698440 5.4389017914 0.0000000000
7.3639450606 0.4890000000 4.4176426360 1.5034009831 5.4372397964 0.0000000000
7.3720997942 0.4890000000 4.4175136947 1.5004999697 5.4355636260 0.0000000000
7.3802645439 0.4890000000 4.4173923659 1.4977789087 5.4339898862 0.0000000000
7.3884136469 0.4890000000 4.4172447351 1.4947853307 5.4322019320 0.0000000000
7.3965602582 0.4890000000 4.4171206082 1.4917426606 5.4304883561 0.0000000000
7.4047308352 0.4890000000 4.4169671854 1.4891392360 5.4288332952 0.0000000000
7.4128792678 0.4890000000 4.4168497769 1.4861379915 5.4271631633 0.0000000000
7.4210441463 0.4890000000 4.4166925459 1.4834299081 5.4254510060 0.0000000000
7.4291700589 0.4890000000 4.4165537416 1.4800751927 5.4235539026 0.0000000000
7.4373287070 0.4890000000 4.4164023384 1.4772488378 5.4218177477 0.0000000000
7.4454778824 0.4890000000 4.4162512209 1.4742487827 5.4200132557 0.0000000000
7.4535713852 0.4890000000 4.4161296270 1.4704390749 5.4180029970 0.0000000000
7.4617214585 0.4890000000 4.4159556036 1.4674576029 5.4161143148 0.0000000000
7.4698584260 0.4890000000 4.4158045276 1.4642671831 5.4142338429 0.0000000000
7.4779795358 0.4890000000 4.4156402533 1.4608363805 5.4122044244 0.0000000000
7.4860930092 0.4890000000 4.4154957342 1.4572892286 5.4102074873 0.0000000000
7.4942003020 0.4890000000 4.4153382005 1.4536578974 5.4081248202 0.0000000000
7.5023098904 0.4890000000 4.4151910955 1.4500563746 5.4060957908 0.0000000000
7.5104114248 0.4890000000 4.4150242350 1.4463479706 5.4039449874 0.0000000000
7.5185145855 0.4890000000 4.4148663148 1.4426599005 5.4018380785 0.0000000000
7.5266079883 0.4890000000 4.4147004568 1.4388416730 5.3996473557 0.0000000000
7.5347118165 0.4890000000 4.4145424312 1.4351628628 5.3975437292 0.0000000000
7.5428024483 0.4890000000 4.4143742632 1.4313089372 5.3953294868 0.0000000000
7.5508792617 0.4890000000 4.4141996464 1.4272799438 5.3930194224 0.0000000000
7.5589473221 0.4890000000 4.4140253311 1.4231433922 5.3906675403 0.0000000000
7.5669859443 0.4890000000 4.4138467680 1.4186636117 5.3881613760 0.0000000000
7.5750383470 0.4890000000 4.4136742102 1.4143406416 5.3857419564 0.0000000000
7.5830755697 0.4890000000 4.4134930742 1.4098453372 5.3832192908 0.0000000000
7.5911104961 0.4890000000 4.4133159875 1.4053236051 5.3807022510 0.0000000000
7.5991684469 0.4890000000 4.4131460639 1.4010646067 5.3783189573 0.0000000000
7.6072028244 0.4890000000 4.4129530150 1.3965434438 5.3757382965 0.0000000000
7.6152379884 0.4890000000 4.4127760090 1.3920266416 5.3732235517 0.0000000000
7.6232632523 0.4890000000 4.4126079363 1.3873967576 5.3706993075 0.0000000000
7.6312660494 0.4890000000 4.4124201429 1.3825343939 5.3680031882 0.0000000000
7.6393051779 0.4890000000 4.4122567627 1.3780571877 5.3655587851 0.0000000000
7.6473106640 0.4890000000 4.4120887327 1.3732220269 5.3629526008 0.0000000000
7.6552903984 0.4890000000 4.4118992121 1.3681466472 5.3601643663 0.0000000000
7.6632308252 0.4890000000 4.4117209671 1.3626850506 5.3572667477 0.0000000000
7.6712091284 0.4890000000 4.4115301547 1.3575805332 5.3544616912 0.0000000000
7.6791356593 0.4890000000 4.4113426318 1.3519934041 5.3514767481 0.0000000000
7.6870452558 0.4890000000 4.4111550792 1.3462561728 5.3484316452 0.0000000000
7.6950083028 0.4890000000 4.4109877645 1.3409985335 5.3456593304 0.0000000000
7.7029136981 0.4890000000 4.4108087048 1.3352254332 5.3426338514 0.0000000000
7.7108057101 0.4890000000 4.4106167296 1.3293405811 5.3395120098 0.0000000000
7.7187000520 0.4890000000 4.4104290102 1.3234925284 5.3364219113 0.0000000000
7.7266019749 0.4890000000 4.4102518102 1.3177051700 5.3333981680 0.0000000000
7.7344200868 0.4890000000 4.4100800745 1.3112289781 5.3301207483 0.0000000000
7.7422252805 0.4890000000 4.4098932472 1.3046588491 5.3267453874 0.0000000000
7.7500734655 0.4890000000 4.4097115197 1.2984219370 5.3235237128 0.0000000000
7.7578946801 0.4890000000 4.4095442601 1.2919716605 5.3202745638 0.0000000000
7.7657065498 0.4890000000 4.4093787782 1.2854485226 5.3170033810 0.0000000000
7.7735304266 0.4890000000 4.4092304120 1.2790160831 5.3138369403 0.0000000000
7.7812630218 0.4890000000 4.4090490944 1.2719287613 5.3102767413 0.0000000000
7.7889980710 0.4890000000 4.4088835489 1.2648568595 5.3067857986 0.0000000000
7.7967059590 0.4890000000 4.4087160290 1.2576023273 5.3032139059 0.0000000000
7.8044031871 0.4890000000 4.4085592591 1.2502801659 5.2996579619 0.0000000000
7.8120971243 0.4890000000 4.4084076548 1.2429348720 5.2961134272 0.0000000000
7.8196735001 0.4890000000 4.4082601324 1.2348613095 5.2922939126 0.0000000000
7.8272783594 0.4890000000 4.4081228165 1.2269523807 5.2885810775 0.0000000000
7.8348582441 0.4890000000 4.4079828925 1.2188971975 5.2847993079 0.0000000000
7.8424778455 0.4890000000 4.4078627842 1.2110903467 5.2811961345 0.0000000000
7.8500232183 0.4890000000 4.4077509479 1.2028312260 5.2774451410 0.0000000000
7.8576181228 0.4890000000 4.4076489740 1.1948815896 5.2738573910 0.0000000000
7.8652121066 0.4890000000 4.4075657922 1.1869203177 5.2703401552 0.0000000000
7.8727113595 0.4890000000 4.4074845445 1.1783982891 5.2666063526 0.0000000000
7.8802610015 0.4890000000 4.4074404273 1.1701874921 5.2631455652 0.0000000000
7.8877547292 0.4890000000 4.4074004258 1.1616571030 5.2595734035 0.0000000000
7.8950920523 0.4890000000 4.4073483686 1.1522938681 5.2556198810 0.0000000000
7.9023820189 0.4890000000 4.4073210862 1.1427029528 5.2516743851 0.0000000000
7.9097264433 0.4890000000 4.4073349548 1.1333735785 5.2479981098 0.0000000000
7.9170867166 0.4890000000 4.4073736531 1.1241242038 5.2444531532 0.0000000000
7.9244459082 0.4890000000 4.4074246280 1.1148676922 5.2409544480 0.0000000000
7.9318796327 0.4890000000 4.4075046562 1.1060741882 5.2377571593 0.0000000000
7.9391803420 0.4890000000 4.4076148834 1.0965637000 5.2343938727 0.0000000000
7.9464402379 0.4890000000 4.4077538148 1.0869290321 5.2310957312 0.0000000000
7.9535247254 0.4890000000 4.4079330176 1.0764535208 5.2276223380 0.0000000000
7.9607189844 0.4890000000 4.4081541634 1.0664735510 5.2245149330 0.0000000000
7.9678005352 0.4890000000 4.4084535560 1.0560230562 5.2215323057 0.0000000000
7.9745477169 0.4890000000 4.4087467896 1.0468153099 5.2190221415 0.0000000000
7.9814559597 0.4890000000 4.4091064808 1.0384299248 5.2171067523 0.0000000000
7.9881606939 0.4890000000 4.4095164158 1.0289522480 5.2149554216 0.0000000000
7.9947294126 0.4890000000 4.4099123507 1.0202613327 5.2130627949 0.0000000000
8.0011448205 0.4890000000 4.4103400236 1.0118262391 5.2113994490 0.0000000000
8.0073390394 0.4890000000 4.4108523518 1.0032270373 5.2100090812 0.0000000000
8.0136344879 0.4890000000 4.4114559834 0.9951007545 5.2091730945 0.0000000000
8.0197529656 0.4890000000 4.4121597268 0.9866192554 5.2085954684 0.0000000000
8.0257138711 0.4890000000 4.4129341416 0.9784977968 5.2084445442 0.0000000000
8.0306663598 0.4890000000 4.4129779564 0.9784466328 5.2085993378 0.0000000000
8.0310802327 0.4890000000 4.4111722872 0.9984730054 5.2093872102 0.0000000000
8.0362222781 0.4890000000 4.4116478316 0.9882305231 5.2071923948 0.0000000000
8.0416706088 0.4890000000 4.4123759476 0.9806129482 5.2070578288 0.0000000000
8.0475004859 0.4890000000 4.4131494546 0.9714960601 5.2065051017 0.0000000000
8.0531139549 0.4890000000 4.4140673641 0.9626284997 5.2066297155 0.0000000000
8.0595197522 0.4890000000 4.4154389844 0.9509083026 5.2074281178 0.0000000000
8.0645398376 0.4890000000 4.4168442064 0.9410233421 5.2090950215 0.0000000000
8.0692318367 0.4890000000 4.4178882655 0.9359565090 5.2112445248 0.0000000000
8.0737458290 0.4890000000 4.4189119310 0.9293289612 5.2126881678 0.0000000000
8.0777555762 0.4890000000 4.4204699105 0.9192725162 5.2148975076 0.0000000000
8.0817775426 0.4890000000 4.4217984559 0.9124172740 5.2174695924 0.0000000000
8.0855736825 0.4890000000 4.4231571455 0.9073219021 5.2208662020 0.0000000000
8.0890125796 0.4890000000 4.4252168783 0.8973041437 5.2250980298 0.0000000000
8.0927632610 0.4890000000 4.4304934226 0.8846668571 5.2411492923 0.0000000000
8.0961721669 0.4890000000 4.4367865287 0.8745080789 5.2622582056 0.0000000000
8.0989796920 0.4890000000 4.4437580897 0.8661090222 5.2867848268 0.0000000000
8.1011336408 0.4890000000 4.4511330093 0.8586982831 5.3133202095 0.0000000000
8.1027224771 0.4890000000 4.4587587539 0.8520241107 5.3411535190 0.0000000000
8.1037980841 0.4890000000 4.4660830909 0.8430363125 5.3668557477 0.0000000000
8.1044978779 0.4890000000 4.4728327115 0.8313958685 5.3891980524 0.0000000000
8.1049585918 0.4890000000 4.4788798783 0.8174776081 5.4078194156 0.0000000000
8.1052773695 0.4890000000 4.4843042486 0.8020077493 5.4233289534 0.0000000000
8.1055065481 0.4890000000 4.4891772347 0.7854201063 5.4361858404 0.0000000000
8.1056755900 0.4890000000 4.4935576237 0.7679873744 5.4467343038 0.0000000000
8.1058073305 0.4890000000 4.4975837384 0.7500248716 5.4556537612 0.0000000000
8.1059162299 0.4890000000 4.5013800000 0.7317500000 5.4635288591 0.0000000000
8.1059716929 0.4890000000 4.5034900000 0.7211750000 5.4677388591 0.0000000000
8.1065905071 0.4890000000 4.5275178825 0.6321943048 5.5282581110 0.0000000000
8.1072093213 0.4890000000 4.5295891108 0.6806393947 5.5559210604 0.0000000000
8.1078281354 0.4890000000 4.5262385541 0.5805972665 5.5025019823 0.0000000000
8.1084469496 0.4890000000 4.5248850588 0.4860415460 5.4592657127 0.0000000000
8.1090657638 0.4890000000 4.5237564894 0.4221816191 5.4292074646 0.0000000000
8.1096845779 0.4890000000 4.5229527392 0.3702149757 5.4052058064 0.0000000000
8.1103033921 0.4890000000 4.5223334814 0.3271432289 5.3855000763 0.0000000000
8.1109222063 0.4890000000 4.5218775926 0.2895928801 5.3686563816 0.0000000000
8.1115410205 0.4890000000 4.5215184161 0.2555680344 5.3536097371 0.0000000000
8.1121598346 0.4890000000 4.5212406286 0.2239198202 5.3398393016 0.0000000000
8.1127786488 0.4890000000 4.5209842330 0.1940317157 5.3268584773 0.0000000000
8.1133974630 0.4890000000 4.5207299794 0.1644454054 5.3140069390 0.0000000000
8.1140162771 0.4890000000 4.5204217168 0.1360088980 5.3013992855 0.0000000000
8.1146350913 0.4890000000 4.5200440821 0.1083534758 5.2888265777 0.0000000000
8.1152539055 0.4890000000 4.5195480677 0.0804402434 5.2756772275 0.0000000000
8.1158727196 0.4890000000 4.5188351122 0.0515135264 5.2612547185 0.0000000000
8.1164915338 0.4890000000 4.5178352426 0.0211795632 5.2451216548 0.0000000000
8.1171103480 0.4890000000 4.5165573903 -0.0101727020 5.2274693394 0.0000000000
8.1177291621 0.4890000000 4.5151148386 -0.0413500778 5.2092281826 0.0000000000
8.1183479763 0.4890000000 4.5136737162 -0.0706707564 5.1917354214 0.0000000000
8.1189667905 0.4890000000 4.5123707243 -0.0971447312 5.1759338639 0.0000000000
8.1195856046 0.4890000000 4.5112906912 -0.1207629054 5.1621664616 0.0000000000
8.1202044188 0.4890000000 4.5104486553 -0.1416660369 5.1504370655 0.0000000000
8.1208232330 0.4890000000 4.5098352954 -0.1602704080 5.1405418774 0.0000000000
8.1214420471 0.4890000000 4.5094030927 -0.1771147372 5.1320753348 0.0000000000
8.1220608613 0.4890000000 4.5091805087 -0.1921911934 5.1251544165 0.0000000000
8.1226796755 0.4890000000 4.5090376749 -0.2066706242 5.1187913089 0.0000000000
8.1232984896 0.4890000000 4.5089714986 -0.2205826793 5.1129617818 0.0000000000
8.1239173038 0.4890000000 4.5089738397 -0.2341639907 5.1075386215 0.0000000000
8.1245361180 0.4890000000 4.5089917165 -0.2476801469 5.1022036664 0.0000000000
8.1251549321 0.4890000000 4.5090404674 -0.2613168565 5.0969439862 0.0000000000
8.1257737463 0.4890000000 4.5090903449 -0.2750181202 5.0916629906 0.0000000000
8.1263925605 0.4890000000 4.5091450537 -0.2889962235 5.0862905846 0.0000000000
8.1270113746 0.4890000000 4.5091982155 -0.3031214695 5.0808531332 0.0000000000
8.1276301888 0.4890000000 4.5092486416 -0.3175069091 5.0753006617 0.0000000000
8.1282490030 0.4890000000 4.5093032713 -0.3321091268 5.0696782935 0.0000000000
8.1288678171 0.4890000000 4.5093609898 -0.3468706297 5.0640045663 0.0000000000
8.1294866313 0.4890000000 4.5094348892 -0.3617909652 5.0583320300 0.0000000000
8.1301054455 0.4890000000 4.5095128657 -0.3767773129 5.0526493968 0.0000000000
8.1307242596 0.4890000000 4.5095968313 -0.3919660930 5.0469097472 0.0000000000
8.1313430738 0.4890000000 4.5096814317 -0.4073288806 5.0411030335 0.0000000000
8.1319618880 0.4890000000 4.5097667037 -0.4228757918 5.0352253570 0.0000000000
8.1325807021 0.4890000000 4.5098536066 -0.4387594890 5.0292194898 0.0000000000
8.1331995163 0.4890000000 4.5099383166 -0.4548151691 5.0231360578 0.0000000000
8.1338183305 0.4890000000 4.5100150692 -0.4712210425 5.0168807189 0.0000000000
8.1344371446 0.4890000000 4.5100888394 -0.4879606643 5.0104799511 0.0000000000
8.1350559588 0.4890000000 4.5101615157 -0.5049378755 5.0039797718 0.0000000000
8.1356747730 0.4890000000 4.5102360578 -0.5223366628 4.9973184250 0.0000000000
8.1362935871 0.4890000000 4.5103025662 -0.5400681994 4.9904918443 0.0000000000
8.1369124013 0.4890000000 4.5103639794 -0.5580952441 4.9835266790 0.0000000000
8.1375312155 0.4890000000 4.5104213736 -0.5765510572 4.9763739304 0.0000000000
8.1381500296 0.4890000000 4.5104677206 -0.5955291507 4.9689680814 0.0000000000
8.1387688438 0.4890000000 4.5105090340 -0.6148834895 4.9613915994 0.0000000000
8.1393876580 0.4890000000 4.5105444773 -0.6346392872 4.9536310535 0.0000000000
8.1400064722 0.4890000000 4.5105680917 -0.6548886344 4.9456257722 0.0000000000
8.1406252863 0.4890000000 4.5105774583 -0.6757300595 4.9373266684 0.0000000000
8.1412441005 0.4890000000 4.5105742508 -0.6970790993 4.9287742227 0.0000000000
8.1418629147 0.4890000000 4.5105784988 -0.7187654049 4.9201166925 0.0000000000
8.1424817288 0.4890000000 4.5105958373 -0.7407644043 4.9113864465 0.0000000000
8.1431005430 0.4890000000 4.5106082982 -0.7632655247 4.9024358422 0.0000000000
8.1437193572 0.4890000000 4.5105986304 -0.7864383291 4.8931280492 0.0000000000
8.1443381713 0.4890000000 4.5105801031 -0.8102922032 4.8835123904 0.0000000000
8.1449569855 0.4890000000 4.5105515123 -0.8348294765 4.8735831177 0.0000000000
8.1455757997 0.4890000000 4.5105220616 -0.8600588890 4.8633735500 0.0000000000
8.1461946138 0.4890000000 4.5105011704 -0.8859739104 4.8529239767 0.0000000000
8.1468134280 0.4890000000 4.5104705860 -0.9126484791 4.8421318115 0.0000000000
8.1474322422 0.4890000000 4.5104600000 -0.9400358812 4.8311345066 0.0000000000
8.1480510563 0.4890000000 4.5104630114 -0.9681295972 4.8199090659 0.0000000000
8.1486698705 0.4890000000 4.5104939523 -0.9969976465 4.8084856097 0.0000000000
8.1492886847 0.4890000000 4.5105650515 -1.0265507529 4.7969487639 0.0000000000
8.1499074988 0.4890000000 4.5107162485 -1.0565685227 4.7855464439 0.0000000000
8.1505263130 0.4890000000 4.5109622891 -1.0869839585 4.7743644320 0.0000000000
8.1511451272 0.4890000000 4.5112878055 -1.1180358099 4.7632457571 0.0000000000
8.1517639413 0.4890000000 4.5117432475 -1.1496453046 4.7524237274 0.0000000000
8.1523827555 0.4890000000 4.5123207950 -1.1817722015 4.7418831584 0.0000000000
8.1530015697 0.4890000000 4.5130559990 -1.2143399584 4.7317968718 0.0000000000
8.1536203838 0.4890000000 4.5139913602 -1.2473031849 4.7223530260 0.0000000000
8.1542391980 0.4890000000 4.5151669182 -1.2805654554 4.7137503496 0.0000000000
8.1548580122 0.4890000000 4.5165937383 -1.3140079266 4.7060806416 0.0000000000
8.1554768263 0.4890000000 4.5183617049 -1.3474524637 4.6997746933 0.0000000000
8.1560956405 0.4890000000 4.5205274492 -1.3807411816 4.6951221832 0.0000000000
8.1567144547 0.4890000000 4.5231359753 -1.4135365901 4.6924381241 0.0000000000
8.1573332688 0.4890000000 4.5262271732 -1.4457317626 4.6919248469 0.0000000000
8.1579520830 0.4890000000 4.5299295516 -1.4769743829 4.6942373125 0.0000000000
8.1585708972 0.4890000000 4.5347690295 -1.5053271347 4.7022541231 0.0000000000
8.1591897113 0.4890000000 4.5455561459 -1.5145778908 4.7417022866 0.0000000000
8.1598085255 0.4890000000 4.5642718515 -1.4976827934 4.8233231478 0.0000000000
8.1604273397 0.4890000000 4.5806299545 -1.4935302074 4.8904165942 0.0000000000
8.1610461538 0.4890000000 4.5989231243 -1.4843934594 4.9672439728 0.0000000000
8.1616649680 0.4890000000 4.6193222957 -1.4771509282 5.0517376705 0.0000000000
8.1622837822 0.4890000000 4.6385350763 -1.5179944652 5.1122513780 0.0000000000
8.1629025963 0.4890000000 4.6557277190 -1.6318955673 5.1354615082 0.0000000000
8.1635214105 0.4890000000 4.6877245128 -1.7106932532 5.2319296089 0.0000000000
8.1641402247 0.4890000000 4.7343653383 -1.7475883335 5.4037348788 0.0000000000
8.1647590388 0.4890000000 4.7988807949 -2.2593873655 5.4570770926 0.0000000000
8.1653778530 0.4890000000 4.8674772171 0.5734061083 6.8645801710 0.0000000000
8.1659966672 0.4890000000 4.8562658525 1.0841684375 7.0240396440 0.0000000000
8.1666154813 0.4890000000 4.8407454570 1.4885857066 7.1237249697 0.0000000000
8.1672342955 0.4890000000 4.9136800000 0.5700500000 7.0480488591 0.0000000000
