# logAge Mass logTe Mbol logg C/O
4.1860800861 0.7000000000 3.6701300000 0.7333250000 2.2949480400 0.0000000000
4.1938321930 0.7000000000 3.6701253777 0.7331428587 2.2948566942 0.0000000000
4.2015843000 0.7000000000 3.6701207554 0.7329607175 2.2947653485 0.0000000000
4.2093364069 0.7000000000 3.6701161331 0.7327785762 2.2946740027 0.0000000000
4.2170885138 0.7000000000 3.6701115107 0.7325964350 2.2945826569 0.0000000000
4.2248406208 0.7000000000 3.6701068884 0.7324142937 2.2944913112 0.0000000000
4.2325927277 0.7000000000 3.6701022661 0.7322321524 2.2943999654 0.0000000000
4.2403448346 0.7000000000 3.6700976438 0.7320500112 2.2943086196 0.0000000000
4.2480969416 0.7000000000 3.6700930215 0.7318678699 2.2942172739 0.0000000000
4.2558490485 0.7000000000 3.6700883992 0.7316857287 2.2941259281 0.0000000000
4.2636011554 0.7000000000 3.6700837768 0.7315035874 2.2940345823 0.0000000000
4.2713532624 0.7000000000 3.6700791545 0.7313214462 2.2939432366 0.0000000000
4.2791053693 0.7000000000 3.6700745322 0.7311393049 2.2938518908 0.0000000000
4.2868574762 0.7000000000 3.6700699099 0.7309571636 2.2937605450 0.0000000000
4.2946095832 0.7000000000 3.6700652876 0.7307750224 2.2936691993 0.0000000000
4.3023616901 0.7000000000 3.6700606653 0.7305928811 2.2935778535 0.0000000000
4.3101137970 0.7000000000 3.6700560429 0.7304107399 2.2934865077 0.0000000000
4.3178659040 0.7000000000 3.6700514206 0.7302285986 2.2933951620 0.0000000000
4.3256180109 0.7000000000 3.6700467983 0.7300464573 2.2933038162 0.0000000000
4.3333701178 0.7000000000 3.6700421760 0.7298643161 2.2932124704 0.0000000000
4.3411222248 0.7000000000 3.6700375537 0.7296821748 2.2931211247 0.0000000000
4.3488743317 0.7000000000 3.6700329314 0.7295000336 2.2930297789 0.0000000000
4.3566264386 0.7000000000 3.6700283090 0.7293178923 2.2929384331 0.0000000000
4.3643785456 0.7000000000 3.6700236867 0.7291357511 2.2928470874 0.0000000000
4.3721306525 0.7000000000 3.6700190644 0.7289536098 2.2927557416 0.0000000000
4.3798827594 0.7000000000 3.6700144421 0.7287714685 2.2926643958 0.0000000000
4.3876348664 0.7000000000 3.6700098198 0.7285893273 2.2925730501 0.0000000000
4.3953869733 0.7000000000 3.6700051975 0.7284071860 2.2924817043 0.0000000000
4.4031390802 0.7000000000 3.6700005752 0.7282250448 2.2923903585 0.0000000000
4.4108911871 0.7000000000 3.6699959528 0.7280429035 2.2922990128 0.0000000000
4.4186432941 0.7000000000 3.6699913305 0.7278607622 2.2922076670 0.0000000000
4.4263954010 0.7000000000 3.6699867082 0.7276786210 2.2921163212 0.0000000000
4.4341475079 0.7000000000 3.6699820859 0.7274964797 2.2920249755 0.0000000000
4.4418996149 0.7000000000 3.6699774636 0.7273143385 2.2919336297 0.0000000000
4.4496517218 0.7000000000 3.6699728413 0.7271321972 2.2918422839 0.0000000000
4.4574038287 0.7000000000 3.6699682189 0.7269500560 2.2917509382 0.0000000000
4.4651559357 0.7000000000 3.6699635966 0.7267679147 2.2916595924 0.0000000000
4.4729080426 0.7000000000 3.6699589743 0.7265857734 2.2915682466 0.0000000000
4.4806601495 0.7000000000 3.6699543520 0.7264036322 2.2914769009 0.0000000000
4.4884122565 0.7000000000 3.6699497297 0.7262214909 2.2913855551 0.0000000000
4.4961643634 0.7000000000 3.6699451074 0.7260393497 2.2912942093 0.0000000000
4.5039164703 0.7000000000 3.6699404850 0.7258572084 2.2912028636 0.0000000000
4.5116685773 0.7000000000 3.6699358627 0.7256750671 2.2911115178 0.0000000000
4.5194206842 0.7000000000 3.6699312404 0.7254929259 2.2910201720 0.0000000000
4.5271727911 0.7000000000 3.6699266181 0.7253107846 2.2909288263 0.0000000000
4.5349248981 0.7000000000 3.6699219958 0.7251286434 2.2908374805 0.0000000000
4.5426770050 0.7000000000 3.6699223080 0.7250759653 2.2908176583 0.0000000000
4.5504291119 0.7000000000 3.6699263698 0.7251216606 2.2908521836 0.0000000000
4.5581812189 0.7000000000 3.6699304316 0.7251673558 2.2908867088 0.0000000000
4.5659333258 0.7000000000 3.6699344934 0.7252130510 2.2909212341 0.0000000000
4.5736854327 0.7000000000 3.6699385552 0.7252587463 2.2909557594 0.0000000000
4.5814375397 0.7000000000 3.6699426170 0.7253044415 2.2909902847 0.0000000000
4.5891896466 0.7000000000 3.6699466788 0.7253501367 2.2910248100 0.0000000000
4.5969417535 0.7000000000 3.6699507406 0.7253958320 2.2910593353 0.0000000000
4.6046938605 0.7000000000 3.6699548024 0.7254415272 2.2910938606 0.0000000000
4.6124459674 0.7000000000 3.6699588642 0.7254872224 2.2911283859 0.0000000000
4.6201980743 0.7000000000 3.6699629260 0.7255329177 2.2911629111 0.0000000000
4.6279501813 0.7000000000 3.6699669878 0.7255786129 2.2911974364 0.0000000000
4.6357022882 0.7000000000 3.6699710496 0.7256243081 2.2912319617 0.0000000000
4.6434543951 0.7000000000 3.6699751114 0.7256700034 2.2912664870 0.0000000000
4.6512065021 0.7000000000 3.6699791732 0.7257156986 2.2913010123 0.0000000000
4.6589586090 0.7000000000 3.6699832350 0.7257613938 2.2913355376 0.0000000000
4.6667107159 0.7000000000 3.6699872968 0.7258070891 2.2913700629 0.0000000000
4.6744628229 0.7000000000 3.6699913586 0.7258527843 2.2914045882 0.0000000000
4.6822149298 0.7000000000 3.6699954204 0.7258984795 2.2914391134 0.0000000000
4.6899670367 0.7000000000 3.6699994822 0.7259441748 2.2914736387 0.0000000000
4.6977191437 0.7000000000 3.6700035440 0.7259898700 2.2915081640 0.0000000000
4.7054712506 0.7000000000 3.6700076058 0.7260355652 2.2915426893 0.0000000000
4.7132233575 0.7000000000 3.6700116676 0.7260812605 2.2915772146 0.0000000000
4.7209754645 0.7000000000 3.6700157294 0.7261269557 2.2916117399 0.0000000000
4.7287275714 0.7000000000 3.6700197912 0.7261726509 2.2916462652 0.0000000000
4.7364796783 0.7000000000 3.6700238530 0.7262183462 2.2916807905 0.0000000000
4.7442317853 0.7000000000 3.6700279148 0.7262640414 2.2917153157 0.0000000000
4.7519838922 0.7000000000 3.6700319766 0.7263097366 2.2917498410 0.0000000000
4.7597359991 0.7000000000 3.6700360384 0.7263554319 2.2917843663 0.0000000000
4.7674881061 0.7000000000 3.6700402874 0.7264072913 2.2918221061 0.0000000000
4.7752402130 0.7000000000 3.6700519391 0.7267028989 2.2919869559 0.0000000000
4.7829923199 0.7000000000 3.6700635908 0.7269985065 2.2921518057 0.0000000000
4.7907444269 0.7000000000 3.6700752425 0.7272941141 2.2923166555 0.0000000000
4.7984965338 0.7000000000 3.6700868941 0.7275897217 2.2924815053 0.0000000000
4.8062486407 0.7000000000 3.6700985458 0.7278853293 2.2926463551 0.0000000000
4.8140007477 0.7000000000 3.6701101975 0.7281809369 2.2928112048 0.0000000000
4.8217528546 0.7000000000 3.6701218492 0.7284765445 2.2929760546 0.0000000000
4.8295049615 0.7000000000 3.6701335009 0.7287721521 2.2931409044 0.0000000000
4.8372570685 0.7000000000 3.6701451526 0.7290677597 2.2933057542 0.0000000000
4.8450091754 0.7000000000 3.6701568043 0.7293633673 2.2934706040 0.0000000000
4.8527612823 0.7000000000 3.6701684559 0.7296589749 2.2936354538 0.0000000000
4.8605133893 0.7000000000 3.6701801076 0.7299545825 2.2938003036 0.0000000000
4.8682654962 0.7000000000 3.6701917593 0.7302501901 2.2939651533 0.0000000000
4.8760176031 0.7000000000 3.6702034110 0.7305457977 2.2941300031 0.0000000000
4.8837697101 0.7000000000 3.6702150627 0.7308414053 2.2942948529 0.0000000000
4.8915218170 0.7000000000 3.6702267144 0.7311370129 2.2944597027 0.0000000000
4.8992739239 0.7000000000 3.6702383661 0.7314326205 2.2946245525 0.0000000000
4.9070260309 0.7000000000 3.6702500178 0.7317282281 2.2947894023 0.0000000000
4.9147781378 0.7000000000 3.6702616694 0.7320238357 2.2949542521 0.0000000000
4.9225302447 0.7000000000 3.6702733211 0.7323194433 2.2951191018 0.0000000000
4.9302823517 0.7000000000 3.6702849728 0.7326150509 2.2952839516 0.0000000000
4.9380344586 0.7000000000 3.6702966245 0.7329106585 2.2954488014 0.0000000000
4.9457865655 0.7000000000 3.6703082762 0.7332062661 2.2956136512 0.0000000000
4.9535386725 0.7000000000 3.6703203381 0.7335299905 2.2957913887 0.0000000000
4.9612907794 0.7000000000 3.6703324713 0.7338585969 2.2959713639 0.0000000000
4.9690428863 0.7000000000 3.6703446044 0.7341872034 2.2961513391 0.0000000000
4.9767949933 0.7000000000 3.6703567376 0.7345158098 2.2963313143 0.0000000000
4.9845471002 0.7000000000 3.6703688708 0.7348444162 2.2965112895 0.0000000000
4.9922992071 0.7000000000 3.6703810039 0.7351730226 2.2966912647 0.0000000000
5.0000513141 0.7000000000 3.6703931371 0.7355016290 2.2968712399 0.0000000000
5.0078034210 0.7000000000 3.6704052702 0.7358302355 2.2970512151 0.0000000000
5.0155555279 0.7000000000 3.6704174034 0.7361588419 2.2972311903 0.0000000000
5.0233076349 0.7000000000 3.6704295366 0.7364874483 2.2974111655 0.0000000000
5.0310597418 0.7000000000 3.6704416697 0.7368160547 2.2975911408 0.0000000000
5.0388118487 0.7000000000 3.6704538029 0.7371446611 2.2977711160 0.0000000000
5.0465639557 0.7000000000 3.6704659360 0.7374732676 2.2979510912 0.0000000000
5.0543160626 0.7000000000 3.6704780692 0.7378018740 2.2981310664 0.0000000000
5.0620681695 0.7000000000 3.6704902024 0.7381304804 2.2983110416 0.0000000000
5.0698202765 0.7000000000 3.6705023355 0.7384590868 2.2984910168 0.0000000000
5.0775723834 0.7000000000 3.6705144687 0.7387876932 2.2986709920 0.0000000000
5.0853244903 0.7000000000 3.6705266018 0.7391162996 2.2988509672 0.0000000000
5.0930765973 0.7000000000 3.6705387350 0.7394449061 2.2990309424 0.0000000000
5.1008287042 0.7000000000 3.6705506060 0.7397663611 2.2992070083 0.0000000000
5.1085808111 0.7000000000 3.6705590748 0.7399950203 2.2993323474 0.0000000000
5.1163329181 0.7000000000 3.6705675437 0.7402236795 2.2994576866 0.0000000000
5.1240850250 0.7000000000 3.6705760125 0.7404523388 2.2995830257 0.0000000000
5.1318371319 0.7000000000 3.6705844814 0.7406809980 2.2997083648 0.0000000000
5.1395892389 0.7000000000 3.6705929503 0.7409096572 2.2998337040 0.0000000000
5.1473413458 0.7000000000 3.6706014191 0.7411383165 2.2999590431 0.0000000000
5.1550934527 0.7000000000 3.6706098880 0.7413669757 2.3000843823 0.0000000000
5.1628455597 0.7000000000 3.6706183568 0.7415956349 2.3002097214 0.0000000000
5.1705976666 0.7000000000 3.6706268257 0.7418242942 2.3003350605 0.0000000000
5.1783497735 0.7000000000 3.6706352946 0.7420529534 2.3004603997 0.0000000000
5.1861018805 0.7000000000 3.6706437634 0.7422816126 2.3005857388 0.0000000000
5.1938539874 0.7000000000 3.6706522323 0.7425102719 2.3007110779 0.0000000000
5.2016060943 0.7000000000 3.6706607012 0.7427389311 2.3008364171 0.0000000000
5.2093582013 0.7000000000 3.6706691700 0.7429675904 2.3009617562 0.0000000000
5.2171103082 0.7000000000 3.6706776389 0.7431962496 2.3010870953 0.0000000000
5.2248624151 0.7000000000 3.6706861077 0.7434249088 2.3012124345 0.0000000000
5.2326145221 0.7000000000 3.6706945766 0.7436535681 2.3013377736 0.0000000000
5.2403666290 0.7000000000 3.6707015399 0.7438456469 2.3014424584 0.0000000000
5.2481187359 0.7000000000 3.6707058221 0.7439725827 2.3015103614 0.0000000000
5.2558708429 0.7000000000 3.6707101042 0.7440995185 2.3015782644 0.0000000000
5.2636229498 0.7000000000 3.6707143864 0.7442264543 2.3016461674 0.0000000000
5.2713750567 0.7000000000 3.6707186686 0.7443533901 2.3017140704 0.0000000000
5.2791271637 0.7000000000 3.6707229508 0.7444803259 2.3017819734 0.0000000000
5.2868792706 0.7000000000 3.6707272329 0.7446072618 2.3018498764 0.0000000000
5.2946313775 0.7000000000 3.6707315151 0.7447341976 2.3019177794 0.0000000000
5.3023834844 0.7000000000 3.6707357973 0.7448611334 2.3019856824 0.0000000000
5.3101355914 0.7000000000 3.6707400794 0.7449880692 2.3020535855 0.0000000000
5.3178876983 0.7000000000 3.6707443616 0.7451150050 2.3021214885 0.0000000000
5.3256398052 0.7000000000 3.6707486438 0.7452419408 2.3021893915 0.0000000000
5.3333919122 0.7000000000 3.6707529260 0.7453688766 2.3022572945 0.0000000000
5.3411440191 0.7000000000 3.6707572081 0.7454958124 2.3023251975 0.0000000000
5.3488961260 0.7000000000 3.6707614903 0.7456227482 2.3023931005 0.0000000000
5.3566482330 0.7000000000 3.6707657725 0.7457496840 2.3024610035 0.0000000000
5.3644003399 0.7000000000 3.6707700249 0.7458757873 2.3025284544 0.0000000000
5.3721524468 0.7000000000 3.6707719731 0.7459374828 2.3025609257 0.0000000000
5.3799045538 0.7000000000 3.6707739214 0.7459991782 2.3025933970 0.0000000000
5.3876566607 0.7000000000 3.6707758697 0.7460608737 2.3026258683 0.0000000000
5.3954087676 0.7000000000 3.6707778180 0.7461225692 2.3026583396 0.0000000000
5.4031608746 0.7000000000 3.6707797663 0.7461842646 2.3026908109 0.0000000000
5.4109129815 0.7000000000 3.6707817145 0.7462459601 2.3027232822 0.0000000000
5.4186650884 0.7000000000 3.6707836628 0.7463076556 2.3027557535 0.0000000000
5.4264171954 0.7000000000 3.6707856111 0.7463693510 2.3027882248 0.0000000000
5.4341693023 0.7000000000 3.6707875594 0.7464310465 2.3028206961 0.0000000000
5.4419214092 0.7000000000 3.6707895076 0.7464927420 2.3028531674 0.0000000000
5.4496735162 0.7000000000 3.6707914559 0.7465544375 2.3028856387 0.0000000000
5.4574256231 0.7000000000 3.6707934042 0.7466161329 2.3029181100 0.0000000000
5.4651777300 0.7000000000 3.6707953525 0.7466778284 2.3029505813 0.0000000000
5.4729298370 0.7000000000 3.6707973008 0.7467395239 2.3029830526 0.0000000000
5.4806819439 0.7000000000 3.6707992490 0.7468012193 2.3030155239 0.0000000000
5.4884340508 0.7000000000 3.6708000000 0.7468333524 2.3030313810 0.0000000000
5.4961861578 0.7000000000 3.6708000000 0.7468469436 2.3030368175 0.0000000000
5.5039382647 0.7000000000 3.6708000000 0.7468605348 2.3030422539 0.0000000000
5.5116903716 0.7000000000 3.6708000000 0.7468741259 2.3030476904 0.0000000000
5.5194424786 0.7000000000 3.6708000000 0.7468877171 2.3030531269 0.0000000000
5.5271945855 0.7000000000 3.6708000000 0.7469013083 2.3030585633 0.0000000000
5.5349466924 0.7000000000 3.6708000000 0.7469148995 2.3030639998 0.0000000000
5.5426987994 0.7000000000 3.6708000000 0.7469284906 2.3030694363 0.0000000000
5.5504509063 0.7000000000 3.6708000000 0.7469420818 2.3030748727 0.0000000000
5.5582030132 0.7000000000 3.6708000000 0.7469556730 2.3030803092 0.0000000000
5.5659551202 0.7000000000 3.6708000000 0.7469692641 2.3030857457 0.0000000000
5.5737072271 0.7000000000 3.6708000000 0.7469828553 2.3030911821 0.0000000000
5.5814593340 0.7000000000 3.6708000000 0.7469964465 2.3030966186 0.0000000000
5.5892114410 0.7000000000 3.6708000000 0.7470100377 2.3031020551 0.0000000000
5.5969635479 0.7000000000 3.6708000000 0.7470236288 2.3031074915 0.0000000000
5.6047156548 0.7000000000 3.6707987347 0.7469981120 2.3030922235 0.0000000000
5.6124677618 0.7000000000 3.6707973274 0.7469682069 2.3030746323 0.0000000000
5.6202198687 0.7000000000 3.6707959201 0.7469383018 2.3030570411 0.0000000000
5.6279719756 0.7000000000 3.6707945128 0.7469083968 2.3030394499 0.0000000000
5.6357240826 0.7000000000 3.6707931055 0.7468784917 2.3030218587 0.0000000000
5.6434761895 0.7000000000 3.6707916982 0.7468485866 2.3030042674 0.0000000000
5.6512282964 0.7000000000 3.6707902909 0.7468186815 2.3029866762 0.0000000000
5.6589804034 0.7000000000 3.6707888836 0.7467887765 2.3029690850 0.0000000000
5.6667325103 0.7000000000 3.6707874763 0.7467588714 2.3029514938 0.0000000000
5.6744846172 0.7000000000 3.6707860690 0.7467289663 2.3029339026 0.0000000000
5.6822367242 0.7000000000 3.6707846617 0.7466990613 2.3029163114 0.0000000000
5.6899888311 0.7000000000 3.6707832544 0.7466691562 2.3028987201 0.0000000000
5.6977409380 0.7000000000 3.6707818471 0.7466392511 2.3028811289 0.0000000000
5.7054930450 0.7000000000 3.6707804398 0.7466093461 2.3028635377 0.0000000000
5.7132451519 0.7000000000 3.6707775151 0.7465540288 2.3028297118 0.0000000000
5.7209972588 0.7000000000 3.6707739005 0.7464871593 2.3027885057 0.0000000000
5.7287493658 0.7000000000 3.6707702859 0.7464202897 2.3027472996 0.0000000000
5.7365014727 0.7000000000 3.6707666714 0.7463534201 2.3027060935 0.0000000000
5.7442535796 0.7000000000 3.6707630568 0.7462865506 2.3026648874 0.0000000000
5.7520056866 0.7000000000 3.6707594422 0.7462196810 2.3026236813 0.0000000000
5.7597577935 0.7000000000 3.6707558276 0.7461528114 2.3025824752 0.0000000000
5.7675099004 0.7000000000 3.6707522131 0.7460859418 2.3025412690 0.0000000000
5.7752620074 0.7000000000 3.6707485985 0.7460190723 2.3025000629 0.0000000000
5.7830141143 0.7000000000 3.6707449839 0.7459522027 2.3024588568 0.0000000000
5.7907662212 0.7000000000 3.6707413694 0.7458853331 2.3024176507 0.0000000000
5.7985183282 0.7000000000 3.6707377548 0.7458184636 2.3023764446 0.0000000000
5.8062704351 0.7000000000 3.6707341402 0.7457515940 2.3023352385 0.0000000000
5.8140225420 0.7000000000 3.6707305256 0.7456847244 2.3022940324 0.0000000000
5.8217746490 0.7000000000 3.6707262143 0.7455850903 2.3022369334 0.0000000000
5.8295267559 0.7000000000 3.6707217844 0.7454798806 2.3021771300 0.0000000000
5.8372788628 0.7000000000 3.6707173546 0.7453746709 2.3021173266 0.0000000000
5.8450309698 0.7000000000 3.6707129247 0.7452694611 2.3020575232 0.0000000000
5.8527830767 0.7000000000 3.6707084948 0.7451642514 2.3019977198 0.0000000000
5.8605351836 0.7000000000 3.6707040649 0.7450590417 2.3019379164 0.0000000000
5.8682872906 0.7000000000 3.6706996350 0.7449538320 2.3018781129 0.0000000000
5.8760393975 0.7000000000 3.6706952051 0.7448486223 2.3018183095 0.0000000000
5.8837915044 0.7000000000 3.6706907753 0.7447434126 2.3017585061 0.0000000000
5.8915436114 0.7000000000 3.6706863454 0.7446382028 2.3016987027 0.0000000000
5.8992957183 0.7000000000 3.6706819155 0.7445329931 2.3016388993 0.0000000000
5.9070478252 0.7000000000 3.6706774856 0.7444277834 2.3015790958 0.0000000000
5.9147999322 0.7000000000 3.6706730557 0.7443225737 2.3015192924 0.0000000000
5.9225520391 0.7000000000 3.6706679043 0.7442063405 2.3014521936 0.0000000000
5.9303041460 0.7000000000 3.6706611485 0.7440655940 2.3013688717 0.0000000000
5.9380562530 0.7000000000 3.6706543927 0.7439248475 2.3012855498 0.0000000000
5.9458083599 0.7000000000 3.6706476369 0.7437841011 2.3012022278 0.0000000000
5.9535604668 0.7000000000 3.6706408810 0.7436433546 2.3011189059 0.0000000000
5.9613125738 0.7000000000 3.6706341252 0.7435026081 2.3010355840 0.0000000000
5.9690646807 0.7000000000 3.6706273694 0.7433618617 2.3009522621 0.0000000000
5.9768167876 0.7000000000 3.6706206135 0.7432211152 2.3008689402 0.0000000000
5.9845688946 0.7000000000 3.6706138577 0.7430803687 2.3007856183 0.0000000000
5.9923210015 0.7000000000 3.6706071019 0.7429396223 2.3007022964 0.0000000000
6.0000731084 0.7000000000 3.6706003460 0.7427988758 2.3006189745 0.0000000000
6.0078252154 0.7000000000 3.6705935902 0.7426581293 2.3005356526 0.0000000000
6.0155773223 0.7000000000 3.6705868344 0.7425173829 2.3004523307 0.0000000000
6.0233294292 0.7000000000 3.6705800785 0.7423766364 2.3003690088 0.0000000000
6.0310815362 0.7000000000 3.6705724834 0.7422021172 2.3002688203 0.0000000000
6.0388336431 0.7000000000 3.6705648783 0.7420272008 2.3001684335 0.0000000000
6.0465857500 0.7000000000 3.6705572732 0.7418522844 2.3000680467 0.0000000000
6.0543378570 0.7000000000 3.6705496682 0.7416773680 2.2999676599 0.0000000000
6.0620899639 0.7000000000 3.6705420631 0.7415024515 2.2998672731 0.0000000000
6.0698420708 0.7000000000 3.6705344580 0.7413275351 2.2997668862 0.0000000000
6.0775941778 0.7000000000 3.6705268530 0.7411526187 2.2996664994 0.0000000000
6.0853462847 0.7000000000 3.6705192479 0.7409777023 2.2995661126 0.0000000000
6.0930983916 0.7000000000 3.6705116429 0.7408027858 2.2994657258 0.0000000000
6.1008504986 0.7000000000 3.6705040378 0.7406278694 2.2993653390 0.0000000000
6.1086026055 0.7000000000 3.6704964327 0.7404529530 2.2992649522 0.0000000000
6.1163547124 0.7000000000 3.6704888277 0.7402780366 2.2991645653 0.0000000000
6.1241068194 0.7000000000 3.6704812226 0.7401031201 2.2990641785 0.0000000000
6.1318589263 0.7000000000 3.6704727090 0.7399010109 2.2989492805 0.0000000000
6.1396110332 0.7000000000 3.6704640214 0.7396936927 2.2988316027 0.0000000000
6.1473631402 0.7000000000 3.6704553338 0.7394863745 2.2987139250 0.0000000000
6.1551152471 0.7000000000 3.6704466462 0.7392790562 2.2985962472 0.0000000000
6.1628673540 0.7000000000 3.6704379585 0.7390717380 2.2984785694 0.0000000000
6.1706194610 0.7000000000 3.6704292709 0.7388644198 2.2983608916 0.0000000000
6.1783715679 0.7000000000 3.6704205833 0.7386571016 2.2982432139 0.0000000000
6.1861236748 0.7000000000 3.6704118957 0.7384497833 2.2981255361 0.0000000000
6.1938757818 0.7000000000 3.6704032081 0.7382424651 2.2980078583 0.0000000000
6.2016278887 0.7000000000 3.6703945204 0.7380351469 2.2978901805 0.0000000000
6.2093799956 0.7000000000 3.6703858328 0.7378278287 2.2977725028 0.0000000000
6.2171321025 0.7000000000 3.6703771452 0.7376205105 2.2976548250 0.0000000000
6.2248842095 0.7000000000 3.6703684583 0.7374080303 2.2975350851 0.0000000000
6.2326363164 0.7000000000 3.6703597744 0.7371716375 2.2974057928 0.0000000000
6.2403884233 0.7000000000 3.6703510906 0.7369352447 2.2972765004 0.0000000000
6.2481405303 0.7000000000 3.6703424068 0.7366988519 2.2971472080 0.0000000000
6.2558926372 0.7000000000 3.6703337230 0.7364624591 2.2970179156 0.0000000000
6.2636447441 0.7000000000 3.6703250392 0.7362260663 2.2968886232 0.0000000000
6.2713968511 0.7000000000 3.6703163554 0.7359896735 2.2967593308 0.0000000000
6.2791489580 0.7000000000 3.6703076715 0.7357532807 2.2966300384 0.0000000000
6.2869010649 0.7000000000 3.6702989877 0.7355168879 2.2965007461 0.0000000000
6.2946531719 0.7000000000 3.6702903039 0.7352804951 2.2963714537 0.0000000000
6.3024052788 0.7000000000 3.6702816201 0.7350441023 2.2962421613 0.0000000000
6.3101573857 0.7000000000 3.6702715275 0.7347905411 2.2961003665 0.0000000000
6.3179094927 0.7000000000 3.6702611118 0.7345330422 2.2959557042 0.0000000000
6.3256615996 0.7000000000 3.6702506961 0.7342755433 2.2958110419 0.0000000000
6.3334137065 0.7000000000 3.6702402804 0.7340180444 2.2956663796 0.0000000000
6.3411658135 0.7000000000 3.6702298648 0.7337605455 2.2955217173 0.0000000000
6.3489179204 0.7000000000 3.6702194491 0.7335030466 2.2953770550 0.0000000000
6.3566700273 0.7000000000 3.6702090334 0.7332455477 2.2952323927 0.0000000000
6.3644221343 0.7000000000 3.6701986177 0.7329880488 2.2950877304 0.0000000000
6.3721742412 0.7000000000 3.6701883819 0.7327281893 2.2949428432 0.0000000000
6.3799263481 0.7000000000 3.6701790080 0.7324570157 2.2947968781 0.0000000000
6.3876784551 0.7000000000 3.6701696340 0.7321858421 2.2946509131 0.0000000000
6.3954305620 0.7000000000 3.6701602601 0.7319146685 2.2945049480 0.0000000000
6.4031826689 0.7000000000 3.6701508862 0.7316434949 2.2943589829 0.0000000000
6.4109347759 0.7000000000 3.6701415123 0.7313723213 2.2942130179 0.0000000000
6.4186868828 0.7000000000 3.6701321384 0.7311011477 2.2940670528 0.0000000000
6.4264389897 0.7000000000 3.6701227645 0.7308299740 2.2939210878 0.0000000000
6.4341910967 0.7000000000 3.6701126552 0.7305506417 2.2937689176 0.0000000000
6.4419432036 0.7000000000 3.6701022383 0.7302678967 2.2936141519 0.0000000000
6.4496953105 0.7000000000 3.6700918214 0.7299851517 2.2934593862 0.0000000000
6.4574474175 0.7000000000 3.6700814045 0.7297024067 2.2933046205 0.0000000000
6.4651995244 0.7000000000 3.6700709875 0.7294196617 2.2931498548 0.0000000000
6.4729516313 0.7000000000 3.6700605706 0.7291369167 2.2929950891 0.0000000000
6.4807037383 0.7000000000 3.6700501537 0.7288541717 2.2928403235 0.0000000000
6.4884558452 0.7000000000 3.6700405408 0.7285741054 2.2926898452 0.0000000000
6.4962079521 0.7000000000 3.6700309399 0.7282940792 2.2925394311 0.0000000000
6.5039600591 0.7000000000 3.6700213390 0.7280140530 2.2923890171 0.0000000000
6.5117121660 0.7000000000 3.6700117381 0.7277340269 2.2922386030 0.0000000000
6.5194642729 0.7000000000 3.6700021372 0.7274540007 2.2920881890 0.0000000000
6.5272163799 0.7000000000 3.6699925363 0.7271739745 2.2919377749 0.0000000000
6.5349684868 0.7000000000 3.6699830897 0.7268926917 2.2917874756 0.0000000000
6.5427205937 0.7000000000 3.6699736986 0.7266109577 2.2916372175 0.0000000000
6.5504727007 0.7000000000 3.6699643075 0.7263292238 2.2914869594 0.0000000000
6.5582248076 0.7000000000 3.6699549163 0.7260474898 2.2913367013 0.0000000000
6.5659769145 0.7000000000 3.6699455252 0.7257657559 2.2911864431 0.0000000000
6.5737290215 0.7000000000 3.6699366036 0.7254874934 2.2910394517 0.0000000000
6.5814811284 0.7000000000 3.6699283530 0.7252141925 2.2908971290 0.0000000000
6.5892332353 0.7000000000 3.6699201024 0.7249408916 2.2907548062 0.0000000000
6.5969853423 0.7000000000 3.6699118518 0.7246675907 2.2906124835 0.0000000000
6.6047374492 0.7000000000 3.6699036012 0.7243942898 2.2904701608 0.0000000000
6.6124895561 0.7000000000 3.6698953354 0.7241263167 2.2903299084 0.0000000000
6.6202416631 0.7000000000 3.6698870579 0.7238624702 2.2901912596 0.0000000000
6.6279937700 0.7000000000 3.6698787804 0.7235986237 2.2900526109 0.0000000000
6.6357458769 0.7000000000 3.6698705028 0.7233347771 2.2899139621 0.0000000000
6.6434979839 0.7000000000 3.6698622253 0.7230709306 2.2897753134 0.0000000000
6.6512500908 0.7000000000 3.6698565540 0.7228190864 2.2896518907 0.0000000000
6.6590021977 0.7000000000 3.6698518410 0.7225716551 2.2895340662 0.0000000000
6.6667543047 0.7000000000 3.6698471281 0.7223242238 2.2894162418 0.0000000000
6.6745064116 0.7000000000 3.6698424151 0.7220767925 2.2892984174 0.0000000000
6.6822585185 0.7000000000 3.6698387291 0.7218419713 2.2891897448 0.0000000000
6.6900106255 0.7000000000 3.6698361224 0.7216204034 2.2890906909 0.0000000000
6.6977627324 0.7000000000 3.6698335157 0.7213988355 2.2889916370 0.0000000000
6.7055148393 0.7000000000 3.6698309090 0.7211772676 2.2888925832 0.0000000000
6.7132669463 0.7000000000 3.6698281808 0.7209681111 2.2887980078 0.0000000000
6.7210190532 0.7000000000 3.6698253876 0.7207656005 2.2887058306 0.0000000000
6.7287711601 0.7000000000 3.6698225943 0.7205630899 2.2886136534 0.0000000000
6.7365232671 0.7000000000 3.6698200000 0.7203622317 2.2885229327 0.0000000000
6.7442753740 0.7000000000 3.6698200000 0.7201829255 2.2884512102 0.0000000000
6.7520274809 0.7000000000 3.6698200000 0.7200036193 2.2883794877 0.0000000000
6.7597795879 0.7000000000 3.6698200000 0.7198243131 2.2883077652 0.0000000000
6.7675316948 0.7000000000 3.6698200000 0.7196654340 2.2882442136 0.0000000000
6.7752838017 0.7000000000 3.6698200000 0.7195210131 2.2881864453 0.0000000000
6.7830359087 0.7000000000 3.6698200000 0.7193765922 2.2881286769 0.0000000000
6.7907880156 0.7000000000 3.6698219029 0.7192393212 2.2880813800 0.0000000000
6.7985401225 0.7000000000 3.6698283195 0.7191190100 2.2880589219 0.0000000000
6.8062922295 0.7000000000 3.6698347361 0.7189986988 2.2880364638 0.0000000000
6.8140443364 0.7000000000 3.6698412658 0.7188857595 2.2880174071 0.0000000000
6.8217964433 0.7000000000 3.6698483124 0.7188064860 2.2880138838 0.0000000000
6.8295485503 0.7000000000 3.6698553589 0.7187272125 2.2880103606 0.0000000000
6.8373006572 0.7000000000 3.6698625352 0.7186559864 2.2880105752 0.0000000000
6.8450527641 0.7000000000 3.6698699617 0.7186002870 2.2880180017 0.0000000000
6.8528048711 0.7000000000 3.6698773883 0.7185445876 2.2880254283 0.0000000000
6.8605569780 0.7000000000 3.6698889466 0.7185026335 2.2880548798 0.0000000000
6.8683090849 0.7000000000 3.6699027460 0.7184681351 2.2880962779 0.0000000000
6.8760611919 0.7000000000 3.6699165453 0.7184336367 2.2881376760 0.0000000000
6.8838132988 0.7000000000 3.6699309381 0.7184523452 2.2882027304 0.0000000000
6.8915654057 0.7000000000 3.6699455290 0.7184888225 2.2882756850 0.0000000000
6.8993175127 0.7000000000 3.6699601404 0.7185257019 2.2883488823 0.0000000000
6.9070696196 0.7000000000 3.6699772208 0.7186111042 2.2884513650 0.0000000000
6.9148217265 0.7000000000 3.6699943013 0.7186965064 2.2885538477 0.0000000000
6.9225738335 0.7000000000 3.6700148797 0.7188068384 2.2886802943 0.0000000000
6.9303259404 0.7000000000 3.6700372096 0.7189296525 2.2888187392 0.0000000000
6.9380780473 0.7000000000 3.6700575887 0.7190616579 2.2889530579 0.0000000000
6.9458301543 0.7000000000 3.6700753522 0.7192059870 2.2890818438 0.0000000000
6.9535822612 0.7000000000 3.6700944104 0.7193599159 2.2892196481 0.0000000000
6.9613343681 0.7000000000 3.6701195547 0.7195589744 2.2893998484 0.0000000000
6.9690864751 0.7000000000 3.6701446989 0.7197580328 2.2895800486 0.0000000000
6.9768385820 0.7000000000 3.6701727725 0.7200087479 2.2897926291 0.0000000000
6.9845906889 0.7000000000 3.6702016287 0.7202732631 2.2900138601 0.0000000000
6.9923427959 0.7000000000 3.6702322276 0.7205630148 2.2902521564 0.0000000000
7.0000949028 0.7000000000 3.6702635387 0.7208630794 2.2904974267 0.0000000000
7.0078470097 0.7000000000 3.6703000823 0.7211935916 2.2907758057 0.0000000000
7.0155991167 0.7000000000 3.6703379863 0.7215320204 2.2910627933 0.0000000000
7.0233512236 0.7000000000 3.6703697631 0.7218724331 2.2913260655 0.0000000000
7.0311033305 0.7000000000 3.6704016144 0.7222161436 2.2915909549 0.0000000000
7.0388554375 0.7000000000 3.6704440412 0.7226404118 2.2919303695 0.0000000000
7.0466075444 0.7000000000 3.6704864680 0.7230646801 2.2922697841 0.0000000000
7.0543596513 0.7000000000 3.6705283752 0.7235385733 2.2926269700 0.0000000000
7.0621117583 0.7000000000 3.6705705926 0.7240248412 2.2929903469 0.0000000000
7.0698638652 0.7000000000 3.6706139145 0.7245354209 2.2933678664 0.0000000000
7.0776159721 0.7000000000 3.6706597513 0.7250318108 2.2937497697 0.0000000000
7.0853680791 0.7000000000 3.6707070735 0.7255198203 2.2941342621 0.0000000000
7.0931201860 0.7000000000 3.6707540579 0.7261007231 2.2945545607 0.0000000000
7.1008722929 0.7000000000 3.6708013213 0.7266889467 2.2949789038 0.0000000000
7.1086243998 0.7000000000 3.6708621569 0.7273311004 2.2954791077 0.0000000000
7.1163765068 0.7000000000 3.6709202596 0.7279654208 2.2959652468 0.0000000000
7.1241286137 0.7000000000 3.6709757233 0.7286019072 2.2964416962 0.0000000000
7.1318807206 0.7000000000 3.6710284543 0.7293104799 2.2969360492 0.0000000000
7.1396328276 0.7000000000 3.6710861805 0.7300422063 2.2974596446 0.0000000000
7.1473849345 0.7000000000 3.6711472692 0.7307931366 2.2980043715 0.0000000000
7.1551370414 0.7000000000 3.6712077094 0.7315675262 2.2985558879 0.0000000000
7.1628891484 0.7000000000 3.6712694653 0.7323433161 2.2991132276 0.0000000000
7.1706412553 0.7000000000 3.6713355217 0.7331423797 2.2996970786 0.0000000000
7.1783933622 0.7000000000 3.6714050570 0.7339688311 2.3003058004 0.0000000000
7.1861454692 0.7000000000 3.6714703378 0.7348573761 2.3009223418 0.0000000000
7.1938975761 0.7000000000 3.6715424340 0.7357512954 2.3015682943 0.0000000000
7.2016496830 0.7000000000 3.6716141533 0.7366589354 2.3022182275 0.0000000000
7.2094017900 0.7000000000 3.6716859853 0.7375709433 2.3028703584 0.0000000000
7.2171538969 0.7000000000 3.6717645575 0.7384783294 2.3035476018 0.0000000000
7.2249060038 0.7000000000 3.6718420700 0.7394278574 2.3042374629 0.0000000000
7.2326581108 0.7000000000 3.6719150991 0.7404110713 2.3049228650 0.0000000000
7.2404102177 0.7000000000 3.6719959988 0.7414219850 2.3056508290 0.0000000000
7.2481623246 0.7000000000 3.6720777531 0.7424533748 2.3063904024 0.0000000000
7.2559144316 0.7000000000 3.6721562451 0.7435072247 2.3071259102 0.0000000000
7.2636665385 0.7000000000 3.6722376956 0.7445912802 2.3078853347 0.0000000000
7.2714186454 0.7000000000 3.6723255841 0.7456827876 2.3086734913 0.0000000000
7.2791707524 0.7000000000 3.6724075509 0.7467777768 2.3094393545 0.0000000000
7.2869228593 0.7000000000 3.6724919355 0.7479237104 2.3102352664 0.0000000000
7.2946749662 0.7000000000 3.6725870079 0.7490883474 2.3110814108 0.0000000000
7.3024270732 0.7000000000 3.6726836928 0.7502961599 2.3119512752 0.0000000000
7.3101791801 0.7000000000 3.6727720129 0.7515240433 2.3127957090 0.0000000000
7.3179312870 0.7000000000 3.6728724443 0.7527274425 2.3136787942 0.0000000000
7.3256833940 0.7000000000 3.6729714842 0.7539658826 2.3145703298 0.0000000000
7.3334355009 0.7000000000 3.6730608064 0.7552431848 2.3154385396 0.0000000000
7.3411876078 0.7000000000 3.6731616401 0.7565672683 2.3163715079 0.0000000000
7.3489397148 0.7000000000 3.6732664547 0.7578887520 2.3173193596 0.0000000000
7.3566918217 0.7000000000 3.6733647109 0.7591978582 2.3182360268 0.0000000000
7.3644439286 0.7000000000 3.6734661711 0.7604771391 2.3191535802 0.0000000000
7.3721960356 0.7000000000 3.6735654285 0.7618087297 2.3200832461 0.0000000000
7.3799481425 0.7000000000 3.6736757841 0.7632223014 2.3210900970 0.0000000000
7.3877002494 0.7000000000 3.6737828490 0.7646315974 2.3220820750 0.0000000000
7.3954523564 0.7000000000 3.6738895647 0.7659775289 2.3230473102 0.0000000000
7.4032044633 0.7000000000 3.6739968385 0.7673920577 2.3240422169 0.0000000000
7.4109565702 0.7000000000 3.6741068049 0.7688277308 2.3250563520 0.0000000000
7.4187086772 0.7000000000 3.6742287791 0.7703374818 2.3261481490 0.0000000000
7.4264607841 0.7000000000 3.6743398449 0.7718049828 2.3271794128 0.0000000000
7.4342128910 0.7000000000 3.6744595376 0.7732546823 2.3282380633 0.0000000000
7.4419649980 0.7000000000 3.6745688158 0.7747404241 2.3292694729 0.0000000000
7.4497171049 0.7000000000 3.6746898802 0.7762873584 2.3303725043 0.0000000000
7.4574692118 0.7000000000 3.6748044523 0.7777876104 2.3314308934 0.0000000000
7.4652213188 0.7000000000 3.6749109445 0.7792658165 2.3324481446 0.0000000000
7.4729734257 0.7000000000 3.6750231865 0.7807938150 2.3335083122 0.0000000000
7.4807255326 0.7000000000 3.6751459362 0.7823026604 2.3346028491 0.0000000000
7.4884776396 0.7000000000 3.6752615821 0.7837870425 2.3356591852 0.0000000000
7.4962297465 0.7000000000 3.6753745072 0.7851541099 2.3366577128 0.0000000000
7.5039818534 0.7000000000 3.6754918825 0.7865485308 2.3376849822 0.0000000000
7.5117339604 0.7000000000 3.6756146108 0.7879826350 2.3387495372 0.0000000000
7.5194860673 0.7000000000 3.6757297542 0.7894041581 2.3397787200 0.0000000000
7.5272381742 0.7000000000 3.6758493664 0.7908320444 2.3408283233 0.0000000000
7.5349902812 0.7000000000 3.6759662690 0.7922082669 2.3418464229 0.0000000000
7.5427423881 0.7000000000 3.6760923578 0.7935915544 2.3429040929 0.0000000000
7.5504944950 0.7000000000 3.6762115297 0.7949922088 2.3439410422 0.0000000000
7.5582466020 0.7000000000 3.6763443573 0.7964355601 2.3450496934 0.0000000000
7.5659987089 0.7000000000 3.6764714678 0.7978596320 2.3461277640 0.0000000000
7.5737508158 0.7000000000 3.6765984497 0.7992517941 2.3471925566 0.0000000000
7.5815029228 0.7000000000 3.6767310375 0.8006850045 2.3482961918 0.0000000000
7.5892550297 0.7000000000 3.6768527193 0.8019650587 2.3492949408 0.0000000000
7.5970071366 0.7000000000 3.6769816203 0.8032662030 2.3503310024 0.0000000000
7.6047592436 0.7000000000 3.6770899708 0.8045580167 2.3512811298 0.0000000000
7.6125113505 0.7000000000 3.6771983495 0.8057675569 2.3521984609 0.0000000000
7.6202634574 0.7000000000 3.6773028633 0.8069993599 2.3531092373 0.0000000000
7.6280155644 0.7000000000 3.6774067655 0.8081788072 2.3539966248 0.0000000000
7.6357676713 0.7000000000 3.6775107076 0.8093692810 2.3548885828 0.0000000000
7.6435197782 0.7000000000 3.6776153051 0.8105571289 2.3557821118 0.0000000000
7.6512718852 0.7000000000 3.6777124969 0.8116399624 2.3566040125 0.0000000000
7.6590239921 0.7000000000 3.6778128290 0.8127282896 2.3574406717 0.0000000000
7.6667760990 0.7000000000 3.6779107843 0.8138274513 2.3582721579 0.0000000000
7.6745282060 0.7000000000 3.6780114141 0.8148891406 2.3590993525 0.0000000000
7.6822803129 0.7000000000 3.6780961260 0.8158330319 2.3598157568 0.0000000000
7.6900324198 0.7000000000 3.6781745807 0.8167034420 2.3604777398 0.0000000000
7.6977845268 0.7000000000 3.6782537992 0.8175552408 2.3611353331 0.0000000000
7.7055366337 0.7000000000 3.6783385715 0.8183607149 2.3617966120 0.0000000000
7.7132887406 0.7000000000 3.6784048626 0.8190107823 2.3623218032 0.0000000000
7.7210408476 0.7000000000 3.6784655545 0.8195055447 2.3627624758 0.0000000000
7.7287929545 0.7000000000 3.6785309870 0.8199611037 2.3632064295 0.0000000000
7.7365450614 0.7000000000 3.6785737938 0.8203439690 2.3635308028 0.0000000000
7.7442971684 0.7000000000 3.6786171976 0.8204289823 2.3637384235 0.0000000000
7.7520492753 0.7000000000 3.6786700000 0.8207705059 2.3640862424 0.0000000000
7.7598013822 0.7000000000 3.6787034654 0.8209259906 2.3642822980 0.0000000000
7.7675534892 0.7000000000 3.6787237260 0.8208377396 2.3643280400 0.0000000000
7.7753055961 0.7000000000 3.6787383882 0.8205750000 2.3642815928 0.0000000000
7.7830577030 0.7000000000 3.6787600000 0.8203907583 2.3642943433 0.0000000000
7.7908098100 0.7000000000 3.6787419760 0.8197845807 2.3639797765 0.0000000000
7.7985619169 0.7000000000 3.6787292785 0.8190587657 2.3636386602 0.0000000000
7.8063140238 0.7000000000 3.6787060372 0.8182061155 2.3632046350 0.0000000000
7.8140661308 0.7000000000 3.6786593516 0.8169370322 2.3625102593 0.0000000000
7.8218182377 0.7000000000 3.6786114644 0.8157585740 2.3618473270 0.0000000000
7.8295703446 0.7000000000 3.6785492069 0.8142321548 2.3609877295 0.0000000000
7.8373224516 0.7000000000 3.6784757336 0.8125076753 2.3600040447 0.0000000000
7.8450745585 0.7000000000 3.6783466067 0.8100104751 2.3584886568 0.0000000000
7.8528266654 0.7000000000 3.6782645696 0.8079813760 2.3573488688 0.0000000000
7.8605787724 0.7000000000 3.6781432221 0.8053474973 2.3558099273 0.0000000000
7.8683308793 0.7000000000 3.6779977677 0.8024229140 2.3540582766 0.0000000000
7.8760829862 0.7000000000 3.6778350996 0.7991926787 2.3521155098 0.0000000000
7.8838350932 0.7000000000 3.6776430988 0.7953015894 2.3497910708 0.0000000000
7.8915872001 0.7000000000 3.6774692577 0.7917209609 2.3476634550 0.0000000000
7.8993393070 0.7000000000 3.6772529015 0.7873120460 2.3450344645 0.0000000000
7.9070914140 0.7000000000 3.6770031129 0.7823026857 2.3420315660 0.0000000000
7.9148435209 0.7000000000 3.6767101266 0.7769525320 2.3387195592 0.0000000000
7.9225956278 0.7000000000 3.6763820966 0.7709366910 2.3350011029 0.0000000000
7.9303477348 0.7000000000 3.6760373248 0.7644753713 2.3310374878 0.0000000000
7.9380998417 0.7000000000 3.6757331732 0.7582110635 2.3273151584 0.0000000000
7.9458519486 0.7000000000 3.6753727070 0.7508156045 2.3229151097 0.0000000000
7.9536040556 0.7000000000 3.6750358089 0.7432236048 2.3185307175 0.0000000000
7.9613561625 0.7000000000 3.6746197955 0.7345938652 2.3134147681 0.0000000000
7.9691082694 0.7000000000 3.6742462482 0.7264093433 2.3086467701 0.0000000000
7.9768603764 0.7000000000 3.6738265531 0.7171293593 2.3032559962 0.0000000000
7.9846124833 0.7000000000 3.6733862354 0.7071005161 2.2974831879 0.0000000000
7.9923645902 0.7000000000 3.6728703484 0.6951585651 2.2906428597 0.0000000000
8.0001166971 0.7000000000 3.6721291107 0.6784799915 2.2810064796 0.0000000000
8.0078688041 0.7000000000 3.6737239851 0.7148696468 2.3019418392 0.0000000000
8.0156209110 0.7000000000 3.6724838384 0.6870139309 2.2858389659 0.0000000000
8.0233730179 0.7000000000 3.6711301345 0.6561684340 2.2680859515 0.0000000000
8.0311251249 0.7000000000 3.6693860896 0.6164644285 2.2452281697 0.0000000000
8.0388772318 0.7000000000 3.6668883684 0.5580737506 2.2118810140 0.0000000000
8.0466293387 0.7000000000 3.6625223394 0.4535080999 2.1525906376 0.0000000000
8.0543814457 0.7000000000 3.6389800000 -0.1131500000 1.8317580400 0.0000000000
8.0543976501 0.7000000000 3.6387300000 -0.1200000000 1.8280180400 0.0000000000
8.0549816950 0.7000000000 3.6272479299 -0.4179952196 1.6628916716 0.0000000000
8.0555657398 0.7000000000 3.6245966008 -0.4905637482 1.6232589440 0.0000000000
8.0561497847 0.7000000000 3.6292865462 -0.3688630734 1.6906989954 0.0000000000
8.0567338296 0.7000000000 3.6310027558 -0.3241309586 1.7154566798 0.0000000000
8.0573178745 0.7000000000 3.6319253816 -0.2998954375 1.7288413913 0.0000000000
8.0579019194 0.7000000000 3.6323296948 -0.2889428203 1.7348396911 0.0000000000
8.0584859643 0.7000000000 3.6324328357 -0.2858970800 1.7364705509 0.0000000000
8.0590700092 0.7000000000 3.6323703710 -0.2876518905 1.7355187680 0.0000000000
8.0596540541 0.7000000000 3.6322197795 -0.2917325203 1.7332841499 0.0000000000
8.0602380990 0.7000000000 3.6319925034 -0.2975018371 1.7300673187 0.0000000000
8.0608221439 0.7000000000 3.6317309261 -0.3042223622 1.7263327995 0.0000000000
8.0614061888 0.7000000000 3.6314458056 -0.3115957642 1.7222429569 0.0000000000
8.0619902337 0.7000000000 3.6311553816 -0.3193014448 1.7179989886 0.0000000000
8.0625742785 0.7000000000 3.6308585676 -0.3274074730 1.7135693213 0.0000000000
8.0631583234 0.7000000000 3.6305617536 -0.3355135012 1.7091396540 0.0000000000
8.0637423683 0.7000000000 3.6302491547 -0.3435318221 1.7046819298 0.0000000000
8.0643264132 0.7000000000 3.6299324088 -0.3515271011 1.7002168347 0.0000000000
8.0649104581 0.7000000000 3.6296156629 -0.3595223801 1.6957517395 0.0000000000
8.0654945030 0.7000000000 3.6292979635 -0.3674690430 1.6913022768 0.0000000000
8.0660785479 0.7000000000 3.6289801035 -0.3754075166 1.6868554473 0.0000000000
8.0666625928 0.7000000000 3.6286622435 -0.3833459903 1.6824086178 0.0000000000
8.0672466377 0.7000000000 3.6282751248 -0.3927441848 1.6771008651 0.0000000000
8.0678306826 0.7000000000 3.6278638308 -0.4026519042 1.6714926017 0.0000000000
8.0684147275 0.7000000000 3.6274525369 -0.4125596236 1.6658843384 0.0000000000
8.0689987724 0.7000000000 3.6269820049 -0.4240665979 1.6593994205 0.0000000000
8.0695828172 0.7000000000 3.6264727669 -0.4366185198 1.6523416996 0.0000000000
8.0701668621 0.7000000000 3.6259621874 -0.4492260606 1.6452563656 0.0000000000
8.0707509070 0.7000000000 3.6254382503 -0.4623874625 1.6378960562 0.0000000000
8.0713349519 0.7000000000 3.6249184040 -0.4754707460 1.6305833575 0.0000000000
8.0719189968 0.7000000000 3.6244329559 -0.4878971602 1.6236709997 0.0000000000
8.0725030417 0.7000000000 3.6239531945 -0.5001937949 1.6168332999 0.0000000000
8.0730870866 0.7000000000 3.6234946804 -0.5120055160 1.6102745552 0.0000000000
8.0736711315 0.7000000000 3.6230321371 -0.5238175051 1.6036995863 0.0000000000
8.0742551764 0.7000000000 3.6225539342 -0.5356305353 1.5970615629 0.0000000000
8.0748392213 0.7000000000 3.6220760921 -0.5474927037 1.5904053268 0.0000000000
8.0754232662 0.7000000000 3.6216017852 -0.5598365406 1.5835705645 0.0000000000
8.0760073111 0.7000000000 3.6211274783 -0.5721803775 1.5767358022 0.0000000000
8.0765913560 0.7000000000 3.6206379168 -0.5851818580 1.5695769638 0.0000000000
8.0771754008 0.7000000000 3.6201481108 -0.5981938736 1.5624129340 0.0000000000
8.0777594457 0.7000000000 3.6196423349 -0.6118846909 1.5549135033 0.0000000000
8.0783434906 0.7000000000 3.6191336150 -0.6256318312 1.5473797674 0.0000000000
8.0789275355 0.7000000000 3.6185781568 -0.6399857503 1.5394163671 0.0000000000
8.0795115804 0.7000000000 3.6180207489 -0.6544791105 1.5313893915 0.0000000000
8.0800956253 0.7000000000 3.6174567835 -0.6694414575 1.5231485911 0.0000000000
8.0806796702 0.7000000000 3.6168780172 -0.6846592479 1.5147464098 0.0000000000
8.0812637151 0.7000000000 3.6162839373 -0.7001413306 1.5061772571 0.0000000000
8.0818477600 0.7000000000 3.6156781803 -0.7159331571 1.4974374983 0.0000000000
8.0824318049 0.7000000000 3.6150654898 -0.7319122097 1.4885951155 0.0000000000
8.0830158498 0.7000000000 3.6144364111 -0.7483381535 1.4795084232 0.0000000000
8.0835998947 0.7000000000 3.6137884588 -0.7651784557 1.4701804929 0.0000000000
8.0841839395 0.7000000000 3.6131276181 -0.7823281630 1.4606772472 0.0000000000
8.0847679844 0.7000000000 3.6124503412 -0.8000297177 1.4508875179 0.0000000000
8.0853520293 0.7000000000 3.6117564796 -0.8181647385 1.4408580629 0.0000000000
8.0859360742 0.7000000000 3.6110586775 -0.8366870295 1.4306579381 0.0000000000
8.0865201191 0.7000000000 3.6103746621 -0.8556997142 1.4203168028 0.0000000000
8.0871041640 0.7000000000 3.6096411649 -0.8753495966 1.4095228609 0.0000000000
8.0876882089 0.7000000000 3.6088906679 -0.8954799312 1.3984687393 0.0000000000
8.0882722538 0.7000000000 3.6081210917 -0.9161332777 1.3871290957 0.0000000000
8.0888562987 0.7000000000 3.6073230052 -0.9373584759 1.3754466704 0.0000000000
8.0894403436 0.7000000000 3.6064840828 -0.9592424859 1.3633373770 0.0000000000
8.0900243885 0.7000000000 3.6056181624 -0.9818507586 1.3508303863 0.0000000000
8.0906084334 0.7000000000 3.6047122248 -1.0051223209 1.3378980109 0.0000000000
8.0911924782 0.7000000000 3.6037799508 -1.0290265119 1.3246072386 0.0000000000
8.0917765231 0.7000000000 3.6028179900 -1.0535450553 1.3109519779 0.0000000000
8.0923605680 0.7000000000 3.6018385737 -1.0787811102 1.2969398906 0.0000000000
8.0929446129 0.7000000000 3.6008326357 -1.1048315636 1.2824959576 0.0000000000
8.0935286578 0.7000000000 3.5998005285 -1.1317391742 1.2676044844 0.0000000000
8.0941127027 0.7000000000 3.5987424088 -1.1595242688 1.2522579678 0.0000000000
8.0946967476 0.7000000000 3.5976493744 -1.1881959973 1.2364171388 0.0000000000
8.0952807925 0.7000000000 3.5965010362 -1.2177539206 1.2200006167 0.0000000000
8.0958648374 0.7000000000 3.5953341198 -1.2482809176 1.2031221520 0.0000000000
8.0964488823 0.7000000000 3.5941312817 -1.2796567516 1.1857604663 0.0000000000
8.0970329272 0.7000000000 3.5928625899 -1.3118729782 1.1677992083 0.0000000000
8.0976169721 0.7000000000 3.5915632321 -1.3448702420 1.1494028718 0.0000000000
8.0982010169 0.7000000000 3.5902319721 -1.3786091051 1.1305822865 0.0000000000
8.0987850618 0.7000000000 3.5888633441 -1.4129621499 1.1113665565 0.0000000000
8.0993691067 0.7000000000 3.5874632111 -1.4480049325 1.0917489114 0.0000000000
8.0999531516 0.7000000000 3.5859654090 -1.4838084745 1.0714362862 0.0000000000
8.1005371965 0.7000000000 3.5844368810 -1.5202268195 1.0507548362 0.0000000000
8.1011212414 0.7000000000 3.5829461337 -1.5573123755 1.0299576248 0.0000000000
8.1017052863 0.7000000000 3.5814251104 -1.5949651595 1.0088124178 0.0000000000
8.1022893312 0.7000000000 3.5799077691 -1.6332694419 0.9874213396 0.0000000000
8.1028733761 0.7000000000 3.5783186179 -1.6721922428 0.9654956145 0.0000000000
8.1034574210 0.7000000000 3.5766251471 -1.7119424038 0.9428216668 0.0000000000
8.1040414659 0.7000000000 3.5747969427 -1.7527589892 0.9191822153 0.0000000000
8.1046255108 0.7000000000 3.5730272828 -1.7955216459 0.8949985130 0.0000000000
8.1052095556 0.7000000000 3.5709865074 -1.8429419878 0.8678672743 0.0000000000
8.1057936005 0.7000000000 3.5686956501 -1.8953490468 0.8377410215 0.0000000000
8.1063776454 0.7000000000 3.5661195881 -1.9533522874 0.8042354773 0.0000000000
8.1069616903 0.7000000000 3.5629375131 -2.0236255142 0.7633978868 0.0000000000
8.1075457352 0.7000000000 3.5587567074 -2.1155530629 0.7099036443 0.0000000000
8.1081297801 0.7000000000 3.5533012930 -2.2317240411 0.6416135957 0.0000000000
8.1087138250 0.7000000000 3.5470521359 -2.3614333507 0.5647332432 0.0000000000
8.1092978699 0.7000000000 3.5401301220 -2.5009269070 0.4812477654 0.0000000000
8.1098819148 0.7000000000 3.5325664505 -2.6487359528 0.3918694608 0.0000000000
8.1104659597 0.7000000000 3.5247442155 -2.7968384643 0.3013395162 0.0000000000
8.1110500046 0.7000000000 3.5175278744 -2.9298492344 0.2192698440 0.0000000000
8.1116340495 0.7000000000 3.5109417594 -3.0493680820 0.1451178449 0.0000000000
8.1122180944 0.7000000000 3.4933100000 -3.3448750000 -0.0436119600 0.0000000000
