# logAge Mass logTe Mbol logg C/O
2.9469334560 0.5900000000 3.6420500000 0.8704750000 2.1632420116 0.0000000000
2.9581101070 0.5900000000 3.6420502905 0.8704768222 2.1632439024 0.0000000000
2.9692867581 0.5900000000 3.6420506791 0.8704790229 2.1632463373 0.0000000000
2.9804634091 0.5900000000 3.6420511585 0.8704816519 2.1632493062 0.0000000000
2.9916400602 0.5900000000 3.6420517210 0.8704847589 2.1632527992 0.0000000000
3.0028167113 0.5900000000 3.6420523593 0.8704883937 2.1632568062 0.0000000000
3.0139933624 0.5900000000 3.6420530657 0.8704926063 2.1632613171 0.0000000000
3.0251700134 0.5900000000 3.6420538330 0.8704974463 2.1632663221 0.0000000000
3.0363466644 0.5900000000 3.6420546535 0.8705029636 2.1632718110 0.0000000000
3.0475233153 0.5900000000 3.6420555198 0.8705092080 2.1632777739 0.0000000000
3.0586999661 0.5900000000 3.6420564243 0.8705162293 2.1632842008 0.0000000000
3.0698766169 0.5900000000 3.6420573597 0.8705240774 2.1632910815 0.0000000000
3.0810532674 0.5900000000 3.6420583184 0.8705328019 2.1632984062 0.0000000000
3.0922299179 0.5900000000 3.6420592930 0.8705424528 2.1633061647 0.0000000000
3.1034065681 0.5900000000 3.6420602759 0.8705530798 2.1633143471 0.0000000000
3.1145832182 0.5900000000 3.6420612597 0.8705647328 2.1633229434 0.0000000000
3.1257598681 0.5900000000 3.6420622368 0.8705774615 2.1633319435 0.0000000000
3.1369365177 0.5900000000 3.6420631999 0.8705913158 2.1633413375 0.0000000000
3.1481131672 0.5900000000 3.6420641413 0.8706063455 2.1633511152 0.0000000000
3.1592898163 0.5900000000 3.6420650537 0.8706226003 2.1633612667 0.0000000000
3.1704664652 0.5900000000 3.6420659296 0.8706401301 2.1633717821 0.0000000000
3.1816431139 0.5900000000 3.6420667614 0.8706589847 2.1633826511 0.0000000000
3.1928197622 0.5900000000 3.6420675417 0.8706792139 2.1633938639 0.0000000000
3.2039964101 0.5900000000 3.6420682630 0.8707008675 2.1634054104 0.0000000000
3.2151730578 0.5900000000 3.6420689177 0.8707239953 2.1634172807 0.0000000000
3.2263497050 0.5900000000 3.6420694985 0.8707486472 2.1634294646 0.0000000000
3.2375263519 0.5900000000 3.6420699979 0.8707748728 2.1634419522 0.0000000000
3.2487029984 0.5900000000 3.6420704166 0.8708027573 2.1634547810 0.0000000000
3.2598796441 0.5900000000 3.6420707896 0.8708325282 2.1634681814 0.0000000000
3.2710562890 0.5900000000 3.6420711603 0.8708644492 2.1634824325 0.0000000000
3.2822329326 0.5900000000 3.6420715721 0.8708987841 2.1634978138 0.0000000000
3.2934095747 0.5900000000 3.6420720685 0.8709357967 2.1635146045 0.0000000000
3.3045862150 0.5900000000 3.6420726930 0.8709757508 2.1635330838 0.0000000000
3.3157628532 0.5900000000 3.6420734888 0.8710189100 2.1635535310 0.0000000000
3.3269394892 0.5900000000 3.6420744996 0.8710655382 2.1635762254 0.0000000000
3.3381161225 0.5900000000 3.6420757687 0.8711158991 2.1636014462 0.0000000000
3.3492927530 0.5900000000 3.6420773396 0.8711702565 2.1636294728 0.0000000000
3.3604693803 0.5900000000 3.6420792558 0.8712288741 2.1636605843 0.0000000000
3.3716460041 0.5900000000 3.6420815569 0.8712920138 2.1636950446 0.0000000000
3.3828226239 0.5900000000 3.6420842386 0.8713599145 2.1637329318 0.0000000000
3.3939992389 0.5900000000 3.6420872673 0.8714327997 2.1637742007 0.0000000000
3.4051758483 0.5900000000 3.6420906089 0.8715108928 2.1638188044 0.0000000000
3.4163524513 0.5900000000 3.6420942292 0.8715944172 2.1638666955 0.0000000000
3.4275290472 0.5900000000 3.6420980942 0.8716835962 2.1639178269 0.0000000000
3.4387056352 0.5900000000 3.6421021696 0.8717786532 2.1639721515 0.0000000000
3.4498822145 0.5900000000 3.6421064214 0.8718798116 2.1640296220 0.0000000000
3.4610587843 0.5900000000 3.6421108155 0.8719872947 2.1640901914 0.0000000000
3.4722353438 0.5900000000 3.6421153176 0.8721013258 2.1641538124 0.0000000000
3.4834118923 0.5900000000 3.6421198937 0.8722221283 2.1642204378 0.0000000000
3.4945884290 0.5900000000 3.6421245158 0.8723499044 2.1642900368 0.0000000000
3.5057649527 0.5900000000 3.6421291825 0.8724847654 2.1643626476 0.0000000000
3.5169414625 0.5900000000 3.6421338992 0.8726267982 2.1644383276 0.0000000000
3.5281179571 0.5900000000 3.6421386715 0.8727760897 2.1645171336 0.0000000000
3.5392944356 0.5900000000 3.6421435051 0.8729327270 2.1645991227 0.0000000000
3.5504708967 0.5900000000 3.6421484054 0.8730967970 2.1646843521 0.0000000000
3.5616473394 0.5900000000 3.6421533781 0.8732683866 2.1647728788 0.0000000000
3.5728237626 0.5900000000 3.6421584288 0.8734475828 2.1648647599 0.0000000000
3.5840001652 0.5900000000 3.6421635629 0.8736344725 2.1649600524 0.0000000000
3.5951765461 0.5900000000 3.6421687862 0.8738291427 2.1650588134 0.0000000000
3.6063529042 0.5900000000 3.6421741051 0.8740316457 2.1651610905 0.0000000000
3.6175292398 0.5900000000 3.6421795354 0.8742417523 2.1652668542 0.0000000000
3.6287055532 0.5900000000 3.6421850968 0.8744590959 2.1653760374 0.0000000000
3.6398818452 0.5900000000 3.6421908094 0.8746833090 2.1654885726 0.0000000000
3.6510581162 0.5900000000 3.6421966928 0.8749140242 2.1656043927 0.0000000000
3.6622343668 0.5900000000 3.6422027672 0.8751508740 2.1657234301 0.0000000000
3.6734105976 0.5900000000 3.6422090524 0.8753934911 2.1658456175 0.0000000000
3.6845868092 0.5900000000 3.6422155682 0.8756415079 2.1659708876 0.0000000000
3.6957630020 0.5900000000 3.6422223346 0.8758945570 2.1660991730 0.0000000000
3.7069391768 0.5900000000 3.6422293716 0.8761522710 2.1662304064 0.0000000000
3.7181153346 0.5900000000 3.6422366856 0.8764141621 2.1663644189 0.0000000000
3.7292914797 0.5900000000 3.6422442138 0.8766791166 2.1665005136 0.0000000000
3.7404676177 0.5900000000 3.6422518708 0.8769458178 2.1666378222 0.0000000000
3.7516437537 0.5900000000 3.6422595713 0.8772129488 2.1667754764 0.0000000000
3.7628198933 0.5900000000 3.6422672298 0.8774791928 2.1669126078 0.0000000000
3.7739960418 0.5900000000 3.6422747609 0.8777432328 2.1670483482 0.0000000000
3.7851722046 0.5900000000 3.6422820792 0.8780037521 2.1671818292 0.0000000000
3.7963483870 0.5900000000 3.6422890993 0.8782594338 2.1673121825 0.0000000000
3.8075245945 0.5900000000 3.6422957359 0.8785089610 2.1674385398 0.0000000000
3.8187008323 0.5900000000 3.6423019039 0.8787510155 2.1675600334 0.0000000000
3.8298771044 0.5900000000 3.6423075389 0.8789841905 2.1676758433 0.0000000000
3.8410534123 0.5900000000 3.6423126102 0.8792069356 2.1677852267 0.0000000000
3.8522297574 0.5900000000 3.6423170903 0.8794176873 2.1678874476 0.0000000000
3.8634061408 0.5900000000 3.6423209514 0.8796148824 2.1679817700 0.0000000000
3.8745825640 0.5900000000 3.6423241659 0.8797969573 2.1680674580 0.0000000000
3.8857590283 0.5900000000 3.6423267061 0.8799623488 2.1681437757 0.0000000000
3.8969355349 0.5900000000 3.6423285445 0.8801094934 2.1682099871 0.0000000000
3.9081120852 0.5900000000 3.6423296534 0.8802368277 2.1682653563 0.0000000000
3.9192886805 0.5900000000 3.6423300051 0.8803427883 2.1683091473 0.0000000000
3.9304653202 0.5900000000 3.6423295701 0.8804258424 2.1683406290 0.0000000000
3.9416419937 0.5900000000 3.6423283094 0.8804846113 2.1683590940 0.0000000000
3.9528186874 0.5900000000 3.6423261812 0.8805177647 2.1683638423 0.0000000000
3.9639953879 0.5900000000 3.6423231434 0.8805239723 2.1683541740 0.0000000000
3.9751720814 0.5900000000 3.6423191541 0.8805019038 2.1683293894 0.0000000000
3.9863487544 0.5900000000 3.6423141713 0.8804502291 2.1682887885 0.0000000000
3.9975253932 0.5900000000 3.6423081532 0.8803676177 2.1682316714 0.0000000000
4.0087019843 0.5900000000 3.6423010577 0.8802527396 2.1681573382 0.0000000000
4.0198785141 0.5900000000 3.6422928429 0.8801042643 2.1680650891 0.0000000000
4.0310549686 0.5900000000 3.6422834702 0.8799209358 2.1679542667 0.0000000000
4.0422313301 0.5900000000 3.6422729361 0.8797023112 2.1678246806 0.0000000000
4.0534075783 0.5900000000 3.6422612593 0.8794484492 2.1676764287 0.0000000000
4.0645836930 0.5900000000 3.6422484587 0.8791594162 2.1675096128 0.0000000000
4.0757596539 0.5900000000 3.6422345530 0.8788352782 2.1673243350 0.0000000000
4.0869354409 0.5900000000 3.6422195613 0.8784761016 2.1671206973 0.0000000000
4.0981110337 0.5900000000 3.6422035022 0.8780819526 2.1668988017 0.0000000000
4.1092864121 0.5900000000 3.6421863949 0.8776528975 2.1666587501 0.0000000000
4.1204615559 0.5900000000 3.6421682580 0.8771890025 2.1664006446 0.0000000000
4.1316364456 0.5900000000 3.6421491107 0.8766903919 2.1661246113 0.0000000000
4.1428110765 0.5900000000 3.6421289758 0.8761582061 2.1658311972 0.0000000000
4.1539854561 0.5900000000 3.6421078790 0.8755944483 2.1655213069 0.0000000000
4.1651595923 0.5900000000 3.6420858463 0.8750011495 2.1651958566 0.0000000000
4.1763334932 0.5900000000 3.6420629036 0.8743803405 2.1648557623 0.0000000000
4.1875071665 0.5900000000 3.6420390769 0.8737340521 2.1645019400 0.0000000000
4.1986806204 0.5900000000 3.6420143920 0.8730643152 2.1641353059 0.0000000000
4.2098538628 0.5900000000 3.6419888750 0.8723731607 2.1637567760 0.0000000000
4.2210269015 0.5900000000 3.6419625517 0.8716626195 2.1633672663 0.0000000000
4.2321997453 0.5900000000 3.6419354524 0.8709347446 2.1629677190 0.0000000000
4.2433724163 0.5900000000 3.6419076917 0.8701920280 2.1625595896 0.0000000000
4.2545449492 0.5900000000 3.6418794617 0.8694373643 2.1621448042 0.0000000000
4.2657173792 0.5900000000 3.6418509574 0.8686736628 2.1617253064 0.0000000000
4.2768897413 0.5900000000 3.6418223738 0.8679038329 2.1613030399 0.0000000000
4.2880620707 0.5900000000 3.6417939057 0.8671307838 2.1608799481 0.0000000000
4.2992344025 0.5900000000 3.6417657483 0.8663574249 2.1604579748 0.0000000000
4.3104067718 0.5900000000 3.6417380964 0.8655866657 2.1600390634 0.0000000000
4.3215792138 0.5900000000 3.6417111450 0.8648214153 2.1596251577 0.0000000000
4.3327517631 0.5900000000 3.6416850838 0.8640645950 2.1592181850 0.0000000000
4.3439244489 0.5900000000 3.6416600177 0.8633193198 2.1588198102 0.0000000000
4.3550972952 0.5900000000 3.6416359814 0.8625888632 2.1584314827 0.0000000000
4.3662703264 0.5900000000 3.6416130082 0.8618765035 2.1580546459 0.0000000000
4.3774435665 0.5900000000 3.6415911309 0.8611855190 2.1576907429 0.0000000000
4.3886170396 0.5900000000 3.6415703826 0.8605191879 2.1573412170 0.0000000000
4.3997907699 0.5900000000 3.6415507961 0.8598807883 2.1570075115 0.0000000000
4.4109647814 0.5900000000 3.6415324046 0.8592735987 2.1566910697 0.0000000000
4.4221390984 0.5900000000 3.6415152411 0.8587008971 2.1563933348 0.0000000000
4.4333137423 0.5900000000 3.6414993380 0.8581658369 2.1561156985 0.0000000000
4.4444887048 0.5900000000 3.6414847239 0.8576701829 2.1558589805 0.0000000000
4.4556639594 0.5900000000 3.6414714246 0.8572148331 2.1556236434 0.0000000000
4.4668394789 0.5900000000 3.6414594659 0.8568006729 2.1554101444 0.0000000000
4.4780152366 0.5900000000 3.6414488735 0.8564285871 2.1552189406 0.0000000000
4.4891912054 0.5900000000 3.6414396733 0.8560994611 2.1550504893 0.0000000000
4.5003673584 0.5900000000 3.6414318910 0.8558141798 2.1549052476 0.0000000000
4.5115436685 0.5900000000 3.6414255524 0.8555736284 2.1547836727 0.0000000000
4.5227201089 0.5900000000 3.6414206834 0.8553786920 2.1546862219 0.0000000000
4.5338966529 0.5900000000 3.6414173037 0.8552299905 2.1546132226 0.0000000000
4.5450732764 0.5900000000 3.6414153936 0.8551263576 2.1545641290 0.0000000000
4.5562499563 0.5900000000 3.6414149169 0.8550658892 2.1545380348 0.0000000000
4.5674266692 0.5900000000 3.6414158373 0.8550466789 2.1545340324 0.0000000000
4.5786033922 0.5900000000 3.6414181186 0.8550668205 2.1545512142 0.0000000000
4.5897801020 0.5900000000 3.6414217245 0.8551244074 2.1545886725 0.0000000000
4.6009567755 0.5900000000 3.6414266187 0.8552175335 2.1546455000 0.0000000000
4.6121333896 0.5900000000 3.6414327651 0.8553442923 2.1547207888 0.0000000000
4.6233099210 0.5900000000 3.6414401273 0.8555027774 2.1548136316 0.0000000000
4.6344863521 0.5900000000 3.6414486517 0.8556909537 2.1549230000 0.0000000000
4.6456626857 0.5900000000 3.6414582189 0.8559062946 2.1550474052 0.0000000000
4.6568389298 0.5900000000 3.6414686936 0.8561461566 2.1551852487 0.0000000000
4.6680150922 0.5900000000 3.6414799405 0.8564078962 2.1553349321 0.0000000000
4.6791911807 0.5900000000 3.6414918243 0.8566888698 2.1554948569 0.0000000000
4.6903672032 0.5900000000 3.6415042099 0.8569864339 2.1556634246 0.0000000000
4.7015431676 0.5900000000 3.6415169618 0.8572979449 2.1558390368 0.0000000000
4.7127190817 0.5900000000 3.6415299449 0.8576207592 2.1560200951 0.0000000000
4.7238949534 0.5900000000 3.6415430242 0.8579522348 2.1562050022 0.0000000000
4.7350707912 0.5900000000 3.6415560936 0.8582899189 2.1563923536 0.0000000000
4.7462466052 0.5900000000 3.6415691071 0.8586317476 2.1565811391 0.0000000000
4.7574224057 0.5900000000 3.6415820258 0.8589757040 2.1567703964 0.0000000000
4.7685982028 0.5900000000 3.6415948108 0.8593197716 2.1569591635 0.0000000000
4.7797740067 0.5900000000 3.6416074233 0.8596619336 2.1571464782 0.0000000000
4.7909498277 0.5900000000 3.6416198243 0.8600001734 2.1573313783 0.0000000000
4.8021256759 0.5900000000 3.6416319751 0.8603324742 2.1575129018 0.0000000000
4.8133015617 0.5900000000 3.6416438368 0.8606568194 2.1576900865 0.0000000000
4.8244774949 0.5900000000 3.6416553715 0.8609712311 2.1578619900 0.0000000000
4.8356534796 0.5900000000 3.6416665699 0.8612747640 2.1580281968 0.0000000000
4.8468295131 0.5900000000 3.6416774535 0.8615675915 2.1581888621 0.0000000000
4.8580055923 0.5900000000 3.6416880451 0.8618499431 2.1583441693 0.0000000000
4.8691817145 0.5900000000 3.6416983678 0.8621220482 2.1584943023 0.0000000000
4.8803578766 0.5900000000 3.6417084446 0.8623841362 2.1586394446 0.0000000000
4.8915340757 0.5900000000 3.6417182984 0.8626364363 2.1587797800 0.0000000000
4.9027103088 0.5900000000 3.6417279523 0.8628791780 2.1589154919 0.0000000000
4.9138865730 0.5900000000 3.6417374291 0.8631125908 2.1590467642 0.0000000000
4.9250628654 0.5900000000 3.6417467469 0.8633369144 2.1591737649 0.0000000000
4.9362391839 0.5900000000 3.6417558772 0.8635524875 2.1592965156 0.0000000000
4.9474155268 0.5900000000 3.6417647661 0.8637597031 2.1594149571 0.0000000000
4.9585918926 0.5900000000 3.6417733590 0.8639589550 2.1595290295 0.0000000000
4.9697682796 0.5900000000 3.6417816016 0.8641506367 2.1596386728 0.0000000000
4.9809446861 0.5900000000 3.6417894397 0.8643351417 2.1597438271 0.0000000000
4.9921211106 0.5900000000 3.6417968188 0.8645128638 2.1598444324 0.0000000000
5.0032975513 0.5900000000 3.6418036846 0.8646841966 2.1599404288 0.0000000000
5.0144740067 0.5900000000 3.6418099828 0.8648495336 2.1600317563 0.0000000000
5.0256504751 0.5900000000 3.6418156850 0.8650092359 2.1601184459 0.0000000000
5.0368269558 0.5900000000 3.6418208678 0.8651635330 2.1602008961 0.0000000000
5.0480034479 0.5900000000 3.6418256344 0.8653126212 2.1602795979 0.0000000000
5.0591799507 0.5900000000 3.6418300880 0.8654566967 2.1603550422 0.0000000000
5.0703564633 0.5900000000 3.6418343315 0.8655959561 2.1604277201 0.0000000000
5.0815329849 0.5900000000 3.6418384682 0.8657305954 2.1604981226 0.0000000000
5.0927095149 0.5900000000 3.6418426011 0.8658608112 2.1605667406 0.0000000000
5.1038860523 0.5900000000 3.6418468335 0.8659867996 2.1606340653 0.0000000000
5.1150625964 0.5900000000 3.6418512676 0.8661087561 2.1607005844 0.0000000000
5.1262391468 0.5900000000 3.6418559422 0.8662267892 2.1607664962 0.0000000000
5.1374157034 0.5900000000 3.6418607822 0.8663408520 2.1608314812 0.0000000000
5.1485922665 0.5900000000 3.6418657004 0.8664508816 2.1608951659 0.0000000000
5.1597688360 0.5900000000 3.6418706098 0.8665568149 2.1609571769 0.0000000000
5.1709454122 0.5900000000 3.6418754234 0.8666585890 2.1610171409 0.0000000000
5.1821219952 0.5900000000 3.6418800541 0.8667561408 2.1610746844 0.0000000000
5.1932985849 0.5900000000 3.6418844149 0.8668494073 2.1611294340 0.0000000000
5.2044751817 0.5900000000 3.6418884186 0.8669383257 2.1611810165 0.0000000000
5.2156517855 0.5900000000 3.6418919818 0.8670228301 2.1612290709 0.0000000000
5.2268283962 0.5900000000 3.6418950783 0.8671028110 2.1612734494 0.0000000000
5.2380050131 0.5900000000 3.6418977299 0.8671781222 2.1613141800 0.0000000000
5.2491816360 0.5900000000 3.6418999594 0.8672486164 2.1613512958 0.0000000000
5.2603582642 0.5900000000 3.6419017900 0.8673141463 2.1613848302 0.0000000000
5.2715348973 0.5900000000 3.6419032447 0.8673745647 2.1614148164 0.0000000000
5.2827115347 0.5900000000 3.6419043466 0.8674297243 2.1614412877 0.0000000000
5.2938881760 0.5900000000 3.6419051186 0.8674794778 2.1614642773 0.0000000000
5.3050648207 0.5900000000 3.6419055839 0.8675236780 2.1614838186 0.0000000000
5.3162414683 0.5900000000 3.6419057655 0.8675621777 2.1614999448 0.0000000000
5.3274181182 0.5900000000 3.6419056864 0.8675948295 2.1615126892 0.0000000000
5.3385947701 0.5900000000 3.6419053697 0.8676214861 2.1615220850 0.0000000000
5.3497714233 0.5900000000 3.6419048384 0.8676420004 2.1615281655 0.0000000000
5.3609480775 0.5900000000 3.6419041156 0.8676562251 2.1615309641 0.0000000000
5.3721247320 0.5900000000 3.6419032243 0.8676640128 2.1615305138 0.0000000000
5.3833013865 0.5900000000 3.6419021875 0.8676652164 2.1615268481 0.0000000000
5.3944780403 0.5900000000 3.6419010283 0.8676596885 2.1615200002 0.0000000000
5.4056546931 0.5900000000 3.6418997697 0.8676472820 2.1615100031 0.0000000000
5.4168313442 0.5900000000 3.6418984142 0.8676278684 2.1614968157 0.0000000000
5.4280079929 0.5900000000 3.6418969160 0.8676013641 2.1614802211 0.0000000000
5.4391846384 0.5900000000 3.6418952221 0.8675676916 2.1614599769 0.0000000000
5.4503612797 0.5900000000 3.6418932798 0.8675267738 2.1614358405 0.0000000000
5.4615379162 0.5900000000 3.6418910361 0.8674785334 2.1614075695 0.0000000000
5.4727145471 0.5900000000 3.6418884382 0.8674228930 2.1613749215 0.0000000000
5.4838911714 0.5900000000 3.6418854330 0.8673597754 2.1613376539 0.0000000000
5.4950677885 0.5900000000 3.6418819679 0.8672891033 2.1612955244 0.0000000000
5.5062443975 0.5900000000 3.6418779917 0.8672108001 2.1612482983 0.0000000000
5.5174209974 0.5900000000 3.6418734998 0.8671248052 2.1611959331 0.0000000000
5.5285975874 0.5900000000 3.6418685356 0.8670310745 2.1611385839 0.0000000000
5.5397741664 0.5900000000 3.6418631444 0.8669295646 2.1610764150 0.0000000000
5.5509507334 0.5900000000 3.6418573715 0.8668202324 2.1610095907 0.0000000000
5.5621272874 0.5900000000 3.6418512624 0.8667030345 2.1609382752 0.0000000000
5.5733038275 0.5900000000 3.6418448626 0.8665779276 2.1608626329 0.0000000000
5.5844803526 0.5900000000 3.6418382173 0.8664448683 2.1607828280 0.0000000000
5.5956568618 0.5900000000 3.6418313719 0.8663038134 2.1606990248 0.0000000000
5.6068333540 0.5900000000 3.6418243649 0.8661547246 2.1606113610 0.0000000000
5.6180098284 0.5900000000 3.6418171821 0.8659976015 2.1605197806 0.0000000000
5.6291862842 0.5900000000 3.6418097863 0.8658324603 2.1604241409 0.0000000000
5.6403627206 0.5900000000 3.6418021401 0.8656593172 2.1603242990 0.0000000000
5.6515391366 0.5900000000 3.6417942062 0.8654781886 2.1602201118 0.0000000000
5.6627155316 0.5900000000 3.6417859471 0.8652890906 2.1601114365 0.0000000000
5.6738919046 0.5900000000 3.6417773256 0.8650920397 2.1599981300 0.0000000000
5.6850682549 0.5900000000 3.6417683042 0.8648870521 2.1598800493 0.0000000000
5.6962445816 0.5900000000 3.6417588456 0.8646741440 2.1597570516 0.0000000000
5.7074208836 0.5900000000 3.6417489239 0.8644532685 2.1596290148 0.0000000000
5.7185971590 0.5900000000 3.6417385459 0.8642242016 2.1594958759 0.0000000000
5.7297734055 0.5900000000 3.6417277237 0.8639866884 2.1593575818 0.0000000000
5.7409496211 0.5900000000 3.6417164697 0.8637404741 2.1592140799 0.0000000000
5.7521258037 0.5900000000 3.6417047960 0.8634853037 2.1590653171 0.0000000000
5.7633019511 0.5900000000 3.6416927150 0.8632209224 2.1589112407 0.0000000000
5.7744780612 0.5900000000 3.6416802390 0.8629470753 2.1587517977 0.0000000000
5.7856541319 0.5900000000 3.6416673802 0.8626635075 2.1585869353 0.0000000000
5.7968301611 0.5900000000 3.6416541505 0.8623699690 2.1584166012 0.0000000000
5.8080061471 0.5900000000 3.6416405513 0.8620663585 2.1582407602 0.0000000000
5.8191820889 0.5900000000 3.6416265715 0.8617527498 2.1580593975 0.0000000000
5.8303579854 0.5900000000 3.6416121993 0.8614292267 2.1578724994 0.0000000000
5.8415338356 0.5900000000 3.6415974229 0.8610958728 2.1576800522 0.0000000000
5.8527096385 0.5900000000 3.6415822304 0.8607527718 2.1574820421 0.0000000000
5.8638853929 0.5900000000 3.6415666102 0.8604000074 2.1572784554 0.0000000000
5.8750610978 0.5900000000 3.6415505504 0.8600376634 2.1570692784 0.0000000000
5.8862367522 0.5900000000 3.6415340391 0.8596658234 2.1568544974 0.0000000000
5.8974123551 0.5900000000 3.6415170681 0.8592845590 2.1566341074 0.0000000000
5.9085879047 0.5900000000 3.6414996575 0.8588938387 2.1564081771 0.0000000000
5.9197633995 0.5900000000 3.6414818421 0.8584935797 2.1561768119 0.0000000000
5.9309388376 0.5900000000 3.6414636567 0.8580836985 2.1559401178 0.0000000000
5.9421142172 0.5900000000 3.6414451360 0.8576641119 2.1556982005 0.0000000000
5.9532895367 0.5900000000 3.6414263149 0.8572347365 2.1554511659 0.0000000000
5.9644647941 0.5900000000 3.6414072281 0.8567954890 2.1551991198 0.0000000000
5.9756399879 0.5900000000 3.6413879105 0.8563462860 2.1549421681 0.0000000000
5.9868151162 0.5900000000 3.6413683968 0.8558870442 2.1546804165 0.0000000000
5.9979901773 0.5900000000 3.6413487070 0.8554177024 2.1544139205 0.0000000000
6.0091651698 0.5900000000 3.6413288147 0.8549382687 2.1541425778 0.0000000000
6.0203400921 0.5900000000 3.6413086844 0.8544487647 2.1538662551 0.0000000000
6.0315149429 0.5900000000 3.6412882807 0.8539492121 2.1535848192 0.0000000000
6.0426897208 0.5900000000 3.6412675681 0.8534396326 2.1532981369 0.0000000000
6.0538644242 0.5900000000 3.6412465111 0.8529200477 2.1530060751 0.0000000000
6.0650390518 0.5900000000 3.6412250743 0.8523904792 2.1527085004 0.0000000000
6.0762136020 0.5900000000 3.6412032222 0.8518509486 2.1524052797 0.0000000000
6.0873880735 0.5900000000 3.6411809198 0.8513014799 2.1520962829 0.0000000000
6.0985624658 0.5900000000 3.6411581535 0.8507421819 2.1517814985 0.0000000000
6.1097367795 0.5900000000 3.6411349367 0.8501732724 2.1514610673 0.0000000000
6.1209110153 0.5900000000 3.6411112845 0.8495949761 2.1511351400 0.0000000000
6.1320851738 0.5900000000 3.6410872121 0.8490075181 2.1508038672 0.0000000000
6.1432592558 0.5900000000 3.6410627347 0.8484111233 2.1504673998 0.0000000000
6.1544332619 0.5900000000 3.6410378676 0.8478060165 2.1501258885 0.0000000000
6.1656071928 0.5900000000 3.6410126258 0.8471924227 2.1497794839 0.0000000000
6.1767810494 0.5900000000 3.6409870246 0.8465705667 2.1494283368 0.0000000000
6.1879548323 0.5900000000 3.6409610825 0.8459406884 2.1490726171 0.0000000000
6.1991285446 0.5900000000 3.6409348490 0.8453031677 2.1487126746 0.0000000000
6.2103021901 0.5900000000 3.6409083904 0.8446584608 2.1483489576 0.0000000000
6.2214757729 0.5900000000 3.6408817734 0.8440070251 2.1479819154 0.0000000000
6.2326492969 0.5900000000 3.6408550646 0.8433493176 2.1476119971 0.0000000000
6.2438227660 0.5900000000 3.6408283306 0.8426857955 2.1472396521 0.0000000000
6.2549961843 0.5900000000 3.6408016379 0.8420169159 2.1468653296 0.0000000000
6.2661695557 0.5900000000 3.6407750532 0.8413431361 2.1464894787 0.0000000000
6.2773428841 0.5900000000 3.6407486430 0.8406649132 2.1461125489 0.0000000000
6.2885161736 0.5900000000 3.6407224603 0.8399826997 2.1457349327 0.0000000000
6.2996894283 0.5900000000 3.6406965113 0.8392969321 2.1453568295 0.0000000000
6.3108626527 0.5900000000 3.6406707920 0.8386080435 2.1449783969 0.0000000000
6.3220358509 0.5900000000 3.6406452985 0.8379164671 2.1445997927 0.0000000000
6.3332090271 0.5900000000 3.6406200271 0.8372226358 2.1442211745 0.0000000000
6.3443821858 0.5900000000 3.6405949738 0.8365269829 2.1438427002 0.0000000000
6.3555553311 0.5900000000 3.6405701348 0.8358299414 2.1434645274 0.0000000000
6.3667284673 0.5900000000 3.6405455061 0.8351319444 2.1430868139 0.0000000000
6.3779015993 0.5900000000 3.6405210894 0.8344334883 2.1427097646 0.0000000000
6.3890747372 0.5900000000 3.6404969302 0.8337355760 2.1423339629 0.0000000000
6.4002478935 0.5900000000 3.6404730951 0.8330394536 2.1419601736 0.0000000000
6.4114210810 0.5900000000 3.6404496509 0.8323463688 2.1415891627 0.0000000000
6.4225943120 0.5900000000 3.6404266642 0.8316575693 2.1412216963 0.0000000000
6.4337675993 0.5900000000 3.6404042020 0.8309743027 2.1408585406 0.0000000000
6.4449409554 0.5900000000 3.6403823308 0.8302978168 2.1405004615 0.0000000000
6.4561143928 0.5900000000 3.6403611357 0.8296293942 2.1401483122 0.0000000000
6.4672879234 0.5900000000 3.6403408033 0.8289705117 2.1398034294 0.0000000000
6.4784615589 0.5900000000 3.6403215549 0.8283227128 2.1394673164 0.0000000000
6.4896353110 0.5900000000 3.6403036121 0.8276875414 2.1391414767 0.0000000000
6.5008091915 0.5900000000 3.6402871964 0.8270665410 2.1388274138 0.0000000000
6.5119832121 0.5900000000 3.6402725293 0.8264612555 2.1385266312 0.0000000000
6.5231573834 0.5900000000 3.6402597809 0.8258731640 2.1382404007 0.0000000000
6.5343317092 0.5900000000 3.6402487564 0.8253032880 2.1379683526 0.0000000000
6.5455061898 0.5900000000 3.6402391039 0.8247524513 2.1377094079 0.0000000000
6.5566808259 0.5900000000 3.6402304706 0.8242214769 2.1374624847 0.0000000000
6.5678556180 0.5900000000 3.6402225036 0.8237111879 2.1372265013 0.0000000000
6.5790305667 0.5900000000 3.6402149108 0.8232224730 2.1370006440 0.0000000000
6.5902056745 0.5900000000 3.6402080816 0.8227569621 2.1367871230 0.0000000000
6.6013809452 0.5900000000 3.6402028357 0.8223167524 2.1365900553 0.0000000000
6.6125563823 0.5900000000 3.6401999992 0.8219039487 2.1364135881 0.0000000000
6.6237319895 0.5900000000 3.6402003963 0.8215206553 2.1362618588 0.0000000000
6.6349077664 0.5900000000 3.6402044261 0.8211689414 2.1361372928 0.0000000000
6.6460837033 0.5900000000 3.6402115769 0.8208508008 2.1360386396 0.0000000000
6.6572597898 0.5900000000 3.6402212186 0.8205682174 2.1359641729 0.0000000000
6.6684360150 0.5900000000 3.6402327230 0.8203231696 2.1359121716 0.0000000000
6.6796123645 0.5900000000 3.6402457522 0.8201167623 2.1358817255 0.0000000000
6.6907888149 0.5900000000 3.6402605713 0.8199482837 2.1358736104 0.0000000000
6.7019653424 0.5900000000 3.6402775206 0.8198167960 2.1358888124 0.0000000000
6.7131419227 0.5900000000 3.6402969381 0.8197213711 2.1359283125 0.0000000000
6.7243185346 0.5900000000 3.6403190347 0.8196616513 2.1359928108 0.0000000000
6.7354951612 0.5900000000 3.6403438282 0.8196381427 2.1360825816 0.0000000000
6.7466717857 0.5900000000 3.6403713207 0.8196514231 2.1361978637 0.0000000000
6.7578483886 0.5900000000 3.6404015438 0.8197024882 2.1363391822 0.0000000000
6.7690249403 0.5900000000 3.6404346330 0.8197937900 2.1365080596 0.0000000000
6.7802014092 0.5900000000 3.6404707462 0.8199280978 2.1367062357 0.0000000000
6.7913777671 0.5900000000 3.6405099245 0.8201069641 2.1369344954 0.0000000000
6.8025540003 0.5900000000 3.6405517676 0.8203273559 2.1371900244 0.0000000000
6.8137300979 0.5900000000 3.6405957717 0.8205851610 2.1374691629 0.0000000000
6.8249060492 0.5900000000 3.6406417871 0.8208770071 2.1377699628 0.0000000000
6.8360818428 0.5900000000 3.6406906308 0.8212015425 2.1380951520 0.0000000000
6.8472574667 0.5900000000 3.6407432595 0.8215578190 2.1384481772 0.0000000000
6.8584328970 0.5900000000 3.6407998399 0.8219468630 2.1388301163 0.0000000000
6.8696080952 0.5900000000 3.6408595960 0.8223720594 2.1392392195 0.0000000000
6.8807830383 0.5900000000 3.6409216917 0.8228348770 2.1396727293 0.0000000000
6.8919577690 0.5900000000 3.6409852700 0.8233284043 2.1401244535 0.0000000000
6.9031323391 0.5900000000 3.6410496068 0.8238444772 2.1405882296 0.0000000000
6.9143066871 0.5900000000 3.6411159288 0.8243874447 2.1410707047 0.0000000000
6.9254806706 0.5900000000 3.6411868514 0.8249706130 2.1415876624 0.0000000000
6.9366542959 0.5900000000 3.6412623081 0.8255926031 2.1421382852 0.0000000000
6.9478277797 0.5900000000 3.6413384306 0.8262311657 2.1426982001 0.0000000000
6.9590011621 0.5900000000 3.6414144627 0.8268803281 2.1432619937 0.0000000000
6.9701741070 0.5900000000 3.6414962864 0.8275690586 2.1438647806 0.0000000000
6.9813464997 0.5900000000 3.6415851469 0.8283076544 2.1445156609 0.0000000000
6.9925186600 0.5900000000 3.6416734858 0.8290691888 2.1451736302 0.0000000000
7.0036906870 0.5900000000 3.6417598076 0.8298434064 2.1458286048 0.0000000000
7.0148623430 0.5900000000 3.6418514918 0.8306461786 2.1465164501 0.0000000000
7.0260336751 0.5900000000 3.6419482427 0.8314736966 2.1472344609 0.0000000000
7.0372049211 0.5900000000 3.6420434224 0.8323094561 2.1479494839 0.0000000000
7.0483758618 0.5900000000 3.6421357463 0.8331723647 2.1486639428 0.0000000000
7.0595461469 0.5900000000 3.6422282289 0.8340871486 2.1493997867 0.0000000000
7.0707155036 0.5900000000 3.6423276575 0.8350651111 2.1501886860 0.0000000000
7.0818840477 0.5900000000 3.6424323040 0.8360968005 2.1510199480 0.0000000000
7.0930521685 0.5900000000 3.6425356413 0.8371578134 2.1518577023 0.0000000000
7.1042195802 0.5900000000 3.6426546308 0.8382533790 2.1527718863 0.0000000000
7.1153862824 0.5900000000 3.6427897964 0.8393830117 2.1537644020 0.0000000000
7.1265525781 0.5900000000 3.6429197112 0.8405410887 2.1547472921 0.0000000000
7.1377179226 0.5900000000 3.6430437970 0.8417583303 2.1557305319 0.0000000000
7.1488825775 0.5900000000 3.6431696519 0.8430140874 2.1567362542 0.0000000000
7.1600468373 0.5900000000 3.6433016008 0.8442873126 2.1577733400 0.0000000000
7.1712103027 0.5900000000 3.6434370802 0.8456012250 2.1588408223 0.0000000000
7.1823731273 0.5900000000 3.6435791663 0.8469447772 2.1599465876 0.0000000000
7.1935345660 0.5900000000 3.6437271212 0.8483540126 2.1611021014 0.0000000000
7.2046957371 0.5900000000 3.6438756498 0.8497767245 2.1622653005 0.0000000000
7.2158564938 0.5900000000 3.6440267707 0.8512171634 2.1634459599 0.0000000000
7.2270157222 0.5900000000 3.6441839227 0.8527267742 2.1646784123 0.0000000000
7.2381752325 0.5900000000 3.6443421935 0.8542220851 2.1659096199 0.0000000000
7.2493349681 0.5900000000 3.6445049436 0.8557038961 2.1671533446 0.0000000000
7.2604921897 0.5900000000 3.6446766397 0.8572940420 2.1684761871 0.0000000000
7.2716476152 0.5900000000 3.6448587061 0.8589539219 2.1698684047 0.0000000000
7.2828052669 0.5900000000 3.6450359106 0.8605213718 2.1712042026 0.0000000000
7.2939620134 0.5900000000 3.6452280933 0.8621171760 2.1726112554 0.0000000000
7.3051145255 0.5900000000 3.6454306893 0.8638814632 2.1741273542 0.0000000000
7.3162649842 0.5900000000 3.6456228201 0.8657318432 2.1756360293 0.0000000000
7.3274135476 0.5900000000 3.6458325718 0.8676408432 2.1772386361 0.0000000000
7.3385607238 0.5900000000 3.6460398971 0.8696015867 2.1788522348 0.0000000000
7.3497049915 0.5900000000 3.6462639363 0.8716516598 2.1805684207 0.0000000000
7.3608494948 0.5900000000 3.6464805290 0.8736989382 2.1822537029 0.0000000000
7.3719907318 0.5900000000 3.6467184584 0.8758406122 2.1840620902 0.0000000000
7.3831302749 0.5900000000 3.6469556815 0.8780366112 2.1858893821 0.0000000000
7.3942678162 0.5900000000 3.6471990418 0.8802914548 2.1877647607 0.0000000000
7.4054069215 0.5900000000 3.6474496189 0.8824920347 2.1896473011 0.0000000000
7.4165449493 0.5900000000 3.6476982105 0.8847267965 2.1915355724 0.0000000000
7.4276752947 0.5900000000 3.6479675398 0.8871771789 2.1935930424 0.0000000000
7.4388032569 0.5900000000 3.6482404945 0.8896914516 2.1956905704 0.0000000000
7.4499308055 0.5900000000 3.6485117269 0.8922181534 2.1977861805 0.0000000000
7.4610575453 0.5900000000 3.6488009052 0.8947536966 2.1999571111 0.0000000000
7.4721789407 0.5900000000 3.6490851600 0.8974362001 2.2021671316 0.0000000000
7.4832967553 0.5900000000 3.6493871551 0.9001980434 2.2044798495 0.0000000000
7.4944154392 0.5900000000 3.6496935474 0.9029342396 2.2067998970 0.0000000000
7.5055296901 0.5900000000 3.6500053543 0.9057776564 2.2091844916 0.0000000000
7.5166401946 0.5900000000 3.6503050062 0.9087191022 2.2115596772 0.0000000000
7.5277512778 0.5900000000 3.6505972163 0.9116514660 2.2139014630 0.0000000000
7.5388590288 0.5900000000 3.6508996915 0.9146555260 2.2163129879 0.0000000000
7.5499610973 0.5900000000 3.6512425801 0.9177611082 2.2189267753 0.0000000000
7.5610637326 0.5900000000 3.6515978768 0.9208454818 2.2215817116 0.0000000000
7.5721615610 0.5900000000 3.6519566300 0.9240342127 2.2242922168 0.0000000000
7.5832531629 0.5900000000 3.6523177602 0.9273536644 2.2270645181 0.0000000000
7.5943454569 0.5900000000 3.6526854078 0.9306542211 2.2298553312 0.0000000000
7.6054294395 0.5900000000 3.6530683113 0.9341147388 2.2327711523 0.0000000000
7.6165112191 0.5900000000 3.6534661545 0.9376088006 2.2357601498 0.0000000000
7.6275961908 0.5900000000 3.6538647349 0.9410359522 2.2387253320 0.0000000000
7.6386745490 0.5900000000 3.6542733199 0.9445874671 2.2417802783 0.0000000000
7.6497447175 0.5900000000 3.6547035511 0.9482798986 2.2449781755 0.0000000000
7.6608202388 0.5900000000 3.6551218536 0.9518728708 2.2480885743 0.0000000000
7.6718978200 0.5900000000 3.6555462682 0.9554295172 2.2512088913 0.0000000000
7.6829609699 0.5900000000 3.6559876787 0.9592467521 2.2545014273 0.0000000000
7.6940589315 0.5900000000 3.6564034799 0.9623815333 2.2574185444 0.0000000000
7.7051429339 0.5900000000 3.6568407983 0.9658000812 2.2605352373 0.0000000000
7.7162218936 0.5900000000 3.6572853458 0.9693143601 2.2637191388 0.0000000000
7.7273066931 0.5900000000 3.6577216589 0.9727188099 2.2668261712 0.0000000000
7.7383832253 0.5900000000 3.6581800873 0.9762677604 2.2700794652 0.0000000000
7.7494641145 0.5900000000 3.6586310572 0.9797367396 2.2732709364 0.0000000000
7.7605498188 0.5900000000 3.6590706838 0.9831157043 2.2763810284 0.0000000000
7.7716473480 0.5900000000 3.6595029383 0.9862464318 2.2793623375 0.0000000000
7.7827392306 0.5900000000 3.6599368740 0.9895048699 2.2824014555 0.0000000000
7.7938091073 0.5900000000 3.6603923738 0.9931568378 2.2856842419 0.0000000000
7.8049016525 0.5900000000 3.6608307961 0.9963877195 2.2887302837 0.0000000000
7.8160060206 0.5900000000 3.6612664853 0.9993661824 2.2916644258 0.0000000000
7.8271008201 0.5900000000 3.6617218984 1.0025268062 2.2947503278 0.0000000000
7.8382169516 0.5900000000 3.6621504079 1.0052035471 2.2975350622 0.0000000000
7.8493249998 0.5900000000 3.6625930121 1.0080376531 2.3004391215 0.0000000000
7.8604693699 0.5900000000 3.6629706227 1.0099351897 2.3027085783 0.0000000000
7.8716168196 0.5900000000 3.6633397495 1.0117237264 2.3049005001 0.0000000000
7.8827699020 0.5900000000 3.6636838888 1.0132785029 2.3068989681 0.0000000000
7.8939259889 0.5900000000 3.6640067973 1.0146691615 2.3087468653 0.0000000000
7.9050967172 0.5900000000 3.6643005348 1.0151653719 2.3101202996 0.0000000000
7.9162701128 0.5900000000 3.6645575183 1.0151177816 2.3111291975 0.0000000000
7.9274413479 0.5900000000 3.6647619249 1.0145120655 2.3117045376 0.0000000000
7.9386023716 0.5900000000 3.6649222446 1.0130995742 2.3117808196 0.0000000000
7.9497516111 0.5900000000 3.6650524651 1.0111918670 2.3115386190 0.0000000000
7.9608691537 0.5900000000 3.6651119167 1.0083507183 2.3106399659 0.0000000000
7.9719490035 0.5900000000 3.6651232976 1.0047126601 2.3092302660 0.0000000000
7.9829860763 0.5900000000 3.6650798845 1.0003691478 2.3073192089 0.0000000000
7.9939127095 0.5900000000 3.6649331605 0.9945291807 2.3043963259 0.0000000000
8.0046931714 0.5900000000 3.6647039645 0.9871882301 2.3005431615 0.0000000000
8.0153309051 0.5900000000 3.6643934607 0.9787145512 2.2959116747 0.0000000000
8.0257078221 0.5900000000 3.6639857547 0.9684953851 2.2901931845 0.0000000000
8.0358120536 0.5900000000 3.6635323336 0.9574530893 2.2839625818 0.0000000000
8.0455335763 0.5900000000 3.6629320030 0.9440448941 2.2761979814 0.0000000000
8.0550373964 0.5900000000 3.6623105327 0.9298866402 2.2680487983 0.0000000000
8.0644977130 0.5900000000 3.6617129130 0.9155712752 2.2599321738 0.0000000000
8.0725592115 0.5900000000 3.6608346321 0.8967354571 2.2488847231 0.0000000000
8.0797751302 0.5900000000 3.6597978218 0.8756427083 2.2363003820 0.0000000000
8.0864358789 0.5900000000 3.6587080512 0.8533901579 2.2230402798 0.0000000000
8.0927755908 0.5900000000 3.6576126148 0.8305765817 2.2095331034 0.0000000000
8.0981237161 0.5900000000 3.6564674382 0.8062223675 2.1952107113 0.0000000000
8.1016992589 0.5900000000 3.6551690538 0.7800569563 2.1795510092 0.0000000000
8.1042196061 0.5900000000 3.6538034695 0.7530507708 2.1632861979 0.0000000000
8.1064264680 0.5900000000 3.6524167123 0.7258804324 2.1468710336 0.0000000000
8.1083610228 0.5900000000 3.6510251032 0.6985819295 2.1303851961 0.0000000000
8.1100596725 0.5900000000 3.6496410773 0.6711830169 2.1138895278 0.0000000000
8.1115601416 0.5900000000 3.6482536185 0.6437130996 2.0973517255 0.0000000000
8.1128865689 0.5900000000 3.6468641513 0.6161875619 2.0807836415 0.0000000000
8.1140630796 0.5900000000 3.6454847874 0.5886163674 2.0642377083 0.0000000000
8.1151040055 0.5900000000 3.6441733324 0.5609909396 2.0479417169 0.0000000000
8.1160310214 0.5900000000 3.6428211018 0.5333517722 2.0314771278 0.0000000000
8.1168532287 0.5900000000 3.6414411078 0.5057003452 2.0148965811 0.0000000000
8.1175840897 0.5900000000 3.6400710997 0.4780297725 1.9983483195 0.0000000000
8.1182353683 0.5900000000 3.6387254912 0.4503393277 1.9818897073 0.0000000000
8.1188213097 0.5900000000 3.6373667786 0.4226436755 1.9653765962 0.0000000000
8.1193456939 0.5900000000 3.6360021994 0.3949421154 1.9488376553 0.0000000000
8.1198128131 0.5900000000 3.6346804737 0.3672214334 1.9324624799 0.0000000000
8.1202287152 0.5900000000 3.6334086293 0.3394808669 1.9162788756 0.0000000000
8.1205999575 0.5900000000 3.6320674287 0.3117566601 1.8998243904 0.0000000000
8.1209312678 0.5900000000 3.6307235041 0.2840301657 1.8833580945 0.0000000000
8.1212274398 0.5900000000 3.6294062863 0.2562938867 1.8669947117 0.0000000000
8.1214931186 0.5900000000 3.6281099000 0.2285490414 1.8507112283 0.0000000000
8.1217313565 0.5900000000 3.6267889543 0.2008096711 1.8343316973 0.0000000000
8.1219456299 0.5900000000 3.6254622435 0.1730707762 1.8179292961 0.0000000000
8.1221368610 0.5900000000 3.6242150466 0.1453078785 1.8018353495 0.0000000000
8.1223066950 0.5900000000 3.6229446904 0.1175506167 1.7856510199 0.0000000000
8.1224577149 0.5900000000 3.6216467470 0.0898006244 1.7693592495 0.0000000000
8.1225924570 0.5900000000 3.6203578011 0.0620474182 1.7531021832 0.0000000000
8.1227117978 0.5900000000 3.6190028911 0.0343136721 1.7365890447 0.0000000000
8.1228190131 0.5900000000 3.6177662504 0.0065453063 1.7205351356 0.0000000000
8.1229159904 0.5900000000 3.6165009578 -0.0212154122 1.7043696779 0.0000000000
8.1230041603 0.5900000000 3.6152165294 -0.0489710503 1.6881297091 0.0000000000
8.1230846302 0.5900000000 3.6139253922 -0.0767248491 1.6718636407 0.0000000000
8.1231585880 0.5900000000 3.6126420551 -0.1044810104 1.6556278279 0.0000000000
8.1232268144 0.5900000000 3.6114081098 -0.1322512127 1.6395839656 0.0000000000
8.1232903939 0.5900000000 3.6101900000 -0.1600250000 1.6236020116 0.0000000000
8.1233246667 0.5900000000 3.6094700000 -0.1757250000 1.6144420116 0.0000000000
8.1234449065 0.5900000000 3.6068001417 -0.2352779848 1.5799413847 0.0000000000
8.1235541505 0.5900000000 3.6041044301 -0.2948233545 1.5453403901 0.0000000000
8.1236591355 0.5900000000 3.6014253227 -0.3543742136 1.5108036170 0.0000000000
8.1237614259 0.5900000000 3.5987457767 -0.4139249962 1.4762651200 0.0000000000
8.1238629905 0.5900000000 3.5960772929 -0.4734789004 1.4417696229 0.0000000000
8.1239654491 0.5900000000 3.5934013702 -0.5330308002 1.4072451725 0.0000000000
8.1240711195 0.5900000000 3.5907218571 -0.5925813313 1.3727069074 0.0000000000
8.1241853489 0.5900000000 3.5879548020 -0.6520455690 1.3378529921 0.0000000000
8.1243705910 0.5900000000 3.5852417802 -0.7130373980 1.3026041734 0.0000000000
8.1246364214 0.5900000000 3.5872641922 -0.6714094856 1.3273449863 0.0000000000
8.1247616901 0.5900000000 3.5900487325 -0.6145254509 1.3612367614 0.0000000000
8.1248732323 0.5900000000 3.5927851420 -0.5550825719 1.3959595507 0.0000000000
8.1250152284 0.5900000000 3.5955084252 -0.4955489336 1.4306661390 0.0000000000
8.1252793517 0.5900000000 3.5982280658 -0.4360126175 1.4653592277 0.0000000000
8.1255553874 0.5900000000 3.6009632816 -0.3764811162 1.5001126914 0.0000000000
8.1258637460 0.5900000000 3.6036867664 -0.3169472783 1.5348201659 0.0000000000
8.1263019713 0.5900000000 3.6063970684 -0.2574147965 1.5694743668 0.0000000000
8.1269432680 0.5900000000 3.6090655234 -0.1978826227 1.6039610562 0.0000000000
8.1282450887 0.5900000000 3.6116871188 -0.1384123810 1.6382355343 0.0000000000
8.1355520324 0.5900000000 3.6110720775 -0.1517802947 1.6304282039 0.0000000000
8.1412439093 0.5900000000 3.6086097155 -0.2095926551 1.5974538118 0.0000000000
8.1460306468 0.5900000000 3.6060288698 -0.2679524636 1.5637865055 0.0000000000
8.1501773089 0.5900000000 3.6034359999 -0.3266178849 1.5299488574 0.0000000000
8.1538457025 0.5900000000 3.6008052874 -0.3854718296 1.4958844294 0.0000000000
8.1570728944 0.5900000000 3.5981595447 -0.4444830040 1.4616969889 0.0000000000
8.1599001848 0.5900000000 3.5954809553 -0.5036131663 1.4273305661 0.0000000000
8.1623774788 0.5900000000 3.5927955165 -0.5628395449 1.3928982595 0.0000000000
8.1645568573 0.5900000000 3.5900832228 -0.6221315862 1.3583322682 0.0000000000
8.1665047708 0.5900000000 3.5872677593 -0.6814434633 1.3233456634 0.0000000000
8.1682531417 0.5900000000 3.5845579351 -0.7408254842 1.2887535583 0.0000000000
8.1698343902 0.5900000000 3.5818391009 -0.8002341945 1.2541147374 0.0000000000
8.1712790910 0.5900000000 3.5790693809 -0.8596499981 1.2192695358 0.0000000000
8.1726107140 0.5900000000 3.5762105630 -0.9190558536 1.1840719223 0.0000000000
8.1738509834 0.5900000000 3.5734144730 -0.9784925969 1.1491128647 0.0000000000
8.1750167840 0.5900000000 3.5706796096 -1.0379570008 1.1143876499 0.0000000000
8.1761122606 0.5900000000 3.5677499247 -1.0973700189 1.0789037029 0.0000000000
8.1771469455 0.5900000000 3.5649476779 -1.1568296701 1.0439108553 0.0000000000
8.1781264093 0.5900000000 3.5620070980 -1.2162518446 1.0083796659 0.0000000000
8.1790578491 0.5900000000 3.5590654008 -1.2756790705 0.9728419866 0.0000000000
8.1799440505 0.5900000000 3.5561771885 -1.3351275752 0.9375097358 0.0000000000
8.1807932908 0.5900000000 3.5532104660 -1.3945542378 0.9018721805 0.0000000000
8.1815739157 0.5900000000 3.5502062275 -1.4539765796 0.8660862896 0.0000000000
8.1822898187 0.5900000000 3.5471664625 -1.5133926023 0.8301608209 0.0000000000
8.1829517121 0.5900000000 3.5440964333 -1.5728022980 0.7941168255 0.0000000000
8.1835664950 0.5900000000 3.5410270104 -1.6322148170 0.7580741263 0.0000000000
8.1841130967 0.5900000000 3.5379208299 -1.6916205343 0.7218871177 0.0000000000
8.1845831370 0.5900000000 3.5348348439 -1.7510367370 0.6857766925 0.0000000000
8.1849851456 0.5900000000 3.5315793419 -1.8103998857 0.6490094250 0.0000000000
8.1853331614 0.5900000000 3.5283790880 -1.8697837281 0.6124548726 0.0000000000
8.1856424263 0.5900000000 3.5251200636 -1.9291487404 0.5756727701 0.0000000000
8.1859235989 0.5900000000 3.5218105710 -1.9884973458 0.5386953573 0.0000000000
8.1861849738 0.5900000000 3.5185870149 -2.0478761353 0.5020496171 0.0000000000
8.1864322087 0.5900000000 3.5151974772 -2.1071970315 0.4647631080 0.0000000000
8.1866681952 0.5900000000 3.5119032196 -2.1665518082 0.4278441667 0.0000000000
8.1868969283 0.5900000000 3.5084800995 -2.2258596101 0.3904285656 0.0000000000
8.1871195590 0.5900000000 3.5050210190 -2.2851542206 0.3528743993 0.0000000000
8.1873387976 0.5900000000 3.5015433447 -2.3444434731 0.3152480012 0.0000000000
8.1875580111 0.5900000000 3.4980542562 -2.4037289756 0.2775774462 0.0000000000
8.1877696146 0.5900000000 3.4945293790 -2.4630010318 0.2397691149 0.0000000000
8.1879827837 0.5900000000 3.4909672720 -2.5222568643 0.2018183541 0.0000000000
8.1881978092 0.5900000000 3.4874479142 -2.5815290210 0.1640320600 0.0000000000
8.1884074685 0.5900000000 3.4840002412 -2.6408260390 0.1265225607 0.0000000000
8.1886081321 0.5900000000 3.4802899891 -2.7000281815 0.0880006954 0.0000000000
8.1888187717 0.5900000000 3.4766531821 -2.7592587065 0.0497612575 0.0000000000
8.1890394548 0.5900000000 3.4731035270 -2.8185217464 0.0118574210 0.0000000000
8.1892692352 0.5900000000 3.4695188341 -2.8777690412 -0.0261802683 0.0000000000
8.1895042785 0.5900000000 3.4659557438 -2.9370251729 -0.0641350822 0.0000000000
8.1897459580 0.5900000000 3.4624180251 -2.9962797978 -0.1019878070 0.0000000000
8.1899954447 0.5900000000 3.4589801139 -3.0555731237 -0.1394567822 0.0000000000
8.1902468343 0.5900000000 3.4555865269 -3.1148885206 -0.1767572891 0.0000000000
8.1905021374 0.5900000000 3.4522417380 -3.1742140212 -0.2138666447 0.0000000000
8.1907601206 0.5900000000 3.4491264876 -3.2336035913 -0.2500834746 0.0000000000
8.1910175188 0.5900000000 3.4463545376 -3.2895217523 -0.2835385389 0.0000000000
8.1911618182 0.5900000000 3.4456904209 -3.3084546229 -0.2937681541 0.0000000000
8.1912957363 0.5900000000 3.4442523429 -3.3385000220 -0.3115386256 0.0000000000
8.1914636429 0.5900000000 3.4417474232 -3.3878915428 -0.3413149128 0.0000000000
8.1917241143 0.5900000000 3.4393497894 -3.4449734070 -0.3737381936 0.0000000000
8.1919836528 0.5900000000 3.4370682156 -3.5045346821 -0.4066889987 0.0000000000
8.1922404082 0.5900000000 3.4350980543 -3.5641606493 -0.4384200311 0.0000000000
8.1924830685 0.5900000000 3.4337386362 -3.6195421123 -0.4660102884 0.0000000000
8.1926169283 0.5900000000 3.4324896973 -3.6623447123 -0.4881270841 0.0000000000
8.1926717354 0.5900000000 3.4316873488 -3.6846760972 -0.5002690319 0.0000000000
8.1927006398 0.5900000000 3.4333785727 -3.6622261300 -0.4845241496 0.0000000000
8.1927365219 0.5900000000 3.4306135102 -3.7156958285 -0.5169722789 0.0000000000
8.1927739658 0.5900000000 3.4345923946 -3.6553885843 -0.4769338436 0.0000000000
8.1928055398 0.5900000000 3.4333825106 -3.6790712985 -0.4912464654 0.0000000000
8.1928267563 0.5900000000 3.4302065678 -3.7383807682 -0.5276740246 0.0000000000
8.1928714761 0.5900000000 3.4296505284 -3.7602748254 -0.5386558049 0.0000000000
8.1928817747 0.5900000000 3.4330527452 -3.7009745442 -0.5013268251 0.0000000000
8.1928867564 0.5900000000 3.4365172081 -3.6416830244 -0.4637523655 0.0000000000
8.1928909400 0.5900000000 3.4402442933 -3.5824994964 -0.4251706138 0.0000000000
8.1929014896 0.5900000000 3.4410179167 -3.5712958514 -0.4175946619 0.0000000000
8.1929092562 0.5900000000 3.4373625025 -3.6309968792 -0.4560967300 0.0000000000
8.1929174874 0.5900000000 3.4339328275 -3.6903413218 -0.4935532071 0.0000000000
8.1929274666 0.5900000000 3.4306804308 -3.7497064358 -0.5303088396 0.0000000000
8.1929398033 0.5900000000 3.4276548521 -3.8089417638 -0.5661052856 0.0000000000
8.1929529873 0.5900000000 3.4252479445 -3.8599320966 -0.5961290489 0.0000000000
8.1929623843 0.5900000000 3.4239827350 -3.8914662072 -0.6138035311 0.0000000000
8.1929720414 0.5900000000 3.4227800000 -3.9188000000 -0.6295479884 0.0000000000
