# logAge Mass logTe Mbol logg C/O
4.1860800861 1.3000000000 3.7205800000 0.1177000000 2.5193433523 0.0000000000
4.1939007677 1.3000000000 3.7205785460 0.1176745109 2.5193273407 0.0000000000
4.2017214432 1.3000000000 3.7205770253 0.1176455180 2.5193096608 0.0000000000
4.2095421127 1.3000000000 3.7205754394 0.1176130984 2.5192903495 0.0000000000
4.2173627763 1.3000000000 3.7205737899 0.1175773292 2.5192694437 0.0000000000
4.2251834341 1.3000000000 3.7205720783 0.1175382876 2.5192469805 0.0000000000
4.2330040863 1.3000000000 3.7205703060 0.1174960506 2.5192229967 0.0000000000
4.2408247330 1.3000000000 3.7205684747 0.1174506954 2.5191975292 0.0000000000
4.2486453743 1.3000000000 3.7205665858 0.1174022992 2.5191706150 0.0000000000
4.2564660105 1.3000000000 3.7205646408 0.1173509390 2.5191422910 0.0000000000
4.2642866415 1.3000000000 3.7205626412 0.1172966920 2.5191125941 0.0000000000
4.2721072676 1.3000000000 3.7205605887 0.1172396352 2.5190815612 0.0000000000
4.2799278889 1.3000000000 3.7205584847 0.1171798460 2.5190492293 0.0000000000
4.2877485056 1.3000000000 3.7205563306 0.1171174012 2.5190156353 0.0000000000
4.2955691176 1.3000000000 3.7205541281 0.1170523782 2.5189808162 0.0000000000
4.3033897253 1.3000000000 3.7205518787 0.1169848540 2.5189448087 0.0000000000
4.3112103287 1.3000000000 3.7205495839 0.1169149057 2.5189076500 0.0000000000
4.3190309280 1.3000000000 3.7205472451 0.1168426104 2.5188693768 0.0000000000
4.3268515232 1.3000000000 3.7205448639 0.1167680454 2.5188300262 0.0000000000
4.3346721146 1.3000000000 3.7205424419 0.1166912877 2.5187896351 0.0000000000
4.3424927023 1.3000000000 3.7205399805 0.1166124144 2.5187482403 0.0000000000
4.3503132864 1.3000000000 3.7205374813 0.1165315027 2.5187058788 0.0000000000
4.3581338670 1.3000000000 3.7205349458 0.1164486297 2.5186625875 0.0000000000
4.3659544443 1.3000000000 3.7205323755 0.1163638726 2.5186184034 0.0000000000
4.3737750184 1.3000000000 3.7205297719 0.1162773084 2.5185733634 0.0000000000
4.3815955894 1.3000000000 3.7205271366 0.1161890142 2.5185275044 0.0000000000
4.3894161575 1.3000000000 3.7205244710 0.1160990673 2.5184808634 0.0000000000
4.3972367229 1.3000000000 3.7205217767 0.1160075447 2.5184334772 0.0000000000
4.4050572855 1.3000000000 3.7205190553 0.1159145236 2.5183853828 0.0000000000
4.4128778457 1.3000000000 3.7205163081 0.1158200811 2.5183366171 0.0000000000
4.4206984035 1.3000000000 3.7205135368 0.1157242942 2.5182872170 0.0000000000
4.4285189590 1.3000000000 3.7205107428 0.1156272403 2.5182372195 0.0000000000
4.4363395125 1.3000000000 3.7205079277 0.1155289962 2.5181866615 0.0000000000
4.4441600639 1.3000000000 3.7205050930 0.1154296393 2.5181355799 0.0000000000
4.4519806135 1.3000000000 3.7205022402 0.1153292466 2.5180840117 0.0000000000
4.4598011615 1.3000000000 3.7204993708 0.1152278953 2.5180319937 0.0000000000
4.4676217078 1.3000000000 3.7204964864 0.1151256624 2.5179795630 0.0000000000
4.4754422527 1.3000000000 3.7204935885 0.1150226252 2.5179267563 0.0000000000
4.4832627963 1.3000000000 3.7204906785 0.1149188606 2.5178736107 0.0000000000
4.4910833388 1.3000000000 3.7204877581 0.1148144460 2.5178201631 0.0000000000
4.4989038802 1.3000000000 3.7204848287 0.1147094583 2.5177664504 0.0000000000
4.5067244207 1.3000000000 3.7204818918 0.1146039747 2.5177125095 0.0000000000
4.5145449605 1.3000000000 3.7204789490 0.1144980724 2.5176583773 0.0000000000
4.5223654996 1.3000000000 3.7204760018 0.1143918284 2.5176040909 0.0000000000
4.5301860383 1.3000000000 3.7204730517 0.1142853199 2.5175496870 0.0000000000
4.5380065766 1.3000000000 3.7204701002 0.1141786240 2.5174952027 0.0000000000
4.5458271146 1.3000000000 3.7204671488 0.1140718179 2.5174406748 0.0000000000
4.5536476526 1.3000000000 3.7204641991 0.1139649787 2.5173861403 0.0000000000
4.5614681907 1.3000000000 3.7204612526 0.1138581834 2.5173316362 0.0000000000
4.5692887289 1.3000000000 3.7204583108 0.1137515093 2.5172771992 0.0000000000
4.5771092675 1.3000000000 3.7204553752 0.1136450334 2.5172228664 0.0000000000
4.5849298065 1.3000000000 3.7204524473 0.1135388329 2.5171686748 0.0000000000
4.5927503461 1.3000000000 3.7204495287 0.1134329850 2.5171146611 0.0000000000
4.6005708864 1.3000000000 3.7204466208 0.1133275666 2.5170608623 0.0000000000
4.6083914276 1.3000000000 3.7204437253 0.1132226550 2.5170073155 0.0000000000
4.6162119698 1.3000000000 3.7204408435 0.1131183273 2.5169540574 0.0000000000
4.6240325131 1.3000000000 3.7204379771 0.1130146606 2.5169011250 0.0000000000
4.6318530577 1.3000000000 3.7204351275 0.1129117321 2.5168485553 0.0000000000
4.6396736037 1.3000000000 3.7204322963 0.1128096188 2.5167963852 0.0000000000
4.6474941512 1.3000000000 3.7204294850 0.1127083979 2.5167446515 0.0000000000
4.6553147005 1.3000000000 3.7204266951 0.1126081465 2.5166933913 0.0000000000
4.6631352515 1.3000000000 3.7204239281 0.1125089418 2.5166426414 0.0000000000
4.6709558044 1.3000000000 3.7204211855 0.1124108609 2.5165924388 0.0000000000
4.6787763594 1.3000000000 3.7204184690 0.1123139808 2.5165428204 0.0000000000
4.6865969167 1.3000000000 3.7204157798 0.1122183788 2.5164938232 0.0000000000
4.6944174763 1.3000000000 3.7204131197 0.1121241320 2.5164454840 0.0000000000
4.7022380384 1.3000000000 3.7204104901 0.1120313174 2.5163978397 0.0000000000
4.7100586031 1.3000000000 3.7204078925 0.1119400122 2.5163509274 0.0000000000
4.7178791705 1.3000000000 3.7204053285 0.1118502936 2.5163047839 0.0000000000
4.7256997408 1.3000000000 3.7204027996 0.1117622387 2.5162594461 0.0000000000
4.7335203142 1.3000000000 3.7204003072 0.1116759245 2.5162149511 0.0000000000
4.7413408907 1.3000000000 3.7203978530 0.1115914282 2.5161713356 0.0000000000
4.7491614705 1.3000000000 3.7203954384 0.1115088270 2.5161286367 0.0000000000
4.7569820538 1.3000000000 3.7203930649 0.1114281980 2.5160868913 0.0000000000
4.7648026406 1.3000000000 3.7203907341 0.1113496182 2.5160461362 0.0000000000
4.7726232311 1.3000000000 3.7203884475 0.1112731595 2.5160064060 0.0000000000
4.7804438252 1.3000000000 3.7203862058 0.1111988336 2.5159677089 0.0000000000
4.7882644229 1.3000000000 3.7203840096 0.1111266152 2.5159300366 0.0000000000
4.7960850239 1.3000000000 3.7203818592 0.1110564784 2.5158933805 0.0000000000
4.8039056282 1.3000000000 3.7203797552 0.1109883973 2.5158577321 0.0000000000
4.8117262357 1.3000000000 3.7203776981 0.1109223461 2.5158230830 0.0000000000
4.8195468461 1.3000000000 3.7203756882 0.1108582988 2.5157894245 0.0000000000
4.8273674594 1.3000000000 3.7203737260 0.1107962295 2.5157567482 0.0000000000
4.8351880754 1.3000000000 3.7203718120 0.1107361124 2.5157250455 0.0000000000
4.8430086940 1.3000000000 3.7203699467 0.1106779216 2.5156943079 0.0000000000
4.8508293151 1.3000000000 3.7203681305 0.1106216312 2.5156645269 0.0000000000
4.8586499385 1.3000000000 3.7203663639 0.1105672153 2.5156356940 0.0000000000
4.8664705641 1.3000000000 3.7203646473 0.1105146480 2.5156078006 0.0000000000
4.8742911918 1.3000000000 3.7203629811 0.1104639034 2.5155808382 0.0000000000
4.8821118214 1.3000000000 3.7203613660 0.1104149557 2.5155547984 0.0000000000
4.8899324529 1.3000000000 3.7203598022 0.1103677788 2.5155296725 0.0000000000
4.8977530860 1.3000000000 3.7203582903 0.1103223471 2.5155054521 0.0000000000
4.9055737206 1.3000000000 3.7203568307 0.1102786345 2.5154821287 0.0000000000
4.9133943567 1.3000000000 3.7203554238 0.1102366151 2.5154596937 0.0000000000
4.9212149940 1.3000000000 3.7203540702 0.1101962632 2.5154381385 0.0000000000
4.9290356325 1.3000000000 3.7203527703 0.1101575527 2.5154174547 0.0000000000
4.9368562720 1.3000000000 3.7203515246 0.1101204578 2.5153976338 0.0000000000
4.9446769124 1.3000000000 3.7203503335 0.1100849527 2.5153786673 0.0000000000
4.9524975536 1.3000000000 3.7203491970 0.1100510069 2.5153605430 0.0000000000
4.9603181954 1.3000000000 3.7203481111 0.1100185450 2.5153432147 0.0000000000
4.9681388379 1.3000000000 3.7203470694 0.1099874661 2.5153266162 0.0000000000
4.9759594809 1.3000000000 3.7203460653 0.1099576690 2.5153106813 0.0000000000
4.9837801245 1.3000000000 3.7203450926 0.1099290523 2.5152953435 0.0000000000
4.9916007686 1.3000000000 3.7203441446 0.1099015147 2.5152805366 0.0000000000
4.9994214132 1.3000000000 3.7203432150 0.1098749550 2.5152661942 0.0000000000
5.0072420581 1.3000000000 3.7203422972 0.1098492718 2.5152522499 0.0000000000
5.0150627034 1.3000000000 3.7203413849 0.1098243638 2.5152386376 0.0000000000
5.0228833489 1.3000000000 3.7203404716 0.1098001299 2.5152252908 0.0000000000
5.0307039948 1.3000000000 3.7203395509 0.1097764686 2.5152121433 0.0000000000
5.0385246408 1.3000000000 3.7203386162 0.1097532787 2.5151991286 0.0000000000
5.0463452870 1.3000000000 3.7203376611 0.1097304590 2.5151861805 0.0000000000
5.0541659333 1.3000000000 3.7203366793 0.1097079080 2.5151732326 0.0000000000
5.0619865797 1.3000000000 3.7203356641 0.1096855246 2.5151602186 0.0000000000
5.0698072261 1.3000000000 3.7203346092 0.1096632074 2.5151470722 0.0000000000
5.0776278724 1.3000000000 3.7203335082 0.1096408552 2.5151337271 0.0000000000
5.0854485187 1.3000000000 3.7203323545 0.1096183666 2.5151201169 0.0000000000
5.0932691649 1.3000000000 3.7203311417 0.1095956404 2.5151061753 0.0000000000
5.1010898109 1.3000000000 3.7203298634 0.1095725752 2.5150918360 0.0000000000
5.1089104567 1.3000000000 3.7203285155 0.1095490985 2.5150770538 0.0000000000
5.1167311022 1.3000000000 3.7203271011 0.1095252215 2.5150618454 0.0000000000
5.1245517476 1.3000000000 3.7203256245 0.1095009707 2.5150462387 0.0000000000
5.1323723929 1.3000000000 3.7203240901 0.1094763726 2.5150302617 0.0000000000
5.1401930379 1.3000000000 3.7203225022 0.1094514538 2.5150139425 0.0000000000
5.1480136829 1.3000000000 3.7203208651 0.1094262408 2.5149973089 0.0000000000
5.1558343277 1.3000000000 3.7203191832 0.1094007602 2.5149803891 0.0000000000
5.1636549724 1.3000000000 3.7203174608 0.1093750384 2.5149632110 0.0000000000
5.1714756170 1.3000000000 3.7203157023 0.1093491021 2.5149458025 0.0000000000
5.1792962615 1.3000000000 3.7203139121 0.1093229778 2.5149281916 0.0000000000
5.1871169060 1.3000000000 3.7203120943 0.1092966919 2.5149104064 0.0000000000
5.1949375504 1.3000000000 3.7203102535 0.1092702712 2.5148924748 0.0000000000
5.2027581948 1.3000000000 3.7203083939 0.1092437420 2.5148744248 0.0000000000
5.2105788392 1.3000000000 3.7203065199 0.1092171309 2.5148562844 0.0000000000
5.2183994835 1.3000000000 3.7203046359 0.1091904645 2.5148380816 0.0000000000
5.2262201279 1.3000000000 3.7203027461 0.1091637693 2.5148198443 0.0000000000
5.2340407723 1.3000000000 3.7203008549 0.1091370719 2.5148016006 0.0000000000
5.2418614167 1.3000000000 3.7202989665 0.1091103961 2.5147833769 0.0000000000
5.2496820612 1.3000000000 3.7202970830 0.1090837185 2.5147651717 0.0000000000
5.2575027056 1.3000000000 3.7202952043 0.1090569735 2.5147469588 0.0000000000
5.2653233500 1.3000000000 3.7202933303 0.1090300941 2.5147287113 0.0000000000
5.2731439942 1.3000000000 3.7202914611 0.1090030132 2.5147104019 0.0000000000
5.2809646383 1.3000000000 3.7202895965 0.1089756639 2.5146920038 0.0000000000
5.2887852821 1.3000000000 3.7202877365 0.1089479791 2.5146734898 0.0000000000
5.2966059257 1.3000000000 3.7202858810 0.1089198918 2.5146548329 0.0000000000
5.3044265689 1.3000000000 3.7202840299 0.1088913350 2.5146360061 0.0000000000
5.3122472118 1.3000000000 3.7202821833 0.1088622417 2.5146169822 0.0000000000
5.3200678542 1.3000000000 3.7202803410 0.1088325448 2.5145977344 0.0000000000
5.3278884962 1.3000000000 3.7202785030 0.1088021774 2.5145782355 0.0000000000
5.3357091377 1.3000000000 3.7202766693 0.1087710725 2.5145584584 0.0000000000
5.3435297786 1.3000000000 3.7202748397 0.1087391630 2.5145383762 0.0000000000
5.3513504188 1.3000000000 3.7202730142 0.1087063819 2.5145179617 0.0000000000
5.3591710585 1.3000000000 3.7202711927 0.1086726622 2.5144971880 0.0000000000
5.3669916974 1.3000000000 3.7202693752 0.1086379377 2.5144760282 0.0000000000
5.3748123355 1.3000000000 3.7202675599 0.1086021864 2.5144544663 0.0000000000
5.3826329730 1.3000000000 3.7202657423 0.1085654530 2.5144325025 0.0000000000
5.3904536098 1.3000000000 3.7202639178 0.1085277875 2.5144101385 0.0000000000
5.3982742459 1.3000000000 3.7202620819 0.1084892402 2.5143873760 0.0000000000
5.4060948815 1.3000000000 3.7202602300 0.1084498612 2.5143642166 0.0000000000
5.4139155164 1.3000000000 3.7202583574 0.1084097007 2.5143406620 0.0000000000
5.4217361508 1.3000000000 3.7202564595 0.1083688088 2.5143167138 0.0000000000
5.4295567847 1.3000000000 3.7202545318 0.1083272356 2.5142923736 0.0000000000
5.4373774181 1.3000000000 3.7202525696 0.1082850314 2.5142676431 0.0000000000
5.4451980511 1.3000000000 3.7202505683 0.1082422462 2.5142425239 0.0000000000
5.4530186836 1.3000000000 3.7202485233 0.1081989303 2.5142170178 0.0000000000
5.4608393157 1.3000000000 3.7202464301 0.1081551338 2.5141911263 0.0000000000
5.4686599475 1.3000000000 3.7202442840 0.1081109068 2.5141648510 0.0000000000
5.4764805789 1.3000000000 3.7202420804 0.1080662995 2.5141381937 0.0000000000
5.4843012100 1.3000000000 3.7202398147 0.1080213621 2.5141111560 0.0000000000
5.4921218409 1.3000000000 3.7202374835 0.1079761189 2.5140837339 0.0000000000
5.4999424713 1.3000000000 3.7202350870 0.1079305133 2.5140559058 0.0000000000
5.5077631013 1.3000000000 3.7202326262 0.1078844730 2.5140276465 0.0000000000
5.5155837308 1.3000000000 3.7202301021 0.1078379255 2.5139989310 0.0000000000
5.5234043596 1.3000000000 3.7202275156 0.1077907984 2.5139697341 0.0000000000
5.5312249878 1.3000000000 3.7202248677 0.1077430191 2.5139400308 0.0000000000
5.5390456151 1.3000000000 3.7202221594 0.1076945153 2.5139097960 0.0000000000
5.5468662416 1.3000000000 3.7202193916 0.1076452145 2.5138790044 0.0000000000
5.5546868670 1.3000000000 3.7202165653 0.1075950443 2.5138476312 0.0000000000
5.5625074914 1.3000000000 3.7202136815 0.1075439323 2.5138156510 0.0000000000
5.5703281147 1.3000000000 3.7202107411 0.1074918059 2.5137830390 0.0000000000
5.5781487367 1.3000000000 3.7202077451 0.1074385927 2.5137497698 0.0000000000
5.5859693574 1.3000000000 3.7202046945 0.1073842204 2.5137158185 0.0000000000
5.5937899767 1.3000000000 3.7202015902 0.1073286165 2.5136811599 0.0000000000
5.6016105945 1.3000000000 3.7201984333 0.1072717103 2.5136457695 0.0000000000
5.6094312108 1.3000000000 3.7201952237 0.1072134758 2.5136096374 0.0000000000
5.6172518255 1.3000000000 3.7201919608 0.1071539319 2.5135727684 0.0000000000
5.6250724387 1.3000000000 3.7201886439 0.1070930996 2.5135351679 0.0000000000
5.6328930503 1.3000000000 3.7201852723 0.1070309998 2.5134968413 0.0000000000
5.6407136604 1.3000000000 3.7201818451 0.1069676536 2.5134577940 0.0000000000
5.6485342689 1.3000000000 3.7201783616 0.1069030819 2.5134180316 0.0000000000
5.6563548758 1.3000000000 3.7201748212 0.1068373057 2.5133775594 0.0000000000
5.6641754811 1.3000000000 3.7201712230 0.1067703459 2.5133363828 0.0000000000
5.6719960848 1.3000000000 3.7201675664 0.1067022235 2.5132945074 0.0000000000
5.6798166870 1.3000000000 3.7201638506 0.1066329596 2.5132519386 0.0000000000
5.6876372875 1.3000000000 3.7201600749 0.1065625749 2.5132086817 0.0000000000
5.6954578865 1.3000000000 3.7201562384 0.1064910907 2.5131647422 0.0000000000
5.7032784838 1.3000000000 3.7201523406 0.1064185277 2.5131201257 0.0000000000
5.7110990796 1.3000000000 3.7201483806 0.1063449064 2.5130748372 0.0000000000
5.7189196737 1.3000000000 3.7201443583 0.1062702226 2.5130288746 0.0000000000
5.7267402660 1.3000000000 3.7201402743 0.1061944415 2.5129822260 0.0000000000
5.7345608565 1.3000000000 3.7201361291 0.1061175259 2.5129348792 0.0000000000
5.7423814450 1.3000000000 3.7201319235 0.1060394387 2.5128868218 0.0000000000
5.7502020316 1.3000000000 3.7201276579 0.1059601430 2.5128380413 0.0000000000
5.7580226160 1.3000000000 3.7201233331 0.1058796017 2.5127885253 0.0000000000
5.7658431982 1.3000000000 3.7201189496 0.1057977777 2.5127382616 0.0000000000
5.7736637781 1.3000000000 3.7201145079 0.1057146339 2.5126872377 0.0000000000
5.7814843557 1.3000000000 3.7201100089 0.1056301334 2.5126354411 0.0000000000
5.7893049307 1.3000000000 3.7201054529 0.1055442390 2.5125828597 0.0000000000
5.7971255032 1.3000000000 3.7201008408 0.1054569138 2.5125294808 0.0000000000
5.8049460729 1.3000000000 3.7200961729 0.1053681206 2.5124752923 0.0000000000
5.8127666400 1.3000000000 3.7200914501 0.1052778224 2.5124202816 0.0000000000
5.8205872041 1.3000000000 3.7200866726 0.1051859834 2.5123644362 0.0000000000
5.8284077654 1.3000000000 3.7200818390 0.1050925807 2.5123077406 0.0000000000
5.8362283236 1.3000000000 3.7200769465 0.1049975991 2.5122501778 0.0000000000
5.8440488786 1.3000000000 3.7200719922 0.1049010237 2.5121917307 0.0000000000
5.8518694305 1.3000000000 3.7200669736 0.1048028393 2.5121323823 0.0000000000
5.8596899790 1.3000000000 3.7200618877 0.1047030308 2.5120721153 0.0000000000
5.8675105241 1.3000000000 3.7200567318 0.1046015833 2.5120109129 0.0000000000
5.8753310658 1.3000000000 3.7200515032 0.1044984817 2.5119487578 0.0000000000
5.8831516038 1.3000000000 3.7200461991 0.1043937109 2.5118856330 0.0000000000
5.8909721382 1.3000000000 3.7200408167 0.1042872558 2.5118215215 0.0000000000
5.8987926689 1.3000000000 3.7200353533 0.1041791015 2.5117564061 0.0000000000
5.9066131956 1.3000000000 3.7200298061 0.1040692328 2.5116902698 0.0000000000
5.9144337185 1.3000000000 3.7200241723 0.1039576347 2.5116230954 0.0000000000
5.9222542373 1.3000000000 3.7200184492 0.1038442922 2.5115548660 0.0000000000
5.9300747519 1.3000000000 3.7200126327 0.1037291839 2.5114855568 0.0000000000
5.9378952623 1.3000000000 3.7200067166 0.1036122775 2.5114151298 0.0000000000
5.9457157681 1.3000000000 3.7200006943 0.1034935396 2.5113435455 0.0000000000
5.9535362692 1.3000000000 3.7199945593 0.1033729364 2.5112707642 0.0000000000
5.9613567655 1.3000000000 3.7199883051 0.1032504344 2.5111967464 0.0000000000
5.9691772568 1.3000000000 3.7199819250 0.1031260000 2.5111214525 0.0000000000
5.9769977428 1.3000000000 3.7199754127 0.1029995997 2.5110448429 0.0000000000
5.9848182235 1.3000000000 3.7199687615 0.1028712000 2.5109668781 0.0000000000
5.9926386986 1.3000000000 3.7199619649 0.1027407671 2.5108875185 0.0000000000
6.0004591680 1.3000000000 3.7199550163 0.1026082675 2.5108067245 0.0000000000
6.0082796314 1.3000000000 3.7199479093 0.1024736678 2.5107244566 0.0000000000
6.0161000888 1.3000000000 3.7199406373 0.1023369342 2.5106406751 0.0000000000
6.0239205399 1.3000000000 3.7199331962 0.1021980346 2.5105553510 0.0000000000
6.0317409846 1.3000000000 3.7199255949 0.1020569442 2.5104685094 0.0000000000
6.0395614227 1.3000000000 3.7199178462 0.1019136402 2.5103801932 0.0000000000
6.0473818541 1.3000000000 3.7199099632 0.1017681001 2.5102904451 0.0000000000
6.0552022787 1.3000000000 3.7199019588 0.1016203013 2.5101993078 0.0000000000
6.0630226962 1.3000000000 3.7198938459 0.1014702212 2.5101068243 0.0000000000
6.0708431067 1.3000000000 3.7198856375 0.1013178372 2.5100130371 0.0000000000
6.0786635098 1.3000000000 3.7198773466 0.1011631267 2.5099179892 0.0000000000
6.0864839055 1.3000000000 3.7198689860 0.1010060672 2.5098217233 0.0000000000
6.0943042937 1.3000000000 3.7198605689 0.1008466360 2.5097242822 0.0000000000
6.1021246741 1.3000000000 3.7198521080 0.1006848105 2.5096257087 0.0000000000
6.1099450466 1.3000000000 3.7198436165 0.1005205682 2.5095260455 0.0000000000
6.1177654112 1.3000000000 3.7198351063 0.1003538839 2.5094253311 0.0000000000
6.1255857673 1.3000000000 3.7198265763 0.1001846909 2.5093235338 0.0000000000
6.1334061143 1.3000000000 3.7198180140 0.1000128881 2.5092205636 0.0000000000
6.1412264517 1.3000000000 3.7198094068 0.0998383736 2.5091163290 0.0000000000
6.1490467788 1.3000000000 3.7198007420 0.0996610452 2.5090107385 0.0000000000
6.1568670949 1.3000000000 3.7197920070 0.0994808009 2.5089037006 0.0000000000
6.1646873995 1.3000000000 3.7197831890 0.0992975388 2.5087951237 0.0000000000
6.1725076920 1.3000000000 3.7197742753 0.0991111567 2.5086849163 0.0000000000
6.1803279716 1.3000000000 3.7197652534 0.0989215525 2.5085729869 0.0000000000
6.1881482379 1.3000000000 3.7197561105 0.0987286244 2.5084592439 0.0000000000
6.1959684901 1.3000000000 3.7197468339 0.0985322701 2.5083435958 0.0000000000
6.2037887276 1.3000000000 3.7197374109 0.0983323878 2.5082259511 0.0000000000
6.2116089498 1.3000000000 3.7197278290 0.0981288757 2.5081062185 0.0000000000
6.2194291564 1.3000000000 3.7197180811 0.0979216937 2.5079843543 0.0000000000
6.2272493476 1.3000000000 3.7197081723 0.0977109302 2.5078604134 0.0000000000
6.2350695236 1.3000000000 3.7196981088 0.0974966893 2.5077344633 0.0000000000
6.2428896848 1.3000000000 3.7196878972 0.0972790752 2.5076065713 0.0000000000
6.2507098313 1.3000000000 3.7196775439 0.0970581921 2.5074768047 0.0000000000
6.2585299636 1.3000000000 3.7196670552 0.0968341441 2.5073452308 0.0000000000
6.2663500817 1.3000000000 3.7196564376 0.0966070356 2.5072119171 0.0000000000
6.2741701861 1.3000000000 3.7196456976 0.0963769706 2.5070769308 0.0000000000
6.2819902771 1.3000000000 3.7196348414 0.0961440534 2.5069403392 0.0000000000
6.2898103548 1.3000000000 3.7196238756 0.0959083881 2.5068022098 0.0000000000
6.2976304195 1.3000000000 3.7196128067 0.0956700687 2.5066626064 0.0000000000
6.3054504708 1.3000000000 3.7196016437 0.0954290616 2.5065215516 0.0000000000
6.3132705079 1.3000000000 3.7195903972 0.0951852467 2.5063790396 0.0000000000
6.3210905300 1.3000000000 3.7195790777 0.0949385025 2.5062350642 0.0000000000
6.3289105363 1.3000000000 3.7195676960 0.0946887073 2.5060896191 0.0000000000
6.3367305260 1.3000000000 3.7195562625 0.0944357396 2.5059426982 0.0000000000
6.3445504982 1.3000000000 3.7195447879 0.0941794779 2.5057942950 0.0000000000
6.3523704521 1.3000000000 3.7195332828 0.0939198004 2.5056444035 0.0000000000
6.3601903870 1.3000000000 3.7195217577 0.0936565857 2.5054930173 0.0000000000
6.3680103019 1.3000000000 3.7195102233 0.0933897120 2.5053401303 0.0000000000
6.3758301961 1.3000000000 3.7194986902 0.0931190579 2.5051857361 0.0000000000
6.3836500688 1.3000000000 3.7194871642 0.0928445273 2.5050298201 0.0000000000
6.3914699196 1.3000000000 3.7194756380 0.0925660966 2.5048723431 0.0000000000
6.3992897480 1.3000000000 3.7194641018 0.0922837554 2.5047132619 0.0000000000
6.4071095536 1.3000000000 3.7194525458 0.0919974931 2.5045525329 0.0000000000
6.4149293359 1.3000000000 3.7194409602 0.0917072991 2.5043901129 0.0000000000
6.4227490945 1.3000000000 3.7194293353 0.0914131629 2.5042259585 0.0000000000
6.4305688289 1.3000000000 3.7194176611 0.0911150741 2.5040600262 0.0000000000
6.4383885390 1.3000000000 3.7194059206 0.0908130654 2.5038922609 0.0000000000
6.4462082253 1.3000000000 3.7193940807 0.0905072656 2.5037225813 0.0000000000
6.4540278885 1.3000000000 3.7193821059 0.0901978165 2.5035509024 0.0000000000
6.4618475292 1.3000000000 3.7193699608 0.0898848598 2.5033771396 0.0000000000
6.4696671480 1.3000000000 3.7193576101 0.0895685374 2.5032012078 0.0000000000
6.4774867455 1.3000000000 3.7193450198 0.0892489871 2.5030230263 0.0000000000
6.4853063214 1.3000000000 3.7193322128 0.0889261882 2.5028426788 0.0000000000
6.4931258739 1.3000000000 3.7193192875 0.0885999104 2.5026604664 0.0000000000
6.5009454012 1.3000000000 3.7193063473 0.0882699089 2.5024767052 0.0000000000
6.5087649015 1.3000000000 3.7192934959 0.0879359389 2.5022917113 0.0000000000
6.5165843729 1.3000000000 3.7192808366 0.0875977557 2.5021058009 0.0000000000
6.5244038143 1.3000000000 3.7192684325 0.0872552037 2.5019191638 0.0000000000
6.5322232272 1.3000000000 3.7192561489 0.0869085627 2.5017313728 0.0000000000
6.5400426139 1.3000000000 3.7192437904 0.0865582457 2.5015418121 0.0000000000
6.5478619768 1.3000000000 3.7192311618 0.0862046658 2.5013498659 0.0000000000
6.5556813184 1.3000000000 3.7192180683 0.0858482353 2.5011549195 0.0000000000
6.5635006397 1.3000000000 3.7192044424 0.0854891580 2.5009567852 0.0000000000
6.5713199383 1.3000000000 3.7191905503 0.0851270922 2.5007563904 0.0000000000
6.5791392113 1.3000000000 3.7191767116 0.0847616086 2.5005548421 0.0000000000
6.5869584558 1.3000000000 3.7191632460 0.0843922777 2.5003532474 0.0000000000
6.5947776694 1.3000000000 3.7191504425 0.0840187480 2.5001526215 0.0000000000
6.6025968545 1.3000000000 3.7191383244 0.0836413405 2.4999531861 0.0000000000
6.6104160158 1.3000000000 3.7191267789 0.0832607211 2.4997547563 0.0000000000
6.6182351581 1.3000000000 3.7191156921 0.0828775581 2.4995571441 0.0000000000
6.6260542860 1.3000000000 3.7191049493 0.0824924929 2.4993601469 0.0000000000
6.6338733985 1.3000000000 3.7190944134 0.0821054546 2.4991631876 0.0000000000
6.6416924884 1.3000000000 3.7190839230 0.0817156091 2.4989652879 0.0000000000
6.6495115485 1.3000000000 3.7190733158 0.0813220846 2.4987654493 0.0000000000
6.6573305720 1.3000000000 3.7190624398 0.0809241002 2.4985627516 0.0000000000
6.6651495603 1.3000000000 3.7190512534 0.0805218382 2.4983571014 0.0000000000
6.6729685194 1.3000000000 3.7190397817 0.0801160614 2.4981489038 0.0000000000
6.6807874552 1.3000000000 3.7190280509 0.0797075408 2.4979385721 0.0000000000
6.6886063743 1.3000000000 3.7190161918 0.0792970645 2.4977269454 0.0000000000
6.6964252842 1.3000000000 3.7190045938 0.0788854628 2.4975159127 0.0000000000
6.7042441926 1.3000000000 3.7189936852 0.0784735726 2.4973075221 0.0000000000
6.7120631061 1.3000000000 3.7189838485 0.0780621151 2.4971035922 0.0000000000
6.7198820179 1.3000000000 3.7189748783 0.0776503213 2.4969029942 0.0000000000
6.7277009119 1.3000000000 3.7189661611 0.0772363880 2.4967025521 0.0000000000
6.7355197720 1.3000000000 3.7189570812 0.0768185234 2.4964990864 0.0000000000
6.7433386017 1.3000000000 3.7189474499 0.0763971844 2.4962920258 0.0000000000
6.7511574370 1.3000000000 3.7189377774 0.0759765041 2.4960850637 0.0000000000
6.7589763165 1.3000000000 3.7189286380 0.0755609479 2.4958822836 0.0000000000
6.7667952526 1.3000000000 3.7189205144 0.0751518930 2.4956861672 0.0000000000
6.7746141902 1.3000000000 3.7189136573 0.0747428989 2.4954951411 0.0000000000
6.7824330651 1.3000000000 3.7189082749 0.0743264327 2.4953070251 0.0000000000
6.7902518690 1.3000000000 3.7189042429 0.0739015289 2.4951209356 0.0000000000
6.7980706752 1.3000000000 3.7189009487 0.0734768639 2.4949378928 0.0000000000
6.8058895558 1.3000000000 3.7188977620 0.0730609306 2.4947587726 0.0000000000
6.8137084985 1.3000000000 3.7188942731 0.0726523052 2.4945813666 0.0000000000
6.8215274414 1.3000000000 3.7188902031 0.0722436783 2.4944016361 0.0000000000
6.8293463388 1.3000000000 3.7188855243 0.0718296930 2.4942173267 0.0000000000
6.8371652241 1.3000000000 3.7188813508 0.0714142990 2.4940344750 0.0000000000
6.8449841511 1.3000000000 3.7188790740 0.0710038628 2.4938611933 0.0000000000
6.8528031336 1.3000000000 3.7188791342 0.0706000086 2.4936998925 0.0000000000
6.8606221493 1.3000000000 3.7188811171 0.0702000991 2.4935478605 0.0000000000
6.8684411747 1.3000000000 3.7188845781 0.0698013459 2.4934022031 0.0000000000
6.8762601864 1.3000000000 3.7188890725 0.0694009605 2.4932600263 0.0000000000
6.8840791691 1.3000000000 3.7188941029 0.0689971624 2.4931186289 0.0000000000
6.8918981675 1.3000000000 3.7188987977 0.0685953571 2.4929766860 0.0000000000
6.8997172427 1.3000000000 3.7189023562 0.0682029296 2.4928339488 0.0000000000
6.9075363569 1.3000000000 3.7189064231 0.0678153452 2.4926951828 0.0000000000
6.9153554170 1.3000000000 3.7189139871 0.0674214055 2.4925678628 0.0000000000
6.9231744380 1.3000000000 3.7189246978 0.0670229852 2.4924513377 0.0000000000
6.9309935528 1.3000000000 3.7189345570 0.0666362963 2.4923360989 0.0000000000
6.9388127707 1.3000000000 3.7189435895 0.0662625359 2.4922227248 0.0000000000
6.9466319713 1.3000000000 3.7189559844 0.0658871932 2.4921221671 0.0000000000
6.9544511304 1.3000000000 3.7189717506 0.0655072238 2.4920332443 0.0000000000
6.9622703419 1.3000000000 3.7189857981 0.0651337068 2.4919400275 0.0000000000
6.9700895934 1.3000000000 3.7189967682 0.0647647280 2.4918363164 0.0000000000
6.9779087596 1.3000000000 3.7190077289 0.0643847021 2.4917281487 0.0000000000
6.9857278873 1.3000000000 3.7190200021 0.0639999397 2.4916233364 0.0000000000
6.9935470881 1.3000000000 3.7190338271 0.0636249140 2.4915286263 0.0000000000
7.0013663033 1.3000000000 3.7190498911 0.0632523421 2.4914438537 0.0000000000
7.0091854695 1.3000000000 3.7190684646 0.0628741627 2.4913668757 0.0000000000
7.0170046735 1.3000000000 3.7190877008 0.0625009363 2.4912945299 0.0000000000
7.0248238706 1.3000000000 3.7191072327 0.0621270585 2.4912231066 0.0000000000
7.0326428634 1.3000000000 3.7191282420 0.0617279550 2.4911475025 0.0000000000
7.0404618418 1.3000000000 3.7191458298 0.0613258177 2.4910569987 0.0000000000
7.0482809527 1.3000000000 3.7191610528 0.0609394824 2.4909633564 0.0000000000
7.0561000734 1.3000000000 3.7191854910 0.0605575020 2.4909083172 0.0000000000
7.0639190484 1.3000000000 3.7192140612 0.0601591342 2.4908632507 0.0000000000
7.0717378438 1.3000000000 3.7192356336 0.0597365481 2.4907805060 0.0000000000
7.0795567172 1.3000000000 3.7192586254 0.0593236071 2.4907072969 0.0000000000
7.0873756750 1.3000000000 3.7192831874 0.0589213197 2.4906446297 0.0000000000
7.0951946181 1.3000000000 3.7193062275 0.0585167445 2.4905749602 0.0000000000
7.1030135079 1.3000000000 3.7193297251 0.0581057816 2.4905045655 0.0000000000
7.1108321804 1.3000000000 3.7193540970 0.0576703933 2.4904278977 0.0000000000
7.1186506873 1.3000000000 3.7193784466 0.0572164113 2.4903437032 0.0000000000
7.1264692148 1.3000000000 3.7194053295 0.0567657499 2.4902709703 0.0000000000
7.1342877683 1.3000000000 3.7194396138 0.0563209173 2.4902301743 0.0000000000
7.1421060990 1.3000000000 3.7194683122 0.0558504085 2.4901567646 0.0000000000
7.1499242359 1.3000000000 3.7194953589 0.0553589256 2.4900683580 0.0000000000
7.1577425082 1.3000000000 3.7195238519 0.0548821347 2.4899916139 0.0000000000
7.1655609686 1.3000000000 3.7195518419 0.0544246682 2.4899205870 0.0000000000
7.1733790364 1.3000000000 3.7195895987 0.0539310148 2.4898741530 0.0000000000
7.1811967858 1.3000000000 3.7196185095 0.0534033491 2.4897787300 0.0000000000
7.1890144419 1.3000000000 3.7196495965 0.0528677254 2.4896888286 0.0000000000
7.1968324797 1.3000000000 3.7196802405 0.0523678801 2.4896114664 0.0000000000
7.2046500561 1.3000000000 3.7197105972 0.0518257912 2.4895160577 0.0000000000
7.2124673498 1.3000000000 3.7197416550 0.0512577445 2.4894130703 0.0000000000
7.2202846736 1.3000000000 3.7197813017 0.0506963295 2.4893470908 0.0000000000
7.2281022343 1.3000000000 3.7198186487 0.0501544542 2.4892797290 0.0000000000
7.2359192964 1.3000000000 3.7198508662 0.0495685487 2.4891742364 0.0000000000
7.2437360237 1.3000000000 3.7198848935 0.0489547451 2.4890648245 0.0000000000
7.2515527938 1.3000000000 3.7199288994 0.0483488656 2.4889984960 0.0000000000
7.2593698550 1.3000000000 3.7199665170 0.0477639525 2.4889150012 0.0000000000
7.2671860514 1.3000000000 3.7200021941 0.0471103691 2.4887962764 0.0000000000
7.2750018950 1.3000000000 3.7200410770 0.0464319456 2.4886804385 0.0000000000
7.2828185189 1.3000000000 3.7200779741 0.0458114151 2.4885798147 0.0000000000
7.2906343693 1.3000000000 3.7201168862 0.0451331153 2.4884641430 0.0000000000
7.2984492658 1.3000000000 3.7201491557 0.0443876477 2.4882950342 0.0000000000
7.3062645759 1.3000000000 3.7201914287 0.0436736685 2.4881785346 0.0000000000
7.3140797094 1.3000000000 3.7202346586 0.0429476110 2.4880610312 0.0000000000
7.3218946315 1.3000000000 3.7202782777 0.0422072877 2.4879393782 0.0000000000
7.3297092943 1.3000000000 3.7203156149 0.0414482744 2.4877851218 0.0000000000
7.3375245270 1.3000000000 3.7203586296 0.0407288785 2.4876694220 0.0000000000
7.3453390572 1.3000000000 3.7204022143 0.0399630723 2.4875374386 0.0000000000
7.3531525850 1.3000000000 3.7204407038 0.0391342449 2.4873598654 0.0000000000
7.3609641879 1.3000000000 3.7204851816 0.0382012570 2.4871645813 0.0000000000
7.3687764653 1.3000000000 3.7205182523 0.0373008779 2.4869367128 0.0000000000
7.3765880643 1.3000000000 3.7205569899 0.0363653150 2.4867174380 0.0000000000
7.3843998771 1.3000000000 3.7206049405 0.0354438666 2.4865406610 0.0000000000
7.3922122422 1.3000000000 3.7206557103 0.0345533832 2.4863875470 0.0000000000
7.4000232928 1.3000000000 3.7206973550 0.0335902130 2.4861688577 0.0000000000
7.4078329728 1.3000000000 3.7207385122 0.0325603563 2.4859215436 0.0000000000
7.4156422262 1.3000000000 3.7207891908 0.0315127643 2.4857052212 0.0000000000
7.4234521477 1.3000000000 3.7208242107 0.0304926672 2.4854372620 0.0000000000
7.4312611581 1.3000000000 3.7208781901 0.0294355009 2.4852303132 0.0000000000
7.4390689613 1.3000000000 3.7209171094 0.0283193876 2.4849395451 0.0000000000
7.4468767702 1.3000000000 3.7209642229 0.0272056359 2.4846824981 0.0000000000
7.4546839370 1.3000000000 3.7210059721 0.0260627691 2.4843923485 0.0000000000
7.4624903805 1.3000000000 3.7210533135 0.0248908120 2.4841129312 0.0000000000
7.4702963520 1.3000000000 3.7211044777 0.0237004983 2.4838414626 0.0000000000
7.4781022144 1.3000000000 3.7211431503 0.0225031616 2.4835172181 0.0000000000
7.4859068719 1.3000000000 3.7211931397 0.0212603675 2.4832200583 0.0000000000
7.4937111943 1.3000000000 3.7212412286 0.0200034164 2.4829096331 0.0000000000
7.5015152572 1.3000000000 3.7212834775 0.0187352693 2.4825713699 0.0000000000
7.5093186486 1.3000000000 3.7213372045 0.0174444539 2.4822699517 0.0000000000
7.5171199127 1.3000000000 3.7213781262 0.0160725639 2.4818848828 0.0000000000
7.5249219945 1.3000000000 3.7214357685 0.0147337472 2.4815799252 0.0000000000
7.5327234297 1.3000000000 3.7214854869 0.0133701247 2.4812333496 0.0000000000
7.5405230943 1.3000000000 3.7215323099 0.0119451337 2.4808506455 0.0000000000
7.5483208814 1.3000000000 3.7215761845 0.0104602770 2.4804322012 0.0000000000
7.5561174062 1.3000000000 3.7216213733 0.0089306138 2.4800010910 0.0000000000
7.5639126905 1.3000000000 3.7216634669 0.0073606887 2.4795414956 0.0000000000
7.5717087974 1.3000000000 3.7217184037 0.0058199028 2.4791449281 0.0000000000
7.5795031566 1.3000000000 3.7217699732 0.0042259466 2.4787136236 0.0000000000
7.5872971700 1.3000000000 3.7218112308 0.0026188180 2.4782358028 0.0000000000
7.5950895768 1.3000000000 3.7218621890 0.0009662211 2.4777785967 0.0000000000
7.6028817792 1.3000000000 3.7219074102 -0.0006950112 2.4772949886 0.0000000000
7.6106732838 1.3000000000 3.7219515774 -0.0023739213 2.4768000932 0.0000000000
7.6184633376 1.3000000000 3.7219981291 -0.0040969282 2.4762970975 0.0000000000
7.6262533690 1.3000000000 3.7220416762 -0.0058199808 2.4757820649 0.0000000000
7.6340361065 1.3000000000 3.7220791439 -0.0077386492 2.4751644684 0.0000000000
7.6418205033 1.3000000000 3.7221153573 -0.0096161321 2.4745583286 0.0000000000
7.6496020240 1.3000000000 3.7221520019 -0.0115654176 2.4739251927 0.0000000000
7.6573832432 1.3000000000 3.7221889509 -0.0135239603 2.4732895717 0.0000000000
7.6651671988 1.3000000000 3.7222179346 -0.0154163699 2.4726485427 0.0000000000
7.6729414351 1.3000000000 3.7222536135 -0.0175336250 2.4719443564 0.0000000000
7.6807235305 1.3000000000 3.7222868651 -0.0194673237 2.4713038831 0.0000000000
7.6884941685 1.3000000000 3.7223020407 -0.0216593780 2.4704877639 0.0000000000
7.6962669440 1.3000000000 3.7223396430 -0.0238060313 2.4697795118 0.0000000000
7.7040379190 1.3000000000 3.7223678402 -0.0260053112 2.4690125888 0.0000000000
7.7118134343 1.3000000000 3.7223889653 -0.0281066479 2.4682565542 0.0000000000
7.7195646644 1.3000000000 3.7223947943 -0.0306985468 2.4672431107 0.0000000000
7.7273278395 1.3000000000 3.7223999437 -0.0330642018 2.4663174464 0.0000000000
7.7350883633 1.3000000000 3.7224081753 -0.0354835923 2.4653826165 0.0000000000
7.7428438752 1.3000000000 3.7224030397 -0.0379954909 2.4643573148 0.0000000000
7.7506005347 1.3000000000 3.7223764274 -0.0404701697 2.4632609942 0.0000000000
7.7583364913 1.3000000000 3.7223689576 -0.0433529663 2.4620779963 0.0000000000
7.7660801029 1.3000000000 3.7223427042 -0.0460878429 2.4608790320 0.0000000000
7.7738126158 1.3000000000 3.7222981446 -0.0489355647 2.4595617047 0.0000000000
7.7815386477 1.3000000000 3.7222631685 -0.0519360785 2.4582215948 0.0000000000
7.7892606649 1.3000000000 3.7222044558 -0.0550273989 2.4567502161 0.0000000000
7.7969550521 1.3000000000 3.7221159587 -0.0584067011 2.4550445066 0.0000000000
7.8046683405 1.3000000000 3.7220465742 -0.0616289584 2.4534780658 0.0000000000
7.8123668334 1.3000000000 3.7219403082 -0.0651627659 2.4516394786 0.0000000000
7.8199806537 1.3000000000 3.7218252924 -0.0689188173 2.4496769950 0.0000000000
7.8276060012 1.3000000000 3.7216243336 -0.0732283122 2.4471493618 0.0000000000
7.8352069361 1.3000000000 3.7213992349 -0.0777936063 2.4444228494 0.0000000000
7.8427660189 1.3000000000 3.7211602767 -0.0827690803 2.4414768268 0.0000000000
7.8502927414 1.3000000000 3.7208934641 -0.0880352800 2.4383030968 0.0000000000
7.8577726897 1.3000000000 3.7205831642 -0.0936876699 2.4348009410 0.0000000000
7.8651813652 1.3000000000 3.7202504612 -0.0998908770 2.4309888463 0.0000000000
7.8725161203 1.3000000000 3.7198844514 -0.1066099431 2.4268371806 0.0000000000
7.8797673105 1.3000000000 3.7194738395 -0.1138587021 2.4222952296 0.0000000000
7.8868833326 1.3000000000 3.7190155412 -0.1218767961 2.4172547987 0.0000000000
7.8937736966 1.3000000000 3.7184263728 -0.1310026054 2.4112478013 0.0000000000
7.9003802228 1.3000000000 3.7177816758 -0.1413219774 2.4045412645 0.0000000000
7.9066381691 1.3000000000 3.7171185251 -0.1529220454 2.3972486344 0.0000000000
7.9125373978 1.3000000000 3.7164025352 -0.1656104894 2.3893092974 0.0000000000
7.9171240833 1.3000000000 3.7154701525 -0.1811335335 2.3793705490 0.0000000000
7.9205373298 1.3000000000 3.7144771901 -0.1985368372 2.3684373776 0.0000000000
7.9233484404 1.3000000000 3.7134827898 -0.2166070502 2.3572316914 0.0000000000
7.9256709249 1.3000000000 3.7125074742 -0.2351134943 2.3459278513 0.0000000000
7.9275747243 1.3000000000 3.7115550473 -0.2539247509 2.3345936413 0.0000000000
7.9291280896 1.3000000000 3.7105862478 -0.2729312950 2.3231158254 0.0000000000
7.9303856828 1.3000000000 3.7096274945 -0.2920775665 2.3116223038 0.0000000000
7.9314013855 1.3000000000 3.7087462130 -0.3113374982 2.3003932049 0.0000000000
7.9322437190 1.3000000000 3.7078782515 -0.3306535175 2.2891949513 0.0000000000
7.9329334140 1.3000000000 3.7069592102 -0.3499926925 2.2777831159 0.0000000000
7.9334704612 1.3000000000 3.7061511820 -0.3693929825 2.2667908875 0.0000000000
7.9338933132 1.3000000000 3.7053214339 -0.3888052770 2.2557069769 0.0000000000
7.9342328009 1.3000000000 3.7045068820 -0.4082319485 2.2446781007 0.0000000000
7.9345101284 1.3000000000 3.7036855054 -0.4276629351 2.2336201998 0.0000000000
7.9347383751 1.3000000000 3.7028354563 -0.4470901851 2.2224491035 0.0000000000
7.9349251417 1.3000000000 3.7020779146 -0.4665442534 2.2116373095 0.0000000000
7.9350821349 1.3000000000 3.7013149212 -0.4859986160 2.2008035909 0.0000000000
7.9352140876 1.3000000000 3.7005564756 -0.5054552344 2.1899871607 0.0000000000
7.9353263365 1.3000000000 3.6998118788 -0.5249160058 2.1792244652 0.0000000000
7.9354223878 1.3000000000 3.6990846771 -0.5443813492 2.1685295211 0.0000000000
7.9355055700 1.3000000000 3.6983700000 -0.5638500000 2.1578833523 0.0000000000
7.9355413979 1.3000000000 3.6980300000 -0.5731250000 2.1528133523 0.0000000000
7.9356774262 1.3000000000 3.6964886734 -0.6139934697 2.1303006581 0.0000000000
7.9357872095 1.3000000000 3.6950944572 -0.6548948280 2.1083632498 0.0000000000
7.9358819189 1.3000000000 3.6937023803 -0.6957982583 2.0864335701 0.0000000000
7.9359720766 1.3000000000 3.6922727610 -0.7366931976 2.0643571174 0.0000000000
7.9360585784 1.3000000000 3.6909332127 -0.7776075219 2.0426331943 0.0000000000
7.9361448083 1.3000000000 3.6896018907 -0.8185237148 2.0209414293 0.0000000000
7.9362297368 1.3000000000 3.6882831265 -0.8594425039 1.9992988566 0.0000000000
7.9363143201 1.3000000000 3.6869065647 -0.9003493492 1.9774298713 0.0000000000
7.9363996128 1.3000000000 3.6855698172 -0.9412641992 1.9557169413 0.0000000000
7.9364885574 1.3000000000 3.6842256849 -0.9821707927 1.9339777747 0.0000000000
7.9365853080 1.3000000000 3.6829562155 -1.0230410638 1.9125517888 0.0000000000
7.9367039284 1.3000000000 3.6815977419 -1.0634660387 1.8909479042 0.0000000000
7.9370365132 1.3000000000 3.6816628646 -1.0653985993 1.8904353711 0.0000000000
7.9371777414 1.3000000000 3.6829590566 -1.0271181748 1.9109323089 0.0000000000
7.9373344149 1.3000000000 3.6842959331 -0.9856966871 1.9328484099 0.0000000000
7.9375334045 1.3000000000 3.6856406499 -0.9447863102 1.9545914280 0.0000000000
7.9378643622 1.3000000000 3.6869954117 -0.9038830671 1.9763717723 0.0000000000
7.9383432293 1.3000000000 3.6883515574 -0.8629861469 1.9981551232 0.0000000000
7.9392501020 1.3000000000 3.6896773706 -0.8219658708 2.0198664864 0.0000000000
7.9427245002 1.3000000000 3.6896411737 -0.8180831810 2.0212747747 0.0000000000
7.9445335384 1.3000000000 3.6882396197 -0.8585500894 1.9994817954 0.0000000000
7.9461218142 1.3000000000 3.6868408654 -0.8991037572 1.9776653112 0.0000000000
7.9477558500 1.3000000000 3.6854785848 -0.9398104133 1.9559335260 0.0000000000
7.9493959063 1.3000000000 3.6841381213 -0.9805211093 1.9342873936 0.0000000000
7.9509765577 1.3000000000 3.6828112607 -1.0212476995 1.9126893154 0.0000000000
7.9524810345 1.3000000000 3.6814237705 -1.0619791829 1.8908467613 0.0000000000
7.9539139617 1.3000000000 3.6801563283 -1.1027516969 1.8694679868 0.0000000000
7.9552758702 1.3000000000 3.6788300376 -1.1435275881 1.8478524676 0.0000000000
7.9565633351 1.3000000000 3.6775067860 -1.1843191841 1.8262428229 0.0000000000
7.9577775304 1.3000000000 3.6761753546 -1.2251227635 1.8045956652 0.0000000000
7.9589240817 1.3000000000 3.6748147388 -1.2659325612 1.7828292830 0.0000000000
7.9600062687 1.3000000000 3.6735536890 -1.3067737549 1.7614486065 0.0000000000
7.9610269866 1.3000000000 3.6722066385 -1.3476076731 1.7397268369 0.0000000000
7.9619953282 1.3000000000 3.6709163617 -1.3884610376 1.7182243840 0.0000000000
7.9629203499 1.3000000000 3.6695830415 -1.4293117005 1.6965508383 0.0000000000
7.9637989416 1.3000000000 3.6682439227 -1.4701677707 1.6748519348 0.0000000000
7.9646313784 1.3000000000 3.6669242922 -1.5110339190 1.6532269535 0.0000000000
7.9654238314 1.3000000000 3.6655873122 -1.5519012756 1.6315320909 0.0000000000
7.9661787604 1.3000000000 3.6642281328 -1.5927678096 1.6097487597 0.0000000000
7.9669053742 1.3000000000 3.6629073619 -1.6336464129 1.5881142345 0.0000000000
7.9676094329 1.3000000000 3.6615618269 -1.6745223671 1.5663817133 0.0000000000
7.9682667478 1.3000000000 3.6601970539 -1.7153973507 1.5445726276 0.0000000000
7.9688971411 1.3000000000 3.6588878897 -1.7562876909 1.5229798349 0.0000000000
7.9695061424 1.3000000000 3.6575435641 -1.7971734876 1.5012482138 0.0000000000
7.9700954169 1.3000000000 3.6561975038 -1.8380607532 1.4795090662 0.0000000000
7.9706671799 1.3000000000 3.6548416522 -1.8789475388 1.4577309457 0.0000000000
7.9712217864 1.3000000000 3.6534776753 -1.9198338049 1.4359205315 0.0000000000
7.9717602454 1.3000000000 3.6521592126 -1.9607310050 1.4142878005 0.0000000000
7.9722851256 1.3000000000 3.6507232171 -2.0016045000 1.3921944208 0.0000000000
7.9727974697 1.3000000000 3.6493948974 -2.0425014000 1.3705223820 0.0000000000
7.9732975605 1.3000000000 3.6480137728 -2.0833887311 1.3486429512 0.0000000000
7.9737832654 1.3000000000 3.6466294213 -2.1242765193 1.3267504299 0.0000000000
7.9742527792 1.3000000000 3.6452736279 -2.1651714890 1.3049692682 0.0000000000
7.9746991053 1.3000000000 3.6438543584 -2.2060545117 1.2829389811 0.0000000000
7.9751219826 1.3000000000 3.6425098066 -2.2469534963 1.2612011804 0.0000000000
7.9755355108 1.3000000000 3.6410863675 -2.2878376095 1.2391537787 0.0000000000
7.9759551101 1.3000000000 3.6396961629 -2.3287285650 1.2172365778 0.0000000000
7.9763756880 1.3000000000 3.6383265212 -2.3696240344 1.1953998232 0.0000000000
7.9767923697 1.3000000000 3.6368533994 -2.4104968255 1.1731582199 0.0000000000
7.9772086338 1.3000000000 3.6354896040 -2.4513938067 1.1513442458 0.0000000000
7.9776242206 1.3000000000 3.6340569314 -2.4922759979 1.1292606787 0.0000000000
7.9780405638 1.3000000000 3.6326663206 -2.5331671865 1.1073417600 0.0000000000
7.9784579239 1.3000000000 3.6312533395 -2.5740532780 1.0853353990 0.0000000000
7.9788747129 1.3000000000 3.6298461083 -2.6149408589 1.0633514418 0.0000000000
7.9792869137 1.3000000000 3.6283889242 -2.6558177097 1.0411719653 0.0000000000
7.9796878585 1.3000000000 3.6269880625 -2.6967076812 1.0192125297 0.0000000000
7.9800692355 1.3000000000 3.6255564393 -2.7375920913 0.9971322728 0.0000000000
7.9804186236 1.3000000000 3.6240920407 -2.7784710540 0.9749230935 0.0000000000
7.9807261903 1.3000000000 3.6226953536 -2.8193669661 0.9529779801 0.0000000000
7.9809866536 1.3000000000 3.6212167418 -2.8602466910 0.9307116432 0.0000000000
7.9812052551 1.3000000000 3.6197814428 -2.9011378603 0.9086139792 0.0000000000
7.9813957531 1.3000000000 3.6183530396 -2.9420308534 0.8865431692 0.0000000000
7.9815765663 1.3000000000 3.6169068876 -2.9829205181 0.8644026955 0.0000000000
7.9817654801 1.3000000000 3.6154592714 -3.0238099011 0.8422564776 0.0000000000
7.9819693405 1.3000000000 3.6140406155 -3.0647051543 0.8202237527 0.0000000000
7.9821385263 1.3000000000 3.6125280928 -3.1055803889 0.7978235680 0.0000000000
7.9822889130 1.3000000000 3.6111170795 -3.1464788434 0.7758201331 0.0000000000
7.9824399312 1.3000000000 3.6096297850 -3.1873600823 0.7535184593 0.0000000000
7.9825869138 1.3000000000 3.6082151299 -3.2282577744 0.7315007623 0.0000000000
7.9827344844 1.3000000000 3.6066787571 -3.2691276826 0.7090073078 0.0000000000
7.9828896027 1.3000000000 3.6052472059 -3.3100215295 0.6869235642 0.0000000000
7.9830511075 1.3000000000 3.6037929201 -3.3509101375 0.6647509778 0.0000000000
7.9832371586 1.3000000000 3.6023217107 -3.3917766641 0.6425195296 0.0000000000
7.9833758285 1.3000000000 3.6013915064 -3.4182420735 0.6282125486 0.0000000000
7.9834137417 1.3000000000 3.6029171699 -3.3762048439 0.6511300944 0.0000000000
7.9834418204 1.3000000000 3.6014244362 -3.4176641448 0.6285754393 0.0000000000
7.9834591837 1.3000000000 3.6000669097 -3.4552693630 0.6081032457 0.0000000000
7.9834740427 1.3000000000 3.5984610813 -3.4966036877 0.5851462023 0.0000000000
7.9834880689 1.3000000000 3.5969668511 -3.5374345860 0.5628369224 0.0000000000
7.9835024668 1.3000000000 3.5954588771 -3.5783056417 0.5404566041 0.0000000000
7.9835181268 1.3000000000 3.5939583884 -3.6191857569 0.5181026032 0.0000000000
7.9835356128 1.3000000000 3.5924491327 -3.6600640441 0.4957142656 0.0000000000
7.9835553939 1.3000000000 3.5908500152 -3.7009206162 0.4729751667 0.0000000000
7.9835781231 1.3000000000 3.5893183843 -3.7417935431 0.4504994722 0.0000000000
7.9836049190 1.3000000000 3.5877901316 -3.7826672826 0.4280369655 0.0000000000
7.9836371038 1.3000000000 3.5862369839 -3.8235347877 0.4054773727 0.0000000000
7.9836807361 1.3000000000 3.5847365103 -3.8644110897 0.3831249577 0.0000000000
7.9837536667 1.3000000000 3.5847157664 -3.8654521649 0.3826255520 0.0000000000
7.9837598260 1.3000000000 3.5862400000 -3.8245500000 0.4050833523 0.0000000000
