# logAge Mass logTe Mbol logg C/O
-0.0237544844 0.5000000000 3.6072500000 0.6715000000 1.8725700043 0.0000000000
0.0216586145 0.5000000000 3.6072496789 0.6715391959 1.8725843982 0.0000000000
0.0670717145 0.5000000000 3.6072497502 0.6715797756 1.8726009155 0.0000000000
0.1124848151 0.5000000000 3.6072501840 0.6716226078 1.8726197836 0.0000000000
0.1578979159 0.5000000000 3.6072509503 0.6716685613 1.8726412302 0.0000000000
0.2033110165 0.5000000000 3.6072520191 0.6717185048 1.8726654826 0.0000000000
0.2487241163 0.5000000000 3.6072533603 0.6717733071 1.8726927683 0.0000000000
0.2941372149 0.5000000000 3.6072549439 0.6718338370 1.8727233149 0.0000000000
0.3395503118 0.5000000000 3.6072567401 0.6719009633 1.8727573499 0.0000000000
0.3849634066 0.5000000000 3.6072587187 0.6719755546 1.8727951008 0.0000000000
0.4303764987 0.5000000000 3.6072608497 0.6720584798 1.8728367950 0.0000000000
0.4757895878 0.5000000000 3.6072631032 0.6721506076 1.8728826600 0.0000000000
0.5212026733 0.5000000000 3.6072654491 0.6722528067 1.8729329234 0.0000000000
0.5666157548 0.5000000000 3.6072678575 0.6723659460 1.8729878127 0.0000000000
0.6120288318 0.5000000000 3.6072702984 0.6724908951 1.8730475561 0.0000000000
0.6574419030 0.5000000000 3.6072728405 0.6726292035 1.8731130479 0.0000000000
0.7028549650 0.5000000000 3.6072758269 0.6727843166 1.8731870386 0.0000000000
0.7482680140 0.5000000000 3.6072796481 0.6729600071 1.8732725994 0.0000000000
0.7936810473 0.5000000000 3.6072844516 0.6731587618 1.8733713155 0.0000000000
0.8390940680 0.5000000000 3.6072891502 0.6733765288 1.8734772165 0.0000000000
0.8845070784 0.5000000000 3.6072926972 0.6736095454 1.8735846113 0.0000000000
0.9299200606 0.5000000000 3.6072973897 0.6738723082 1.8737084863 0.0000000000
0.9753329909 0.5000000000 3.6073062868 0.6741844499 1.8738689315 0.0000000000
1.0207458893 0.5000000000 3.6073133756 0.6745265152 1.8740341130 0.0000000000
1.0661587640 0.5000000000 3.6073169919 0.6748874243 1.8741929416 0.0000000000
1.1115715895 0.5000000000 3.6073238372 0.6752841603 1.8743790173 0.0000000000
1.1569843535 0.5000000000 3.6073336358 0.6757229281 1.8745937189 0.0000000000
1.2023970359 0.5000000000 3.6073431431 0.6762115736 1.8748272062 0.0000000000
1.2478095846 0.5000000000 3.6073517450 0.6767721600 1.8750858482 0.0000000000
1.2932220198 0.5000000000 3.6073633371 0.6773883333 1.8753786862 0.0000000000
1.3386343226 0.5000000000 3.6073810508 0.6780602830 1.8757183209 0.0000000000
1.3840464421 0.5000000000 3.6073912404 0.6788073762 1.8760579165 0.0000000000
1.4294587793 0.5000000000 3.6074293839 0.6794605253 1.8764717500 0.0000000000
1.4748703613 0.5000000000 3.6074487166 0.6803877338 1.8769199644 0.0000000000
1.5202816152 0.5000000000 3.6074670925 0.6814125358 1.8774033886 0.0000000000
1.5656925078 0.5000000000 3.6074852994 0.6825321499 1.8779240619 0.0000000000
1.6111027128 0.5000000000 3.6075112451 0.6838121160 1.8785398313 0.0000000000
1.6565124599 0.5000000000 3.6075409977 0.6851933666 1.8792113416 0.0000000000
1.7019211520 0.5000000000 3.6075651025 0.6867713441 1.8799389520 0.0000000000
1.7473299847 0.5000000000 3.6076119564 0.6883297330 1.8807497230 0.0000000000
1.7927374330 0.5000000000 3.6076614521 0.6901036868 1.8816572874 0.0000000000
1.8381425771 0.5000000000 3.6076959936 0.6922364307 1.8826485508 0.0000000000
1.8835460413 0.5000000000 3.6077348502 0.6945681331 1.8837366585 0.0000000000
1.9289481251 0.5000000000 3.6077920222 0.6970687435 1.8849655907 0.0000000000
1.9743487947 0.5000000000 3.6078654947 0.6997149056 1.8863179454 0.0000000000
2.0197441579 0.5000000000 3.6079198744 0.7028868026 1.8878042228 0.0000000000
2.0651364717 0.5000000000 3.6079885384 0.7063191427 1.8894518151 0.0000000000
2.1105267674 0.5000000000 3.6080733553 0.7099082800 1.8912267375 0.0000000000
2.1559080084 0.5000000000 3.6081574396 0.7141558658 1.8932621089 0.0000000000
2.2012863400 0.5000000000 3.6082601447 0.7185939374 1.8954481582 0.0000000000
2.2466524090 0.5000000000 3.6083619618 0.7237478018 1.8979169724 0.0000000000
2.2920135126 0.5000000000 3.6084819972 0.7291803209 1.9005701214 0.0000000000
2.3373588413 0.5000000000 3.6085997414 0.7353618324 1.9035137027 0.0000000000
2.3826954252 0.5000000000 3.6087520029 0.7419534063 1.9067593785 0.0000000000
2.4280104742 0.5000000000 3.6088951375 0.7493845451 1.9103043723 0.0000000000
2.4733094473 0.5000000000 3.6090664094 0.7574298159 1.9142075683 0.0000000000
2.5185887843 0.5000000000 3.6092619211 0.7661131562 1.9184629510 0.0000000000
2.5638364109 0.5000000000 3.6094572190 0.7757912956 1.9231153984 0.0000000000
2.6090531444 0.5000000000 3.6096761338 0.7863206636 1.9282028048 0.0000000000
2.6542314333 0.5000000000 3.6099090826 0.7978387257 1.9337418250 0.0000000000
2.6993676127 0.5000000000 3.6101745340 0.8103397382 1.9398040356 0.0000000000
2.7444522759 0.5000000000 3.6104464170 0.8239531766 1.9463369430 0.0000000000
2.7894800720 0.5000000000 3.6107470899 0.8386927618 1.9534354687 0.0000000000
2.8344452418 0.5000000000 3.6110817443 0.8545780170 1.9611281885 0.0000000000
2.8793320680 0.5000000000 3.6114324777 0.8717904174 1.9694160821 0.0000000000
2.9241337893 0.5000000000 3.6118073600 0.8903345126 1.9783332495 0.0000000000
2.9688389241 0.5000000000 3.6122098735 0.9102786353 1.9879209526 0.0000000000
3.0134355788 0.5000000000 3.6126365596 0.9316838364 1.9981897772 0.0000000000
3.0579158392 0.5000000000 3.6130926943 0.9545485842 2.0091602152 0.0000000000
3.1022685842 0.5000000000 3.6135870666 0.9789079420 2.0208814474 0.0000000000
3.1464721793 0.5000000000 3.6141033259 1.0049022533 2.0333442094 0.0000000000
3.1905232842 0.5000000000 3.6146357320 1.0324655117 2.0464991372 0.0000000000
3.2344031332 0.5000000000 3.6152075719 1.0616817814 2.0604730046 0.0000000000
3.2781130479 0.5000000000 3.6158081048 1.0924441085 2.0751800670 0.0000000000
3.3216331980 0.5000000000 3.6164241375 1.1248430396 2.0906037703 0.0000000000
3.3649557612 0.5000000000 3.6170758914 1.1588516968 2.1068142486 0.0000000000
3.4080691838 0.5000000000 3.6177331453 1.1944831082 2.1236958286 0.0000000000
3.4509717357 0.5000000000 3.6184221030 1.2316669755 2.1413252065 0.0000000000
3.4936583265 0.5000000000 3.6191151770 1.2703730473 2.1595799311 0.0000000000
3.5361308853 0.5000000000 3.6198364288 1.3105203674 2.1785238666 0.0000000000
3.5783793751 0.5000000000 3.6205656630 1.3521186467 2.1980801150 0.0000000000
3.6203995961 0.5000000000 3.6212972146 1.3951371456 2.2182137211 0.0000000000
3.6621956342 0.5000000000 3.6220355688 1.4394989098 2.2389118435 0.0000000000
3.7037789203 0.5000000000 3.6227809455 1.4850927638 2.2601308919 0.0000000000
3.7451406358 0.5000000000 3.6235263714 1.5319293333 2.2818472232 0.0000000000
3.7862949833 0.5000000000 3.6242696176 1.5798939972 2.3040060738 0.0000000000
3.8272319843 0.5000000000 3.6250083816 1.6290084152 2.3266068967 0.0000000000
3.8679669210 0.5000000000 3.6257401000 1.6791622816 2.3495953171 0.0000000000
3.9085130979 0.5000000000 3.6264619539 1.7302640454 2.3729234379 0.0000000000
3.9488647751 0.5000000000 3.6271728566 1.7823199722 2.3965894195 0.0000000000
3.9890341260 0.5000000000 3.6278700371 1.8352511527 2.4205506137 0.0000000000
4.0290312449 0.5000000000 3.6285513331 1.8889927705 2.4447724448 0.0000000000
4.0688613222 0.5000000000 3.6292154676 1.9435058024 2.4692341958 0.0000000000
4.1085250919 0.5000000000 3.6298596541 1.9987727343 2.4939177145 0.0000000000
4.1480120340 0.5000000000 3.6304624283 2.0548284015 2.5187510782 0.0000000000
4.1873531931 0.5000000000 3.6310438894 2.1115228062 2.5437546844 0.0000000000
4.2265563946 0.5000000000 3.6315999859 2.1688129850 2.5688951421 0.0000000000
4.2656308224 0.5000000000 3.6321313470 2.2266518260 2.5941561228 0.0000000000
4.3045917373 0.5000000000 3.6326499229 2.2849680617 2.6195569205 0.0000000000
4.3434379735 0.5000000000 3.6331292877 2.3437625719 2.6449921840 0.0000000000
4.3821706653 0.5000000000 3.6335886784 2.4030243946 2.6705344757 0.0000000000
4.4207973194 0.5000000000 3.6340098549 2.4627190076 2.6960970269 0.0000000000
4.4593273550 0.5000000000 3.6344034455 2.5228038403 2.7217053225 0.0000000000
4.4977640758 0.5000000000 3.6347553491 2.5832626525 2.7472964615 0.0000000000
4.5361216262 0.5000000000 3.6350652639 2.6440363482 2.7728455994 0.0000000000
4.5744263058 0.5000000000 3.6353485488 2.7050189289 2.7983717711 0.0000000000
4.6127056750 0.5000000000 3.6355894505 2.7661019462 2.8237685848 0.0000000000
4.6509973636 0.5000000000 3.6357818536 2.8271377490 2.8489525182 0.0000000000
4.6893749007 0.5000000000 3.6359428327 2.8878359944 2.8738757327 0.0000000000
4.7279330251 0.5000000000 3.6360632605 2.9478147347 2.8983489400 0.0000000000
4.7668302792 0.5000000000 3.6361394176 3.0064075413 2.9220906911 0.0000000000
4.8062704550 0.5000000000 3.6361690739 3.0626821810 2.9447191723 0.0000000000
4.8465161564 0.5000000000 3.6361774195 3.1152712556 2.9657881844 0.0000000000
4.8878209980 0.5000000000 3.6361539223 3.1624224391 2.9845546691 0.0000000000
4.9303160543 0.5000000000 3.6361338841 3.2024073078 3.0004684640 0.0000000000
4.9738876284 0.5000000000 3.6360983438 3.2343446328 3.0131012325 0.0000000000
5.0182264631 0.5000000000 3.6360638885 3.2588389094 3.0227611220 0.0000000000
5.0630120753 0.5000000000 3.6360317052 3.2776145714 3.0301426538 0.0000000000
5.1080116938 0.5000000000 3.6360013956 3.2928911483 3.0361320460 0.0000000000
5.1530899883 0.5000000000 3.6359736407 3.3066514571 3.0415251501 0.0000000000
5.1981625333 0.5000000000 3.6359337438 3.3205279891 3.0469161751 0.0000000000
5.2431617838 0.5000000000 3.6358967934 3.3358183079 3.0528845010 0.0000000000
5.2880089351 0.5000000000 3.6358448460 3.3536748230 3.0598193173 0.0000000000
5.3325853733 0.5000000000 3.6357754578 3.3753556229 3.0682140847 0.0000000000
5.3766841796 0.5000000000 3.6356723448 3.4024550232 3.0786413928 0.0000000000
5.4199334144 0.5000000000 3.6355215553 3.4370508094 3.0918765494 0.0000000000
5.4616295083 0.5000000000 3.6353093548 3.4819521808 3.1089882958 0.0000000000
5.5005021821 0.5000000000 3.6349707883 3.5404926508 3.1310502179 0.0000000000
5.5349045870 0.5000000000 3.6344642569 3.6144129754 3.1585922220 0.0000000000
5.5640013500 0.5000000000 3.6337651522 3.7014484499 3.1906099932 0.0000000000
5.5890222143 0.5000000000 3.6328417647 3.7961370465 3.2247918818 0.0000000000
5.6125881686 0.5000000000 3.6317600247 3.8931491400 3.2592697593 0.0000000000
5.6366251764 0.5000000000 3.6305191686 3.9894218659 3.2928154251 0.0000000000
5.6615265912 0.5000000000 3.6291558556 4.0843008652 3.3253137727 0.0000000000
5.6872559131 0.5000000000 3.6276747938 4.1777783414 3.3567805159 0.0000000000
5.7137221023 0.5000000000 3.6260743892 4.2699491175 3.3872472083 0.0000000000
5.7408860416 0.5000000000 3.6243672965 4.3608303136 3.4167713158 0.0000000000
5.7686803966 0.5000000000 3.6225628690 4.4505004611 3.4454216649 0.0000000000
5.7970510994 0.5000000000 3.6206665857 4.5390237316 3.4732458396 0.0000000000
5.8259790469 0.5000000000 3.6187024204 4.6264034176 3.5003410530 0.0000000000
5.8553888898 0.5000000000 3.6166529343 4.7127595566 3.5266855642 0.0000000000
5.8852822293 0.5000000000 3.6145598689 4.7980645996 3.5524353199 0.0000000000
5.9156998795 0.5000000000 3.6124461622 4.8822004787 3.5776348447 0.0000000000
5.9465883957 0.5000000000 3.6103195336 4.9652557989 3.6023504585 0.0000000000
5.9779090179 0.5000000000 3.6081839380 5.0472920665 3.6266225828 0.0000000000
6.0095089190 0.5000000000 3.6059850543 5.1286457969 3.6503685402 0.0000000000
6.0413440599 0.5000000000 3.6037280059 5.2094144451 3.6736478061 0.0000000000
6.0733810142 0.5000000000 3.6013979878 5.2896698114 3.6964298800 0.0000000000
6.1056165647 0.5000000000 3.5990049495 5.3694148362 3.7187557369 0.0000000000
6.1380806855 0.5000000000 3.5965871722 5.4485734600 3.7407480770 0.0000000000
6.1708027931 0.5000000000 3.5941493569 5.5270615390 3.7623920474 0.0000000000
6.2037594011 0.5000000000 3.5917043550 5.6049326354 3.7837604785 0.0000000000
6.2369723975 0.5000000000 3.5892554964 5.6821190101 3.8048395939 0.0000000000
6.2704576729 0.5000000000 3.5868380286 5.7585728885 3.8257512739 0.0000000000
6.3042219038 0.5000000000 3.5844494395 5.8342616378 3.8464724176 0.0000000000
6.3382810663 0.5000000000 3.5821090235 5.9091289982 3.8670576978 0.0000000000
6.3727549558 0.5000000000 3.5798816661 5.9828222353 3.8876255630 0.0000000000
6.4076639684 0.5000000000 3.5777916643 6.0552495013 3.9082364620 0.0000000000
6.4429960757 0.5000000000 3.5758413460 6.1264067054 3.9288980704 0.0000000000
6.4787063171 0.5000000000 3.5740223228 6.1963977947 3.9496184132 0.0000000000
6.5147709472 0.5000000000 3.5723488289 6.2652667772 3.9704720308 0.0000000000
6.5512778993 0.5000000000 3.5708592766 6.3326868168 3.9914818374 0.0000000000
6.5885514345 0.5000000000 3.5697472774 6.3974766387 4.0129497693 0.0000000000
6.6263219817 0.5000000000 3.5688928970 6.4604734568 4.0347309749 0.0000000000
6.6643456198 0.5000000000 3.5681989055 6.5225250286 4.0567756379 0.0000000000
6.7025161573 0.5000000000 3.5676093275 6.5840171731 4.0790141835 0.0000000000
6.7408275269 0.5000000000 3.5671147784 6.6449648502 4.1014150579 0.0000000000
6.7792498464 0.5000000000 3.5667204384 6.7054790781 4.1240433893 0.0000000000
6.8177780413 0.5000000000 3.5664021115 6.7655739487 4.1468080298 0.0000000000
6.8564033795 0.5000000000 3.5661719562 6.8252803958 4.1697699873 0.0000000000
6.8951364379 0.5000000000 3.5660088971 6.8845503910 4.1928257492 0.0000000000
6.9339736768 0.5000000000 3.5659333713 6.9433938224 4.2160610183 0.0000000000
6.9729251838 0.5000000000 3.5659316285 7.0017636934 4.2394019958 0.0000000000
7.0120037875 0.5000000000 3.5660095844 7.0595996864 4.2628482163 0.0000000000
7.0512170139 0.5000000000 3.5661672973 7.1168623145 4.2863841194 0.0000000000
7.0905862288 0.5000000000 3.5664051392 7.1734501760 4.3099706314 0.0000000000
7.1301234569 0.5000000000 3.5667391371 7.2292980022 4.3336457537 0.0000000000
7.1698467707 0.5000000000 3.5671587190 7.2843104804 4.3573290726 0.0000000000
7.2097783065 0.5000000000 3.5676863538 7.3383665337 4.3810620328 0.0000000000
7.2499460380 0.5000000000 3.5683162115 7.3913104532 4.4047590317 0.0000000000
7.2903485886 0.5000000000 3.5690444309 7.4431168069 4.4283944505 0.0000000000
7.3310454245 0.5000000000 3.5699109934 7.4934488046 4.4519934996 0.0000000000
7.3720846965 0.5000000000 3.5709060694 7.5419960401 4.4753926979 0.0000000000
7.4134350105 0.5000000000 3.5720199314 7.5888472828 4.4985886430 0.0000000000
7.4551307056 0.5000000000 3.5732506633 7.6337229539 4.5214618391 0.0000000000
7.4973424489 0.5000000000 3.5746943788 7.6754285717 4.5439189484 0.0000000000
7.5401282842 0.5000000000 3.5764245055 7.7132196827 4.5659558995 0.0000000000
7.5835633239 0.5000000000 3.5784985643 7.7459117676 4.5873289687 0.0000000000
7.6276851692 0.5000000000 3.5810523026 7.7719460545 4.6079576364 0.0000000000
7.6724302463 0.5000000000 3.5841781151 7.7895372161 4.6274973513 0.0000000000
7.7175600001 0.5000000000 3.5879426804 7.7975841020 4.6457743666 0.0000000000
7.7627220022 0.5000000000 3.5924418268 7.7947959275 4.6626556824 0.0000000000
7.8075553252 0.5000000000 3.5976212985 7.7823369876 4.6783899935 0.0000000000
7.8521433383 0.5000000000 3.6031197242 7.7657477879 4.6937480162 0.0000000000
7.8969652088 0.5000000000 3.6083695050 7.7532670337 4.7097548377 0.0000000000
7.9421347618 0.5000000000 3.6126189387 7.7547487437 4.7273452565 0.0000000000
7.9862147648 0.5000000000 3.6146273770 7.7807108752 4.7457638623 0.0000000000
8.0271047671 0.5000000000 3.6138416745 7.8298814218 4.7622892712 0.0000000000
8.0657025015 0.5000000000 3.6113392853 7.8893580099 4.7760703496 0.0000000000
8.1047991087 0.5000000000 3.6082300000 7.9465250000 4.7865000043 0.0000000000
8.1386396222 0.5000000000 3.6059200000 7.9816750000 4.7913200043 0.0000000000
8.1484576091 0.5000000000 3.6053883526 7.9886815035 4.7919960160 0.0000000000
8.1584125850 0.5000000000 3.6049282556 7.9943159753 4.7924094169 0.0000000000
8.1684716804 0.5000000000 3.6045333782 7.9987102151 4.7925876032 0.0000000000
8.1786020293 0.5000000000 3.6041973898 8.0019960295 4.7925579754 0.0000000000
8.1887747802 0.5000000000 3.6039143914 8.0043134171 4.7923529368 0.0000000000
8.1989728473 0.5000000000 3.6036797487 8.0058263837 4.7920195528 0.0000000000
8.2091829787 0.5000000000 3.6034882788 8.0066980663 4.7916023460 0.0000000000
8.2193986577 0.5000000000 3.6033316923 8.0070707006 4.7911250537 0.0000000000
8.2296154110 0.5000000000 3.6032011332 8.0070789955 4.7906061355 0.0000000000
8.2398317166 0.5000000000 3.6030894186 8.0068389151 4.7900632448 0.0000000000
8.2500474859 0.5000000000 3.6029902385 8.0064565559 4.7895135808 0.0000000000
8.2602628122 0.5000000000 3.6028995922 8.0060091416 4.7889720297 0.0000000000
8.2704780063 0.5000000000 3.6028163753 8.0055376658 4.7884505718 0.0000000000
8.2806933568 0.5000000000 3.6027396101 8.0050777539 4.7879595464 0.0000000000
8.2909089723 0.5000000000 3.6026680249 8.0046494311 4.7875018763 0.0000000000
8.3011249029 0.5000000000 3.6026002529 8.0042676791 4.7870780874 0.0000000000
8.3113411534 0.5000000000 3.6025347988 8.0039402091 4.7866852832 0.0000000000
8.3215576500 0.5000000000 3.6024699473 8.0036622799 4.7863147056 0.0000000000
8.3317743133 0.5000000000 3.6024040588 8.0034279850 4.7859574336 0.0000000000
8.3419910961 0.5000000000 3.6023373424 8.0032325186 4.7856123814 0.0000000000
8.3522079806 0.5000000000 3.6022716622 8.0030720605 4.7852854773 0.0000000000
8.3624249496 0.5000000000 3.6022087869 8.0029426570 4.7849822148 0.0000000000
8.3726419815 0.5000000000 3.6021486627 8.0028383603 4.7846999992 0.0000000000
8.3828590517 0.5000000000 3.6020900432 8.0027519186 4.7844309447 0.0000000000
8.3930761369 0.5000000000 3.6020317506 8.0026764034 4.7841675680 0.0000000000
8.4032932300 0.5000000000 3.6019736811 8.0026090675 4.7839083557 0.0000000000
8.4135103347 0.5000000000 3.6019164442 8.0025499394 4.7836557570 0.0000000000
8.4237274545 0.5000000000 3.6018606553 8.0024989729 4.7834122146 0.0000000000
8.4339445898 0.5000000000 3.6018067915 8.0024536252 4.7831786205 0.0000000000
8.4441617376 0.5000000000 3.6017552026 8.0024090445 4.7829544324 0.0000000000
8.4543788947 0.5000000000 3.6017062294 8.0023603340 4.7827390556 0.0000000000
8.4645960597 0.5000000000 3.6016598903 8.0023062316 4.7825320583 0.0000000000
8.4748132340 0.5000000000 3.6016156369 8.0022518563 4.7823332945 0.0000000000
8.4850304192 0.5000000000 3.6015728634 8.0022029734 4.7821426472 0.0000000000
8.4952476159 0.5000000000 3.6015310655 8.0021632146 4.7819595523 0.0000000000
8.5054648178 0.5000000000 3.6014902379 8.0021257437 4.7817812534 0.0000000000
8.5156820171 0.5000000000 3.6014505275 8.0020805199 4.7816043224 0.0000000000
8.5258992057 0.5000000000 3.6014120983 8.0020177267 4.7814254882 0.0000000000
8.5361163796 0.5000000000 3.6013755564 8.0019335291 4.7812456416 0.0000000000
8.5463335387 0.5000000000 3.6013419861 8.0018305529 4.7810701698 0.0000000000
8.5565506833 0.5000000000 3.6013124953 8.0017117457 4.7809046838 0.0000000000
8.5667678150 0.5000000000 3.6012877786 8.0015808138 4.7807534441 0.0000000000
8.5769849438 0.5000000000 3.6012663414 8.0014454799 4.7806135620 0.0000000000
8.5872020821 0.5000000000 3.6012459678 8.0013147908 4.7804797917 0.0000000000
8.5974192424 0.5000000000 3.6012244502 8.0011977434 4.7803469025 0.0000000000
8.6076364279 0.5000000000 3.6012007264 8.0010970250 4.7802117200 0.0000000000
8.6178536237 0.5000000000 3.6011759723 8.0010029896 4.7800750893 0.0000000000
8.6280708126 0.5000000000 3.6011516228 8.0009045631 4.7799383208 0.0000000000
8.6382879781 0.5000000000 3.6011290785 8.0007909861 4.7798027126 0.0000000000
8.6485051140 0.5000000000 3.6011089371 8.0006588095 4.7796692765 0.0000000000
8.6587222249 0.5000000000 3.6010909894 8.0005119358 4.7795387363 0.0000000000
8.6689393160 0.5000000000 3.6010749907 8.0003545901 4.7794118032 0.0000000000
8.6791563918 0.5000000000 3.6010606814 8.0001907922 4.7792890468 0.0000000000
8.6893734544 0.5000000000 3.6010476272 8.0000221438 4.7791693707 0.0000000000
8.6995905038 0.5000000000 3.6010352803 7.9998486724 4.7790505945 0.0000000000
8.7098075400 0.5000000000 3.6010230908 7.9996703788 4.7789305190 0.0000000000
8.7200245628 0.5000000000 3.6010105720 7.9994871882 4.7788071674 0.0000000000
8.7302415693 0.5000000000 3.6009977875 7.9992983676 4.7786805014 0.0000000000
8.7404585558 0.5000000000 3.6009850847 7.9991028453 4.7785514811 0.0000000000
8.7506755182 0.5000000000 3.6009728130 7.9988995466 4.7784210749 0.0000000000
8.7608924545 0.5000000000 3.6009612333 7.9986879761 4.7782901279 0.0000000000
8.7711093780 0.5000000000 3.6009498648 7.9984724763 4.7781584539 0.0000000000
8.7813263099 0.5000000000 3.6009378578 7.9982597966 4.7780253543 0.0000000000
8.7915432713 0.5000000000 3.6009243601 7.9980567039 4.7778901263 0.0000000000
8.8017602796 0.5000000000 3.6009086443 7.9978688376 4.7777521168 0.0000000000
8.8119773160 0.5000000000 3.6008912432 7.9976904797 4.7776111690 0.0000000000
8.8221943401 0.5000000000 3.6008734186 7.9975093377 4.7774674139 0.0000000000
8.8324113117 0.5000000000 3.6008564414 7.9973130393 4.7773209858 0.0000000000
8.8426281927 0.5000000000 3.6008415120 7.9970899261 4.7771720228 0.0000000000
8.8528449813 0.5000000000 3.6008287266 7.9968395224 4.7770207197 0.0000000000
8.8630617049 0.5000000000 3.6008173058 7.9965702227 4.7768673167 0.0000000000
8.8732783916 0.5000000000 3.6008064461 7.9962906649 4.7767120548 0.0000000000
8.8834950689 0.5000000000 3.6007953567 7.9960093483 4.7765551703 0.0000000000
8.8937117473 0.5000000000 3.6007837022 7.9957297402 4.7763967091 0.0000000000
8.9039284157 0.5000000000 3.6007717209 7.9954489762 4.7762364783 0.0000000000
8.9141450615 0.5000000000 3.6007596875 7.9951637886 4.7760742698 0.0000000000
8.9243616724 0.5000000000 3.6007478762 7.9948709157 4.7759098754 0.0000000000
8.9345782422 0.5000000000 3.6007364022 7.9945687274 4.7757431041 0.0000000000
8.9447947803 0.5000000000 3.6007250079 7.9942594204 4.7755738043 0.0000000000
8.9550112979 0.5000000000 3.6007133825 7.9939457396 4.7754018303 0.0000000000
8.9652278064 0.5000000000 3.6007012150 7.9936304298 4.7752270364 0.0000000000
8.9754443149 0.5000000000 3.6006882587 7.9933156643 4.7750493048 0.0000000000
8.9856608199 0.5000000000 3.6006746099 7.9930005592 4.7748686676 0.0000000000
8.9958773138 0.5000000000 3.6006604795 7.9926832114 4.7746852069 0.0000000000
9.0060937889 0.5000000000 3.6006460783 7.9923617174 4.7744990046 0.0000000000
9.0163102370 0.5000000000 3.6006316378 7.9920341064 4.7743101980 0.0000000000
9.0265266397 0.5000000000 3.6006177222 7.9916973170 4.7741198200 0.0000000000
9.0367429704 0.5000000000 3.6006051661 7.9913474030 4.7739296297 0.0000000000
9.0469592024 0.5000000000 3.6005948115 7.9909803927 4.7737414074 0.0000000000
9.0571753097 0.5000000000 3.6005874706 7.9905924626 4.7735568719 0.0000000000
9.0673913029 0.5000000000 3.6005827793 7.9901855768 4.7733753521 0.0000000000
9.0776072395 0.5000000000 3.6005788416 7.9897692346 4.7731930647 0.0000000000
9.0878231805 0.5000000000 3.6005736593 7.9893534405 4.7730060178 0.0000000000
9.0980391839 0.5000000000 3.6005653230 7.9889477772 4.7728104072 0.0000000000
9.1082552486 0.5000000000 3.6005539464 7.9885522464 4.7726066885 0.0000000000
9.1184713142 0.5000000000 3.6005416518 7.9881573383 4.7723995468 0.0000000000
9.1286873178 0.5000000000 3.6005306476 7.9877531347 4.7721938485 0.0000000000
9.1389032079 0.5000000000 3.6005227363 7.9873314934 4.7719935469 0.0000000000
9.1491189882 0.5000000000 3.6005177274 7.9868929927 4.7717981109 0.0000000000
9.1593346797 0.5000000000 3.6005148195 7.9864408827 4.7716056355 0.0000000000
9.1695503031 0.5000000000 3.6005132113 7.9859784143 4.7714142152 0.0000000000
9.1797658793 0.5000000000 3.6005121012 7.9855088385 4.7712219447 0.0000000000
9.1899814291 0.5000000000 3.6005106879 7.9850354061 4.7710269185 0.0000000000
9.2001969710 0.5000000000 3.6005082500 7.9845610370 4.7708274190 0.0000000000
9.2104124952 0.5000000000 3.6005050134 7.9840847331 4.7706239511 0.0000000000
9.2206279738 0.5000000000 3.6005018234 7.9836029358 4.7704184723 0.0000000000
9.2308433782 0.5000000000 3.6004995360 7.9831120423 4.7702129652 0.0000000000
9.2410586802 0.5000000000 3.6004990070 7.9826084499 4.7700094122 0.0000000000
9.2512738520 0.5000000000 3.6005010698 7.9820886372 4.7698097385 0.0000000000
9.2614888993 0.5000000000 3.6005053919 7.9815533054 4.7696128941 0.0000000000
9.2717038770 0.5000000000 3.6005099331 7.9810093390 4.7694134724 0.0000000000
9.2819188223 0.5000000000 3.6005134128 7.9804615850 4.7692082894 0.0000000000
9.2921336807 0.5000000000 3.6005183203 7.9799042368 4.7690049802 0.0000000000
9.3023483890 0.5000000000 3.6005274175 7.9793303247 4.7688118042 0.0000000000
9.3125630054 0.5000000000 3.6005376427 7.9787461478 4.7686190342 0.0000000000
9.3227776361 0.5000000000 3.6005438644 7.9781632342 4.7684107555 0.0000000000
9.3329922742 0.5000000000 3.6005484933 7.9775810908 4.7681964138 0.0000000000
9.3432068515 0.5000000000 3.6005574346 7.9769926440 4.7679968002 0.0000000000
9.3534213307 0.5000000000 3.6005696150 7.9763939275 4.7678060354 0.0000000000
9.3636356987 0.5000000000 3.6005814424 7.9757834808 4.7676091664 0.0000000000
9.3738499813 0.5000000000 3.6005930415 7.9751641008 4.7674078105 0.0000000000
9.3840641689 0.5000000000 3.6006052799 7.9745350920 4.7672051607 0.0000000000
9.3942781673 0.5000000000 3.6006183763 7.9738872619 4.7669984144 0.0000000000
9.4044919153 0.5000000000 3.6006310325 7.9732151450 4.7667801921 0.0000000000
9.4147054266 0.5000000000 3.6006435307 7.9725209160 4.7665524934 0.0000000000
9.4249188378 0.5000000000 3.6006631025 7.9718185032 4.7663498158 0.0000000000
9.4351320839 0.5000000000 3.6006833778 7.9711015499 4.7661441355 0.0000000000
9.4453450777 0.5000000000 3.6006974746 7.9703614131 4.7659044679 0.0000000000
9.4555579998 0.5000000000 3.6007187146 7.9696162307 4.7656913551 0.0000000000
9.4657707333 0.5000000000 3.6007432009 7.9688556380 4.7654850632 0.0000000000
9.4759831409 0.5000000000 3.6007670384 7.9680680868 4.7652653925 0.0000000000
9.4861953252 0.5000000000 3.6007919485 7.9672628147 4.7650429241 0.0000000000
9.4964074689 0.5000000000 3.6008174852 7.9664544718 4.7648217338 0.0000000000
9.5066193192 0.5000000000 3.6008437280 7.9656234493 4.7645942961 0.0000000000
9.5168308780 0.5000000000 3.6008707114 7.9647704017 4.7643610106 0.0000000000
9.5270421024 0.5000000000 3.6008982290 7.9638928833 4.7641200737 0.0000000000
9.5372532699 0.5000000000 3.6009268976 7.9630114226 4.7638821639 0.0000000000
9.5474643203 0.5000000000 3.6009544958 7.9621212987 4.7636365069 0.0000000000
9.5576750158 0.5000000000 3.6009901720 7.9612079170 4.7634138590 0.0000000000
9.5678854190 0.5000000000 3.6010266843 7.9602745602 4.7631865656 0.0000000000
9.5780955379 0.5000000000 3.6010549645 7.9593200011 4.7629178628 0.0000000000
9.5883052844 0.5000000000 3.6010946686 7.9583435816 4.7626861112 0.0000000000
9.5985147288 0.5000000000 3.6011298789 7.9573464560 4.7624281025 0.0000000000
9.6087237195 0.5000000000 3.6011719037 7.9563224391 4.7621865949 0.0000000000
9.6189328437 0.5000000000 3.6012070119 7.9553049555 4.7619200340 0.0000000000
9.6291411479 0.5000000000 3.6012522362 7.9542397871 4.7616748641 0.0000000000
9.6393494562 0.5000000000 3.6012894428 7.9531731342 4.7613970293 0.0000000000
9.6495570652 0.5000000000 3.6013336574 7.9520666880 4.7611313090 0.0000000000
9.6597642872 0.5000000000 3.6013778699 7.9509387292 4.7608569758 0.0000000000
9.6699712421 0.5000000000 3.6014183866 7.9497944656 4.7605613371 0.0000000000
9.6801777303 0.5000000000 3.6014704362 7.9486274350 4.7603027230 0.0000000000
9.6903834476 0.5000000000 3.6015167164 7.9474174650 4.7600038561 0.0000000000
9.7005890747 0.5000000000 3.6015662017 7.9462036594 4.7597162750 0.0000000000
9.7107939931 0.5000000000 3.6016190105 7.9449540739 4.7594276759 0.0000000000
9.7209981007 0.5000000000 3.6016677375 7.9436626372 4.7591060094 0.0000000000
9.7312020029 0.5000000000 3.6017263348 7.9423635485 4.7588207631 0.0000000000
9.7414052808 0.5000000000 3.6017786415 7.9410326946 4.7584976484 0.0000000000
9.7516078626 0.5000000000 3.6018358215 7.9396701229 4.7581813394 0.0000000000
9.7618092667 0.5000000000 3.6018975295 7.9382545420 4.7578619391 0.0000000000
9.7720104888 0.5000000000 3.6019613460 7.9368314021 4.7575479491 0.0000000000
9.7822115775 0.5000000000 3.6020162977 7.9354000900 4.7571952311 0.0000000000
9.7924113167 0.5000000000 3.6020818799 7.9339125290 4.7568625354 0.0000000000
9.8026102206 0.5000000000 3.6021493343 7.9323900761 4.7565233721 0.0000000000
9.8128082607 0.5000000000 3.6022185786 7.9308323408 4.7561772551 0.0000000000
9.8230054052 0.5000000000 3.6022903935 7.9292390552 4.7558272004 0.0000000000
9.8332017150 0.5000000000 3.6023508883 7.9276100145 4.7554175633 0.0000000000
9.8433971837 0.5000000000 3.6024258227 7.9259519074 4.7550540582 0.0000000000
9.8535917932 0.5000000000 3.6025016682 7.9242616925 4.7546813543 0.0000000000
9.8637849690 0.5000000000 3.6025791773 7.9225184814 4.7542941060 0.0000000000
9.8739770152 0.5000000000 3.6026584577 7.9207349296 4.7538978070 0.0000000000
9.8841679021 0.5000000000 3.6027396700 7.9189109781 4.7534930756 0.0000000000
9.8943577328 0.5000000000 3.6028252972 7.9170518328 4.7530919264 0.0000000000
9.9045465537 0.5000000000 3.6029170016 7.9151605773 4.7527022415 0.0000000000
9.9147336195 0.5000000000 3.6030040052 7.9132093667 4.7522697717 0.0000000000
9.9249192755 0.5000000000 3.6030926886 7.9112131185 4.7518260063 0.0000000000
9.9351034643 0.5000000000 3.6031841312 7.9091714059 4.7513750913 0.0000000000
9.9452860425 0.5000000000 3.6032859546 7.9070832396 4.7509471184 0.0000000000
9.9554671056 0.5000000000 3.6033802813 7.9049470757 4.7504699598 0.0000000000
9.9656454811 0.5000000000 3.6034880110 7.9027366627 4.7500167133 0.0000000000
9.9758232286 0.5000000000 3.6035864641 7.9005050269 4.7495178714 0.0000000000
9.9859990066 0.5000000000 3.6036989580 7.8982221880 4.7490547115 0.0000000000
9.9961718504 0.5000000000 3.6038113892 7.8958592842 4.7485592747 0.0000000000
10.0063438661 0.5000000000 3.6039237886 7.8934738710 4.7480547071 0.0000000000
10.0165126697 0.5000000000 3.6040391971 7.8910054088 4.7475289563 0.0000000000
10.0266792262 0.5000000000 3.6041583900 7.8884809530 4.7469959454 0.0000000000
10.0368436164 0.5000000000 3.6042811632 7.8859036292 4.7464561088 0.0000000000
10.0470048684 0.5000000000 3.6044068845 7.8832510053 4.7458979443 0.0000000000
10.0571630349 0.5000000000 3.6045435531 7.8805288038 4.7453557381 0.0000000000
10.0673186367 0.5000000000 3.6046758494 7.8777463393 4.7447719378 0.0000000000
10.0774715251 0.5000000000 3.6048116697 7.8749037662 4.7441781898 0.0000000000
10.0876214365 0.5000000000 3.6049587669 7.8719989597 4.7436046560 0.0000000000
10.0977671657 0.5000000000 3.6050989601 7.8690017736 4.7429665541 0.0000000000
10.1079096520 0.5000000000 3.6052449931 7.8659384534 4.7423253579 0.0000000000
10.1180450549 0.5000000000 3.6054058756 7.8627389160 4.7416890730 0.0000000000
10.1281764961 0.5000000000 3.6055650258 7.8594593669 4.7410138543 0.0000000000
10.1383069541 0.5000000000 3.6057259414 7.8561611402 4.7403382261 0.0000000000
10.1484320074 0.5000000000 3.6058975209 7.8527640928 4.7396657252 0.0000000000
10.1585529152 0.5000000000 3.6060691482 7.8492908609 4.7389629417 0.0000000000
10.1686686783 0.5000000000 3.6062400000 7.8457250000 4.7382200043 0.0000000000
10.1739323372 0.5000000000 3.6063400000 7.8438250000 4.7378600043 0.0000000000
10.1754636504 0.5000000000 3.6063614143 7.8432678555 4.7377228038 0.0000000000
10.1769947933 0.5000000000 3.6063884038 7.8427094233 4.7376073889 0.0000000000
10.1785257684 0.5000000000 3.6064180792 7.8421489255 4.7375018914 0.0000000000
10.1800565852 0.5000000000 3.6064477384 7.8415857504 4.7373952582 0.0000000000
10.1815873543 0.5000000000 3.6064774604 7.8410217616 4.7372885505 0.0000000000
10.1831181398 0.5000000000 3.6065083681 7.8404583548 4.7371868187 0.0000000000
10.1846483779 0.5000000000 3.6065360951 7.8398849204 4.7370683529 0.0000000000
10.1861779198 0.5000000000 3.6065593982 7.8392986408 4.7369270535 0.0000000000
10.1877077841 0.5000000000 3.6065862861 7.8387187318 4.7368026415 0.0000000000
10.1892380915 0.5000000000 3.6066174239 7.8381473855 4.7366986542 0.0000000000
10.1907682160 0.5000000000 3.6066477480 7.8375727622 4.7365901014 0.0000000000
10.1922980876 0.5000000000 3.6066784739 7.8369940899 4.7364815360 0.0000000000
10.1938278852 0.5000000000 3.6067095824 7.8364143109 4.7363740584 0.0000000000
10.1953578455 0.5000000000 3.6067356399 7.8358356479 4.7362468232 0.0000000000
10.1968874230 0.5000000000 3.6067599872 7.8352502828 4.7361100664 0.0000000000
10.1984159575 0.5000000000 3.6067899253 7.8346497158 4.7359895920 0.0000000000
10.1999445623 0.5000000000 3.6068219400 7.8340508788 4.7358781158 0.0000000000
10.2014738823 0.5000000000 3.6068527909 7.8334632018 4.7357664488 0.0000000000
10.2030032794 0.5000000000 3.6068834347 7.8328766399 4.7356543990 0.0000000000
10.2045319229 0.5000000000 3.6069151814 7.8322783973 4.7355420889 0.0000000000
10.2060596769 0.5000000000 3.6069472942 7.8316661561 4.7354256438 0.0000000000
10.2075881398 0.5000000000 3.6069743676 7.8310636140 4.7352929203 0.0000000000
10.2091169171 0.5000000000 3.6069993007 7.8304654587 4.7351533905 0.0000000000
10.2106444125 0.5000000000 3.6070299828 7.8298488363 4.7350294699 0.0000000000
10.2121721020 0.5000000000 3.6070627697 7.8292358130 4.7349154084 0.0000000000
10.2137004668 0.5000000000 3.6070944061 7.8286330506 4.7348008489 0.0000000000
10.2152278613 0.5000000000 3.6071261764 7.8280152326 4.7346808030 0.0000000000
10.2167546577 0.5000000000 3.6071583199 7.8273882191 4.7345585717 0.0000000000
10.2182815266 0.5000000000 3.6071904746 7.8267623927 4.7344368598 0.0000000000
10.2198080687 0.5000000000 3.6072223689 7.8261315163 4.7343120865 0.0000000000
10.2213348712 0.5000000000 3.6072551672 7.8255048846 4.7341926268 0.0000000000
10.2228624054 0.5000000000 3.6072884157 7.8248895893 4.7340795030 0.0000000000
10.2243892905 0.5000000000 3.6073161597 7.8242627999 4.7339397632 0.0000000000
10.2259153652 0.5000000000 3.6073423418 7.8236232145 4.7337886572 0.0000000000
10.2274413534 0.5000000000 3.6073747802 7.8229841937 4.7336628025 0.0000000000
10.2289672303 0.5000000000 3.6074085549 7.8223439179 4.7335417909 0.0000000000
10.2304929337 0.5000000000 3.6074412332 7.8217007354 4.7334152315 0.0000000000
10.2320184967 0.5000000000 3.6074742771 7.8210555879 4.7332893478 0.0000000000
10.2335439335 0.5000000000 3.6075075334 7.8204086381 4.7331635933 0.0000000000
10.2350691995 0.5000000000 3.6075408091 7.8197591930 4.7330369181 0.0000000000
10.2365942836 0.5000000000 3.6075742100 7.8191071355 4.7329096984 0.0000000000
10.2381194434 0.5000000000 3.6076077318 7.8184561526 4.7327833926 0.0000000000
10.2396441206 0.5000000000 3.6076413486 7.8177982612 4.7326547031 0.0000000000
10.2411676063 0.5000000000 3.6076750527 7.8171233306 4.7325195475 0.0000000000
10.2426914584 0.5000000000 3.6077088783 7.8164536644 4.7323869833 0.0000000000
10.2442160950 0.5000000000 3.6077428338 7.8157952141 4.7322594253 0.0000000000
10.2457404899 0.5000000000 3.6077768973 7.8151333140 4.7321309193 0.0000000000
10.2472636760 0.5000000000 3.6078110473 7.8144543635 4.7319959387 0.0000000000
10.2487864833 0.5000000000 3.6078453025 7.8137701028 4.7318592552 0.0000000000
10.2503102446 0.5000000000 3.6078796933 7.8130992999 4.7317284973 0.0000000000
10.2518342076 0.5000000000 3.6079142033 7.8124313091 4.7315993410 0.0000000000
10.2533571725 0.5000000000 3.6079488054 7.8117494206 4.7314649943 0.0000000000
10.2548791516 0.5000000000 3.6079835003 7.8110538553 4.7313255478 0.0000000000
10.2564021320 0.5000000000 3.6080183338 7.8103721942 4.7311922172 0.0000000000
10.2579248842 0.5000000000 3.6080532772 7.8096874424 4.7310580901 0.0000000000
10.2594462911 0.5000000000 3.6080883060 7.8089841732 4.7309168977 0.0000000000
10.2609674727 0.5000000000 3.6081234472 7.8082779069 4.7307749561 0.0000000000
10.2624895980 0.5000000000 3.6081587194 7.8075845760 4.7306387123 0.0000000000
10.2640118952 0.5000000000 3.6081941258 7.8068936457 4.7305039657 0.0000000000
10.2655328087 0.5000000000 3.6082296242 7.8061839310 4.7303620734 0.0000000000
10.2670534343 0.5000000000 3.6082651268 7.8054703346 4.7302186455 0.0000000000
10.2685740582 0.5000000000 3.6083010386 7.8047569064 4.7300769213 0.0000000000
10.2700944465 0.5000000000 3.6083368368 7.8040402822 4.7299334645 0.0000000000
10.2716146943 0.5000000000 3.6083715971 7.8033214365 4.7297849673 0.0000000000
10.2731346284 0.5000000000 3.6084122669 7.8026004901 4.7296592678 0.0000000000
10.2746543190 0.5000000000 3.6084554068 7.8018771844 4.7295425052 0.0000000000
10.2761740116 0.5000000000 3.6084915364 7.8011514985 4.7293967492 0.0000000000
10.2776935561 0.5000000000 3.6085273197 7.8004237501 4.7292487830 0.0000000000
10.2792128339 0.5000000000 3.6085641681 7.7996929059 4.7291038392 0.0000000000
10.2807320214 0.5000000000 3.6086007115 7.7989607616 4.7289571550 0.0000000000
10.2822511682 0.5000000000 3.6086373837 7.7982280958 4.7288107776 0.0000000000
10.2837688588 0.5000000000 3.6086745738 7.7974770771 4.7286591303 0.0000000000
10.2852862859 0.5000000000 3.6087107666 7.7967223496 4.7285020106 0.0000000000
10.2868048722 0.5000000000 3.6087481518 7.7959827108 4.7283556959 0.0000000000
10.2883231707 0.5000000000 3.6087929958 7.7952419180 4.7282387548 0.0000000000
10.2898399413 0.5000000000 3.6088339204 7.7944806143 4.7280979315 0.0000000000
10.2913567697 0.5000000000 3.6088700195 7.7937183548 4.7279374244 0.0000000000
10.2928745403 0.5000000000 3.6089078125 7.7929684644 4.7277886400 0.0000000000
10.2943905038 0.5000000000 3.6089458198 7.7921961622 4.7276317486 0.0000000000
10.2959073365 0.5000000000 3.6089823021 7.7914340584 4.7274728362 0.0000000000
10.2974240253 0.5000000000 3.6090230931 7.7906717184 4.7273310640 0.0000000000
10.2989391187 0.5000000000 3.6090690849 7.7898914229 4.7272029132 0.0000000000
10.3004558301 0.5000000000 3.6091079033 7.7891285783 4.7270530490 0.0000000000
10.3019715053 0.5000000000 3.6091452692 7.7883525803 4.7268921134 0.0000000000
10.3034860765 0.5000000000 3.6091841887 7.7875635907 4.7267321953 0.0000000000
10.3050006894 0.5000000000 3.6092223406 7.7867749192 4.7265693344 0.0000000000
10.3065149499 0.5000000000 3.6092602208 7.7859819058 4.7264036500 0.0000000000
10.3080303338 0.5000000000 3.6093058369 7.7852050695 4.7262753798 0.0000000000
10.3095450858 0.5000000000 3.6093499169 7.7844201612 4.7261377364 0.0000000000
10.3110587488 0.5000000000 3.6093870906 7.7836197359 4.7259662610 0.0000000000
10.3125723366 0.5000000000 3.6094262656 7.7828191719 4.7258027355 0.0000000000
10.3140838472 0.5000000000 3.6094732833 7.7819970232 4.7256619467 0.0000000000
10.3155961521 0.5000000000 3.6095163601 7.7811827530 4.7255085460 0.0000000000
10.3171093235 0.5000000000 3.6095536758 7.7803766360 4.7253353618 0.0000000000
10.3186219796 0.5000000000 3.6095947433 7.7795657403 4.7251752736 0.0000000000
10.3201343249 0.5000000000 3.6096428438 7.7787535798 4.7250428114 0.0000000000
10.3216448605 0.5000000000 3.6096845442 7.7779185871 4.7248756160 0.0000000000
10.3231563931 0.5000000000 3.6097222642 7.7770936028 4.7246965022 0.0000000000
10.3246676186 0.5000000000 3.6097659213 7.7762671627 4.7245405547 0.0000000000
10.3261773014 0.5000000000 3.6098140768 7.7754246413 4.7243961682 0.0000000000
10.3276888114 0.5000000000 3.6098543539 7.7746002065 4.7242275027 0.0000000000
10.3291983976 0.5000000000 3.6098929997 7.7737535533 4.7240434244 0.0000000000
10.3307084555 0.5000000000 3.6099401673 7.7729149772 4.7238966644 0.0000000000
10.3322186984 0.5000000000 3.6099857881 7.7720780052 4.7237443590 0.0000000000
10.3337270373 0.5000000000 3.6100270711 7.7712183080 4.7235656120 0.0000000000
10.3352352866 0.5000000000 3.6100767350 7.7703604372 4.7234211192 0.0000000000
10.3367453325 0.5000000000 3.6101177144 7.7695196175 4.7232487091 0.0000000000
10.3382537656 0.5000000000 3.6101649411 7.7686630442 4.7230949864 0.0000000000
10.3397611436 0.5000000000 3.6102117830 7.7677946823 4.7229350091 0.0000000000
10.3412687413 0.5000000000 3.6102511950 7.7669263641 4.7227453298 0.0000000000
10.3427760271 0.5000000000 3.6102936843 7.7660556209 4.7225669899 0.0000000000
10.3442829027 0.5000000000 3.6103436349 7.7651828913 4.7224177006 0.0000000000
10.3457874840 0.5000000000 3.6103950314 7.7642862624 4.7222646351 0.0000000000
10.3472935458 0.5000000000 3.6104383706 7.7634026656 4.7220845529 0.0000000000
10.3487988047 0.5000000000 3.6104832398 7.7625111571 4.7219074263 0.0000000000
10.3503029631 0.5000000000 3.6105358206 7.7616104852 4.7217574808 0.0000000000
10.3518085637 0.5000000000 3.6105849863 7.7607238997 4.7215995094 0.0000000000
10.3533120518 0.5000000000 3.6106269088 7.7598128435 4.7214027770 0.0000000000
10.3548148386 0.5000000000 3.6106770918 7.7588971948 4.7212372493 0.0000000000
10.3563193623 0.5000000000 3.6107285241 7.7579999990 4.7210841002 0.0000000000
10.3578227880 0.5000000000 3.6107808396 7.7570917391 4.7209300584 0.0000000000
10.3593248340 0.5000000000 3.6108280125 7.7561675493 4.7207490741 0.0000000000
10.3608270808 0.5000000000 3.6108719717 7.7552444462 4.7205556696 0.0000000000
10.3623286689 0.5000000000 3.6109247243 7.7543174552 4.7203958837 0.0000000000
10.3638300288 0.5000000000 3.6109765319 7.7533878648 4.7202312780 0.0000000000
10.3653313414 0.5000000000 3.6110282645 7.7524577387 4.7200661580 0.0000000000
10.3668302455 0.5000000000 3.6110817269 7.7515042610 4.7198986165 0.0000000000
10.3683299579 0.5000000000 3.6111273678 7.7505562941 4.7197019930 0.0000000000
10.3698309148 0.5000000000 3.6111744412 7.7496210554 4.7195161912 0.0000000000
10.3713298652 0.5000000000 3.6112284053 7.7486682410 4.7193509219 0.0000000000
10.3728275853 0.5000000000 3.6112808287 7.7477028665 4.7191744656 0.0000000000
10.3743271766 0.5000000000 3.6113338774 7.7467560051 4.7190079160 0.0000000000
10.3758262391 0.5000000000 3.6113870078 7.7458039752 4.7188396256 0.0000000000
10.3773231819 0.5000000000 3.6114402983 7.7448313556 4.7186637398 0.0000000000
10.3788173516 0.5000000000 3.6114932747 7.7438323624 4.7184760479 0.0000000000
10.3803125508 0.5000000000 3.6115481417 7.7428436870 4.7183000460 0.0000000000
10.3818086948 0.5000000000 3.6115956062 7.7418615981 4.7180970685 0.0000000000
10.3833041972 0.5000000000 3.6116435456 7.7408735965 4.7178936253 0.0000000000
10.3847992560 0.5000000000 3.6116988946 7.7398837133 4.7177190680 0.0000000000
10.3862940363 0.5000000000 3.6117527185 7.7388907329 4.7175371716 0.0000000000
10.3877884592 0.5000000000 3.6118071165 7.7378945862 4.7173563048 0.0000000000
10.3892826162 0.5000000000 3.6118615890 7.7368959685 4.7171747479 0.0000000000
10.3907765012 0.5000000000 3.6119162363 7.7358948635 4.7169928948 0.0000000000
10.3922676785 0.5000000000 3.6119709569 7.7348688789 4.7168013834 0.0000000000
10.3937603342 0.5000000000 3.6120259024 7.7338565266 4.7166162245 0.0000000000
10.3952537055 0.5000000000 3.6120810482 7.7328507486 4.7164344964 0.0000000000
10.3967441936 0.5000000000 3.6121362594 7.7318187332 4.7162425353 0.0000000000
10.3982355496 0.5000000000 3.6121916787 7.7307946219 4.7160545680 0.0000000000
10.3997262413 0.5000000000 3.6122472379 7.7297646102 4.7158648002 0.0000000000
10.4012161789 0.5000000000 3.6123029706 7.7287277809 4.7156729989 0.0000000000
10.4027070428 0.5000000000 3.6123588251 7.7276993789 4.7154850563 0.0000000000
10.4041949322 0.5000000000 3.6124150016 7.7266443878 4.7152877659 0.0000000000
10.4056836652 0.5000000000 3.6124706609 7.7255967788 4.7150913594 0.0000000000
10.4071737132 0.5000000000 3.6125284057 7.7245616620 4.7149082918 0.0000000000
10.4086605669 0.5000000000 3.6125942948 7.7235011118 4.7147476281 0.0000000000
10.4101476528 0.5000000000 3.6126505635 7.7224391543 4.7145479200 0.0000000000
10.4116343491 0.5000000000 3.6127073751 7.7213739783 4.7143490962 0.0000000000
10.4131206392 0.5000000000 3.6127643403 7.7203053234 4.7141494949 0.0000000000
10.4146068475 0.5000000000 3.6128216856 7.7192360528 4.7139511677 0.0000000000
10.4160899797 0.5000000000 3.6128778899 7.7181400543 4.7137375856 0.0000000000
10.4175746088 0.5000000000 3.6129441175 7.7170603853 4.7135706284 0.0000000000
10.4190575251 0.5000000000 3.6130045686 7.7159641079 4.7133739218 0.0000000000
10.4205393258 0.5000000000 3.6130600564 7.7148565923 4.7131528668 0.0000000000
10.4220206176 0.5000000000 3.6131263667 7.7137486897 4.7129749471 0.0000000000
10.4235016814 0.5000000000 3.6131868362 7.7126367996 4.7127720688 0.0000000000
10.4249822211 0.5000000000 3.6132515150 7.7115220568 4.7125848871 0.0000000000
10.4264625206 0.5000000000 3.6133135256 7.7104043603 4.7123858510 0.0000000000
10.4279422229 0.5000000000 3.6133776449 7.7092825104 4.7121935882 0.0000000000
10.4294220900 0.5000000000 3.6134407997 7.7081615948 4.7119978411 0.0000000000
10.4308993790 0.5000000000 3.6135045027 7.7070199594 4.7117959990 0.0000000000
10.4323767047 0.5000000000 3.6135685791 7.7058786837 4.7115957944 0.0000000000
10.4338537589 0.5000000000 3.6136320075 7.7047350714 4.7113920629 0.0000000000
10.4353299160 0.5000000000 3.6136972831 7.7035848038 4.7111930584 0.0000000000
10.4368067983 0.5000000000 3.6137592265 7.7024392507 4.7109826107 0.0000000000
10.4382800472 0.5000000000 3.6138313016 7.7012681506 4.7108024711 0.0000000000
10.4397555040 0.5000000000 3.6138952505 7.7001118455 4.7105957444 0.0000000000
10.4412309561 0.5000000000 3.6139595249 7.6989556455 4.7103903621 0.0000000000
10.4427035902 0.5000000000 3.6140255297 7.6977776792 4.7101831950 0.0000000000
10.4441764104 0.5000000000 3.6140895252 7.6966005402 4.7099683214 0.0000000000
10.4456484586 0.5000000000 3.6141563219 7.6954183371 4.7097626268 0.0000000000
10.4471207527 0.5000000000 3.6142193428 7.6942366940 4.7095420533 0.0000000000
10.4485901703 0.5000000000 3.6142926349 7.6930365108 4.7093551484 0.0000000000
10.4500596036 0.5000000000 3.6143576111 7.6918335476 4.7091338680 0.0000000000
10.4515288476 0.5000000000 3.6144223816 7.6906291425 4.7089111876 0.0000000000
10.4529970489 0.5000000000 3.6144945377 7.6894192671 4.7087158619 0.0000000000
10.4544654961 0.5000000000 3.6145669442 7.6882114011 4.7085223417 0.0000000000
10.4559309969 0.5000000000 3.6146320911 7.6869787701 4.7082898767 0.0000000000
10.4573989789 0.5000000000 3.6146984066 7.6857652523 4.7080697315 0.0000000000
10.4588654790 0.5000000000 3.6147716333 7.6845430101 4.7078737415 0.0000000000
10.4603303257 0.5000000000 3.6148430809 7.6833076613 4.7076653926 0.0000000000
10.4617922045 0.5000000000 3.6149166955 7.6820514171 4.7074573532 0.0000000000
10.4632551903 0.5000000000 3.6149808686 7.6808000308 4.7072134910 0.0000000000
10.4647188579 0.5000000000 3.6150501218 7.6795553322 4.7069926244 0.0000000000
10.4661820979 0.5000000000 3.6151237112 7.6783089184 4.7067884164 0.0000000000
10.4676416385 0.5000000000 3.6151964404 7.6770354749 4.7065699557 0.0000000000
10.4691033188 0.5000000000 3.6152696821 7.6757776201 4.7063597809 0.0000000000
10.4705621016 0.5000000000 3.6153429471 7.6744989512 4.7061413734 0.0000000000
10.4720198919 0.5000000000 3.6154163794 7.6732132414 4.7059208185 0.0000000000
10.4734773135 0.5000000000 3.6154900000 7.6719250000 4.7057000043 0.0000000000
