# logAge Mass logTe Mbol logg C/O
3.7014039064 0.4750000000 4.2502900000 2.0124750000 4.9588436096 0.0000000000
3.7108029139 0.4750000000 4.2502895441 2.0124738090 4.9588413096 0.0000000000
3.7202019214 0.4750000000 4.2502891169 2.0124722432 4.9588389745 0.0000000000
3.7296009289 0.4750000000 4.2502887180 2.0124703081 4.9588366048 0.0000000000
3.7389999363 0.4750000000 4.2502883469 2.0124680091 4.9588342010 0.0000000000
3.7483989437 0.4750000000 4.2502880033 2.0124653517 4.9588317635 0.0000000000
3.7577979511 0.4750000000 4.2502876867 2.0124623412 4.9588292930 0.0000000000
3.7671969585 0.4750000000 4.2502873967 2.0124589832 4.9588267898 0.0000000000
3.7765959659 0.4750000000 4.2502871329 2.0124552829 4.9588242545 0.0000000000
3.7859949733 0.4750000000 4.2502868949 2.0124512459 4.9588216875 0.0000000000
3.7953939807 0.4750000000 4.2502866822 2.0124468775 4.9588190893 0.0000000000
3.8047929880 0.4750000000 4.2502864944 2.0124421832 4.9588164604 0.0000000000
3.8141919953 0.4750000000 4.2502863311 2.0124371684 4.9588138012 0.0000000000
3.8235910027 0.4750000000 4.2502861918 2.0124318386 4.9588111124 0.0000000000
3.8329900100 0.4750000000 4.2502860762 2.0124261992 4.9588083943 0.0000000000
3.8423890173 0.4750000000 4.2502859839 2.0124202555 4.9588056474 0.0000000000
3.8517880246 0.4750000000 4.2502859144 2.0124140130 4.9588028723 0.0000000000
3.8611870318 0.4750000000 4.2502858672 2.0124074772 4.9588000693 0.0000000000
3.8705860391 0.4750000000 4.2502858420 2.0124006534 4.9587972390 0.0000000000
3.8799850464 0.4750000000 4.2502858384 2.0123935471 4.9587943820 0.0000000000
3.8893840536 0.4750000000 4.2502858559 2.0123861638 4.9587914985 0.0000000000
3.8987830608 0.4750000000 4.2502858940 2.0123785087 4.9587885893 0.0000000000
3.9081820681 0.4750000000 4.2502859525 2.0123705875 4.9587856546 0.0000000000
3.9175810753 0.4750000000 4.2502860308 2.0123624054 4.9587826951 0.0000000000
3.9269800825 0.4750000000 4.2502861286 2.0123539679 4.9587797112 0.0000000000
3.9363790897 0.4750000000 4.2502862454 2.0123452805 4.9587767033 0.0000000000
3.9457780969 0.4750000000 4.2502863808 2.0123363485 4.9587736720 0.0000000000
3.9551771041 0.4750000000 4.2502865343 2.0123271774 4.9587706178 0.0000000000
3.9645761112 0.4750000000 4.2502867056 2.0123177726 4.9587675411 0.0000000000
3.9739751184 0.4750000000 4.2502868943 2.0123081396 4.9587644425 0.0000000000
3.9833741255 0.4750000000 4.2502870998 2.0122982837 4.9587613223 0.0000000000
3.9927731327 0.4750000000 4.2502873218 2.0122882104 4.9587581811 0.0000000000
4.0021721398 0.4750000000 4.2502875599 2.0122779251 4.9587550195 0.0000000000
4.0115711469 0.4750000000 4.2502878137 2.0122674333 4.9587518377 0.0000000000
4.0209701541 0.4750000000 4.2502880827 2.0122567403 4.9587486365 0.0000000000
4.0303691612 0.4750000000 4.2502883665 2.0122458516 4.9587454161 0.0000000000
4.0397681683 0.4750000000 4.2502886646 2.0122347726 4.9587421772 0.0000000000
4.0491671754 0.4750000000 4.2502889768 2.0122235087 4.9587389202 0.0000000000
4.0585661825 0.4750000000 4.2502893024 2.0122120654 4.9587356456 0.0000000000
4.0679651895 0.4750000000 4.2502896412 2.0122004481 4.9587323538 0.0000000000
4.0773641966 0.4750000000 4.2502899927 2.0121886622 4.9587290454 0.0000000000
4.0867632037 0.4750000000 4.2502903565 2.0121767132 4.9587257209 0.0000000000
4.0961622108 0.4750000000 4.2502907321 2.0121646063 4.9587223806 0.0000000000
4.1055612178 0.4750000000 4.2502911192 2.0121523472 4.9587190252 0.0000000000
4.1149602249 0.4750000000 4.2502915172 2.0121399412 4.9587156551 0.0000000000
4.1243592319 0.4750000000 4.2502919259 2.0121273937 4.9587122707 0.0000000000
4.1337582390 0.4750000000 4.2502923447 2.0121147102 4.9587088727 0.0000000000
4.1431572460 0.4750000000 4.2502927733 2.0121018961 4.9587054613 0.0000000000
4.1525562531 0.4750000000 4.2502932112 2.0120889567 4.9587020373 0.0000000000
4.1619552601 0.4750000000 4.2502936580 2.0120758976 4.9586986009 0.0000000000
4.1713542671 0.4750000000 4.2502941134 2.0120627242 4.9586951527 0.0000000000
4.1807532741 0.4750000000 4.2502945767 2.0120494419 4.9586916933 0.0000000000
4.1901522812 0.4750000000 4.2502950477 2.0120360560 4.9586882230 0.0000000000
4.1995512882 0.4750000000 4.2502955260 2.0120225721 4.9586847423 0.0000000000
4.2089502952 0.4750000000 4.2502960110 2.0120089956 4.9586812518 0.0000000000
4.2183493022 0.4750000000 4.2502965024 2.0119953318 4.9586777520 0.0000000000
4.2277483092 0.4750000000 4.2502969998 2.0119815862 4.9586742432 0.0000000000
4.2371473162 0.4750000000 4.2502975027 2.0119677643 4.9586707261 0.0000000000
4.2465463232 0.4750000000 4.2502980107 2.0119538714 4.9586672010 0.0000000000
4.2559453302 0.4750000000 4.2502985234 2.0119399130 4.9586636685 0.0000000000
4.2653443372 0.4750000000 4.2502990404 2.0119258946 4.9586601291 0.0000000000
4.2747433442 0.4750000000 4.2502995612 2.0119118214 4.9586565832 0.0000000000
4.2841423512 0.4750000000 4.2503000855 2.0118976990 4.9586530313 0.0000000000
4.2935413582 0.4750000000 4.2503006128 2.0118835328 4.9586494740 0.0000000000
4.3029403652 0.4750000000 4.2503011427 2.0118693282 4.9586459116 0.0000000000
4.3123393722 0.4750000000 4.2503016747 2.0118550907 4.9586423447 0.0000000000
4.3217383792 0.4750000000 4.2503022085 2.0118408256 4.9586387738 0.0000000000
4.3311373862 0.4750000000 4.2503027436 2.0118265383 4.9586351993 0.0000000000
4.3405363932 0.4750000000 4.2503032796 2.0118122344 4.9586316217 0.0000000000
4.3499354002 0.4750000000 4.2503038161 2.0117979192 4.9586280416 0.0000000000
4.3593344071 0.4750000000 4.2503043526 2.0117835982 4.9586244594 0.0000000000
4.3687334141 0.4750000000 4.2503048888 2.0117692767 4.9586208755 0.0000000000
4.3781324211 0.4750000000 4.2503054242 2.0117549603 4.9586172906 0.0000000000
4.3875314281 0.4750000000 4.2503059584 2.0117406543 4.9586137050 0.0000000000
4.3969304351 0.4750000000 4.2503064910 2.0117263641 4.9586101192 0.0000000000
4.4063294421 0.4750000000 4.2503070215 2.0117120953 4.9586065338 0.0000000000
4.4157284491 0.4750000000 4.2503075496 2.0116978531 4.9586029491 0.0000000000
4.4251274561 0.4750000000 4.2503080747 2.0116836431 4.9585993658 0.0000000000
4.4345264631 0.4750000000 4.2503085966 2.0116694706 4.9585957842 0.0000000000
4.4439254701 0.4750000000 4.2503091147 2.0116553411 4.9585922050 0.0000000000
4.4533244771 0.4750000000 4.2503096287 2.0116412600 4.9585886284 0.0000000000
4.4627234841 0.4750000000 4.2503101381 2.0116272327 4.9585850551 0.0000000000
4.4721224911 0.4750000000 4.2503106425 2.0116132647 4.9585814856 0.0000000000
4.4815214981 0.4750000000 4.2503111415 2.0115993614 4.9585779202 0.0000000000
4.4909205051 0.4750000000 4.2503116347 2.0115855282 4.9585743595 0.0000000000
4.5003195122 0.4750000000 4.2503121216 2.0115717705 4.9585708040 0.0000000000
4.5097185192 0.4750000000 4.2503126018 2.0115580937 4.9585672542 0.0000000000
4.5191175262 0.4750000000 4.2503130749 2.0115445034 4.9585637105 0.0000000000
4.5285165332 0.4750000000 4.2503135405 2.0115310048 4.9585601734 0.0000000000
4.5379155403 0.4750000000 4.2503139981 2.0115176035 4.9585566435 0.0000000000
4.5473145473 0.4750000000 4.2503144474 2.0115043048 4.9585531211 0.0000000000
4.5567135544 0.4750000000 4.2503148879 2.0114911142 4.9585496069 0.0000000000
4.5661125614 0.4750000000 4.2503153192 2.0114780372 4.9585461012 0.0000000000
4.5755115685 0.4750000000 4.2503157408 2.0114650790 4.9585426045 0.0000000000
4.5849105755 0.4750000000 4.2503161524 2.0114522452 4.9585391174 0.0000000000
4.5943095826 0.4750000000 4.2503165536 2.0114395412 4.9585356403 0.0000000000
4.6037085896 0.4750000000 4.2503169438 2.0114269724 4.9585321738 0.0000000000
4.6131075967 0.4750000000 4.2503173227 2.0114145442 4.9585287182 0.0000000000
4.6225066038 0.4750000000 4.2503176899 2.0114022621 4.9585252741 0.0000000000
4.6319056109 0.4750000000 4.2503180450 2.0113901314 4.9585218420 0.0000000000
4.6413046180 0.4750000000 4.2503183874 2.0113781577 4.9585184223 0.0000000000
4.6507036251 0.4750000000 4.2503187169 2.0113663462 4.9585150156 0.0000000000
4.6601026322 0.4750000000 4.2503190329 2.0113547026 4.9585116222 0.0000000000
4.6695016393 0.4750000000 4.2503193351 2.0113432321 4.9585082428 0.0000000000
4.6789006464 0.4750000000 4.2503196230 2.0113319402 4.9585048778 0.0000000000
4.6882996536 0.4750000000 4.2503198963 2.0113208323 4.9585015276 0.0000000000
4.6976986607 0.4750000000 4.2503201544 2.0113099139 4.9584981928 0.0000000000
4.7070976679 0.4750000000 4.2503203970 2.0112991904 4.9584948738 0.0000000000
4.7164966750 0.4750000000 4.2503206237 2.0112886672 4.9584915712 0.0000000000
4.7258956822 0.4750000000 4.2503208340 2.0112783497 4.9584882854 0.0000000000
4.7352946893 0.4750000000 4.2503210275 2.0112682433 4.9584850168 0.0000000000
4.7446936965 0.4750000000 4.2503212038 2.0112583536 4.9584817661 0.0000000000
4.7540927037 0.4750000000 4.2503213624 2.0112486858 4.9584785336 0.0000000000
4.7634917109 0.4750000000 4.2503215030 2.0112392455 4.9584753199 0.0000000000
4.7728907181 0.4750000000 4.2503216251 2.0112300380 4.9584721254 0.0000000000
4.7822897253 0.4750000000 4.2503217284 2.0112210688 4.9584689506 0.0000000000
4.7916887326 0.4750000000 4.2503218123 2.0112123433 4.9584657961 0.0000000000
4.8010877398 0.4750000000 4.2503218765 2.0112038669 4.9584626622 0.0000000000
4.8104867471 0.4750000000 4.2503219205 2.0111956451 4.9584595495 0.0000000000
4.8198857543 0.4750000000 4.2503219439 2.0111876832 4.9584564585 0.0000000000
4.8292847616 0.4750000000 4.2503219463 2.0111799868 4.9584533896 0.0000000000
4.8386837689 0.4750000000 4.2503219273 2.0111725611 4.9584503433 0.0000000000
4.8480827762 0.4750000000 4.2503218865 2.0111654118 4.9584473202 0.0000000000
4.8574817835 0.4750000000 4.2503218233 2.0111585441 4.9584443206 0.0000000000
4.8668807908 0.4750000000 4.2503217375 2.0111519635 4.9584413452 0.0000000000
4.8762797981 0.4750000000 4.2503216286 2.0111456754 4.9584383943 0.0000000000
4.8856788055 0.4750000000 4.2503214962 2.0111396853 4.9584354684 0.0000000000
4.8950778128 0.4750000000 4.2503213398 2.0111339986 4.9584325682 0.0000000000
4.9044768202 0.4750000000 4.2503211590 2.0111286206 4.9584296939 0.0000000000
4.9138758276 0.4750000000 4.2503209534 2.0111235569 4.9584268461 0.0000000000
4.9232748350 0.4750000000 4.2503207226 2.0111188129 4.9584240254 0.0000000000
4.9326738424 0.4750000000 4.2503204662 2.0111143939 4.9584212321 0.0000000000
4.9420728498 0.4750000000 4.2503201837 2.0111103054 4.9584184668 0.0000000000
4.9514718572 0.4750000000 4.2503198748 2.0111065528 4.9584157299 0.0000000000
4.9608708647 0.4750000000 4.2503195389 2.0111031416 4.9584130220 0.0000000000
4.9702698721 0.4750000000 4.2503191757 2.0111000772 4.9584103434 0.0000000000
4.9796688796 0.4750000000 4.2503187848 2.0110973650 4.9584076948 0.0000000000
4.9890678871 0.4750000000 4.2503183657 2.0110950103 4.9584050766 0.0000000000
4.9984668946 0.4750000000 4.2503179180 2.0110930188 4.9584024892 0.0000000000
5.0078659021 0.4750000000 4.2503174413 2.0110913957 4.9583999332 0.0000000000
5.0172649097 0.4750000000 4.2503169352 2.0110901465 4.9583974091 0.0000000000
5.0266639172 0.4750000000 4.2503163992 2.0110892766 4.9583949173 0.0000000000
5.0360629248 0.4750000000 4.2503158330 2.0110887915 4.9583924582 0.0000000000
5.0454619324 0.4750000000 4.2503152361 2.0110886966 4.9583900325 0.0000000000
5.0548609400 0.4750000000 4.2503146080 2.0110889973 4.9583876406 0.0000000000
5.0642599476 0.4750000000 4.2503139484 2.0110896989 4.9583852829 0.0000000000
5.0736589552 0.4750000000 4.2503132569 2.0110908071 4.9583829600 0.0000000000
5.0830579628 0.4750000000 4.2503125330 2.0110923271 4.9583806723 0.0000000000
5.0924569705 0.4750000000 4.2503117763 2.0110942644 4.9583784204 0.0000000000
5.1018559782 0.4750000000 4.2503109863 2.0110966244 4.9583762046 0.0000000000
5.1112549859 0.4750000000 4.2503101627 2.0110994126 4.9583740256 0.0000000000
5.1206539936 0.4750000000 4.2503093059 2.0111026368 4.9583718878 0.0000000000
5.1300530013 0.4750000000 4.2503084217 2.0111063226 4.9583698255 0.0000000000
5.1394520090 0.4750000000 4.2503075187 2.0111105032 4.9583678858 0.0000000000
5.1488510167 0.4750000000 4.2503066054 2.0111152121 4.9583661160 0.0000000000
5.1582500244 0.4750000000 4.2503056902 2.0111204826 4.9583645634 0.0000000000
5.1676490320 0.4750000000 4.2503047816 2.0111263480 4.9583632751 0.0000000000
5.1770480396 0.4750000000 4.2503038880 2.0111328417 4.9583622984 0.0000000000
5.1864470471 0.4750000000 4.2503030180 2.0111399971 4.9583616806 0.0000000000
5.1958460545 0.4750000000 4.2503021801 2.0111478474 4.9583614690 0.0000000000
5.2052450619 0.4750000000 4.2503013826 2.0111564261 4.9583617106 0.0000000000
5.2146440691 0.4750000000 4.2503006342 2.0111657664 4.9583624529 0.0000000000
5.2240430762 0.4750000000 4.2502999432 2.0111759017 4.9583637430 0.0000000000
5.2334420831 0.4750000000 4.2502993105 2.0111868599 4.9583655958 0.0000000000
5.2428410900 0.4750000000 4.2502987139 2.0111986514 4.9583679259 0.0000000000
5.2522400966 0.4750000000 4.2502981264 2.0112112835 4.9583706288 0.0000000000
5.2616391030 0.4750000000 4.2502975212 2.0112247633 4.9583735996 0.0000000000
5.2710381093 0.4750000000 4.2502968712 2.0112390981 4.9583767338 0.0000000000
5.2804371153 0.4750000000 4.2502961498 2.0112542951 4.9583799267 0.0000000000
5.2898361210 0.4750000000 4.2502953298 2.0112703615 4.9583830735 0.0000000000
5.2992351265 0.4750000000 4.2502943846 2.0112873044 4.9583860696 0.0000000000
5.3086341317 0.4750000000 4.2502932871 2.0113051312 4.9583888104 0.0000000000
5.3180331366 0.4750000000 4.2502920105 2.0113238489 4.9583911910 0.0000000000
5.3274321411 0.4750000000 4.2502905278 2.0113434649 4.9583931070 0.0000000000
5.3368311453 0.4750000000 4.2502888146 2.0113639839 4.9583944614 0.0000000000
5.3462301491 0.4750000000 4.2502868708 2.0113853840 4.9583952465 0.0000000000
5.3556291526 0.4750000000 4.2502847125 2.0114076262 4.9583955102 0.0000000000
5.3650281558 0.4750000000 4.2502823558 2.0114306714 4.9583953012 0.0000000000
5.3744271586 0.4750000000 4.2502798167 2.0114544806 4.9583946685 0.0000000000
5.3838261611 0.4750000000 4.2502771113 2.0114790146 4.9583936608 0.0000000000
5.3932251632 0.4750000000 4.2502742559 2.0115042344 4.9583923269 0.0000000000
5.4026241650 0.4750000000 4.2502712664 2.0115301007 4.9583907157 0.0000000000
5.4120231665 0.4750000000 4.2502681591 2.0115565745 4.9583888759 0.0000000000
5.4214221677 0.4750000000 4.2502649500 2.0115836167 4.9583868564 0.0000000000
5.4308211687 0.4750000000 4.2502616553 2.0116111881 4.9583847059 0.0000000000
5.4402201693 0.4750000000 4.2502582907 2.0116392494 4.9583824722 0.0000000000
5.4496191696 0.4750000000 4.2502548659 2.0116677543 4.9583801748 0.0000000000
5.4590181697 0.4750000000 4.2502513841 2.0116966501 4.9583778061 0.0000000000
5.4684171696 0.4750000000 4.2502478486 2.0117258836 4.9583753574 0.0000000000
5.4778161693 0.4750000000 4.2502442623 2.0117554019 4.9583728197 0.0000000000
5.4872151690 0.4750000000 4.2502406285 2.0117851517 4.9583701843 0.0000000000
5.4966141685 0.4750000000 4.2502369502 2.0118150800 4.9583674423 0.0000000000
5.5060131680 0.4750000000 4.2502332304 2.0118451338 4.9583645849 0.0000000000
5.5154121675 0.4750000000 4.2502294724 2.0118752598 4.9583616034 0.0000000000
5.5248111670 0.4750000000 4.2502256793 2.0119054051 4.9583584887 0.0000000000
5.5342101665 0.4750000000 4.2502218540 2.0119355166 4.9583552322 0.0000000000
5.5436091662 0.4750000000 4.2502179990 2.0119655375 4.9583518205 0.0000000000
5.5530081660 0.4750000000 4.2502140998 2.0119953356 4.9583481429 0.0000000000
5.5624071660 0.4750000000 4.2502101260 2.0120247067 4.9583439965 0.0000000000
5.5718061663 0.4750000000 4.2502060468 2.0120534435 4.9583391742 0.0000000000
5.5812051668 0.4750000000 4.2502018311 2.0120813389 4.9583334694 0.0000000000
5.5906041677 0.4750000000 4.2501974478 2.0121081856 4.9583266752 0.0000000000
5.6000031690 0.4750000000 4.2501928661 2.0121337765 4.9583185847 0.0000000000
5.6094021708 0.4750000000 4.2501880549 2.0121579044 4.9583089911 0.0000000000
5.6188011731 0.4750000000 4.2501829833 2.0121803620 4.9582976877 0.0000000000
5.6282001759 0.4750000000 4.2501776202 2.0122009423 4.9582844675 0.0000000000
5.6375991793 0.4750000000 4.2501719347 2.0122194379 4.9582691238 0.0000000000
5.6469981833 0.4750000000 4.2501658986 2.0122356480 4.9582514634 0.0000000000
5.6563971880 0.4750000000 4.2501595159 2.0122494421 4.9582314500 0.0000000000
5.6657961930 0.4750000000 4.2501528107 2.0122607346 4.9582091464 0.0000000000
5.6751951984 0.4750000000 4.2501458078 2.0122694405 4.9581846172 0.0000000000
5.6845942040 0.4750000000 4.2501385318 2.0122754750 4.9581579268 0.0000000000
5.6939932095 0.4750000000 4.2501310072 2.0122787532 4.9581291397 0.0000000000
5.7033922150 0.4750000000 4.2501232587 2.0122791901 4.9580983204 0.0000000000
5.7127912202 0.4750000000 4.2501153109 2.0122767007 4.9580655334 0.0000000000
5.7221902251 0.4750000000 4.2501071884 2.0122712003 4.9580308432 0.0000000000
5.7315892294 0.4750000000 4.2500989158 2.0122626038 4.9579943142 0.0000000000
5.7409882330 0.4750000000 4.2500905177 2.0122508263 4.9579560110 0.0000000000
5.7503872359 0.4750000000 4.2500820125 2.0122357983 4.9579159788 0.0000000000
5.7597862378 0.4750000000 4.2500733877 2.0122175231 4.9578741698 0.0000000000
5.7691852385 0.4750000000 4.2500646221 2.0121960264 4.9578305085 0.0000000000
5.7785842378 0.4750000000 4.2500556940 2.0121713338 4.9577849193 0.0000000000
5.7879832355 0.4750000000 4.2500465822 2.0121434707 4.9577373266 0.0000000000
5.7973822315 0.4750000000 4.2500372650 2.0121124628 4.9576876549 0.0000000000
5.8067812256 0.4750000000 4.2500277212 2.0120783355 4.9576358286 0.0000000000
5.8161802174 0.4750000000 4.2500179292 2.0120411145 4.9575817721 0.0000000000
5.8255792069 0.4750000000 4.2500078675 2.0120008253 4.9575254098 0.0000000000
5.8349781939 0.4750000000 4.2499975148 2.0119574934 4.9574666663 0.0000000000
5.8443771782 0.4750000000 4.2499868497 2.0119111446 4.9574054664 0.0000000000
5.8537761595 0.4750000000 4.2499758615 2.0118618213 4.9573417842 0.0000000000
5.8631751379 0.4750000000 4.2499645577 2.0118095948 4.9572756783 0.0000000000
5.8725741134 0.4750000000 4.2499529476 2.0117545391 4.9572072157 0.0000000000
5.8819730859 0.4750000000 4.2499410406 2.0116967283 4.9571364635 0.0000000000
5.8913720553 0.4750000000 4.2499288461 2.0116362366 4.9570634888 0.0000000000
5.9007710217 0.4750000000 4.2499163735 2.0115731380 4.9569883586 0.0000000000
5.9101699849 0.4750000000 4.2499036320 2.0115075067 4.9569111401 0.0000000000
5.9195689450 0.4750000000 4.2498906310 2.0114394167 4.9568319002 0.0000000000
5.9289679019 0.4750000000 4.2498773799 2.0113689421 4.9567507061 0.0000000000
5.9383668556 0.4750000000 4.2498638881 2.0112961571 4.9566676247 0.0000000000
5.9477658060 0.4750000000 4.2498501632 2.0112211334 4.9565827157 0.0000000000
5.9571647531 0.4750000000 4.2498361968 2.0111439207 4.9564959651 0.0000000000
5.9665636969 0.4750000000 4.2498219713 2.0110645557 4.9564073173 0.0000000000
5.9759626373 0.4750000000 4.2498074691 2.0109830753 4.9563167161 0.0000000000
5.9853615744 0.4750000000 4.2497926723 2.0108995162 4.9562241055 0.0000000000
5.9947605080 0.4750000000 4.2497775634 2.0108139152 4.9561294293 0.0000000000
6.0041594382 0.4750000000 4.2497621246 2.0107263089 4.9560326315 0.0000000000
6.0135583650 0.4750000000 4.2497463382 2.0106367342 4.9559336560 0.0000000000
6.0229572882 0.4750000000 4.2497301865 2.0105452278 4.9558324466 0.0000000000
6.0323562079 0.4750000000 4.2497136517 2.0104518264 4.9557289472 0.0000000000
6.0417551240 0.4750000000 4.2496967164 2.0103565667 4.9556231018 0.0000000000
6.0511540365 0.4750000000 4.2496793699 2.0102594457 4.9555148674 0.0000000000
6.0605529450 0.4750000000 4.2496616183 2.0101603698 4.9554042309 0.0000000000
6.0699518493 0.4750000000 4.2496434701 2.0100592334 4.9552911832 0.0000000000
6.0793507489 0.4750000000 4.2496249334 2.0099559305 4.9551757154 0.0000000000
6.0887496437 0.4750000000 4.2496060166 2.0098503551 4.9550578182 0.0000000000
6.0981485332 0.4750000000 4.2495867282 2.0097424014 4.9549374828 0.0000000000
6.1075474171 0.4750000000 4.2495670763 2.0096319635 4.9548147002 0.0000000000
6.1169462952 0.4750000000 4.2495470693 2.0095189355 4.9546894612 0.0000000000
6.1263451671 0.4750000000 4.2495267157 2.0094032114 4.9545617568 0.0000000000
6.1357440324 0.4750000000 4.2495060236 2.0092846855 4.9544315781 0.0000000000
6.1451428910 0.4750000000 4.2494849999 2.0091632652 4.9542989152 0.0000000000
6.1545417428 0.4750000000 4.2494636362 2.0090389905 4.9541637508 0.0000000000
6.1639405880 0.4750000000 4.2494419156 2.0089119774 4.9540260630 0.0000000000
6.1733394266 0.4750000000 4.2494198208 2.0087823426 4.9538858300 0.0000000000
6.1827382590 0.4750000000 4.2493973348 2.0086502029 4.9537430301 0.0000000000
6.1921370853 0.4750000000 4.2493744404 2.0085156750 4.9535976413 0.0000000000
6.2015359056 0.4750000000 4.2493511205 2.0083788757 4.9534496419 0.0000000000
6.2109347200 0.4750000000 4.2493273580 2.0082399218 4.9532990101 0.0000000000
6.2203335289 0.4750000000 4.2493031356 2.0080989300 4.9531457241 0.0000000000
6.2297323322 0.4750000000 4.2492784364 2.0079560170 4.9529897620 0.0000000000
6.2391311303 0.4750000000 4.2492532430 2.0078112981 4.9528311010 0.0000000000
6.2485299227 0.4750000000 4.2492275297 2.0076647255 4.9526696187 0.0000000000
6.2579287080 0.4750000000 4.2492012546 2.0075159490 4.9525050074 0.0000000000
6.2673274848 0.4750000000 4.2491743739 2.0073645854 4.9523369394 0.0000000000
6.2767262516 0.4750000000 4.2491468441 2.0072102515 4.9521650866 0.0000000000
6.2861250069 0.4750000000 4.2491186216 2.0070525641 4.9519891215 0.0000000000
6.2955237493 0.4750000000 4.2490896626 2.0068911399 4.9518087160 0.0000000000
6.3049224773 0.4750000000 4.2490599236 2.0067255959 4.9516235425 0.0000000000
6.3143211894 0.4750000000 4.2490293610 2.0065555487 4.9514332731 0.0000000000
6.3237198841 0.4750000000 4.2489979311 2.0063806152 4.9512375800 0.0000000000
6.3331185599 0.4750000000 4.2489655902 2.0062004124 4.9510361355 0.0000000000
6.3425172157 0.4750000000 4.2489323116 2.0060146411 4.9508287126 0.0000000000
6.3519158505 0.4750000000 4.2488981135 2.0058232279 4.9506153546 0.0000000000
6.3613144636 0.4750000000 4.2488630214 2.0056261367 4.9503961498 0.0000000000
6.3707130544 0.4750000000 4.2488270610 2.0054233315 4.9501711864 0.0000000000
6.3801116221 0.4750000000 4.2487902581 2.0052147764 4.9499405527 0.0000000000
6.3895101661 0.4750000000 4.2487526383 2.0050004352 4.9497043369 0.0000000000
6.3989086855 0.4750000000 4.2487142272 2.0047802720 4.9494626272 0.0000000000
6.4083071797 0.4750000000 4.2486750505 2.0045542508 4.9492155120 0.0000000000
6.4177056478 0.4750000000 4.2486351355 2.0043223045 4.9489630736 0.0000000000
6.4271040881 0.4750000000 4.2485945194 2.0040841839 4.9487053610 0.0000000000
6.4365024984 0.4750000000 4.2485532429 2.0038395729 4.9484424105 0.0000000000
6.4459008767 0.4750000000 4.2485113467 2.0035881556 4.9481742586 0.0000000000
6.4552992210 0.4750000000 4.2484688714 2.0033296159 4.9479009417 0.0000000000
6.4646975290 0.4750000000 4.2484258579 2.0030636379 4.9476224964 0.0000000000
6.4740957988 0.4750000000 4.2483823468 2.0027899056 4.9473389591 0.0000000000
6.4834940286 0.4750000000 4.2483383400 2.0025082228 4.9470502586 0.0000000000
6.4928922186 0.4750000000 4.2482936566 2.0022189565 4.9467558186 0.0000000000
6.5022903695 0.4750000000 4.2482480623 2.0019226387 4.9464549141 0.0000000000
6.5116884821 0.4750000000 4.2482013225 2.0016198017 4.9461468205 0.0000000000
6.5210865569 0.4750000000 4.2481532030 2.0013109777 4.9458308128 0.0000000000
6.5304845947 0.4750000000 4.2481034693 2.0009966989 4.9455061664 0.0000000000
6.5398825956 0.4750000000 4.2480519510 2.0006773164 4.9451723402 0.0000000000
6.5492805561 0.4750000000 4.2479987930 2.0003522908 4.9448296978 0.0000000000
6.5586784719 0.4750000000 4.2479442365 2.0000208098 4.9444788797 0.0000000000
6.5680763386 0.4750000000 4.2478885232 1.9996820611 4.9441205268 0.0000000000
6.5774741517 0.4750000000 4.2478318943 1.9993352320 4.9437552798 0.0000000000
6.5868719073 0.4750000000 4.2477745751 1.9989795765 4.9433837407 0.0000000000
6.5962696058 0.4750000000 4.2477165623 1.9986152760 4.9430059693 0.0000000000
6.6056672511 0.4750000000 4.2476576845 1.9982431951 4.9426216258 0.0000000000
6.6150648469 0.4750000000 4.2475977665 1.9978642144 4.9422303613 0.0000000000
6.6244623972 0.4750000000 4.2475366328 1.9974792145 4.9418318268 0.0000000000
6.6338599044 0.4750000000 4.2474741068 1.9970888742 4.9414255863 0.0000000000
6.6432573569 0.4750000000 4.2474099971 1.9966920052 4.9410104002 0.0000000000
6.6526547356 0.4750000000 4.2473441051 1.9962864083 4.9405845933 0.0000000000
6.6620520213 0.4750000000 4.2472762318 1.9958698742 4.9401464864 0.0000000000
6.6714491948 0.4750000000 4.2472061789 1.9954401986 4.9396944046 0.0000000000
6.6808462460 0.4750000000 4.2471338998 1.9949962555 4.9392277108 0.0000000000
6.6902431849 0.4750000000 4.2470596908 1.9945393613 4.9387481175 0.0000000000
6.6996400245 0.4750000000 4.2469838958 1.9940711685 4.9382576603 0.0000000000
6.7090367776 0.4750000000 4.2469068579 1.9935933261 4.9377583717 0.0000000000
6.7184334469 0.4750000000 4.2468287669 1.9931063929 4.9372512343 0.0000000000
6.7278300098 0.4750000000 4.2467494394 1.9926082772 4.9367346783 0.0000000000
6.7372264401 0.4750000000 4.2466686368 1.9920964926 4.9362067539 0.0000000000
6.7466227129 0.4750000000 4.2465861192 1.9915687121 4.9356655712 0.0000000000
6.7560188321 0.4750000000 4.2465016275 1.9910258267 4.9351104503 0.0000000000
6.7654148279 0.4750000000 4.2464148849 1.9904717103 4.9345418332 0.0000000000
6.7748107318 0.4750000000 4.2463256147 1.9899103450 4.9339602065 0.0000000000
6.7842065627 0.4750000000 4.2462339332 1.9893439467 4.9333669211 0.0000000000
6.7936023092 0.4750000000 4.2461409396 1.9887703085 4.9327654913 0.0000000000
6.8029979552 0.4750000000 4.2460478846 1.9881865421 4.9321597650 0.0000000000
6.8123934833 0.4750000000 4.2459553636 1.9875903835 4.9315512173 0.0000000000
6.8217888723 0.4750000000 4.2458615224 1.9869819017 4.9309324599 0.0000000000
6.8311840998 0.4750000000 4.2457639354 1.9863617103 4.9302940352 0.0000000000
6.8405791444 0.4750000000 4.2456606581 1.9857300393 4.9296282579 0.0000000000
6.8499739893 0.4750000000 4.2455526759 1.9850847863 4.9289382278 0.0000000000
6.8593686194 0.4750000000 4.2454420761 1.9844229709 4.9282311024 0.0000000000
6.8687630182 0.4750000000 4.2453306472 1.9837418143 4.9275129242 0.0000000000
6.8781571613 0.4750000000 4.2452185072 1.9830396650 4.9267835044 0.0000000000
6.8875510215 0.4750000000 4.2451051948 1.9823152604 4.9260404931 0.0000000000
6.8969445622 0.4750000000 4.2449897758 1.9815673173 4.9252796396 0.0000000000
6.9063377270 0.4750000000 4.2448703124 1.9807945076 4.9244926622 0.0000000000
6.9157304750 0.4750000000 4.2447451264 1.9799963691 4.9236726628 0.0000000000
6.9251229197 0.4750000000 4.2446158729 1.9791799381 4.9228290763 0.0000000000
6.9345152488 0.4750000000 4.2444858372 1.9783558329 4.9219792916 0.0000000000
6.9439074983 0.4750000000 4.2443558597 1.9775261813 4.9211275208 0.0000000000
6.9532995145 0.4750000000 4.2442237331 1.9766825584 4.9202615655 0.0000000000
6.9626912395 0.4750000000 4.2440882559 1.9758220719 4.9193754620 0.0000000000
6.9720828561 0.4750000000 4.2439509191 1.9749557748 4.9184795960 0.0000000000
6.9814744898 0.4750000000 4.2438128688 1.9740912673 4.9175815916 0.0000000000
6.9908658968 0.4750000000 4.2436723399 1.9732142741 4.9166686788 0.0000000000
7.0002567581 0.4750000000 4.2435269078 1.9723062516 4.9157237415 0.0000000000
7.0096469502 0.4750000000 4.2433749884 1.9713619694 4.9147383510 0.0000000000
7.0190364673 0.4750000000 4.2432157494 1.9703839206 4.9137101756 0.0000000000
7.0284253950 0.4750000000 4.2430537780 1.9693740324 4.9126583347 0.0000000000
7.0378139027 0.4750000000 4.2428974863 1.9683347102 4.9116174388 0.0000000000
7.0472021503 0.4750000000 4.2427404723 1.9672813936 4.9105680561 0.0000000000
7.0565902135 0.4750000000 4.2425697869 1.9662308711 4.9094651058 0.0000000000
7.0659777266 0.4750000000 4.2423914469 1.9651580593 4.9083226208 0.0000000000
7.0753642692 0.4750000000 4.2422160283 1.9640307161 4.9071700094 0.0000000000
7.0847500278 0.4750000000 4.2420404951 1.9628629716 4.9060007785 0.0000000000
7.0941354690 0.4750000000 4.2418592055 1.9616852117 4.9048045161 0.0000000000
7.1035211039 0.4750000000 4.2416713265 1.9605228830 4.9035880687 0.0000000000
7.1129062746 0.4750000000 4.2414774204 1.9593441096 4.9023409352 0.0000000000
7.1222896766 0.4750000000 4.2412785050 1.9580859393 4.9010420053 0.0000000000
7.1316716850 0.4750000000 4.2410746411 1.9567677834 4.8996992875 0.0000000000
7.1410531295 0.4750000000 4.2408660170 1.9554301293 4.8983297292 0.0000000000
7.1504340727 0.4750000000 4.2406538344 1.9540741431 4.8969386044 0.0000000000
7.1598142495 0.4750000000 4.2404385719 1.9526880503 4.8955231175 0.0000000000
7.1691931144 0.4750000000 4.2402175030 1.9512531941 4.8940648992 0.0000000000
7.1785700396 0.4750000000 4.2399857414 1.9497513624 4.8925371202 0.0000000000
7.1879454971 0.4750000000 4.2397511153 1.9481957140 4.8909763566 0.0000000000
7.1973199408 0.4750000000 4.2395161286 1.9466029306 4.8893992961 0.0000000000
7.2066937726 0.4750000000 4.2392744404 1.9449939316 4.8877889440 0.0000000000
7.2160678004 0.4750000000 4.2390247476 1.9433996940 4.8861524775 0.0000000000
7.2254405377 0.4750000000 4.2387681709 1.9417656609 4.8844725577 0.0000000000
7.2348113653 0.4750000000 4.2385074539 1.9400679578 4.8827506084 0.0000000000
7.2441800747 0.4750000000 4.2382404651 1.9383049877 4.8809774653 0.0000000000
7.2535464821 0.4750000000 4.2379638921 1.9364758893 4.8791395337 0.0000000000
7.2629129389 0.4750000000 4.2376895926 1.9346462935 4.8773104973 0.0000000000
7.2722793108 0.4750000000 4.2374105533 1.9328182901 4.8754631390 0.0000000000
7.2816426983 0.4750000000 4.2371132826 1.9309145115 4.8735125446 0.0000000000
7.2910023160 0.4750000000 4.2368081621 1.9289053990 4.8714884178 0.0000000000
7.3003615323 0.4750000000 4.2365065008 1.9268815232 4.8694722221 0.0000000000
7.3097213647 0.4750000000 4.2362035797 1.9248766361 4.8674585830 0.0000000000
7.3190791205 0.4750000000 4.2358850649 1.9228264533 4.8653644506 0.0000000000
7.3284319569 0.4750000000 4.2355542898 1.9206527381 4.8631718642 0.0000000000
7.3377820866 0.4750000000 4.2352200843 1.9184099634 4.8609379324 0.0000000000
7.3471338894 0.4750000000 4.2348798001 1.9162170330 4.8586996233 0.0000000000
7.3564835112 0.4750000000 4.2345320286 1.9139741927 4.8564114010 0.0000000000
7.3658283153 0.4750000000 4.2341738279 1.9116187529 4.8540364223 0.0000000000
7.3751736136 0.4750000000 4.2338163363 1.9092747766 4.8516688655 0.0000000000
7.3845146912 0.4750000000 4.2334390305 1.9068474247 4.8491887014 0.0000000000
7.3938501793 0.4750000000 4.2330577985 1.9042920814 4.8466416363 0.0000000000
7.4031849402 0.4750000000 4.2326839929 1.9017138067 4.8441151041 0.0000000000
7.4125250098 0.4750000000 4.2323046459 1.8992638419 4.8416177298 0.0000000000
7.4218556971 0.4750000000 4.2318920962 1.8966301478 4.8389140536 0.0000000000
7.4311803033 0.4750000000 4.2314815025 1.8938641291 4.8361652711 0.0000000000
7.4405021310 0.4750000000 4.2310559976 1.8910532125 4.8333388851 0.0000000000
7.4498149182 0.4750000000 4.2306220737 1.8880691516 4.8304095651 0.0000000000
7.4591269147 0.4750000000 4.2301744738 1.8850819204 4.8274242728 0.0000000000
7.4684350679 0.4750000000 4.2297164139 1.8820307717 4.8243715739 0.0000000000
7.4777404174 0.4750000000 4.2292422872 1.8789415124 4.8212393635 0.0000000000
7.4870352752 0.4750000000 4.2287609237 1.8756674580 4.8180042877 0.0000000000
7.4963270100 0.4750000000 4.2282797895 1.8723381934 4.8147480451 0.0000000000
7.5056224640 0.4750000000 4.2277808340 1.8690916428 4.8114536029 0.0000000000
7.5149000720 0.4750000000 4.2272597308 1.8655600166 4.8079565396 0.0000000000
7.5241805061 0.4750000000 4.2267463832 1.8620682910 4.8045064589 0.0000000000
7.5334622439 0.4750000000 4.2262138912 1.8586158384 4.8009955099 0.0000000000
7.5427262744 0.4750000000 4.2256625819 1.8548956245 4.7973021870 0.0000000000
7.5519860991 0.4750000000 4.2251164947 1.8511054906 4.7936017848 0.0000000000
7.5612486045 0.4750000000 4.2245528743 1.8473725149 4.7898541128 0.0000000000
7.5704882392 0.4750000000 4.2239587744 1.8433282899 4.7858600231 0.0000000000
7.5797387132 0.4750000000 4.2233836110 1.8394236511 4.7819975140 0.0000000000
7.5889785469 0.4750000000 4.2227933981 1.8353786746 4.7780186719 0.0000000000
7.5982270911 0.4750000000 4.2222212205 1.8314430400 4.7741557075 0.0000000000
7.6074774161 0.4750000000 4.2216589527 1.8275246516 4.7703392812 0.0000000000
7.6167184855 0.4750000000 4.2210584054 1.8235070643 4.7663300569 0.0000000000
7.6259216651 0.4750000000 4.2203972205 1.8190317754 4.7618952017 0.0000000000
7.6351203020 0.4750000000 4.2197432540 1.8144918267 4.7574633564 0.0000000000
7.6443250075 0.4750000000 4.2190928536 1.8100262365 4.7530755185 0.0000000000
7.6535174524 0.4750000000 4.2184372198 1.8054102608 4.7486065932 0.0000000000
7.6627008149 0.4750000000 4.2177528506 1.8007089734 4.7439886012 0.0000000000
7.6718770372 0.4750000000 4.2170639984 1.7959239630 4.7393191885 0.0000000000
7.6810380895 0.4750000000 4.2163629573 1.7909711054 4.7345338809 0.0000000000
7.6901978666 0.4750000000 4.2156545455 1.7860103439 4.7297159292 0.0000000000
7.6993554937 0.4750000000 4.2149390079 1.7810309622 4.7248620262 0.0000000000
7.7084947876 0.4750000000 4.2142006732 1.7758666086 4.7198429460 0.0000000000
7.7176112002 0.4750000000 4.2134365782 1.7704767563 4.7146306248 0.0000000000
7.7267242489 0.4750000000 4.2126613050 1.7650608994 4.7093631895 0.0000000000
7.7357959733 0.4750000000 4.2118432666 1.7592676613 4.7037737407 0.0000000000
7.7448387165 0.4750000000 4.2109877579 1.7532287197 4.6979361289 0.0000000000
7.7538984020 0.4750000000 4.2101732457 1.7473129217 4.6923117610 0.0000000000
7.7629671751 0.4750000000 4.2093740270 1.7414715699 4.6867783456 0.0000000000
7.7720164384 0.4750000000 4.2085362166 1.7354772649 4.6810293819 0.0000000000
7.7810245900 0.4750000000 4.2076582239 1.7291415489 4.6749831248 0.0000000000
7.7900134464 0.4750000000 4.2067775983 1.7226401324 4.6688600559 0.0000000000
7.7989692591 0.4750000000 4.2058526641 1.7158956683 4.6624625333 0.0000000000
7.8079332217 0.4750000000 4.2049604881 1.7091911671 4.6562120288 0.0000000000
7.8169080635 0.4750000000 4.2040805764 1.7025680526 4.6500431362 0.0000000000
7.8258593990 0.4750000000 4.2031831639 1.6957633500 4.6437316053 0.0000000000
7.8347894444 0.4750000000 4.2022609579 1.6888072589 4.6372603447 0.0000000000
7.8436924337 0.4750000000 4.2013313667 1.6816426175 4.6306761232 0.0000000000
7.8525895784 0.4750000000 4.2004075054 1.6744286678 4.6240950984 0.0000000000
7.8614156929 0.4750000000 4.1994279407 1.6667317201 4.6170980603 0.0000000000
7.8702459777 0.4750000000 4.1984627400 1.6590529415 4.6101657461 0.0000000000
7.8789909026 0.4750000000 4.1974260446 1.6508546547 4.6027396501 0.0000000000
7.8877031103 0.4750000000 4.1964108750 1.6424125395 4.5953021256 0.0000000000
7.8964593623 0.4750000000 4.1954297031 1.6342330270 4.5881056327 0.0000000000
7.9051910256 0.4750000000 4.1944498341 1.6258918097 4.5808496698 0.0000000000
7.9138801337 0.4750000000 4.1934408711 1.6173004253 4.5733772640 0.0000000000
7.9225114975 0.4750000000 4.1924217716 1.6083569421 4.5657234728 0.0000000000
7.9310972075 0.4750000000 4.1913838352 1.5991542478 4.5578906494 0.0000000000
7.9397259633 0.4750000000 4.1903941595 1.5901741967 4.5503399261 0.0000000000
7.9483427471 0.4750000000 4.1894236260 1.5811096471 4.5428319725 0.0000000000
7.9569651304 0.4750000000 4.1884795879 1.5720614349 4.5354365351 0.0000000000
7.9654981682 0.4750000000 4.1874861159 1.5625298498 4.5276500133 0.0000000000
7.9740314413 0.4750000000 4.1865444314 1.5529683110 4.5200586595 0.0000000000
7.9823659181 0.4750000000 4.1854905476 1.5424860700 4.5116502280 0.0000000000
7.9907165870 0.4750000000 4.1845329683 1.5319847670 4.5036193897 0.0000000000
7.9991704613 0.4750000000 4.1836364892 1.5219618436 4.4960243039 0.0000000000
8.0078717853 0.4750000000 4.1830081925 1.5136959647 4.4902047656 0.0000000000
8.0160779858 0.4750000000 4.1820896277 1.5034751802 4.4824421924 0.0000000000
8.0243544579 0.4750000000 4.1812390161 1.4932195184 4.4749374813 0.0000000000
8.0325565568 0.4750000000 4.1804016039 1.4822865449 4.4672146430 0.0000000000
8.0405291031 0.4750000000 4.1797125170 1.4711113051 4.4599881998 0.0000000000
8.0484017763 0.4750000000 4.1790217147 1.4600554205 4.4528026368 0.0000000000
8.0561924524 0.4750000000 4.1784418241 1.4495748087 4.4462908296 0.0000000000
8.0639134879 0.4750000000 4.1779988823 1.4390677480 4.4403162379 0.0000000000
8.0717453711 0.4750000000 4.1776421291 1.4300192930 4.4352698433 0.0000000000
8.0793306358 0.4750000000 4.1774758330 1.4182334750 4.4298903316 0.0000000000
8.0874023955 0.4750000000 4.1772776060 1.4085375061 4.4252190361 0.0000000000
8.0950455952 0.4750000000 4.1773639590 1.3984172631 4.4215163508 0.0000000000
8.1023508208 0.4750000000 4.1776749969 1.3876899378 4.4184695723 0.0000000000
8.1096301931 0.4750000000 4.1779734948 1.3783756190 4.4159378363 0.0000000000
8.1167962335 0.4750000000 4.1786640167 1.3661896769 4.4138255471 0.0000000000
8.1243490574 0.4750000000 4.1795803225 1.3528788157 4.4121664258 0.0000000000
8.1302801565 0.4750000000 4.1807942813 1.3397147325 4.4117566277 0.0000000000
8.1364860889 0.4750000000 4.1813441008 1.3314623795 4.4106549648 0.0000000000
8.1410380867 0.4750000000 4.1827185224 1.3224906734 4.4125639684 0.0000000000
8.1453970592 0.4750000000 4.1839088165 1.3150133462 4.4143342141 0.0000000000
8.1496055264 0.4750000000 4.1852087708 1.3096926464 4.4174057513 0.0000000000
8.1532700080 0.4750000000 4.1869027245 1.2980267604 4.4195152119 0.0000000000
8.1570803022 0.4750000000 4.1926678329 1.2827197896 4.4364528571 0.0000000000
8.1605080497 0.4750000000 4.1997950140 1.2700502535 4.4598937671 0.0000000000
8.1633335858 0.4750000000 4.2075458293 1.2588115188 4.4864015345 0.0000000000
8.1655965288 0.4750000000 4.2156681372 1.2484390121 4.5147417631 0.0000000000
8.1673661746 0.4750000000 4.2239331783 1.2381682220 4.5436936118 0.0000000000
8.1687352088 0.4750000000 4.2322914876 1.2279862262 4.5730540507 0.0000000000
8.1697691821 0.4750000000 4.2402976229 1.2159914982 4.6002807005 0.0000000000
8.1705166081 0.4750000000 4.2476072927 1.2013632727 4.6236680895 0.0000000000
8.1710537130 0.4750000000 4.2541321666 1.1845233049 4.6430315981 0.0000000000
8.1714438930 0.4750000000 4.2598080494 1.1658344346 4.6582595811 0.0000000000
8.1717334261 0.4750000000 4.2646703526 1.1457478796 4.6696741720 0.0000000000
8.1719553424 0.4750000000 4.2688444218 1.1247073359 4.6779542314 0.0000000000
8.1721288754 0.4750000000 4.2723999540 1.1029643119 4.6834791503 0.0000000000
8.1722673293 0.4750000000 4.2754270878 1.0807241627 4.6866916260 0.0000000000
8.1723803926 0.4750000000 4.2779983911 1.0581266118 4.6879378186 0.0000000000
8.1724754727 0.4750000000 4.2802068223 1.0352892238 4.6876365884 0.0000000000
8.1725572313 0.4750000000 4.2821000000 1.0122750000 4.6860036096 0.0000000000
8.1726192634 0.4750000000 4.2835100000 0.9923750000 4.6836836096 0.0000000000
8.1733839233 0.4750000000 4.2912501715 0.6441244668 4.5753440824 0.0000000000
8.1741485832 0.4750000000 4.2950148098 0.6822174857 4.6056398433 0.0000000000
8.1749132431 0.4750000000 4.2868204137 0.6794795671 4.5717670911 0.0000000000
8.1756779030 0.4750000000 4.2805034729 0.6560920946 4.5371443389 0.0000000000
8.1764425629 0.4750000000 4.2749716402 0.6311019084 4.5050209337 0.0000000000
8.1772072228 0.4750000000 4.2700598289 0.6057020759 4.4752137558 0.0000000000
8.1779718827 0.4750000000 4.2654844570 0.5810562700 4.4470539454 0.0000000000
8.1787365426 0.4750000000 4.2609097926 0.5571033962 4.4191741386 0.0000000000
8.1795012025 0.4750000000 4.2560850413 0.5334120576 4.3903985978 0.0000000000
8.1802658624 0.4750000000 4.2507950734 0.5097353191 4.3597680308 0.0000000000
8.1810305223 0.4750000000 4.2451483770 0.4859332546 4.3276604193 0.0000000000
8.1817951822 0.4750000000 4.2394272252 0.4624424516 4.2953794911 0.0000000000
8.1825598421 0.4750000000 4.2340526785 0.4401663463 4.2649708622 0.0000000000
8.1833245020 0.4750000000 4.2293296933 0.4198481453 4.2379516410 0.0000000000
8.1840891619 0.4750000000 4.2255105508 0.4022650007 4.2156418130 0.0000000000
8.1848538218 0.4750000000 4.2224127705 0.3867406307 4.1970409440 0.0000000000
8.1856184817 0.4750000000 4.2199591036 0.3730321743 4.1817428938 0.0000000000
8.1863831416 0.4750000000 4.2179892755 0.3606272178 4.1689015987 0.0000000000
8.1871478015 0.4750000000 4.2163238620 0.3490042594 4.1575907612 0.0000000000
8.1879124614 0.4750000000 4.2148925790 0.3379598357 4.1474478599 0.0000000000
8.1886771213 0.4750000000 4.2136331763 0.3273018106 4.1381470392 0.0000000000
8.1894417812 0.4750000000 4.2124198508 0.3167473699 4.1290719606 0.0000000000
8.1902064411 0.4750000000 4.2112413377 0.3062105162 4.1201431668 0.0000000000
8.1909711010 0.4750000000 4.2100727816 0.2956786927 4.1112562131 0.0000000000
8.1917357609 0.4750000000 4.2088904398 0.2850307168 4.1022676554 0.0000000000
8.1925004208 0.4750000000 4.2076887213 0.2742194825 4.0931362880 0.0000000000
8.1932650807 0.4750000000 4.2064833009 0.2633893910 4.0839825696 0.0000000000
8.1940297406 0.4750000000 4.2052109633 0.2522184406 4.0744248390 0.0000000000
8.1947944005 0.4750000000 4.2039386257 0.2410474902 4.0648671085 0.0000000000
8.1955590604 0.4750000000 4.2026008096 0.2295969723 4.0549356368 0.0000000000
8.1963237203 0.4750000000 4.2012411177 0.2180530538 4.0448793019 0.0000000000
8.1970883802 0.4750000000 4.1998311913 0.2063083265 4.0345417053 0.0000000000
8.1978530401 0.4750000000 4.1983751036 0.1943790736 4.0239456536 0.0000000000
8.1986177001 0.4750000000 4.1968896940 0.1823140054 4.0131779876 0.0000000000
8.1993823600 0.4750000000 4.1953531981 0.1700123139 4.0021113276 0.0000000000
8.2001470199 0.4750000000 4.1937924098 0.1576016816 3.9909039213 0.0000000000
8.2009116798 0.4750000000 4.1921770517 0.1449463288 3.9793803480 0.0000000000
8.2016763397 0.4750000000 4.1905293175 0.1321512859 3.9676713938 0.0000000000
8.2024409996 0.4750000000 4.1888250615 0.1191123753 3.9556388057 0.0000000000
8.2032056595 0.4750000000 4.1870704654 0.1058726140 3.9433245168 0.0000000000
8.2039703194 0.4750000000 4.1852686287 0.0924443687 3.9307458718 0.0000000000
8.2047349793 0.4750000000 4.1833926221 0.0787267382 3.9177547933 0.0000000000
8.2054996392 0.4750000000 4.1814838812 0.0648806202 3.9045813824 0.0000000000
8.2062642991 0.4750000000 4.1794871546 0.0506841486 3.8909158875 0.0000000000
8.2070289590 0.4750000000 4.1774690768 0.0363467951 3.8771086348 0.0000000000
8.2077936189 0.4750000000 4.1754298177 0.0218744503 3.8631626607 0.0000000000
8.2085582788 0.4750000000 4.1733117097 0.0070783419 3.8487717852 0.0000000000
8.2093229387 0.4750000000 4.1711148086 -0.0079695911 3.8339650075 0.0000000000
8.2100875986 0.4750000000 4.1688359017 -0.0232909467 3.8187208379 0.0000000000
8.2108522585 0.4750000000 4.1664443477 -0.0390397449 3.8028551026 0.0000000000
8.2116169184 0.4750000000 4.1639479719 -0.0551722605 3.7864165928 0.0000000000
8.2123815783 0.4750000000 4.1613600470 -0.0716452448 3.7694756996 0.0000000000
8.2131462382 0.4750000000 4.1586622185 -0.0884939753 3.7519448934 0.0000000000
8.2139108981 0.4750000000 4.1558336165 -0.1057640662 3.7337224490 0.0000000000
8.2146755580 0.4750000000 4.1528694486 -0.1234867968 3.7147766852 0.0000000000
8.2154402179 0.4750000000 4.1497525337 -0.1416538349 3.6950422105 0.0000000000
8.2162048778 0.4750000000 4.1464753854 -0.1603320753 3.6744623212 0.0000000000
8.2169695377 0.4750000000 4.1430304158 -0.1795292480 3.6530035735 0.0000000000
8.2177341976 0.4750000000 4.1393948073 -0.1992673113 3.6305659143 0.0000000000
8.2184988575 0.4750000000 4.1355620757 -0.2195584998 3.6071185126 0.0000000000
8.2192635174 0.4750000000 4.1315088200 -0.2404452924 3.5825507727 0.0000000000
8.2200281773 0.4750000000 4.1271943019 -0.2620332535 3.5566575157 0.0000000000
8.2207928372 0.4750000000 4.1226360419 -0.2842277951 3.5295466592 0.0000000000
8.2215574971 0.4750000000 4.1177962806 -0.3071403627 3.5010225869 0.0000000000
8.2223221570 0.4750000000 4.1126776790 -0.3307404444 3.4711081479 0.0000000000
8.2230868169 0.4750000000 4.1072453198 -0.3550819759 3.4396420985 0.0000000000
8.2238514768 0.4750000000 4.1015771573 -0.3800955477 3.4069640197 0.0000000000
8.2246161367 0.4750000000 4.0955457266 -0.4059383899 3.3725011600 0.0000000000
8.2253807967 0.4750000000 4.0891320938 -0.4326790799 3.3361503527 0.0000000000
8.2261454566 0.4750000000 4.0822976280 -0.4603650305 3.2977381095 0.0000000000
8.2269101165 0.4750000000 4.0750089385 -0.4890981845 3.2570900898 0.0000000000
8.2276747764 0.4750000000 4.0672255824 -0.5189068289 3.2140332078 0.0000000000
8.2284394363 0.4750000000 4.0589095506 -0.5498679408 3.1683846357 0.0000000000
8.2292040962 0.4750000000 4.0500149412 -0.5820651522 3.1199273136 0.0000000000
8.2299687561 0.4750000000 4.0404647993 -0.6156228852 3.0683036527 0.0000000000
8.2307334160 0.4750000000 4.0302496330 -0.6506509176 3.0134317745 0.0000000000
8.2314980759 0.4750000000 4.0192811137 -0.6873707382 2.9548697692 0.0000000000
8.2322627358 0.4750000000 4.0075178335 -0.7259423211 2.8923880152 0.0000000000
8.2330273957 0.4750000000 3.9948431898 -0.7666900259 2.8253903584 0.0000000000
8.2337920556 0.4750000000 3.9811257982 -0.8099952402 2.7531987062 0.0000000000
8.2345567155 0.4750000000 3.9661309270 -0.8565017257 2.6746166273 0.0000000000
8.2353213754 0.4750000000 3.9494637357 -0.9069655761 2.5877623219 0.0000000000
8.2360860353 0.4750000000 3.9304978329 -0.9623969108 2.4897261769 0.0000000000
8.2368506952 0.4750000000 3.9085089309 -1.0238949195 2.3771713655 0.0000000000
8.2376153551 0.4750000000 3.8826863837 -1.0926138750 2.2463935945 0.0000000000
8.2383800150 0.4750000000 3.8526172135 -1.1696718938 2.0952937060 0.0000000000
8.2391446749 0.4750000000 3.8189426290 -1.2558593480 1.9261203864 0.0000000000
8.2399093348 0.4750000000 3.7836029229 -1.3518623955 1.7463603429 0.0000000000
8.2406739947 0.4750000000 3.7539264198 -1.4557018514 1.5861185483 0.0000000000
8.2414386546 0.4750000000 3.7569088376 -1.5510799641 1.5598969745 0.0000000000
8.2422033145 0.4750000000 3.7687586938 -1.6675013515 1.5607278442 0.0000000000
8.2429679744 0.4750000000 3.8159171675 -1.8046454140 1.6945041140 0.0000000000
8.2437326343 0.4750000000 3.9728831818 -1.9300551738 2.2722042674 0.0000000000
8.2444972942 0.4750000000 4.2191053107 -2.0075094765 3.2261110618 0.0000000000
8.2452619541 0.4750000000 4.4478291067 -2.0179926990 4.1368129567 0.0000000000
8.2460266140 0.4750000000 4.6414174610 -1.8649133791 4.9723981021 0.0000000000
8.2467912739 0.4750000000 4.7685436853 -1.5376209317 5.6118199782 0.0000000000
8.2475559338 0.4750000000 4.8976444092 -1.3669105596 6.1965070225 0.0000000000
8.2483205937 0.4750000000 4.9678700000 -1.3112250000 6.4996836096 0.0000000000
