# logAge Mass logTe Mbol logg C/O
0.0649086952 0.3000000000 3.5878200000 1.9254250000 2.0745712547 0.0000000000
0.1138578459 0.3000000000 3.5878183246 1.9254897985 2.0745904726 0.0000000000
0.1628070106 0.3000000000 3.5878171269 1.9255458995 2.0746081220 0.0000000000
0.2117561878 0.3000000000 3.5878163744 1.9255951899 2.0746248282 0.0000000000
0.2607053756 0.3000000000 3.5878160348 1.9256395565 2.0746412164 0.0000000000
0.3096545724 0.3000000000 3.5878160757 1.9256808862 2.0746579121 0.0000000000
0.3586037762 0.3000000000 3.5878164648 1.9257210658 2.0746755404 0.0000000000
0.4075529856 0.3000000000 3.5878171698 1.9257619822 2.0746947266 0.0000000000
0.4565021985 0.3000000000 3.5878181581 1.9258055222 2.0747160961 0.0000000000
0.5054514135 0.3000000000 3.5878193976 1.9258535728 2.0747402741 0.0000000000
0.5544006286 0.3000000000 3.5878208557 1.9259080207 2.0747678859 0.0000000000
0.6033498421 0.3000000000 3.5878225002 1.9259707529 2.0747995568 0.0000000000
0.6522990524 0.3000000000 3.5878242987 1.9260436561 2.0748359121 0.0000000000
0.7012482576 0.3000000000 3.5878262188 1.9261286173 2.0748775770 0.0000000000
0.7501974561 0.3000000000 3.5878282282 1.9262275233 2.0749251770 0.0000000000
0.7991466460 0.3000000000 3.5878302945 1.9263422610 2.0749793371 0.0000000000
0.8480958257 0.3000000000 3.5878323853 1.9264747172 2.0750406828 0.0000000000
0.8970449933 0.3000000000 3.5878344683 1.9266267788 2.0751098393 0.0000000000
0.9459941472 0.3000000000 3.5878365110 1.9268003326 2.0751874319 0.0000000000
0.9949432857 0.3000000000 3.5878384812 1.9269972655 2.0752740859 0.0000000000
1.0438924068 0.3000000000 3.5878403470 1.9272194626 2.0753704277 0.0000000000
1.0928415087 0.3000000000 3.5878421867 1.9274683629 2.0754773468 0.0000000000
1.1417905883 0.3000000000 3.5878443315 1.9277443854 2.0755963348 0.0000000000
1.1907396428 0.3000000000 3.5878471474 1.9280478070 2.0757289673 0.0000000000
1.2396886691 0.3000000000 3.5878509987 1.9283789434 2.0758768269 0.0000000000
1.2886376557 0.3000000000 3.5878559370 1.9287438607 2.0760425469 0.0000000000
1.3375865739 0.3000000000 3.5878613744 1.9291603292 2.0762308841 0.0000000000
1.3865354024 0.3000000000 3.5878666448 1.9296392680 2.0764435412 0.0000000000
1.4354841380 0.3000000000 3.5878710949 1.9301755813 2.0766758666 0.0000000000
1.4844327701 0.3000000000 3.5878753864 1.9307674884 2.0769297955 0.0000000000
1.5333812705 0.3000000000 3.5878825646 1.9314227209 2.0772206014 0.0000000000
1.5823295969 0.3000000000 3.5878934705 1.9321548715 2.0775570853 0.0000000000
1.6312776161 0.3000000000 3.5879017576 1.9330052440 2.0779303829 0.0000000000
1.6802256663 0.3000000000 3.5879191825 1.9338442289 2.0783356762 0.0000000000
1.7291736096 0.3000000000 3.5879454307 1.9347077798 2.0787860896 0.0000000000
1.7781205655 0.3000000000 3.5879530401 1.9358872846 2.0792883291 0.0000000000
1.8270670651 0.3000000000 3.5879630573 1.9371698764 2.0798414343 0.0000000000
1.8760128912 0.3000000000 3.5879765583 1.9386092388 2.0804711833 0.0000000000
1.9249577719 0.3000000000 3.5879971509 1.9402315309 2.0812024705 0.0000000000
1.9739022634 0.3000000000 3.5880204439 1.9419326473 2.0819760894 0.0000000000
2.0228457382 0.3000000000 3.5880528224 1.9437925826 2.0828495774 0.0000000000
2.0717866736 0.3000000000 3.5880786465 1.9460479041 2.0838550025 0.0000000000
2.1207256163 0.3000000000 3.5880997028 1.9485472001 2.0849389461 0.0000000000
2.1696632335 0.3000000000 3.5881410011 1.9512126933 2.0861703366 0.0000000000
2.2185982368 0.3000000000 3.5881860745 1.9541501955 2.0875256308 0.0000000000
2.2675271645 0.3000000000 3.5882090733 1.9576731502 2.0890268082 0.0000000000
2.3164542664 0.3000000000 3.5882616282 1.9613547348 2.0907096615 0.0000000000
2.3653751290 0.3000000000 3.5883190015 1.9654993734 2.0925970100 0.0000000000
2.4142888076 0.3000000000 3.5883720745 1.9701726397 2.0946786087 0.0000000000
2.4631938192 0.3000000000 3.5884338863 1.9753520889 2.0969976354 0.0000000000
2.5120898139 0.3000000000 3.5884978676 1.9810696659 2.0995405913 0.0000000000
2.5609720220 0.3000000000 3.5885736199 1.9874469556 2.1023945166 0.0000000000
2.6098402755 0.3000000000 3.5886605833 1.9944954961 2.1055617863 0.0000000000
2.6586887916 0.3000000000 3.5887504699 2.0023174355 2.1090501086 0.0000000000
2.7075165420 0.3000000000 3.5888492076 2.0109420098 2.1128948892 0.0000000000
2.7563211988 0.3000000000 3.5889752286 2.0203235497 2.1171515890 0.0000000000
2.8050891212 0.3000000000 3.5890928973 2.0308470198 2.1218316520 0.0000000000
2.8538199049 0.3000000000 3.5892241475 2.0423877143 2.1269729306 0.0000000000
2.9025046723 0.3000000000 3.5893712554 2.0550855113 2.1326404809 0.0000000000
2.9511370167 0.3000000000 3.5895274529 2.0689820116 2.1388238710 0.0000000000
2.9997054429 0.3000000000 3.5896919497 2.0842093597 2.1455727974 0.0000000000
3.0482008247 0.3000000000 3.5898749828 2.1008291854 2.1529528601 0.0000000000
3.0966117020 0.3000000000 3.5900632327 2.1189211839 2.1609426589 0.0000000000
3.1449238913 0.3000000000 3.5902693903 2.1385931221 2.1696360646 0.0000000000
3.1931251779 0.3000000000 3.5904903238 2.1598956554 2.1790408121 0.0000000000
3.2412022254 0.3000000000 3.5907221121 2.1828868203 2.1891644314 0.0000000000
3.2891318213 0.3000000000 3.5909644884 2.2077236829 2.2000686813 0.0000000000
3.3369060071 0.3000000000 3.5912157214 2.2343681894 2.2117314161 0.0000000000
3.3845023778 0.3000000000 3.5914846084 2.2629290892 2.2242313242 0.0000000000
3.4319097027 0.3000000000 3.5917582804 2.2933914871 2.2375109711 0.0000000000
3.4791023498 0.3000000000 3.5920415056 2.3258689804 2.2516348694 0.0000000000
3.5260742846 0.3000000000 3.5923338157 2.3602879650 2.2665717037 0.0000000000
3.5728016100 0.3000000000 3.5926202304 2.3967291169 2.2822938231 0.0000000000
3.6192820557 0.3000000000 3.5929113666 2.4350913980 2.2988032805 0.0000000000
3.6654989448 0.3000000000 3.5932020064 2.4753956091 2.3160875240 0.0000000000
3.7114444755 0.3000000000 3.5934801694 2.5175946248 2.3340797823 0.0000000000
3.7571152896 0.3000000000 3.5937541778 2.5616184387 2.3527853412 0.0000000000
3.8025011636 0.3000000000 3.5940212128 2.6074468419 2.3721848428 0.0000000000
3.8476059491 0.3000000000 3.5942650031 2.6549786487 2.3921727265 0.0000000000
3.8924279630 0.3000000000 3.5945009174 2.7041542807 2.4127866367 0.0000000000
3.9369643611 0.3000000000 3.5947067805 2.7549274284 2.4339193482 0.0000000000
3.9812158486 0.3000000000 3.5948934460 2.8072347291 2.4555889302 0.0000000000
4.0251920232 0.3000000000 3.5950497341 2.8609740263 2.4777098018 0.0000000000
4.0688807349 0.3000000000 3.5951642947 2.9161600570 2.5002424564 0.0000000000
4.1122743635 0.3000000000 3.5952239138 2.9727831511 2.5231301703 0.0000000000
4.1554133026 0.3000000000 3.5952392346 3.0306111981 2.5463226723 0.0000000000
4.1983194895 0.3000000000 3.5952270344 3.0895115998 2.5698340323 0.0000000000
4.2409893027 0.3000000000 3.5951689116 3.1494749805 2.5935868932 0.0000000000
4.2834352464 0.3000000000 3.5950753022 3.2104230032 2.6175916647 0.0000000000
4.3256680253 0.3000000000 3.5949341976 3.2722891320 2.6417736980 0.0000000000
4.3676927047 0.3000000000 3.5947492636 3.3350339900 2.6661319051 0.0000000000
4.4095216199 0.3000000000 3.5945155018 3.3985900737 2.6906192913 0.0000000000
4.4511678344 0.3000000000 3.5942383131 3.4628907590 2.7152308109 0.0000000000
4.4926289504 0.3000000000 3.5938996934 3.5279330052 2.7398932304 0.0000000000
4.5339236816 0.3000000000 3.5935220431 3.5936321539 2.7646622885 0.0000000000
4.5750641195 0.3000000000 3.5930909052 3.6599313971 2.7894574343 0.0000000000
4.6160504176 0.3000000000 3.5926024976 3.7268221832 2.8142601182 0.0000000000
4.6569012675 0.3000000000 3.5920673430 3.7942266351 2.8390812809 0.0000000000
4.6976340109 0.3000000000 3.5914917554 3.8620745029 2.8639180775 0.0000000000
4.7382775629 0.3000000000 3.5908744901 3.9302537257 2.8887207052 0.0000000000
4.7788561676 0.3000000000 3.5902191032 3.9986720438 2.9134664849 0.0000000000
4.8194100009 0.3000000000 3.5895209074 4.0671794924 2.9380766813 0.0000000000
4.8599806171 0.3000000000 3.5887940004 4.1356229298 2.9625464281 0.0000000000
4.9006766173 0.3000000000 3.5880542256 4.2035980301 2.9867773690 0.0000000000
4.9416302706 0.3000000000 3.5873194919 4.2705984938 3.0106386198 0.0000000000
4.9829317875 0.3000000000 3.5865587690 4.3362484367 3.0338557054 0.0000000000
5.0247652560 0.3000000000 3.5857685314 4.3997521477 3.0560962394 0.0000000000
5.0674682501 0.3000000000 3.5849694901 4.4595179729 3.0768064043 0.0000000000
5.1113621001 0.3000000000 3.5842053262 4.5136080282 3.0953857709 0.0000000000
5.1566741167 0.3000000000 3.5835231492 4.5597989216 3.1111334201 0.0000000000
5.2033421347 0.3000000000 3.5829628679 4.5966087776 3.1236162375 0.0000000000
5.2510098111 0.3000000000 3.5825319180 4.6243288869 3.1329804813 0.0000000000
5.2992566815 0.3000000000 3.5822001431 4.6449122271 3.1398867179 0.0000000000
5.3477822084 0.3000000000 3.5819467482 4.6609513603 3.1452887915 0.0000000000
5.3964134148 0.3000000000 3.5817168182 4.6748651015 3.1499345679 0.0000000000
5.4450529382 0.3000000000 3.5814869086 4.6885959331 3.1545072625 0.0000000000
5.4936328001 0.3000000000 3.5812402442 4.7035843468 3.1595159700 0.0000000000
5.5420812589 0.3000000000 3.5809509146 4.7210174116 3.1653318777 0.0000000000
5.5902976020 0.3000000000 3.5805860442 4.7420801956 3.1722975099 0.0000000000
5.6381133761 0.3000000000 3.5801358350 4.7682185646 3.1809520207 0.0000000000
5.6852239553 0.3000000000 3.5795528985 4.8013844686 3.1918866360 0.0000000000
5.7310346398 0.3000000000 3.5787617778 4.8443736992 3.2059178456 0.0000000000
5.7744506475 0.3000000000 3.5777078035 4.9006823021 3.2242253895 0.0000000000
5.8136878924 0.3000000000 3.5762712777 4.9735414932 3.2476229627 0.0000000000
5.8470018026 0.3000000000 3.5744162406 5.0628882503 3.2759415174 0.0000000000
5.8743757503 0.3000000000 3.5722000576 5.1640932420 3.3075587819 0.0000000000
5.8979776420 0.3000000000 3.5697025525 5.2711030918 3.3403727015 0.0000000000
5.9206544223 0.3000000000 3.5670311967 5.3793458119 3.3729843664 0.0000000000
5.9441363285 0.3000000000 3.5642393523 5.4864878710 3.4046738124 0.0000000000
5.9687170803 0.3000000000 3.5613575252 5.5920628448 3.4353764935 0.0000000000
5.9943826104 0.3000000000 3.5584157928 5.6960008937 3.4651847834 0.0000000000
6.0214482890 0.3000000000 3.5555798512 5.7977107880 3.4945249745 0.0000000000
6.0500449542 0.3000000000 3.5529576509 5.8968036675 3.5236733253 0.0000000000
6.0798043181 0.3000000000 3.5504333603 5.9937547501 3.5523565961 0.0000000000
6.1104440541 0.3000000000 3.5479210233 6.0889789452 3.5803969260 0.0000000000
6.1419108041 0.3000000000 3.5454431509 6.1825086472 3.6078973171 0.0000000000
6.1742375834 0.3000000000 3.5430281220 6.2741965781 3.6349123741 0.0000000000
6.2075124728 0.3000000000 3.5407688418 6.3637641250 3.6617022717 0.0000000000
6.2416833335 0.3000000000 3.5386591591 6.4512217284 3.6882465826 0.0000000000
6.2766806195 0.3000000000 3.5367190975 6.5366378436 3.7146527820 0.0000000000
6.3124227601 0.3000000000 3.5349316652 6.6201258406 3.7408982516 0.0000000000
6.3488825095 0.3000000000 3.5333146234 6.7016733952 3.7670491063 0.0000000000
6.3860149409 0.3000000000 3.5318886821 6.7813251040 3.7932060249 0.0000000000
6.4237803292 0.3000000000 3.5306463049 6.8591139791 3.8193520660 0.0000000000
6.4621279012 0.3000000000 3.5295895214 6.9351200346 3.8455273541 0.0000000000
6.5010313192 0.3000000000 3.5287460928 7.0093565065 3.8718482283 0.0000000000
6.5404804252 0.3000000000 3.5281222952 7.0817851668 3.8983245021 0.0000000000
6.5804441698 0.3000000000 3.5277251099 7.1524385698 3.9249971221 0.0000000000
6.6209145221 0.3000000000 3.5275793977 7.2212726037 3.9519478869 0.0000000000
6.6618635296 0.3000000000 3.5276816237 7.2883148254 3.9791736798 0.0000000000
6.7030847268 0.3000000000 3.5279541472 7.3543052730 4.0066599529 0.0000000000
6.7442606998 0.3000000000 3.5282179431 7.4204723560 4.0341819695 0.0000000000
6.7854857629 0.3000000000 3.5285278304 7.4864468665 4.0618113230 0.0000000000
6.8267455546 0.3000000000 3.5288649997 7.5522847193 4.0894951412 0.0000000000
6.8680503208 0.3000000000 3.5292516671 7.6179443679 4.1173056702 0.0000000000
6.9093918390 0.3000000000 3.5296705151 7.6834580782 4.1451865465 0.0000000000
6.9507552673 0.3000000000 3.5301307375 7.7488835650 4.1731976306 0.0000000000
6.9921429493 0.3000000000 3.5306153246 7.8142120183 4.2012673603 0.0000000000
7.0335510243 0.3000000000 3.5311359170 7.8794579230 4.2294480918 0.0000000000
7.0749766097 0.3000000000 3.5316804457 7.9446330993 4.2576962774 0.0000000000
7.1164179694 0.3000000000 3.5322612483 8.0097436145 4.2860636938 0.0000000000
7.1578737054 0.3000000000 3.5328676548 8.0747954442 4.3145100518 0.0000000000
7.1993393063 0.3000000000 3.5334896009 8.1398070503 4.3430024785 0.0000000000
7.2408155312 0.3000000000 3.5341445068 8.2047742506 4.3716089821 0.0000000000
7.2822849839 0.3000000000 3.5348129206 8.2697676240 4.4002799866 0.0000000000
7.3237601207 0.3000000000 3.5355035376 8.3347368608 4.4290301493 0.0000000000
7.3652409746 0.3000000000 3.5362089007 8.3996822853 4.4578297717 0.0000000000
7.4067100215 0.3000000000 3.5369244023 8.4646740003 4.4866884640 0.0000000000
7.4480676327 0.3000000000 3.5375798842 8.5301113890 4.5154853472 0.0000000000
7.4893904668 0.3000000000 3.5382125473 8.5956880055 4.5442466460 0.0000000000
7.5307392685 0.3000000000 3.5388507238 8.6611619114 4.5729889144 0.0000000000
7.5721455419 0.3000000000 3.5395048784 8.7264074094 4.6017037322 0.0000000000
7.6136144907 0.3000000000 3.5401654025 8.7914032166 4.6303441515 0.0000000000
7.6551691904 0.3000000000 3.5408335619 8.8560553058 4.6588776248 0.0000000000
7.6968331376 0.3000000000 3.5415119982 8.9202657021 4.6872755284 0.0000000000
7.7386131667 0.3000000000 3.5421895637 8.9840029535 4.7154806908 0.0000000000
7.7805641026 0.3000000000 3.5428730146 9.0470340735 4.7434269425 0.0000000000
7.8227185115 0.3000000000 3.5435548543 9.1092107020 4.7710249528 0.0000000000
7.8651293552 0.3000000000 3.5442387152 9.1702874921 4.7981911122 0.0000000000
7.9078401637 0.3000000000 3.5448964875 9.2300445244 4.8247250145 0.0000000000
7.9509351968 0.3000000000 3.5455272992 9.2880524941 4.8504514491 0.0000000000
7.9944951794 0.3000000000 3.5461203550 9.3438484495 4.8751420545 0.0000000000
8.0386038269 0.3000000000 3.5466470257 9.3968843355 4.8984630918 0.0000000000
8.0833557061 0.3000000000 3.5470748483 9.4464388015 4.9199961686 0.0000000000
8.1288479757 0.3000000000 3.5473931136 9.4915823152 4.9393266351 0.0000000000
8.1751583216 0.3000000000 3.5475834339 9.5311834277 4.9559283614 0.0000000000
8.2223033266 0.3000000000 3.5476751487 9.5640483856 4.9694412038 0.0000000000
8.2702068667 0.3000000000 3.5476887333 9.5891231558 4.9795254502 0.0000000000
8.3186833273 0.3000000000 3.5476692044 9.6061570946 4.9862609103 0.0000000000
8.3674948068 0.3000000000 3.5476769315 9.6153282145 4.9899602664 0.0000000000
8.4164017483 0.3000000000 3.5477162528 9.6204456940 4.9921645437 0.0000000000
8.4653277770 0.3000000000 3.5477537582 9.6241835198 4.9938096953 0.0000000000
8.5142699198 0.3000000000 3.5477715385 9.6262372082 4.9947022919 0.0000000000
8.5632176014 0.3000000000 3.5477889410 9.6271953120 4.9951551433 0.0000000000
8.6121667861 0.3000000000 3.5477902182 9.6275151420 4.9952881845 0.0000000000
8.6611160125 0.3000000000 3.5477958762 9.6275031583 4.9953060227 0.0000000000
8.7100651016 0.3000000000 3.5478031213 9.6272697602 4.9952416439 0.0000000000
8.7590140540 0.3000000000 3.5478087420 9.6268699986 4.9951042223 0.0000000000
8.8079628192 0.3000000000 3.5478139037 9.6263363221 4.9949113985 0.0000000000
8.8569113437 0.3000000000 3.5478200000 9.6257000000 4.9946812547 0.0000000000
8.9447772636 0.3000000000 3.5478300000 9.6241500000 4.9941012547 0.0000000000
8.9508499871 0.3000000000 3.5478306330 9.6240152744 4.9940498966 0.0000000000
8.9569226987 0.3000000000 3.5478312759 9.6238780049 4.9939975601 0.0000000000
8.9629953977 0.3000000000 3.5478319277 9.6237380621 4.9939441905 0.0000000000
8.9690680835 0.3000000000 3.5478325879 9.6235953163 4.9938897328 0.0000000000
8.9751407552 0.3000000000 3.5478332556 9.6234496378 4.9938341322 0.0000000000
8.9812134123 0.3000000000 3.5478339300 9.6233008972 4.9937773337 0.0000000000
8.9872860540 0.3000000000 3.5478346105 9.6231489648 4.9937192826 0.0000000000
8.9933586796 0.3000000000 3.5478352962 9.6229937110 4.9936599238 0.0000000000
8.9994312885 0.3000000000 3.5478359864 9.6228350062 4.9935992026 0.0000000000
9.0055038799 0.3000000000 3.5478366803 9.6226727208 4.9935370641 0.0000000000
9.0115764531 0.3000000000 3.5478373771 9.6225067252 4.9934734534 0.0000000000
9.0176490076 0.3000000000 3.5478380762 9.6223368899 4.9934083156 0.0000000000
9.0237215424 0.3000000000 3.5478387768 9.6221630851 4.9933415958 0.0000000000
9.0297940571 0.3000000000 3.5478394780 9.6219851813 4.9932732392 0.0000000000
9.0358665508 0.3000000000 3.5478401791 9.6218030490 4.9932031908 0.0000000000
9.0419390229 0.3000000000 3.5478408794 9.6216165584 4.9931313958 0.0000000000
9.0480114727 0.3000000000 3.5478415782 9.6214255801 4.9930577994 0.0000000000
9.0540838995 0.3000000000 3.5478422745 9.6212299844 4.9929823466 0.0000000000
9.0601563025 0.3000000000 3.5478429678 9.6210296416 4.9929049825 0.0000000000
9.0662286812 0.3000000000 3.5478436572 9.6208244223 4.9928256523 0.0000000000
9.0723010348 0.3000000000 3.5478443419 9.6206141968 4.9927443012 0.0000000000
9.0783733626 0.3000000000 3.5478450213 9.6203988355 4.9926608741 0.0000000000
9.0844456639 0.3000000000 3.5478456945 9.6201782088 4.9925753163 0.0000000000
9.0905179381 0.3000000000 3.5478463608 9.6199521871 4.9924875729 0.0000000000
9.0965901844 0.3000000000 3.5478470195 9.6197206408 4.9923975889 0.0000000000
9.1026624021 0.3000000000 3.5478476697 9.6194834404 4.9923053096 0.0000000000
9.1087345906 0.3000000000 3.5478483107 9.6192404561 4.9922106799 0.0000000000
9.1148067491 0.3000000000 3.5478489418 9.6189915585 4.9921136452 0.0000000000
9.1208788770 0.3000000000 3.5478495621 9.6187366178 4.9920141504 0.0000000000
9.1269509735 0.3000000000 3.5478501710 9.6184755051 4.9919121409 0.0000000000
9.1330230378 0.3000000000 3.5478507679 9.6182081325 4.9918075794 0.0000000000
9.1390950682 0.3000000000 3.5478513527 9.6179344861 4.9917004598 0.0000000000
9.1451670635 0.3000000000 3.5478519251 9.6176545593 4.9915907789 0.0000000000
9.1512390219 0.3000000000 3.5478524852 9.6173683457 4.9914785336 0.0000000000
9.1573109421 0.3000000000 3.5478530327 9.6170758387 4.9913637210 0.0000000000
9.1633828225 0.3000000000 3.5478535676 9.6167770319 4.9912463378 0.0000000000
9.1694546616 0.3000000000 3.5478540897 9.6164719188 4.9911263812 0.0000000000
9.1755264579 0.3000000000 3.5478545990 9.6161604929 4.9910038479 0.0000000000
9.1815982100 0.3000000000 3.5478550953 9.6158427477 4.9908787349 0.0000000000
9.1876699162 0.3000000000 3.5478555784 9.6155186767 4.9907510391 0.0000000000
9.1937415752 0.3000000000 3.5478560484 9.6151882734 4.9906207576 0.0000000000
9.1998131854 0.3000000000 3.5478565050 9.6148515313 4.9904878871 0.0000000000
9.2058847453 0.3000000000 3.5478569481 9.6145084439 4.9903524247 0.0000000000
9.2119562534 0.3000000000 3.5478573776 9.6141590048 4.9902143672 0.0000000000
9.2180277081 0.3000000000 3.5478577935 9.6138032074 4.9900737116 0.0000000000
9.2240991081 0.3000000000 3.5478581955 9.6134410453 4.9899304549 0.0000000000
9.2301704518 0.3000000000 3.5478585836 9.6130725119 4.9897845939 0.0000000000
9.2362417376 0.3000000000 3.5478589576 9.6126976008 4.9896361256 0.0000000000
9.2423129641 0.3000000000 3.5478593175 9.6123163055 4.9894850469 0.0000000000
9.2483841298 0.3000000000 3.5478596631 9.6119286194 4.9893313547 0.0000000000
9.2544552332 0.3000000000 3.5478599942 9.6115345362 4.9891750461 0.0000000000
9.2605262728 0.3000000000 3.5478603109 9.6111340492 4.9890161178 0.0000000000
9.2665972470 0.3000000000 3.5478606128 9.6107271520 4.9888545669 0.0000000000
9.2726681544 0.3000000000 3.5478609001 9.6103138382 4.9886903902 0.0000000000
9.2787389934 0.3000000000 3.5478611724 9.6098941011 4.9885235848 0.0000000000
9.2848097627 0.3000000000 3.5478614297 9.6094679344 4.9883541474 0.0000000000
9.2908804605 0.3000000000 3.5478616720 9.6090353316 4.9881820752 0.0000000000
9.2969510856 0.3000000000 3.5478618989 9.6085962860 4.9880073649 0.0000000000
9.3030216362 0.3000000000 3.5478621106 9.6081507914 4.9878300135 0.0000000000
9.3090921111 0.3000000000 3.5478623067 9.6076988410 4.9876500180 0.0000000000
9.3151625085 0.3000000000 3.5478624873 9.6072404286 4.9874673753 0.0000000000
9.3212328271 0.3000000000 3.5478626521 9.6067755475 4.9872820822 0.0000000000
9.3273030654 0.3000000000 3.5478628011 9.6063041913 4.9870941358 0.0000000000
9.3333732217 0.3000000000 3.5478629342 9.6058263535 4.9869035330 0.0000000000
9.3394432948 0.3000000000 3.5478630512 9.6053420276 4.9867102707 0.0000000000
9.3455132829 0.3000000000 3.5478631521 9.6048512071 4.9865143458 0.0000000000
9.3515831846 0.3000000000 3.5478632366 9.6043538856 4.9863157553 0.0000000000
9.3576529985 0.3000000000 3.5478633047 9.6038500564 4.9861144961 0.0000000000
9.3637227230 0.3000000000 3.5478633563 9.6033397132 4.9859105651 0.0000000000
9.3697923566 0.3000000000 3.5478633912 9.6028228494 4.9857039592 0.0000000000
9.3758618979 0.3000000000 3.5478634093 9.6022994585 4.9854946754 0.0000000000
9.3819313452 0.3000000000 3.5478634106 9.6017695341 4.9852827106 0.0000000000
9.3880006971 0.3000000000 3.5478633948 9.6012330697 4.9850680618 0.0000000000
9.3940699522 0.3000000000 3.5478633619 9.6006900587 4.9848507259 0.0000000000
9.4001391088 0.3000000000 3.5478633118 9.6001404947 4.9846306997 0.0000000000
9.4062081655 0.3000000000 3.5478632443 9.5995843712 4.9844079803 0.0000000000
9.4122771209 0.3000000000 3.5478631593 9.5990216817 4.9841825646 0.0000000000
9.4183459733 0.3000000000 3.5478630567 9.5984524196 4.9839544494 0.0000000000
9.4244147213 0.3000000000 3.5478629364 9.5978765786 4.9837236318 0.0000000000
9.4304833633 0.3000000000 3.5478627983 9.5972941521 4.9834901086 0.0000000000
9.4365518980 0.3000000000 3.5478626422 9.5967051336 4.9832538768 0.0000000000
9.4426203237 0.3000000000 3.5478624680 9.5961095167 4.9830149333 0.0000000000
9.4486886390 0.3000000000 3.5478622756 9.5955072948 4.9827732751 0.0000000000
9.4547568424 0.3000000000 3.5478620649 9.5948984614 4.9825288990 0.0000000000
9.4608249323 0.3000000000 3.5478618358 9.5942830101 4.9822818021 0.0000000000
9.4668929073 0.3000000000 3.5478615882 9.5936609344 4.9820319812 0.0000000000
9.4729607659 0.3000000000 3.5478613219 9.5930322277 4.9817794332 0.0000000000
9.4790285065 0.3000000000 3.5478610368 9.5923968836 4.9815241552 0.0000000000
9.4850961277 0.3000000000 3.5478607327 9.5917548956 4.9812661439 0.0000000000
9.4911636279 0.3000000000 3.5478604097 9.5911062571 4.9810053965 0.0000000000
9.4972310056 0.3000000000 3.5478600676 9.5904509618 4.9807419097 0.0000000000
9.5032982597 0.3000000000 3.5478597063 9.5897890115 4.9804756846 0.0000000000
9.5093653905 0.3000000000 3.5478593273 9.5891204681 4.9802067514 0.0000000000
9.5154323992 0.3000000000 3.5478589325 9.5884454200 4.9799351529 0.0000000000
9.5214992871 0.3000000000 3.5478585238 9.5877639557 4.9796609322 0.0000000000
9.5275660553 0.3000000000 3.5478581031 9.5870761634 4.9793841323 0.0000000000
9.5336327051 0.3000000000 3.5478576722 9.5863821316 4.9791047961 0.0000000000
9.5396992377 0.3000000000 3.5478572331 9.5856819488 4.9788229667 0.0000000000
9.5457656543 0.3000000000 3.5478567877 9.5849757033 4.9785386870 0.0000000000
9.5518319561 0.3000000000 3.5478563380 9.5842634834 4.9782519999 0.0000000000
9.5578981443 0.3000000000 3.5478558857 9.5835453778 4.9779629486 0.0000000000
9.5639642201 0.3000000000 3.5478554328 9.5828214746 4.9776715759 0.0000000000
9.5700301848 0.3000000000 3.5478549813 9.5820918624 4.9773779249 0.0000000000
9.5760960394 0.3000000000 3.5478545330 9.5813566296 4.9770820385 0.0000000000
9.5821617854 0.3000000000 3.5478540898 9.5806158645 4.9767839597 0.0000000000
9.5882274238 0.3000000000 3.5478536537 9.5798696555 4.9764837316 0.0000000000
9.5942929559 0.3000000000 3.5478532265 9.5791180911 4.9761813970 0.0000000000
9.6003583828 0.3000000000 3.5478528101 9.5783612597 4.9758769990 0.0000000000
9.6064237058 0.3000000000 3.5478524065 9.5775992497 4.9755705806 0.0000000000
9.6124889262 0.3000000000 3.5478520176 9.5768321494 4.9752621848 0.0000000000
9.6185540450 0.3000000000 3.5478516452 9.5760600474 4.9749518544 0.0000000000
9.6246190636 0.3000000000 3.5478512913 9.5752830319 4.9746396326 0.0000000000
9.6306839830 0.3000000000 3.5478509578 9.5745011915 4.9743255623 0.0000000000
9.6367488047 0.3000000000 3.5478506465 9.5737146144 4.9740096865 0.0000000000
9.6428135296 0.3000000000 3.5478503595 9.5729233892 4.9736920482 0.0000000000
9.6488781591 0.3000000000 3.5478500985 9.5721276041 4.9733726903 0.0000000000
9.6549426944 0.3000000000 3.5478498655 9.5713273477 4.9730516559 0.0000000000
9.6610071367 0.3000000000 3.5478496625 9.5705227084 4.9727289879 0.0000000000
9.6670714871 0.3000000000 3.5478494912 9.5697137745 4.9724047293 0.0000000000
9.6731357470 0.3000000000 3.5478493537 9.5689006344 4.9720789231 0.0000000000
9.6791999174 0.3000000000 3.5478492518 9.5680833765 4.9717516123 0.0000000000
9.6852639997 0.3000000000 3.5478491874 9.5672620893 4.9714228399 0.0000000000
9.6913279950 0.3000000000 3.5478491624 9.5664368612 4.9710926489 0.0000000000
9.6973919045 0.3000000000 3.5478491788 9.5656077806 4.9707610821 0.0000000000
9.7034557294 0.3000000000 3.5478492384 9.5647749358 4.9704281827 0.0000000000
9.7095194710 0.3000000000 3.5478493432 9.5639384153 4.9700939937 0.0000000000
9.7155831305 0.3000000000 3.5478494950 9.5630983074 4.9697585579 0.0000000000
9.7216467090 0.3000000000 3.5478496958 9.5622547007 4.9694219184 0.0000000000
9.7277102078 0.3000000000 3.5478499475 9.5614076835 4.9690841181 0.0000000000
9.7337736288 0.3000000000 3.5478502526 9.5605573700 4.9687452131 0.0000000000
9.7398369788 0.3000000000 3.5478506182 9.5597040575 4.9684053507 0.0000000000
9.7459002667 0.3000000000 3.5478510535 9.5588481220 4.9680647177 0.0000000000
9.7519635013 0.3000000000 3.5478515676 9.5579899394 4.9677235010 0.0000000000
9.7580266915 0.3000000000 3.5478521696 9.5571298863 4.9673818877 0.0000000000
9.7640898464 0.3000000000 3.5478528686 9.5562683386 4.9670400646 0.0000000000
9.7701529747 0.3000000000 3.5478536737 9.5554056726 4.9666982187 0.0000000000
9.7762160853 0.3000000000 3.5478545941 9.5545422646 4.9663565370 0.0000000000
9.7822791873 0.3000000000 3.5478556388 9.5536784908 4.9660152064 0.0000000000
9.7883422894 0.3000000000 3.5478568170 9.5528147274 4.9656744138 0.0000000000
9.7944054006 0.3000000000 3.5478581378 9.5519513505 4.9653343463 0.0000000000
9.8004685297 0.3000000000 3.5478596103 9.5510887365 4.9649951907 0.0000000000
9.8065316844 0.3000000000 3.5478612407 9.5502272061 4.9646570999 0.0000000000
9.8125948611 0.3000000000 3.5478630092 9.5493666024 4.9643199326 0.0000000000
9.8186580504 0.3000000000 3.5478648831 9.5485065234 4.9639833966 0.0000000000
9.8247212429 0.3000000000 3.5478668294 9.5476465652 4.9636471985 0.0000000000
9.8307844292 0.3000000000 3.5478688152 9.5467863240 4.9633110450 0.0000000000
9.8368476003 0.3000000000 3.5478708079 9.5459254110 4.9629746509 0.0000000000
9.8429107600 0.3000000000 3.5478727942 9.5450640063 4.9626380338 0.0000000000
9.8489739289 0.3000000000 3.5478747844 9.5442030174 4.9623015992 0.0000000000
9.8550371284 0.3000000000 3.5478767908 9.5433433992 4.9619657777 0.0000000000
9.8611003803 0.3000000000 3.5478788256 9.5424861067 4.9616309998 0.0000000000
9.8671637054 0.3000000000 3.5478809006 9.5416320660 4.9612976835 0.0000000000
9.8732271036 0.3000000000 3.5478830177 9.5407812647 4.9609658315 0.0000000000
9.8792905493 0.3000000000 3.5478851671 9.5399325676 4.9606349500 0.0000000000
9.8853540155 0.3000000000 3.5478873379 9.5390847734 4.9603045159 0.0000000000
9.8914174754 0.3000000000 3.5478895197 9.5382366807 4.9599740060 0.0000000000
9.8974809071 0.3000000000 3.5478917054 9.5373873250 4.9596430064 0.0000000000
9.9035443307 0.3000000000 3.5478939163 9.5365376067 4.9593119624 0.0000000000
9.9096077855 0.3000000000 3.5478961870 9.5356893105 4.9589817268 0.0000000000
9.9156713115 0.3000000000 3.5478985523 9.5348442262 4.9586531545 0.0000000000
9.9217349473 0.3000000000 3.5479010452 9.5340041024 4.9583270763 0.0000000000
9.9277986987 0.3000000000 3.5479036258 9.5331691967 4.9580034366 0.0000000000
9.9338625300 0.3000000000 3.5479061635 9.5323378930 4.9576810660 0.0000000000
9.9399264028 0.3000000000 3.5479085218 9.5315084561 4.9573587245 0.0000000000
9.9459902790 0.3000000000 3.5479105672 9.5306791633 4.9570351890 0.0000000000
9.9520541426 0.3000000000 3.5479124057 9.5298493028 4.9567105985 0.0000000000
9.9581180155 0.3000000000 3.5479145528 9.5290198928 4.9563874231 0.0000000000
9.9641819234 0.3000000000 3.5479175647 9.5281921215 4.9560683620 0.0000000000
9.9702458916 0.3000000000 3.5479219795 9.5273671576 4.9557560357 0.0000000000
9.9763099296 0.3000000000 3.5479276642 9.5265454361 4.9554500861 0.0000000000
9.9823740268 0.3000000000 3.5479336230 9.5257264490 4.9551463262 0.0000000000
9.9884381713 0.3000000000 3.5479388029 9.5249096259 4.9548403169 0.0000000000
9.9945023527 0.3000000000 3.5479422948 9.5240944644 4.9545282195 0.0000000000
10.0005665740 0.3000000000 3.5479446070 9.5232811311 4.9542121351 0.0000000000
10.0066308461 0.3000000000 3.5479470572 9.5224701745 4.9538975534 0.0000000000
10.0126951800 0.3000000000 3.5479509686 9.5216621483 4.9535899884 0.0000000000
10.0187595902 0.3000000000 3.5479568617 9.5208577587 4.9532918049 0.0000000000
10.0248240987 0.3000000000 3.5479634757 9.5200580508 4.9529983780 0.0000000000
10.0308887287 0.3000000000 3.5479693104 9.5192641151 4.9527041424 0.0000000000
10.0369534961 0.3000000000 3.5479731763 9.5184767079 4.9524046432 0.0000000000
10.0430183727 0.3000000000 3.5479758124 9.5176945120 4.9521023093 0.0000000000
10.0490833133 0.3000000000 3.5479786959 9.5169154165 4.9518022051 0.0000000000
10.0551482758 0.3000000000 3.5479832029 9.5161374548 4.9515090481 0.0000000000
10.0612132552 0.3000000000 3.5479894820 9.5153604063 4.9512233453 0.0000000000
10.0672782715 0.3000000000 3.5479968740 9.5145852003 4.9509428307 0.0000000000
10.0733433446 0.3000000000 3.5480046972 9.5138127867 4.9506651582 0.0000000000
10.0794084943 0.3000000000 3.5480121537 9.5130441183 4.9503875168 0.0000000000
10.0854737397 0.3000000000 3.5480183554 9.5122801502 4.9501067363 0.0000000000
10.0915390969 0.3000000000 3.5480225472 9.5115216827 4.9498201164 0.0000000000
10.0976045447 0.3000000000 3.5480255590 9.5107676979 4.9495305698 0.0000000000
10.1036700380 0.3000000000 3.5480292496 9.5100159981 4.9492446524 0.0000000000
10.1097355437 0.3000000000 3.5480351784 9.5092649999 4.9489679681 0.0000000000
10.1158011099 0.3000000000 3.5480428772 9.5085171780 4.9486996347 0.0000000000
10.1218668167 0.3000000000 3.5480510801 9.5077766026 4.9484362163 0.0000000000
10.1279327073 0.3000000000 3.5480588911 9.5070454736 4.9481750084 0.0000000000
10.1339987262 0.3000000000 3.5480664157 9.5063209409 4.9479152940 0.0000000000
10.1400648012 0.3000000000 3.5480739269 9.5055993125 4.9476566874 0.0000000000
10.1461308601 0.3000000000 3.5480816974 9.5048768963 4.9473988028 0.0000000000
10.1521968309 0.3000000000 3.5480900000 9.5041500000 4.9471412547 0.0000000000
10.1812531213 0.3000000000 3.5481300000 9.5007500000 4.9459412547 0.0000000000
10.1826604460 0.3000000000 3.5481320065 9.5005906551 4.9458855427 0.0000000000
10.1840677651 0.3000000000 3.5481340194 9.5004310062 4.9458297346 0.0000000000
10.1854750794 0.3000000000 3.5481360387 9.5002710899 4.9457738454 0.0000000000
10.1868823895 0.3000000000 3.5481380645 9.5001109428 4.9457178896 0.0000000000
10.1882896960 0.3000000000 3.5481400967 9.4999506013 4.9456618822 0.0000000000
10.1896969996 0.3000000000 3.5481421355 9.4997901022 4.9456058378 0.0000000000
10.1911043010 0.3000000000 3.5481441809 9.4996294819 4.9455497712 0.0000000000
10.1925116009 0.3000000000 3.5481462329 9.4994687769 4.9454936972 0.0000000000
10.1939188998 0.3000000000 3.5481482916 9.4993080239 4.9454376305 0.0000000000
10.1953261986 0.3000000000 3.5481503569 9.4991472594 4.9453815859 0.0000000000
10.1967334978 0.3000000000 3.5481524289 9.4989865198 4.9453255782 0.0000000000
10.1981407981 0.3000000000 3.5481545076 9.4988258419 4.9452696220 0.0000000000
10.1995481002 0.3000000000 3.5481565932 9.4986652621 4.9452137323 0.0000000000
10.2009554047 0.3000000000 3.5481586855 9.4985048170 4.9451579236 0.0000000000
10.2023627124 0.3000000000 3.5481607847 9.4983445432 4.9451022108 0.0000000000
10.2037700238 0.3000000000 3.5481628908 9.4981844771 4.9450466087 0.0000000000
10.2051773396 0.3000000000 3.5481650038 9.4980246554 4.9449911320 0.0000000000
10.2065846606 0.3000000000 3.5481671237 9.4978651146 4.9449357954 0.0000000000
10.2079919873 0.3000000000 3.5481692506 9.4977058913 4.9448806138 0.0000000000
10.2093993205 0.3000000000 3.5481713846 9.4975470212 4.9448256015 0.0000000000
10.2108066605 0.3000000000 3.5481735255 9.4973885307 4.9447707690 0.0000000000
10.2122140078 0.3000000000 3.5481756734 9.4972304394 4.9447161242 0.0000000000
10.2136213625 0.3000000000 3.5481778283 9.4970727673 4.9446616747 0.0000000000
10.2150287251 0.3000000000 3.5481799900 9.4969155339 4.9446074283 0.0000000000
10.2164360958 0.3000000000 3.5481821586 9.4967587590 4.9445533927 0.0000000000
10.2178434749 0.3000000000 3.5481843340 9.4966024622 4.9444995757 0.0000000000
10.2192508629 0.3000000000 3.5481865162 9.4964466633 4.9444459849 0.0000000000
10.2206582599 0.3000000000 3.5481887051 9.4962913821 4.9443926281 0.0000000000
10.2220656663 0.3000000000 3.5481909008 9.4961366370 4.9443395126 0.0000000000
10.2234730817 0.3000000000 3.5481931032 9.4959824049 4.9442866296 0.0000000000
10.2248805047 0.3000000000 3.5481953127 9.4958286101 4.9442339497 0.0000000000
10.2262879340 0.3000000000 3.5481975295 9.4956751734 4.9441814423 0.0000000000
10.2276953682 0.3000000000 3.5481997540 9.4955220155 4.9441290767 0.0000000000
10.2291028059 0.3000000000 3.5482019862 9.4953690572 4.9440768224 0.0000000000
10.2305102457 0.3000000000 3.5482042266 9.4952162193 4.9440246487 0.0000000000
10.2319176863 0.3000000000 3.5482064753 9.4950634225 4.9439725249 0.0000000000
10.2333251263 0.3000000000 3.5482087327 9.4949105878 4.9439204205 0.0000000000
10.2347325644 0.3000000000 3.5482109989 9.4947576388 4.9438683060 0.0000000000
10.2361400008 0.3000000000 3.5482132738 9.4946045915 4.9438161866 0.0000000000
10.2375474377 0.3000000000 3.5482155564 9.4944515697 4.9437641083 0.0000000000
10.2389548771 0.3000000000 3.5482178458 9.4942987032 4.9437121193 0.0000000000
10.2403623214 0.3000000000 3.5482201411 9.4941461220 4.9436602680 0.0000000000
10.2417697728 0.3000000000 3.5482224414 9.4939939558 4.9436086026 0.0000000000
10.2431772334 0.3000000000 3.5482247457 9.4938423346 4.9435571713 0.0000000000
10.2445847055 0.3000000000 3.5482270531 9.4936913882 4.9435060225 0.0000000000
10.2459921913 0.3000000000 3.5482293628 9.4935412464 4.9434552045 0.0000000000
10.2473996927 0.3000000000 3.5482316740 9.4933920196 4.9434047587 0.0000000000
10.2488072083 0.3000000000 3.5482339890 9.4932436320 4.9433546635 0.0000000000
10.2502147351 0.3000000000 3.5482363114 9.4930959049 4.9433048623 0.0000000000
10.2516222702 0.3000000000 3.5482386449 9.4929486587 4.9432552979 0.0000000000
10.2530298103 0.3000000000 3.5482409933 9.4928017137 4.9432059134 0.0000000000
10.2544373525 0.3000000000 3.5482433602 9.4926548901 4.9431566518 0.0000000000
10.2558448937 0.3000000000 3.5482457494 9.4925080084 4.9431074559 0.0000000000
10.2572524308 0.3000000000 3.5482481646 9.4923608889 4.9430582687 0.0000000000
10.2586599609 0.3000000000 3.5482506094 9.4922133525 4.9430090334 0.0000000000
10.2600674824 0.3000000000 3.5482530819 9.4920653171 4.9429597090 0.0000000000
10.2614749973 0.3000000000 3.5482555689 9.4919168887 4.9429102858 0.0000000000
10.2628825077 0.3000000000 3.5482580562 9.4917681952 4.9428607578 0.0000000000
10.2642900158 0.3000000000 3.5482605296 9.4916193646 4.9428111188 0.0000000000
10.2656975238 0.3000000000 3.5482629746 9.4914705247 4.9427613629 0.0000000000
10.2671050338 0.3000000000 3.5482653769 9.4913218036 4.9427114840 0.0000000000
10.2685125482 0.3000000000 3.5482677224 9.4911733292 4.9426614759 0.0000000000
10.2699200689 0.3000000000 3.5482699965 9.4910252293 4.9426113326 0.0000000000
10.2713275979 0.3000000000 3.5482721968 9.4908776047 4.9425610836 0.0000000000
10.2727351347 0.3000000000 3.5482743670 9.4907304462 4.9425109013 0.0000000000
10.2741426787 0.3000000000 3.5482765630 9.4905837174 4.9424609938 0.0000000000
10.2755502292 0.3000000000 3.5482788405 9.4904373817 4.9424115694 0.0000000000
10.2769577852 0.3000000000 3.5482812552 9.4902914025 4.9423628364 0.0000000000
10.2783653462 0.3000000000 3.5482838627 9.4901457433 4.9423150030 0.0000000000
10.2797729114 0.3000000000 3.5482867189 9.4900003675 4.9422682774 0.0000000000
10.2811804799 0.3000000000 3.5482898794 9.4898552385 4.9422228678 0.0000000000
10.2825880514 0.3000000000 3.5482933781 9.4897103328 4.9421789002 0.0000000000
10.2839956265 0.3000000000 3.5482971510 9.4895656854 4.9421361329 0.0000000000
10.2854032063 0.3000000000 3.5483011072 9.4894213472 4.9420942222 0.0000000000
10.2868107917 0.3000000000 3.5483051555 9.4892773693 4.9420528242 0.0000000000
10.2882183838 0.3000000000 3.5483092048 9.4891338027 4.9420115952 0.0000000000
10.2896259835 0.3000000000 3.5483131643 9.4889906986 4.9419701912 0.0000000000
10.2910335920 0.3000000000 3.5483169426 9.4888481080 4.9419282684 0.0000000000
10.2924412102 0.3000000000 3.5483204489 9.4887060818 4.9418854832 0.0000000000
10.2938488383 0.3000000000 3.5483236284 9.4885646268 4.9418416189 0.0000000000
10.2952564744 0.3000000000 3.5483265234 9.4884236302 4.9417968005 0.0000000000
10.2966641163 0.3000000000 3.5483291930 9.4882829591 4.9417512103 0.0000000000
10.2980717618 0.3000000000 3.5483316959 9.4881424808 4.9417050307 0.0000000000
10.2994794085 0.3000000000 3.5483340910 9.4880020626 4.9416584437 0.0000000000
10.3008870541 0.3000000000 3.5483364371 9.4878615717 4.9416116316 0.0000000000
10.3022946966 0.3000000000 3.5483387930 9.4877208753 4.9415647767 0.0000000000
10.3037023335 0.3000000000 3.5483412161 9.4875798471 4.9415180579 0.0000000000
10.3051099654 0.3000000000 3.5483437304 9.4874385083 4.9414715795 0.0000000000
10.3065175948 0.3000000000 3.5483463260 9.4872970291 4.9414253703 0.0000000000
10.3079252245 0.3000000000 3.5483489916 9.4871555862 4.9413794557 0.0000000000
10.3093328575 0.3000000000 3.5483517160 9.4870143563 4.9413338612 0.0000000000
10.3107404965 0.3000000000 3.5483544878 9.4868735161 4.9412886123 0.0000000000
10.3121481444 0.3000000000 3.5483572957 9.4867332423 4.9412437344 0.0000000000
10.3135558039 0.3000000000 3.5483601284 9.4865937116 4.9411992530 0.0000000000
10.3149634769 0.3000000000 3.5483629737 9.4864550323 4.9411551625 0.0000000000
10.3163711612 0.3000000000 3.5483658161 9.4863170734 4.9411113485 0.0000000000
10.3177788542 0.3000000000 3.5483686394 9.4861796517 4.9410676730 0.0000000000
10.3191865528 0.3000000000 3.5483714274 9.4860425840 4.9410239977 0.0000000000
10.3205942544 0.3000000000 3.5483741638 9.4859056871 4.9409801848 0.0000000000
10.3220019560 0.3000000000 3.5483768326 9.4857687778 4.9409360960 0.0000000000
10.3234096547 0.3000000000 3.5483794174 9.4856316729 4.9408915934 0.0000000000
10.3248173483 0.3000000000 3.5483819094 9.4854942183 4.9408465795 0.0000000000
10.3262250379 0.3000000000 3.5483843588 9.4853564977 4.9408012889 0.0000000000
10.3276327262 0.3000000000 3.5483868449 9.4852187104 4.9407561183 0.0000000000
10.3290404163 0.3000000000 3.5483894470 9.4850810568 4.9407114656 0.0000000000
10.3304481110 0.3000000000 3.5483922447 9.4849437373 4.9406677285 0.0000000000
10.3318558132 0.3000000000 3.5483953173 9.4848069522 4.9406253049 0.0000000000
10.3332635258 0.3000000000 3.5483987443 9.4846709017 4.9405845925 0.0000000000
10.3346712514 0.3000000000 3.5484025948 9.4845357685 4.9405459413 0.0000000000
10.3360789898 0.3000000000 3.5484068171 9.4844015266 4.9405091338 0.0000000000
10.3374867388 0.3000000000 3.5484112803 9.4842680126 4.9404735811 0.0000000000
10.3388944961 0.3000000000 3.5484158521 9.4841350613 4.9404386875 0.0000000000
10.3403022597 0.3000000000 3.5484204001 9.4840025071 4.9404038578 0.0000000000
10.3417100271 0.3000000000 3.5484247919 9.4838701847 4.9403684963 0.0000000000
10.3431177963 0.3000000000 3.5484288954 9.4837379285 4.9403320076 0.0000000000
10.3445255652 0.3000000000 3.5484325917 9.4836055860 4.9402938557 0.0000000000
10.3459333333 0.3000000000 3.5484358962 9.4834731307 4.9402540918 0.0000000000
10.3473411011 0.3000000000 3.5484389008 9.4833406080 4.9402131010 0.0000000000
10.3487488691 0.3000000000 3.5484416980 9.4832080641 4.9401712723 0.0000000000
10.3501566377 0.3000000000 3.5484443805 9.4830755454 4.9401289947 0.0000000000
10.3515644075 0.3000000000 3.5484470408 9.4829430979 4.9400866572 0.0000000000
10.3529721789 0.3000000000 3.5484497717 9.4828107680 4.9400446488 0.0000000000
10.3543799523 0.3000000000 3.5484526473 9.4826785971 4.9400032827 0.0000000000
10.3557877281 0.3000000000 3.5484556475 9.4825466027 4.9399624856 0.0000000000
10.3571955065 0.3000000000 3.5484587220 9.4824147944 4.9399220606 0.0000000000
10.3586032877 0.3000000000 3.5484618208 9.4822831819 4.9398818107 0.0000000000
10.3600110721 0.3000000000 3.5484648936 9.4821517749 4.9398415392 0.0000000000
10.3614188599 0.3000000000 3.5484678903 9.4820205831 4.9398010492 0.0000000000
10.3628266514 0.3000000000 3.5484707612 9.4818896159 4.9397601459 0.0000000000
10.3642344463 0.3000000000 3.5484735088 9.4817588587 4.9397188334 0.0000000000
10.3656422435 0.3000000000 3.5484762315 9.4816282523 4.9396774816 0.0000000000
10.3670500417 0.3000000000 3.5484790379 9.4814977328 4.9396364996 0.0000000000
10.3684578399 0.3000000000 3.5484820368 9.4813672365 4.9395962966 0.0000000000
10.3698656367 0.3000000000 3.5484853368 9.4812366993 4.9395572817 0.0000000000
10.3712734310 0.3000000000 3.5484890466 9.4811060575 4.9395198640 0.0000000000
10.3726812219 0.3000000000 3.5484932547 9.4809752727 4.9394843825 0.0000000000
10.3740890122 0.3000000000 3.5484978820 9.4808445187 4.9394505904 0.0000000000
10.3754968063 0.3000000000 3.5485027662 9.4807140752 4.9394179494 0.0000000000
10.3769046087 0.3000000000 3.5485077439 9.4805842225 4.9393859193 0.0000000000
10.3783124238 0.3000000000 3.5485126521 9.4804552409 4.9393539597 0.0000000000
10.3797202562 0.3000000000 3.5485173278 9.4803274110 4.9393215302 0.0000000000
10.3811281102 0.3000000000 3.5485216100 9.4802010058 4.9392880971 0.0000000000
10.3825359856 0.3000000000 3.5485254371 9.4800760033 4.9392534042 0.0000000000
10.3839438762 0.3000000000 3.5485288792 9.4799519860 4.9392175659 0.0000000000
10.3853517755 0.3000000000 3.5485320160 9.4798285093 4.9391807225 0.0000000000
10.3867596769 0.3000000000 3.5485349271 9.4797051282 4.9391430144 0.0000000000
10.3881675738 0.3000000000 3.5485376920 9.4795813980 4.9391045819 0.0000000000
10.3895754595 0.3000000000 3.5485403903 9.4794568742 4.9390655654 0.0000000000
10.3909833301 0.3000000000 3.5485431045 9.4793312967 4.9390261915 0.0000000000
10.3923911886 0.3000000000 3.5485459253 9.4792048860 4.9389869104 0.0000000000
10.3937990388 0.3000000000 3.5485489444 9.4790779401 4.9389482085 0.0000000000
10.3952068848 0.3000000000 3.5485522536 9.4789507569 4.9389105720 0.0000000000
10.3966147306 0.3000000000 3.5485559447 9.4788236343 4.9388744873 0.0000000000
10.3980225801 0.3000000000 3.5485601095 9.4786968702 4.9388404408 0.0000000000
10.3994304365 0.3000000000 3.5485647901 9.4785706966 4.9388086939 0.0000000000
10.4008383001 0.3000000000 3.5485698446 9.4784450999 4.9387786732 0.0000000000
10.4022461704 0.3000000000 3.5485750882 9.4783200100 4.9387496114 0.0000000000
10.4036540469 0.3000000000 3.5485803360 9.4781953563 4.9387207413 0.0000000000
10.4050619290 0.3000000000 3.5485854033 9.4780710685 4.9386912955 0.0000000000
10.4064698165 0.3000000000 3.5485901054 9.4779470763 4.9386605067 0.0000000000
10.4078777087 0.3000000000 3.5485943068 9.4778233233 4.9386278114 0.0000000000
10.4092856056 0.3000000000 3.5485980571 9.4776998045 4.9385934049 0.0000000000
10.4106935069 0.3000000000 3.5486014484 9.4775765274 4.9385576593 0.0000000000
10.4121014125 0.3000000000 3.5486045731 9.4774534992 4.9385209468 0.0000000000
10.4135093223 0.3000000000 3.5486075235 9.4773307271 4.9384836394 0.0000000000
10.4149172360 0.3000000000 3.5486103918 9.4772082185 4.9384461094 0.0000000000
10.4163251537 0.3000000000 3.5486132748 9.4770859984 4.9384087533 0.0000000000
10.4177330761 0.3000000000 3.5486162805 9.4769641389 4.9383720324 0.0000000000
10.4191410039 0.3000000000 3.5486195190 9.4768427199 4.9383364187 0.0000000000
10.4205489377 0.3000000000 3.5486231002 9.4767218215 4.9383023843 0.0000000000
10.4219568784 0.3000000000 3.5486271343 9.4766015235 4.9382704013 0.0000000000
10.4233648265 0.3000000000 3.5486317286 9.4764819028 4.9382409301 0.0000000000
10.4247727812 0.3000000000 3.5486368619 9.4763628891 4.9382138578 0.0000000000
10.4261807393 0.3000000000 3.5486423278 9.4762441995 4.9381882456 0.0000000000
10.4275886973 0.3000000000 3.5486479056 9.4761255346 4.9381630908 0.0000000000
10.4289966519 0.3000000000 3.5486533744 9.4760065951 4.9381373903 0.0000000000
10.4304045997 0.3000000000 3.5486585135 9.4758870817 4.9381101414 0.0000000000
10.4318125378 0.3000000000 3.5486631205 9.4757667290 4.9380804285 0.0000000000
10.4332204673 0.3000000000 3.5486671900 9.4756456325 4.9380482679 0.0000000000
10.4346283923 0.3000000000 3.5486708354 9.4755241058 4.9380142388 0.0000000000
10.4360363168 0.3000000000 3.5486741718 9.4754024655 4.9379789282 0.0000000000
10.4374442447 0.3000000000 3.5486773143 9.4752810283 4.9379429231 0.0000000000
10.4388521800 0.3000000000 3.5486803778 9.4751601107 4.9379068104 0.0000000000
10.4402601254 0.3000000000 3.5486834760 9.4750399367 4.9378711333 0.0000000000
10.4416680801 0.3000000000 3.5486867174 9.4749204737 4.9378363137 0.0000000000
10.4430760425 0.3000000000 3.5486902100 9.4748016445 4.9378027525 0.0000000000
10.4444840113 0.3000000000 3.5486940617 9.4746833723 4.9377708505 0.0000000000
10.4458919851 0.3000000000 3.5486983805 9.4745655802 4.9377410088 0.0000000000
10.4472999624 0.3000000000 3.5487032609 9.4744481960 4.9377135766 0.0000000000
10.4487079434 0.3000000000 3.5487086352 9.4743312051 4.9376882775 0.0000000000
10.4501159287 0.3000000000 3.5487143277 9.4742146313 4.9376644182 0.0000000000
10.4515239195 0.3000000000 3.5487201608 9.4740984991 4.9376412975 0.0000000000
10.4529319165 0.3000000000 3.5487259567 9.4739828332 4.9376182146 0.0000000000
10.4543399206 0.3000000000 3.5487315376 9.4738676579 4.9375944685 0.0000000000
10.4557479327 0.3000000000 3.5487367261 9.4737529978 4.9375693581 0.0000000000
10.4571559538 0.3000000000 3.5487413442 9.4736388774 4.9375421825 0.0000000000
10.4585639847 0.3000000000 3.5487452144 9.4735253214 4.9375122407 0.0000000000
10.4599720263 0.3000000000 3.5487481589 9.4734123540 4.9374788318 0.0000000000
10.4613800795 0.3000000000 3.5487500000 9.4733000000 4.9374412547 0.0000000000
