# logAge Mass logTe Mbol logg C/O
4.1860800861 0.8000000000 3.7057600000 0.4701000000 2.3901699870 0.0000000000
4.1941390225 0.8000000000 3.7057497458 0.4698150644 2.3900149960 0.0000000000
4.2021979945 0.8000000000 3.7057393310 0.4695198836 2.3898552643 0.0000000000
4.2102570018 0.8000000000 3.7057287653 0.4692148555 2.3896909905 0.0000000000
4.2183160443 0.8000000000 3.7057180588 0.4689003779 2.3895223732 0.0000000000
4.2263751217 0.8000000000 3.7057072211 0.4685768488 2.3893496111 0.0000000000
4.2344342339 0.8000000000 3.7056962623 0.4682446659 2.3891729027 0.0000000000
4.2424933807 0.8000000000 3.7056851922 0.4679042272 2.3889924467 0.0000000000
4.2505525619 0.8000000000 3.7056740206 0.4675559305 2.3888084417 0.0000000000
4.2586117772 0.8000000000 3.7056627575 0.4672001736 2.3886210864 0.0000000000
4.2666710266 0.8000000000 3.7056514126 0.4668373545 2.3884305793 0.0000000000
4.2747303097 0.8000000000 3.7056399959 0.4664678710 2.3882371190 0.0000000000
4.2827896265 0.8000000000 3.7056285172 0.4660921209 2.3880409043 0.0000000000
4.2908489767 0.8000000000 3.7056169865 0.4657105021 2.3878421337 0.0000000000
4.2989083601 0.8000000000 3.7056054135 0.4653234126 2.3876410059 0.0000000000
4.3069677766 0.8000000000 3.7055938081 0.4649312500 2.3874377194 0.0000000000
4.3150272259 0.8000000000 3.7055821803 0.4645344124 2.3872324730 0.0000000000
4.3230867079 0.8000000000 3.7055705398 0.4641332976 2.3870254651 0.0000000000
4.3311462223 0.8000000000 3.7055588965 0.4637283033 2.3868168945 0.0000000000
4.3392057690 0.8000000000 3.7055472604 0.4633198276 2.3866069597 0.0000000000
4.3472653478 0.8000000000 3.7055356413 0.4629082682 2.3863958594 0.0000000000
4.3553249585 0.8000000000 3.7055240490 0.4624940231 2.3861837922 0.0000000000
4.3633846009 0.8000000000 3.7055124934 0.4620774901 2.3859709567 0.0000000000
4.3714442747 0.8000000000 3.7055009845 0.4616590670 2.3857575516 0.0000000000
4.3795039799 0.8000000000 3.7054895320 0.4612391517 2.3855437755 0.0000000000
4.3875637163 0.8000000000 3.7054781458 0.4608181420 2.3853298270 0.0000000000
4.3956234835 0.8000000000 3.7054668358 0.4603964360 2.3851159046 0.0000000000
4.4036832815 0.8000000000 3.7054556119 0.4599744313 2.3849022071 0.0000000000
4.4117431100 0.8000000000 3.7054444839 0.4595525259 2.3846889331 0.0000000000
4.4198029689 0.8000000000 3.7054334618 0.4591311176 2.3844762812 0.0000000000
4.4278628579 0.8000000000 3.7054225553 0.4587106043 2.3842644499 0.0000000000
4.4359227770 0.8000000000 3.7054117744 0.4582913839 2.3840536380 0.0000000000
4.4439827258 0.8000000000 3.7054011289 0.4578738542 2.3838440441 0.0000000000
4.4520427041 0.8000000000 3.7053906286 0.4574584130 2.3836358667 0.0000000000
4.4601027119 0.8000000000 3.7053802835 0.4570454583 2.3834293045 0.0000000000
4.4681627489 0.8000000000 3.7053701035 0.4566353879 2.3832245561 0.0000000000
4.4762228149 0.8000000000 3.7053600983 0.4562285997 2.3830218202 0.0000000000
4.4842829097 0.8000000000 3.7053502779 0.4558254915 2.3828212953 0.0000000000
4.4923430331 0.8000000000 3.7053406522 0.4554264612 2.3826231802 0.0000000000
4.5004031850 0.8000000000 3.7053312309 0.4550319067 2.3824276733 0.0000000000
4.5084633651 0.8000000000 3.7053220240 0.4546422258 2.3822349734 0.0000000000
4.5165235733 0.8000000000 3.7053130414 0.4542578163 2.3820452790 0.0000000000
4.5245838093 0.8000000000 3.7053042928 0.4538790763 2.3818587888 0.0000000000
4.5326440730 0.8000000000 3.7052957883 0.4535064034 2.3816757014 0.0000000000
4.5407043642 0.8000000000 3.7052875375 0.4531401956 2.3814962154 0.0000000000
4.5487646826 0.8000000000 3.7052795505 0.4527808507 2.3813205295 0.0000000000
4.5568250282 0.8000000000 3.7052718371 0.4524287667 2.3811488422 0.0000000000
4.5648854006 0.8000000000 3.7052644072 0.4520843413 2.3809813522 0.0000000000
4.5729457998 0.8000000000 3.7052572705 0.4517479724 2.3808182582 0.0000000000
4.5810062255 0.8000000000 3.7052504371 0.4514200579 2.3806597586 0.0000000000
4.5890666775 0.8000000000 3.7052439167 0.4511009957 2.3805060522 0.0000000000
4.5971271556 0.8000000000 3.7052377193 0.4507911836 2.3803573376 0.0000000000
4.6051876597 0.8000000000 3.7052318547 0.4504910195 2.3802138135 0.0000000000
4.6132481895 0.8000000000 3.7052263327 0.4502009012 2.3800756783 0.0000000000
4.6213087449 0.8000000000 3.7052211633 0.4499212266 2.3799431308 0.0000000000
4.6293693256 0.8000000000 3.7052163563 0.4496523936 2.3798163695 0.0000000000
4.6374299315 0.8000000000 3.7052119215 0.4493948000 2.3796955932 0.0000000000
4.6454905624 0.8000000000 3.7052078690 0.4491488437 2.3795810003 0.0000000000
4.6535512181 0.8000000000 3.7052042084 0.4489149226 2.3794727896 0.0000000000
4.6616118984 0.8000000000 3.7052009497 0.4486934344 2.3793711597 0.0000000000
4.6696726031 0.8000000000 3.7051981028 0.4484847772 2.3792763091 0.0000000000
4.6777333320 0.8000000000 3.7051956775 0.4482893487 2.3791884365 0.0000000000
4.6857940849 0.8000000000 3.7051936837 0.4481075469 2.3791077406 0.0000000000
4.6938548617 0.8000000000 3.7051921313 0.4479397695 2.3790344199 0.0000000000
4.7019156621 0.8000000000 3.7051910301 0.4477864144 2.3789686731 0.0000000000
4.7099764859 0.8000000000 3.7051903900 0.4476478795 2.3789106988 0.0000000000
4.7180373330 0.8000000000 3.7051902209 0.4475245627 2.3788606956 0.0000000000
4.7260982032 0.8000000000 3.7051905326 0.4474168618 2.3788188621 0.0000000000
4.7341590962 0.8000000000 3.7051913350 0.4473251747 2.3787853970 0.0000000000
4.7422200119 0.8000000000 3.7051926381 0.4472498993 2.3787604989 0.0000000000
4.7502809501 0.8000000000 3.7051944515 0.4471914334 2.3787443664 0.0000000000
4.7583419106 0.8000000000 3.7051967853 0.4471501748 2.3787371981 0.0000000000
4.7664028932 0.8000000000 3.7051996493 0.4471265215 2.3787391927 0.0000000000
4.7744638972 0.8000000000 3.7052030505 0.4471207756 2.3787504994 0.0000000000
4.7825249193 0.8000000000 3.7052069806 0.4471327042 2.3787709913 0.0000000000
4.7905859551 0.8000000000 3.7052114258 0.4471618885 2.3788004455 0.0000000000
4.7986470003 0.8000000000 3.7052163721 0.4472079095 2.3788386392 0.0000000000
4.8067080507 0.8000000000 3.7052218058 0.4472703482 2.3788853494 0.0000000000
4.8147691018 0.8000000000 3.7052277130 0.4473487855 2.3789403531 0.0000000000
4.8228301493 0.8000000000 3.7052340799 0.4474428025 2.3790034275 0.0000000000
4.8308911891 0.8000000000 3.7052408926 0.4475519802 2.3790743496 0.0000000000
4.8389522166 0.8000000000 3.7052481374 0.4476758995 2.3791528964 0.0000000000
4.8470132277 0.8000000000 3.7052558004 0.4478141415 2.3792388451 0.0000000000
4.8550742179 0.8000000000 3.7052638677 0.4479662872 2.3793319727 0.0000000000
4.8631351831 0.8000000000 3.7052723256 0.4481319175 2.3794320563 0.0000000000
4.8711961188 0.8000000000 3.7052811601 0.4483106134 2.3795388729 0.0000000000
4.8792570207 0.8000000000 3.7052903576 0.4485019560 2.3796521997 0.0000000000
4.8873178846 0.8000000000 3.7052999040 0.4487055262 2.3797718136 0.0000000000
4.8953787061 0.8000000000 3.7053097857 0.4489209051 2.3798974918 0.0000000000
4.9034394808 0.8000000000 3.7053199887 0.4491476735 2.3800290113 0.0000000000
4.9115002046 0.8000000000 3.7053304993 0.4493854126 2.3801661492 0.0000000000
4.9195608730 0.8000000000 3.7053413035 0.4496337033 2.3803086825 0.0000000000
4.9276214817 0.8000000000 3.7053523877 0.4498921266 2.3804563884 0.0000000000
4.9356820265 0.8000000000 3.7053637379 0.4501602635 2.3806090438 0.0000000000
4.9437425029 0.8000000000 3.7053753402 0.4504376951 2.3807664259 0.0000000000
4.9518029071 0.8000000000 3.7053871806 0.4507239918 2.3809283062 0.0000000000
4.9598632407 0.8000000000 3.7053992396 0.4510185708 2.3810943738 0.0000000000
4.9679235092 0.8000000000 3.7054114938 0.4513207327 2.3812642554 0.0000000000
4.9759837187 0.8000000000 3.7054239197 0.4516297748 2.3814375759 0.0000000000
4.9840438749 0.8000000000 3.7054364939 0.4519449947 2.3816139603 0.0000000000
4.9921039836 0.8000000000 3.7054491927 0.4522656898 2.3817930336 0.0000000000
5.0001640508 0.8000000000 3.7054619927 0.4525911575 2.3819744210 0.0000000000
5.0082240822 0.8000000000 3.7054748705 0.4529206954 2.3821577472 0.0000000000
5.0162840837 0.8000000000 3.7054878025 0.4532536009 2.3823426374 0.0000000000
5.0243440611 0.8000000000 3.7055007652 0.4535891716 2.3825287166 0.0000000000
5.0324040203 0.8000000000 3.7055137352 0.4539267048 2.3827156097 0.0000000000
5.0404639671 0.8000000000 3.7055266889 0.4542654980 2.3829029418 0.0000000000
5.0485239074 0.8000000000 3.7055396028 0.4546048488 2.3830903378 0.0000000000
5.0565838469 0.8000000000 3.7055524535 0.4549440546 2.3832774228 0.0000000000
5.0646437916 0.8000000000 3.7055652174 0.4552824128 2.3834638218 0.0000000000
5.0727037472 0.8000000000 3.7055778711 0.4556192210 2.3836491597 0.0000000000
5.0807637196 0.8000000000 3.7055903910 0.4559537766 2.3838330616 0.0000000000
5.0888237147 0.8000000000 3.7056027537 0.4562853772 2.3840151525 0.0000000000
5.0968837383 0.8000000000 3.7056149356 0.4566133200 2.3841950574 0.0000000000
5.1049437960 0.8000000000 3.7056269139 0.4569369209 2.3843724110 0.0000000000
5.1130038902 0.8000000000 3.7056386761 0.4572557897 2.3845470071 0.0000000000
5.1210640206 0.8000000000 3.7056502178 0.4575697757 2.3847187685 0.0000000000
5.1291241870 0.8000000000 3.7056615352 0.4578787353 2.3848876217 0.0000000000
5.1371843889 0.8000000000 3.7056726242 0.4581825245 2.3850534934 0.0000000000
5.1452446260 0.8000000000 3.7056834808 0.4584809997 2.3852163102 0.0000000000
5.1533048979 0.8000000000 3.7056941012 0.4587740170 2.3853759986 0.0000000000
5.1613652043 0.8000000000 3.7057044813 0.4590614327 2.3855324852 0.0000000000
5.1694255449 0.8000000000 3.7057146171 0.4593431030 2.3856856966 0.0000000000
5.1774859194 0.8000000000 3.7057245047 0.4596188841 2.3858355593 0.0000000000
5.1855463273 0.8000000000 3.7057341400 0.4598886323 2.3859820001 0.0000000000
5.1936067683 0.8000000000 3.7057435192 0.4601522037 2.3861249454 0.0000000000
5.2016672421 0.8000000000 3.7057526382 0.4604094546 2.3862643218 0.0000000000
5.2097277483 0.8000000000 3.7057614931 0.4606602413 2.3864000559 0.0000000000
5.2177882866 0.8000000000 3.7057700799 0.4609044198 2.3865320743 0.0000000000
5.2258488566 0.8000000000 3.7057783945 0.4611418465 2.3866603036 0.0000000000
5.2339094580 0.8000000000 3.7057864331 0.4613723776 2.3867846704 0.0000000000
5.2419700905 0.8000000000 3.7057941918 0.4615958757 2.3869051046 0.0000000000
5.2500307532 0.8000000000 3.7058016711 0.4618123225 2.3870216004 0.0000000000
5.2580914450 0.8000000000 3.7058088748 0.4620218062 2.3871342089 0.0000000000
5.2661521647 0.8000000000 3.7058158072 0.4622244185 2.3872429831 0.0000000000
5.2742129113 0.8000000000 3.7058224722 0.4624202510 2.3873479762 0.0000000000
5.2822736834 0.8000000000 3.7058288740 0.4626093956 2.3874492414 0.0000000000
5.2903344801 0.8000000000 3.7058350168 0.4627919439 2.3875468316 0.0000000000
5.2983953000 0.8000000000 3.7058409045 0.4629679877 2.3876408001 0.0000000000
5.3064561422 0.8000000000 3.7058465414 0.4631376187 2.3877311999 0.0000000000
5.3145170053 0.8000000000 3.7058519314 0.4633009286 2.3878180842 0.0000000000
5.3225778883 0.8000000000 3.7058570788 0.4634580092 2.3879015060 0.0000000000
5.3306387900 0.8000000000 3.7058619877 0.4636089521 2.3879815185 0.0000000000
5.3386997092 0.8000000000 3.7058666620 0.4637538491 2.3880581747 0.0000000000
5.3467606448 0.8000000000 3.7058711060 0.4638927919 2.3881315279 0.0000000000
5.3548215957 0.8000000000 3.7058753238 0.4640258723 2.3882016311 0.0000000000
5.3628825606 0.8000000000 3.7058793194 0.4641531819 2.3882685373 0.0000000000
5.3709435384 0.8000000000 3.7058830978 0.4642748200 2.3883323060 0.0000000000
5.3790045285 0.8000000000 3.7058866692 0.4643909364 2.3883930385 0.0000000000
5.3870655301 0.8000000000 3.7058900465 0.4645017025 2.3884508539 0.0000000000
5.3951265425 0.8000000000 3.7058932422 0.4646072895 2.3885058715 0.0000000000
5.4031875652 0.8000000000 3.7058962689 0.4647078688 2.3885582103 0.0000000000
5.4112485974 0.8000000000 3.7058991395 0.4648036117 2.3886079896 0.0000000000
5.4193096386 0.8000000000 3.7059018664 0.4648946896 2.3886553285 0.0000000000
5.4273706880 0.8000000000 3.7059044624 0.4649812736 2.3887003462 0.0000000000
5.4354317450 0.8000000000 3.7059069402 0.4650635353 2.3887431618 0.0000000000
5.4434928090 0.8000000000 3.7059093123 0.4651416458 2.3887838946 0.0000000000
5.4515538792 0.8000000000 3.7059115915 0.4652157765 2.3888226637 0.0000000000
5.4596149552 0.8000000000 3.7059137904 0.4652860988 2.3888595883 0.0000000000
5.4676760361 0.8000000000 3.7059159217 0.4653527840 2.3888947875 0.0000000000
5.4757371214 0.8000000000 3.7059179981 0.4654160033 2.3889283805 0.0000000000
5.4837982103 0.8000000000 3.7059200321 0.4654759281 2.3889604866 0.0000000000
5.4918593024 0.8000000000 3.7059220322 0.4655327042 2.3889911974 0.0000000000
5.4999203974 0.8000000000 3.7059239905 0.4655863797 2.3890205009 0.0000000000
5.5079814952 0.8000000000 3.7059258952 0.4656369796 2.3890483597 0.0000000000
5.5160425955 0.8000000000 3.7059277346 0.4656845288 2.3890747367 0.0000000000
5.5241036983 0.8000000000 3.7059294968 0.4657290523 2.3890995950 0.0000000000
5.5321648035 0.8000000000 3.7059311701 0.4657705749 2.3891228972 0.0000000000
5.5402259108 0.8000000000 3.7059327426 0.4658091217 2.3891446062 0.0000000000
5.5482870202 0.8000000000 3.7059342028 0.4658447176 2.3891646850 0.0000000000
5.5563481314 0.8000000000 3.7059355386 0.4658773874 2.3891830964 0.0000000000
5.5644092443 0.8000000000 3.7059367384 0.4659071563 2.3891998032 0.0000000000
5.5724703589 0.8000000000 3.7059377905 0.4659340490 2.3892147684 0.0000000000
5.5805314749 0.8000000000 3.7059386829 0.4659580905 2.3892279547 0.0000000000
5.5885925922 0.8000000000 3.7059394039 0.4659793058 2.3892393251 0.0000000000
5.5966537107 0.8000000000 3.7059399419 0.4659977198 2.3892488424 0.0000000000
5.6047148301 0.8000000000 3.7059402868 0.4660133564 2.3892564768 0.0000000000
5.6127759504 0.8000000000 3.7059404407 0.4660262331 2.3892622429 0.0000000000
5.6208370714 0.8000000000 3.7059404097 0.4660363653 2.3892661719 0.0000000000
5.6288981930 0.8000000000 3.7059402002 0.4660437681 2.3892682950 0.0000000000
5.6369593149 0.8000000000 3.7059398184 0.4660484568 2.3892686433 0.0000000000
5.6450204370 0.8000000000 3.7059392706 0.4660504465 2.3892672481 0.0000000000
5.6530815592 0.8000000000 3.7059385631 0.4660497525 2.3892641404 0.0000000000
5.6611426814 0.8000000000 3.7059377021 0.4660463900 2.3892593515 0.0000000000
5.6692038032 0.8000000000 3.7059366940 0.4660403743 2.3892529126 0.0000000000
5.6772649247 0.8000000000 3.7059355449 0.4660317205 2.3892448548 0.0000000000
5.6853260456 0.8000000000 3.7059342612 0.4660204439 2.3892352093 0.0000000000
5.6933871658 0.8000000000 3.7059328491 0.4660065598 2.3892240073 0.0000000000
5.7014482852 0.8000000000 3.7059313149 0.4659900832 2.3892112800 0.0000000000
5.7095094035 0.8000000000 3.7059296649 0.4659710296 2.3891970585 0.0000000000
5.7175705206 0.8000000000 3.7059279052 0.4659494211 2.3891813762 0.0000000000
5.7256316365 0.8000000000 3.7059260414 0.4659252957 2.3891642708 0.0000000000
5.7336927511 0.8000000000 3.7059240792 0.4658986936 2.3891457811 0.0000000000
5.7417538642 0.8000000000 3.7059220241 0.4658696548 2.3891259454 0.0000000000
5.7498149760 0.8000000000 3.7059198819 0.4658382196 2.3891048022 0.0000000000
5.7578760861 0.8000000000 3.7059176580 0.4658044279 2.3890823903 0.0000000000
5.7659371947 0.8000000000 3.7059153582 0.4657683201 2.3890587480 0.0000000000
5.7739983015 0.8000000000 3.7059129881 0.4657299361 2.3890339139 0.0000000000
5.7820594066 0.8000000000 3.7059105533 0.4656893161 2.3890079265 0.0000000000
5.7901205098 0.8000000000 3.7059080593 0.4656465003 2.3889808243 0.0000000000
5.7981816112 0.8000000000 3.7059055119 0.4656015287 2.3889526460 0.0000000000
5.8062427105 0.8000000000 3.7059029166 0.4655544414 2.3889234299 0.0000000000
5.8143038078 0.8000000000 3.7059002791 0.4655052787 2.3888932147 0.0000000000
5.8223649029 0.8000000000 3.7058976035 0.4654540771 2.3888620318 0.0000000000
5.8304259958 0.8000000000 3.7058948863 0.4654008535 2.3888298737 0.0000000000
5.8384870865 0.8000000000 3.7058921213 0.4653456181 2.3887967196 0.0000000000
5.8465481750 0.8000000000 3.7058893024 0.4652883813 2.3887625489 0.0000000000
5.8546092610 0.8000000000 3.7058864231 0.4652291533 2.3887273408 0.0000000000
5.8626703447 0.8000000000 3.7058834774 0.4651679444 2.3886910745 0.0000000000
5.8707314260 0.8000000000 3.7058804591 0.4651047647 2.3886537293 0.0000000000
5.8787925048 0.8000000000 3.7058773619 0.4650396246 2.3886152844 0.0000000000
5.8868535811 0.8000000000 3.7058741796 0.4649725344 2.3885757190 0.0000000000
5.8949146548 0.8000000000 3.7058709060 0.4649035042 2.3885350125 0.0000000000
5.9029757258 0.8000000000 3.7058675348 0.4648325443 2.3884931440 0.0000000000
5.9110367942 0.8000000000 3.7058640599 0.4647596651 2.3884500928 0.0000000000
5.9190978599 0.8000000000 3.7058604751 0.4646848767 2.3884058382 0.0000000000
5.9271589229 0.8000000000 3.7058567753 0.4646081794 2.3883603601 0.0000000000
5.9352199828 0.8000000000 3.7058529626 0.4645295146 2.3883136431 0.0000000000
5.9432810394 0.8000000000 3.7058490415 0.4644488019 2.3882656735 0.0000000000
5.9513420924 0.8000000000 3.7058450166 0.4643659607 2.3882164376 0.0000000000
5.9594031417 0.8000000000 3.7058408926 0.4642809106 2.3881659215 0.0000000000
5.9674641868 0.8000000000 3.7058366740 0.4641935712 2.3881141115 0.0000000000
5.9755252275 0.8000000000 3.7058323655 0.4641038621 2.3880609938 0.0000000000
5.9835862636 0.8000000000 3.7058279717 0.4640117027 2.3880065548 0.0000000000
5.9916472947 0.8000000000 3.7058234971 0.4639170127 2.3879507806 0.0000000000
5.9997083206 0.8000000000 3.7058189465 0.4638197116 2.3878936575 0.0000000000
6.0077693410 0.8000000000 3.7058143243 0.4637197189 2.3878351717 0.0000000000
6.0158303556 0.8000000000 3.7058096352 0.4636169543 2.3877753095 0.0000000000
6.0238913643 0.8000000000 3.7058048830 0.4635113766 2.3877140697 0.0000000000
6.0319523672 0.8000000000 3.7058000690 0.4634030699 2.3876514911 0.0000000000
6.0400133644 0.8000000000 3.7057951940 0.4632921428 2.3875876203 0.0000000000
6.0480743561 0.8000000000 3.7057902588 0.4631787040 2.3875225040 0.0000000000
6.0561353426 0.8000000000 3.7057852642 0.4630628624 2.3874561889 0.0000000000
6.0641963239 0.8000000000 3.7057802110 0.4629447266 2.3873887216 0.0000000000
6.0722573003 0.8000000000 3.7057750999 0.4628244053 2.3873201489 0.0000000000
6.0803182719 0.8000000000 3.7057699318 0.4627020073 2.3872505173 0.0000000000
6.0883792389 0.8000000000 3.7057647075 0.4625776413 2.3871798736 0.0000000000
6.0964402016 0.8000000000 3.7057594277 0.4624514161 2.3871082644 0.0000000000
6.1045011600 0.8000000000 3.7057540933 0.4623234403 2.3870357364 0.0000000000
6.1125621143 0.8000000000 3.7057487050 0.4621938221 2.3869623360 0.0000000000
6.1206230646 0.8000000000 3.7057432611 0.4620625853 2.3868880655 0.0000000000
6.1286840101 0.8000000000 3.7057377546 0.4619295850 2.3868128394 0.0000000000
6.1367449504 0.8000000000 3.7057321780 0.4617946566 2.3867365617 0.0000000000
6.1448058847 0.8000000000 3.7057265238 0.4616576351 2.3866591364 0.0000000000
6.1528668124 0.8000000000 3.7057207846 0.4615183558 2.3865804676 0.0000000000
6.1609277331 0.8000000000 3.7057149527 0.4613766539 2.3865004593 0.0000000000
6.1689886459 0.8000000000 3.7057090207 0.4612323644 2.3864190155 0.0000000000
6.1770495503 0.8000000000 3.7057029811 0.4610853226 2.3863360403 0.0000000000
6.1851104456 0.8000000000 3.7056968263 0.4609353638 2.3862514376 0.0000000000
6.1931713313 0.8000000000 3.7056905488 0.4607823230 2.3861651114 0.0000000000
6.2012322068 0.8000000000 3.7056841412 0.4606260354 2.3860769658 0.0000000000
6.2092930713 0.8000000000 3.7056775961 0.4604663398 2.3859869074 0.0000000000
6.2173539250 0.8000000000 3.7056709195 0.4603032454 2.3858949632 0.0000000000
6.2254147684 0.8000000000 3.7056641359 0.4601370043 2.3858013324 0.0000000000
6.2334756025 0.8000000000 3.7056572713 0.4599678876 2.3857062272 0.0000000000
6.2415364281 0.8000000000 3.7056503517 0.4597961659 2.3856098600 0.0000000000
6.2495972460 0.8000000000 3.7056434030 0.4596221102 2.3855124431 0.0000000000
6.2576580570 0.8000000000 3.7056364513 0.4594459913 2.3854141887 0.0000000000
6.2657188620 0.8000000000 3.7056295225 0.4592680802 2.3853153092 0.0000000000
6.2737796617 0.8000000000 3.7056226427 0.4590886475 2.3852160168 0.0000000000
6.2818404570 0.8000000000 3.7056158378 0.4589079643 2.3851165238 0.0000000000
6.2899012488 0.8000000000 3.7056091337 0.4587263012 2.3850170424 0.0000000000
6.2979620375 0.8000000000 3.7056025415 0.4585438571 2.3849176957 0.0000000000
6.3060228233 0.8000000000 3.7055960308 0.4583606357 2.3848183645 0.0000000000
6.3140836060 0.8000000000 3.7055895647 0.4581766075 2.3847188888 0.0000000000
6.3221443854 0.8000000000 3.7055831061 0.4579917430 2.3846191087 0.0000000000
6.3302051615 0.8000000000 3.7055766180 0.4578060129 2.3845188641 0.0000000000
6.3382659341 0.8000000000 3.7055700632 0.4576193878 2.3844179949 0.0000000000
6.3463267031 0.8000000000 3.7055634048 0.4574318383 2.3843163413 0.0000000000
6.3543874683 0.8000000000 3.7055566056 0.4572433349 2.3842137432 0.0000000000
6.3624482298 0.8000000000 3.7055496286 0.4570538482 2.3841100406 0.0000000000
6.3705089873 0.8000000000 3.7055424367 0.4568633489 2.3840050734 0.0000000000
6.3785697407 0.8000000000 3.7055349978 0.4566718018 2.3838986989 0.0000000000
6.3866304896 0.8000000000 3.7055273359 0.4564791063 2.3837909731 0.0000000000
6.3946912335 0.8000000000 3.7055195112 0.4562851193 2.3836820794 0.0000000000
6.4027519718 0.8000000000 3.7055115843 0.4560896975 2.3835722032 0.0000000000
6.4108127038 0.8000000000 3.7055036161 0.4558926973 2.3834615302 0.0000000000
6.4188734291 0.8000000000 3.7054956672 0.4556939750 2.3833502460 0.0000000000
6.4269341471 0.8000000000 3.7054877985 0.4554933881 2.3832385363 0.0000000000
6.4349948575 0.8000000000 3.7054800717 0.4552908671 2.3831266208 0.0000000000
6.4430555606 0.8000000000 3.7054725505 0.4550864737 2.3830147785 0.0000000000
6.4511162565 0.8000000000 3.7054652987 0.4548802830 2.3829032950 0.0000000000
6.4591769457 0.8000000000 3.7054583802 0.4546723702 2.3827924557 0.0000000000
6.4672376283 0.8000000000 3.7054518587 0.4544628104 2.3826825460 0.0000000000
6.4752983047 0.8000000000 3.7054457845 0.4542516867 2.3825737996 0.0000000000
6.4833589755 0.8000000000 3.7054400666 0.4540391629 2.3824659184 0.0000000000
6.4914196414 0.8000000000 3.7054345313 0.4538254504 2.3823582923 0.0000000000
6.4994803031 0.8000000000 3.7054290039 0.4536107612 2.3822503073 0.0000000000
6.5075409615 0.8000000000 3.7054233098 0.4533953072 2.3821413492 0.0000000000
6.5156016172 0.8000000000 3.7054172800 0.4531792950 2.3820308252 0.0000000000
6.5236622705 0.8000000000 3.7054109248 0.4529627668 2.3819187931 0.0000000000
6.5317229208 0.8000000000 3.7054044625 0.4527455735 2.3818060663 0.0000000000
6.5397835676 0.8000000000 3.7053981228 0.4525275554 2.3816935005 0.0000000000
6.5478442105 0.8000000000 3.7053921358 0.4523085530 2.3815819514 0.0000000000
6.5559048487 0.8000000000 3.7053867139 0.4520884026 2.3814722035 0.0000000000
6.5639654814 0.8000000000 3.7053818283 0.4518668882 2.3813640554 0.0000000000
6.5720261071 0.8000000000 3.7053772739 0.4516437551 2.3812565848 0.0000000000
6.5800867245 0.8000000000 3.7053728418 0.4514187478 2.3811488535 0.0000000000
6.5881473323 0.8000000000 3.7053683242 0.4511916222 2.3810399328 0.0000000000
6.5962079317 0.8000000000 3.7053635773 0.4509626892 2.3809293718 0.0000000000
6.6042685278 0.8000000000 3.7053585479 0.4507330479 2.3808173978 0.0000000000
6.6123291258 0.8000000000 3.7053531900 0.4505038576 2.3807042900 0.0000000000
6.6203897308 0.8000000000 3.7053474643 0.4502762465 2.3805903427 0.0000000000
6.6284503435 0.8000000000 3.7053415512 0.4500503469 2.3804763305 0.0000000000
6.6365109591 0.8000000000 3.7053358916 0.4498251117 2.3803635979 0.0000000000
6.6445715729 0.8000000000 3.7053309413 0.4495994252 2.3802535222 0.0000000000
6.6526321807 0.8000000000 3.7053270883 0.4493723511 2.3801472805 0.0000000000
6.6606927849 0.8000000000 3.7053241876 0.4491443597 2.3800444813 0.0000000000
6.6687533908 0.8000000000 3.7053218430 0.4489165844 2.3799439927 0.0000000000
6.6768140040 0.8000000000 3.7053196570 0.4486901622 2.3798446798 0.0000000000
6.6848746286 0.8000000000 3.7053173585 0.4484660095 2.3797458248 0.0000000000
6.6929352658 0.8000000000 3.7053149971 0.4482444827 2.3796477686 0.0000000000
6.7009959161 0.8000000000 3.7053126726 0.4480258511 2.3795510180 0.0000000000
6.7090565802 0.8000000000 3.7053104847 0.4478103838 2.3794560794 0.0000000000
6.7171172587 0.8000000000 3.7053085331 0.4475983497 2.3793634594 0.0000000000
6.7251779522 0.8000000000 3.7053069176 0.4473900181 2.3792736646 0.0000000000
6.7332386613 0.8000000000 3.7053057378 0.4471856580 2.3791872016 0.0000000000
6.7412993867 0.8000000000 3.7053050936 0.4469855386 2.3791045769 0.0000000000
6.7493601289 0.8000000000 3.7053050847 0.4467899289 2.3790262972 0.0000000000
6.7574208886 0.8000000000 3.7053058107 0.4465990981 2.3789528689 0.0000000000
6.7654816664 0.8000000000 3.7053073714 0.4464133151 2.3788847987 0.0000000000
6.7735424629 0.8000000000 3.7053098666 0.4462328493 2.3788225930 0.0000000000
6.7816032767 0.8000000000 3.7053133158 0.4460573553 2.3787661925 0.0000000000
6.7896640974 0.8000000000 3.7053173728 0.4458836826 2.3787129511 0.0000000000
6.7977249126 0.8000000000 3.7053215886 0.4457080033 2.3786595428 0.0000000000
6.8057857268 0.8000000000 3.7053256057 0.4455319424 2.3786051869 0.0000000000
6.8138465682 0.8000000000 3.7053291915 0.4453646133 2.3785525985 0.0000000000
6.8219074624 0.8000000000 3.7053322545 0.4452142862 2.3785047196 0.0000000000
6.8299683967 0.8000000000 3.7053358587 0.4450770932 2.3784642589 0.0000000000
6.8380293386 0.8000000000 3.7053416578 0.4449429254 2.3784337885 0.0000000000
6.8460902726 0.8000000000 3.7053502201 0.4448071173 2.3784137142 0.0000000000
6.8541512168 0.8000000000 3.7053599191 0.4446760589 2.3784000868 0.0000000000
6.8622121874 0.8000000000 3.7053692790 0.4445554036 2.3783892644 0.0000000000
6.8702731770 0.8000000000 3.7053785204 0.4444423460 2.3783810070 0.0000000000
6.8783341727 0.8000000000 3.7053881711 0.4443323246 2.3783756013 0.0000000000
6.8863951699 0.8000000000 3.7053979372 0.4442234347 2.3783711096 0.0000000000
6.8944561682 0.8000000000 3.7054072979 0.4441153151 2.3783653046 0.0000000000
6.9025171769 0.8000000000 3.7054165019 0.4440114236 2.3783605640 0.0000000000
6.9105782092 0.8000000000 3.7054262402 0.4439171657 2.3783618142 0.0000000000
6.9186392659 0.8000000000 3.7054382966 0.4438401014 2.3783792138 0.0000000000
6.9267003396 0.8000000000 3.7054552004 0.4437892169 2.3784264752 0.0000000000
6.9347614254 0.8000000000 3.7054763392 0.4437633593 2.3785006877 0.0000000000
6.9428225244 0.8000000000 3.7054954067 0.4437430299 2.3785688257 0.0000000000
6.9508836285 0.8000000000 3.7055113755 0.4437251536 2.3786255506 0.0000000000
6.9589447158 0.8000000000 3.7055322660 0.4437349907 2.3787130473 0.0000000000
6.9670057922 0.8000000000 3.7055563342 0.4437689867 2.3788229185 0.0000000000
6.9750668833 0.8000000000 3.7055746188 0.4437998237 2.3789083918 0.0000000000
6.9831279716 0.8000000000 3.7055940011 0.4438311904 2.3789984677 0.0000000000
6.9911890228 0.8000000000 3.7056222275 0.4438808595 2.3791312407 0.0000000000
6.9992500070 0.8000000000 3.7056530215 0.4439677587 2.3792891764 0.0000000000
7.0073109404 0.8000000000 3.7056814829 0.4440861094 2.3794503626 0.0000000000
7.0153718860 0.8000000000 3.7057073149 0.4442033011 2.3796005671 0.0000000000
7.0234328194 0.8000000000 3.7057352333 0.4443211933 2.3797593977 0.0000000000
7.0314936853 0.8000000000 3.7057694336 0.4444570356 2.3799505355 0.0000000000
7.0395544921 0.8000000000 3.7058057197 0.4446102755 2.3801569759 0.0000000000
7.0476152819 0.8000000000 3.7058392555 0.4447727118 2.3803560936 0.0000000000
7.0556760543 0.8000000000 3.7058700488 0.4449437909 2.3805476985 0.0000000000
7.0637367155 0.8000000000 3.7059053942 0.4451399496 2.3807675437 0.0000000000
7.0717972256 0.8000000000 3.7059475862 0.4453649891 2.3810263273 0.0000000000
7.0798575950 0.8000000000 3.7059944416 0.4456141046 2.3813133950 0.0000000000
7.0879178652 0.8000000000 3.7060416019 0.4458821048 2.3816092367 0.0000000000
7.0959780785 0.8000000000 3.7060887845 0.4461606032 2.3819093661 0.0000000000
7.1040382603 0.8000000000 3.7061375072 0.4464431088 2.3822172594 0.0000000000
7.1120983975 0.8000000000 3.7061871163 0.4467325004 2.3825314524 0.0000000000
7.1201584256 0.8000000000 3.7062369365 0.4470401998 2.3828538131 0.0000000000
7.1282182668 0.8000000000 3.7062954748 0.4473683022 2.3832192071 0.0000000000
7.1362778822 0.8000000000 3.7063553246 0.4477276213 2.3836023339 0.0000000000
7.1443372873 0.8000000000 3.7064094192 0.4481209791 2.3839760554 0.0000000000
7.1523965215 0.8000000000 3.7064725273 0.4485274382 2.3843910716 0.0000000000
7.1604556334 0.8000000000 3.7065374971 0.4489471258 2.3848188257 0.0000000000
7.1685149853 0.8000000000 3.7066037239 0.4493353057 2.3852390047 0.0000000000
7.1765744886 0.8000000000 3.7066702744 0.4497031673 2.3856523516 0.0000000000
7.1846337929 0.8000000000 3.7067363407 0.4500986207 2.3860747980 0.0000000000
7.1926924740 0.8000000000 3.7068066111 0.4505618362 2.3865411660 0.0000000000
7.2007505530 0.8000000000 3.7068816460 0.4510829143 2.3870497366 0.0000000000
7.2088087083 0.8000000000 3.7069541731 0.4515986386 2.3875461349 0.0000000000
7.2168670951 0.8000000000 3.7070274646 0.4520901099 2.3880358892 0.0000000000
7.2249258079 0.8000000000 3.7070938500 0.4525540577 2.3884870099 0.0000000000
7.2329839162 0.8000000000 3.7071578426 0.4530815420 2.3889539744 0.0000000000
7.2410412055 0.8000000000 3.7072301267 0.4536759624 2.3894808787 0.0000000000
7.2490980931 0.8000000000 3.7073124993 0.4542956652 2.3900582502 0.0000000000
7.2571551855 0.8000000000 3.7073835043 0.4549073991 2.3905869639 0.0000000000
7.2652122800 0.8000000000 3.7074643260 0.4555116507 2.3911519512 0.0000000000
7.2732691848 0.8000000000 3.7075391903 0.4561348679 2.3917006953 0.0000000000
7.2813249351 0.8000000000 3.7076272951 0.4568374174 2.3923341344 0.0000000000
7.2893812990 0.8000000000 3.7077084569 0.4574986526 2.3929232755 0.0000000000
7.2974381017 0.8000000000 3.7077917438 0.4581245781 2.3935067933 0.0000000000
7.3054943517 0.8000000000 3.7078849780 0.4587850897 2.3941439350 0.0000000000
7.3135501407 0.8000000000 3.7079678834 0.4594879608 2.3947567050 0.0000000000
7.3216051056 0.8000000000 3.7080613869 0.4602400448 2.3954315526 0.0000000000
7.3296607434 0.8000000000 3.7081431833 0.4609531912 2.3960439967 0.0000000000
7.3377169130 0.8000000000 3.7082390098 0.4616177329 2.3966931195 0.0000000000
7.3457722812 0.8000000000 3.7083265408 0.4623462505 2.3973346505 0.0000000000
7.3538265132 0.8000000000 3.7084253358 0.4631471993 2.3980502099 0.0000000000
7.3618843774 0.8000000000 3.7085029485 0.4636687173 2.3985692677 0.0000000000
7.3699400764 0.8000000000 3.7086057871 0.4643631161 2.3992583819 0.0000000000
7.3779953837 0.8000000000 3.7086991799 0.4650922023 2.3999235877 0.0000000000
7.3860523618 0.8000000000 3.7087870429 0.4656964400 2.4005167347 0.0000000000
7.3941073349 0.8000000000 3.7088922169 0.4664391109 2.4012344988 0.0000000000
7.4021622228 0.8000000000 3.7089918657 0.4671912019 2.4019339304 0.0000000000
7.4102184686 0.8000000000 3.7090830981 0.4678535920 2.4025638163 0.0000000000
7.4182743046 0.8000000000 3.7091746969 0.4685462648 2.4032072805 0.0000000000
7.4263304205 0.8000000000 3.7092730199 0.4692117148 2.4038667524 0.0000000000
7.4343875999 0.8000000000 3.7093589978 0.4698048171 2.4044479049 0.0000000000
7.4424438770 0.8000000000 3.7094536349 0.4704616121 2.4050891715 0.0000000000
7.4505006430 0.8000000000 3.7095447697 0.4710838269 2.4057025966 0.0000000000
7.4585562492 0.8000000000 3.7096427794 0.4717855842 2.4063753384 0.0000000000
7.4666126445 0.8000000000 3.7097409193 0.4724305388 2.4070258797 0.0000000000
7.4746694875 0.8000000000 3.7098420291 0.4730341002 2.4076717435 0.0000000000
7.4827247411 0.8000000000 3.7099435953 0.4737587075 2.4083678513 0.0000000000
7.4907819598 0.8000000000 3.7100418433 0.4743369054 2.4089921222 0.0000000000
7.4988392519 0.8000000000 3.7101268782 0.4749201451 2.4095655577 0.0000000000
7.5068963330 0.8000000000 3.7102253445 0.4755076862 2.4101944393 0.0000000000
7.5149538057 0.8000000000 3.7103171601 0.4760653355 2.4107847616 0.0000000000
7.5230103591 0.8000000000 3.7104127086 0.4766998835 2.4114207749 0.0000000000
7.5310677949 0.8000000000 3.7105072095 0.4772616210 2.4120234733 0.0000000000
7.5391234988 0.8000000000 3.7106059299 0.4779499363 2.4126936813 0.0000000000
7.5471805823 0.8000000000 3.7107104287 0.4785279303 2.4133428739 0.0000000000
7.5552382493 0.8000000000 3.7108045769 0.4790685613 2.4139357192 0.0000000000
7.5632964368 0.8000000000 3.7108929669 0.4795641827 2.4144875275 0.0000000000
7.5713550629 0.8000000000 3.7109900679 0.4800003131 2.4150503838 0.0000000000
7.5794141115 0.8000000000 3.7110831932 0.4803890140 2.4155783653 0.0000000000
7.5874727280 0.8000000000 3.7111861487 0.4808153003 2.4161607020 0.0000000000
7.5955320883 0.8000000000 3.7112725416 0.4811708702 2.4166485013 0.0000000000
7.6035912965 0.8000000000 3.7113697969 0.4815243756 2.4171789249 0.0000000000
7.6116508656 0.8000000000 3.7114617721 0.4818415538 2.4176736971 0.0000000000
7.6197104650 0.8000000000 3.7115526606 0.4821551002 2.4181626696 0.0000000000
7.6277701991 0.8000000000 3.7116431468 0.4824507212 2.4186428627 0.0000000000
7.6358306761 0.8000000000 3.7117117435 0.4826253695 2.4189871086 0.0000000000
7.6438904926 0.8000000000 3.7118044580 0.4828386154 2.4194432651 0.0000000000
7.6519510999 0.8000000000 3.7118897783 0.4829497141 2.4198289857 0.0000000000
7.6600119603 0.8000000000 3.7119436738 0.4829128129 2.4200298072 0.0000000000
7.6680727357 0.8000000000 3.7120039078 0.4829545490 2.4202874379 0.0000000000
7.6761334499 0.8000000000 3.7120469490 0.4827895118 2.4203935879 0.0000000000
7.6841934376 0.8000000000 3.7121010024 0.4826034695 2.4205353845 0.0000000000
7.6922538757 0.8000000000 3.7121424193 0.4824914484 2.4206562435 0.0000000000
7.7003129513 0.8000000000 3.7121708445 0.4820464187 2.4205919324 0.0000000000
7.7083713257 0.8000000000 3.7121846777 0.4815287390 2.4204401935 0.0000000000
7.7164275160 0.8000000000 3.7121993475 0.4809551376 2.4202694320 0.0000000000
7.7244863002 0.8000000000 3.7122092770 0.4803415748 2.4200637248 0.0000000000
7.7325175170 0.8000000000 3.7121872967 0.4789686678 2.4194266409 0.0000000000
7.7405757705 0.8000000000 3.7122003711 0.4785667251 2.4193181615 0.0000000000
7.7486246904 0.8000000000 3.7121723582 0.4774543341 2.4187611536 0.0000000000
7.7566685728 0.8000000000 3.7121331209 0.4761431399 2.4180797264 0.0000000000
7.7647071667 0.8000000000 3.7120729191 0.4746419477 2.4172384423 0.0000000000
7.7727326479 0.8000000000 3.7120071511 0.4728224000 2.4162475515 0.0000000000
7.7807646324 0.8000000000 3.7119481206 0.4711276737 2.4153335389 0.0000000000
7.7887834196 0.8000000000 3.7118601512 0.4690772951 2.4141615099 0.0000000000
7.7967895847 0.8000000000 3.7117357956 0.4667627566 2.4127382719 0.0000000000
7.8047684746 0.8000000000 3.7115966917 0.4640673043 2.4111036753 0.0000000000
7.8127327370 0.8000000000 3.7114317928 0.4610744312 2.4092469308 0.0000000000
7.8207010903 0.8000000000 3.7112874444 0.4581238540 2.4074893063 0.0000000000
7.8286192826 0.8000000000 3.7110723053 0.4543953034 2.4051373294 0.0000000000
7.8365116273 0.8000000000 3.7108493097 0.4503368918 2.4026219827 0.0000000000
7.8443204741 0.8000000000 3.7105735094 0.4458581027 2.3997272658 0.0000000000
7.8521590079 0.8000000000 3.7103579273 0.4415274001 2.3971326562 0.0000000000
7.8599579136 0.8000000000 3.7100760582 0.4364844285 2.3939879913 0.0000000000
7.8677343498 0.8000000000 3.7098042840 0.4312280271 2.3907983338 0.0000000000
7.8753255252 0.8000000000 3.7094850830 0.4251061331 2.3870727723 0.0000000000
7.8830812774 0.8000000000 3.7092117369 0.4198114548 2.3838615167 0.0000000000
7.8907372183 0.8000000000 3.7088940428 0.4135628955 2.3800913163 0.0000000000
7.8954201227 0.8000000000 3.7095113340 0.4193058748 2.3848576729 0.0000000000
7.8997969810 0.8000000000 3.7095108941 0.4230425717 2.3863505919 0.0000000000
7.9065417499 0.8000000000 3.7088997758 0.4121180680 2.3795363175 0.0000000000
7.9129979030 0.8000000000 3.7081762012 0.4001999205 2.3718747598 0.0000000000
7.9190960508 0.8000000000 3.7074876275 0.3871411470 2.3638969559 0.0000000000
7.9246849397 0.8000000000 3.7067469122 0.3727428749 2.3551747859 0.0000000000
7.9299862878 0.8000000000 3.7059450790 0.3577410300 2.3459667148 0.0000000000
7.9349740853 0.8000000000 3.7051270296 0.3420482553 2.3364174077 0.0000000000
7.9396977384 0.8000000000 3.7043324323 0.3258429797 2.3267569081 0.0000000000
7.9441239816 0.8000000000 3.7035346626 0.3091189025 2.3168761983 0.0000000000
7.9480439939 0.8000000000 3.7026953120 0.2916548599 2.3065331790 0.0000000000
7.9511310212 0.8000000000 3.7018121617 0.2731714061 2.2956071961 0.0000000000
7.9538394927 0.8000000000 3.7008531157 0.2543449214 2.2842404184 0.0000000000
7.9561929524 0.8000000000 3.6999912082 0.2351929304 2.2731319919 0.0000000000
7.9581748496 0.8000000000 3.6991088101 0.2157850784 2.2618392590 0.0000000000
7.9598820035 0.8000000000 3.6982129447 0.1962180737 2.2504289953 0.0000000000
7.9613239489 0.8000000000 3.6973141903 0.1765188524 2.2389542892 0.0000000000
7.9625645164 0.8000000000 3.6963662410 0.1567483274 2.2272542819 0.0000000000
7.9636160202 0.8000000000 3.6954496963 0.1369002737 2.2156488817 0.0000000000
7.9645063871 0.8000000000 3.6945622174 0.1169944058 2.2041366188 0.0000000000
7.9652748326 0.8000000000 3.6936826378 0.0970543620 2.1926422829 0.0000000000
7.9659396652 0.8000000000 3.6927746863 0.0770990131 2.1810283374 0.0000000000
7.9665098798 0.8000000000 3.6918230988 0.0571380641 2.1692376080 0.0000000000
7.9669931915 0.8000000000 3.6909629447 0.0371368315 2.1577964983 0.0000000000
7.9673937807 0.8000000000 3.6900783801 0.0171308407 2.1462558438 0.0000000000
7.9677308763 0.8000000000 3.6892089314 -0.0028863590 2.1347711689 0.0000000000
7.9680182341 0.8000000000 3.6882755028 -0.0228904781 2.1230358071 0.0000000000
7.9682630529 0.8000000000 3.6873948111 -0.0429130635 2.1115040058 0.0000000000
7.9684744475 0.8000000000 3.6865370897 -0.0629442464 2.1000606471 0.0000000000
7.9686576689 0.8000000000 3.6856562296 -0.0829708426 2.0885265683 0.0000000000
7.9688170429 0.8000000000 3.6848455139 -0.1030171343 2.0772651889 0.0000000000
7.9689569449 0.8000000000 3.6839089406 -0.1230303800 2.0655135972 0.0000000000
7.9690785511 0.8000000000 3.6830974979 -0.1430785646 2.0542485528 0.0000000000
7.9691870239 0.8000000000 3.6822094958 -0.1631068209 2.0426852418 0.0000000000
7.9692830194 0.8000000000 3.6814051239 -0.1831573435 2.0314475453 0.0000000000
7.9693698043 0.8000000000 3.6805693342 -0.2031990900 2.0200876876 0.0000000000
7.9694474130 0.8000000000 3.6796991568 -0.2232329537 2.0085934329 0.0000000000
7.9695175714 0.8000000000 3.6789192889 -0.2432904256 1.9974509723 0.0000000000
7.9695825334 0.8000000000 3.6780500000 -0.2633250000 1.9859599870 0.0000000000
7.9696190573 0.8000000000 3.6775800000 -0.2755750000 1.9791799870 0.0000000000
7.9698268472 0.8000000000 3.6743528505 -0.3556067904 1.9342586730 0.0000000000
7.9699987913 0.8000000000 3.6712394025 -0.4356689687 1.8897800095 0.0000000000
7.9701657759 0.8000000000 3.6681899720 -0.5157480480 1.8455506559 0.0000000000
7.9703361487 0.8000000000 3.6651968635 -0.5958284102 1.8015460769 0.0000000000
7.9705402195 0.8000000000 3.6621975802 -0.6755218358 1.7576715734 0.0000000000
7.9709126998 0.8000000000 3.6628700938 -0.6619008311 1.7658100298 0.0000000000
7.9712313555 0.8000000000 3.6659541099 -0.5815882154 1.8102711403 0.0000000000
7.9721319026 0.8000000000 3.6689549089 -0.5016027020 1.8542685416 0.0000000000
7.9776739065 0.8000000000 3.6681672939 -0.5165889236 1.8451235931 0.0000000000
7.9820687058 0.8000000000 3.6651466935 -0.5959047465 1.8013148625 0.0000000000
7.9853319769 0.8000000000 3.6620012822 -0.6755406774 1.7568788449 0.0000000000
7.9880029786 0.8000000000 3.6588531092 -0.7553169877 1.7123756286 0.0000000000
7.9910830103 0.8000000000 3.6559032229 -0.8350484500 1.6686834987 0.0000000000
7.9940683010 0.8000000000 3.6528857824 -0.9147869758 1.6247183262 0.0000000000
7.9967402032 0.8000000000 3.6499856537 -0.9946223269 1.5811836711 0.0000000000
7.9991710964 0.8000000000 3.6469604699 -1.0744767855 1.5371411522 0.0000000000
8.0014070077 0.8000000000 3.6439747576 -1.1543737406 1.4932395214 0.0000000000
8.0034407265 0.8000000000 3.6410791967 -1.2343271436 1.4496759165 0.0000000000
8.0052926652 0.8000000000 3.6382520636 -1.3143239001 1.4063686813 0.0000000000
8.0069853626 0.8000000000 3.6352797052 -1.3943094789 1.3624850163 0.0000000000
8.0085513883 0.8000000000 3.6323274491 -1.4743160936 1.3186733461 0.0000000000
8.0099995746 0.8000000000 3.6294409007 -1.5543498553 1.2751136476 0.0000000000
8.0113536701 0.8000000000 3.6265386319 -1.6343909512 1.2314881341 0.0000000000
8.0126465901 0.8000000000 3.6235722439 -1.7144248388 1.1876090272 0.0000000000
8.0138568150 0.8000000000 3.6206966585 -1.7944877767 1.1440815105 0.0000000000
8.0150266937 0.8000000000 3.6178516498 -1.8745613607 1.1006720421 0.0000000000
8.0161698071 0.8000000000 3.6148162317 -1.9545931935 1.0565176363 0.0000000000
8.0172859913 0.8000000000 3.6118831456 -2.0346517145 1.0127618835 0.0000000000
8.0183124047 0.8000000000 3.6089827108 -2.1147252149 0.9691307441 0.0000000000
8.0192838214 0.8000000000 3.6060641915 -2.1947989535 0.9254271717 0.0000000000
8.0201812698 0.8000000000 3.6031231327 -2.2748728958 0.8816333596 0.0000000000
8.0209225983 0.8000000000 3.6001497970 -2.3549493162 0.8377094487 0.0000000000
8.0214938857 0.8000000000 3.5971661487 -2.4350320943 0.7937417441 0.0000000000
8.0219621966 0.8000000000 3.5941522144 -2.5151120014 0.7496540440 0.0000000000
8.0223995321 0.8000000000 3.5911090879 -2.5951861112 0.7054518940 0.0000000000
8.0227969618 0.8000000000 3.5880422928 -2.6752558634 0.6611568130 0.0000000000
8.0231663977 0.8000000000 3.5849398547 -2.7553178836 0.6167222523 0.0000000000
8.0235166204 0.8000000000 3.5818014630 -2.8353716624 0.5721471738 0.0000000000
8.0238618165 0.8000000000 3.5786309308 -2.9154175971 0.5274466715 0.0000000000
8.0242335784 0.8000000000 3.5753344709 -2.9954305127 0.4822556654 0.0000000000
8.0245821065 0.8000000000 3.5721083807 -3.0754619747 0.4373387199 0.0000000000
8.0246468001 0.8000000000 3.5687173763 -3.1554484969 0.3917800935 0.0000000000
8.0247555544 0.8000000000 3.5655488974 -3.2272096477 0.3504017174 0.0000000000
8.0247847239 0.8000000000 3.5692034643 -3.1452911900 0.3977873681 0.0000000000
8.0247899724 0.8000000000 3.5726194197 -3.0684689635 0.4421800804 0.0000000000
8.0247904401 0.8000000000 3.5760041927 -2.9884734857 0.4877173637 0.0000000000
8.0247907556 0.8000000000 3.5794254086 -2.9084888180 0.5333960943 0.0000000000
8.0247910265 0.8000000000 3.5826730808 -2.8284576328 0.5783992569 0.0000000000
8.0247912745 0.8000000000 3.5858620387 -2.7484117142 0.6231734562 0.0000000000
8.0247915056 0.8000000000 3.5890013179 -2.6683533787 0.6677539070 0.0000000000
8.0247917228 0.8000000000 3.5920929092 -2.5882834270 0.7121482531 0.0000000000
8.0247919269 0.8000000000 3.5951379149 -2.5082023109 0.7563607222 0.0000000000
8.0247921208 0.8000000000 3.5981343892 -2.4281097535 0.8003836423 0.0000000000
8.0247923085 0.8000000000 3.6010748803 -2.3480042125 0.8441878231 0.0000000000
8.0247924938 0.8000000000 3.6039731867 -2.2678889678 0.8878271468 0.0000000000
8.0247926845 0.8000000000 3.6067799447 -2.1877566175 0.9311071186 0.0000000000
8.0247928990 0.8000000000 3.6094342828 -2.1081545757 0.9735652879 0.0000000000
8.0247932537 0.8000000000 3.6073332499 -2.1552021129 0.9463421416 0.0000000000
8.0247933579 0.8000000000 3.6043882597 -2.2350908898 0.9026066698 0.0000000000
8.0247934344 0.8000000000 3.6014285042 -2.3152292851 0.8587122897 0.0000000000
8.0247934995 0.8000000000 3.5984603247 -2.3953277572 0.8148001829 0.0000000000
8.0247935584 0.8000000000 3.5954790000 -2.4754238728 0.7708364378 0.0000000000
8.0247936136 0.8000000000 3.5924564411 -2.5555103269 0.7267116206 0.0000000000
8.0247936666 0.8000000000 3.5894053271 -2.6355899993 0.6824752956 0.0000000000
8.0247937183 0.8000000000 3.5863160383 -2.7156605369 0.6380899254 0.0000000000
8.0247937697 0.8000000000 3.5831981040 -2.7957241242 0.5935927533 0.0000000000
8.0247938216 0.8000000000 3.5800271186 -2.8757746912 0.5488885849 0.0000000000
8.0247938753 0.8000000000 3.5767539162 -2.9557992823 0.5037859387 0.0000000000
8.0247939315 0.8000000000 3.5734320739 -3.0358114361 0.4584937082 0.0000000000
8.0247939920 0.8000000000 3.5700775003 -3.1158149895 0.4130739925 0.0000000000
8.0247940596 0.8000000000 3.5666018105 -3.1957853810 0.3671830765 0.0000000000
8.0247941375 0.8000000000 3.5631417941 -3.2757609819 0.3213527708 0.0000000000
8.0247942346 0.8000000000 3.5595222489 -3.3556913465 0.2749024440 0.0000000000
8.0247943700 0.8000000000 3.5557958848 -3.4355910105 0.2280371221 0.0000000000
8.0247946126 0.8000000000 3.5520555923 -3.5154838990 0.1811187965 0.0000000000
8.0247962400 0.8000000000 3.5510318685 -3.5357676276 0.1689104099 0.0000000000
8.0247975783 0.8000000000 3.5549566264 -3.4559477588 0.2165373891 0.0000000000
8.0247987776 0.8000000000 3.5587550214 -3.3760701513 0.2636820121 0.0000000000
8.0247999907 0.8000000000 3.5623572722 -3.2961341307 0.3100654237 0.0000000000
8.0248012755 0.8000000000 3.5659688355 -3.2162018524 0.3564845879 0.0000000000
8.0248026672 0.8000000000 3.5695295649 -3.1362543790 0.4027064950 0.0000000000
8.0248042041 0.8000000000 3.5729502559 -3.0562689792 0.4483834187 0.0000000000
8.0248059612 0.8000000000 3.5762746286 -2.9762573198 0.4936855733 0.0000000000
8.0248081531 0.8000000000 3.5796741247 -2.8962661546 0.5392800241 0.0000000000
8.0248117858 0.8000000000 3.5829061164 -2.8162309801 0.5842220607 0.0000000000
8.0248197444 0.8000000000 3.5860822336 -2.7362783540 0.6289075798 0.0000000000
8.0248333995 0.8000000000 3.5845416875 -2.7748216311 0.6073280847 0.0000000000
8.0248644152 0.8000000000 3.5813630070 -2.8548699677 0.5625940281 0.0000000000
8.0248875218 0.8000000000 3.5780883840 -2.9348942995 0.5174858032 0.0000000000
8.0249090952 0.8000000000 3.5747049294 -3.0148899444 0.4719537270 0.0000000000
8.0249299654 0.8000000000 3.5713136112 -3.0948834212 0.4263910634 0.0000000000
8.0249526091 0.8000000000 3.5679310071 -3.1748794489 0.3808622360 0.0000000000
8.0249796694 0.8000000000 3.5643607399 -3.2548235379 0.3346035313 0.0000000000
8.0250129370 0.8000000000 3.5607406233 -3.3347531774 0.2881512091 0.0000000000
8.0250531384 0.8000000000 3.5570244392 -3.4146548830 0.2413257907 0.0000000000
8.0251017274 0.8000000000 3.5532957508 -3.4945539914 0.1944513936 0.0000000000
8.0251640500 0.8000000000 3.5495016431 -3.5744335479 0.1473231404 0.0000000000
8.0252573272 0.8000000000 3.5455606764 -3.6542754103 0.0996225286 0.0000000000
8.0253562493 0.8000000000 3.5475800000 -3.6152500000 0.1233099870 0.0000000000
