# logAge Mass logTe Mbol logg C/O
4.1860800861 1.1000000000 3.7556100000 0.0606250000 2.5640826852 0.0000000000
4.1938153252 1.1000000000 3.7556057657 0.0606300752 2.5640677781 0.0000000000
4.2015505450 1.1000000000 3.7556013071 0.0606286239 2.5640493630 0.0000000000
4.2092857457 1.1000000000 3.7555966274 0.0606207470 2.5640274937 0.0000000000
4.2170209277 1.1000000000 3.7555917301 0.0606065458 2.5640022240 0.0000000000
4.2247560913 1.1000000000 3.7555866185 0.0605861213 2.5639736077 0.0000000000
4.2324912368 1.1000000000 3.7555812959 0.0605595746 2.5639416987 0.0000000000
4.2402263643 1.1000000000 3.7555757657 0.0605270070 2.5639065506 0.0000000000
4.2479614743 1.1000000000 3.7555700311 0.0604885194 2.5638682173 0.0000000000
4.2556965670 1.1000000000 3.7555640956 0.0604442131 2.5638267527 0.0000000000
4.2634316428 1.1000000000 3.7555579624 0.0603941891 2.5637822105 0.0000000000
4.2711667018 1.1000000000 3.7555516350 0.0603385486 2.5637346446 0.0000000000
4.2789017444 1.1000000000 3.7555451166 0.0602773926 2.5636841087 0.0000000000
4.2866367709 1.1000000000 3.7555384106 0.0602108224 2.5636306566 0.0000000000
4.2943717815 1.1000000000 3.7555315204 0.0601389389 2.5635743422 0.0000000000
4.3021067766 1.1000000000 3.7555244492 0.0600618434 2.5635152192 0.0000000000
4.3098417564 1.1000000000 3.7555172004 0.0599796370 2.5634533416 0.0000000000
4.3175767213 1.1000000000 3.7555097774 0.0598924207 2.5633887629 0.0000000000
4.3253116715 1.1000000000 3.7555021834 0.0598002957 2.5633215372 0.0000000000
4.3330466073 1.1000000000 3.7554944219 0.0597033632 2.5632517181 0.0000000000
4.3407815290 1.1000000000 3.7554864962 0.0596017241 2.5631793596 0.0000000000
4.3485164368 1.1000000000 3.7554784096 0.0594954797 2.5631045153 0.0000000000
4.3562513312 1.1000000000 3.7554701654 0.0593847311 2.5630272391 0.0000000000
4.3639862123 1.1000000000 3.7554617670 0.0592695794 2.5629475848 0.0000000000
4.3717210805 1.1000000000 3.7554532177 0.0591501256 2.5628656062 0.0000000000
4.3794559361 1.1000000000 3.7554445209 0.0590264710 2.5627813572 0.0000000000
4.3871907792 1.1000000000 3.7554356799 0.0588987167 2.5626948914 0.0000000000
4.3949256103 1.1000000000 3.7554266980 0.0587669637 2.5626062628 0.0000000000
4.4026604296 1.1000000000 3.7554175787 0.0586313131 2.5625155251 0.0000000000
4.4103952374 1.1000000000 3.7554083251 0.0584918662 2.5624227322 0.0000000000
4.4181300340 1.1000000000 3.7553989407 0.0583487240 2.5623279378 0.0000000000
4.4258648197 1.1000000000 3.7553894289 0.0582019877 2.5622311957 0.0000000000
4.4335995948 1.1000000000 3.7553797928 0.0580517583 2.5621325598 0.0000000000
4.4413343595 1.1000000000 3.7553700360 0.0578981370 2.5620320838 0.0000000000
4.4490691141 1.1000000000 3.7553601616 0.0577412248 2.5619298217 0.0000000000
4.4568038591 1.1000000000 3.7553501732 0.0575811230 2.5618258270 0.0000000000
4.4645385945 1.1000000000 3.7553400739 0.0574179326 2.5617201538 0.0000000000
4.4722733207 1.1000000000 3.7553298672 0.0572517548 2.5616128557 0.0000000000
4.4800080381 1.1000000000 3.7553195563 0.0570826907 2.5615039866 0.0000000000
4.4877427469 1.1000000000 3.7553091447 0.0569108413 2.5613936004 0.0000000000
4.4954774473 1.1000000000 3.7552986356 0.0567363079 2.5612817507 0.0000000000
4.5032121397 1.1000000000 3.7552880324 0.0565591914 2.5611684914 0.0000000000
4.5109468244 1.1000000000 3.7552773385 0.0563795932 2.5610538763 0.0000000000
4.5186815016 1.1000000000 3.7552665571 0.0561976142 2.5609379592 0.0000000000
4.5264161717 1.1000000000 3.7552556917 0.0560133555 2.5608207940 0.0000000000
4.5341508349 1.1000000000 3.7552447455 0.0558269184 2.5607024344 0.0000000000
4.5418854916 1.1000000000 3.7552337219 0.0556384039 2.5605829342 0.0000000000
4.5496201419 1.1000000000 3.7552226242 0.0554479132 2.5604623472 0.0000000000
4.5573547863 1.1000000000 3.7552114558 0.0552555473 2.5603407273 0.0000000000
4.5650894249 1.1000000000 3.7552002200 0.0550614074 2.5602181282 0.0000000000
4.5728240581 1.1000000000 3.7551889202 0.0548655946 2.5600946038 0.0000000000
4.5805586862 1.1000000000 3.7551775597 0.0546682100 2.5599702079 0.0000000000
4.5882933094 1.1000000000 3.7551661418 0.0544693548 2.5598449942 0.0000000000
4.5960279281 1.1000000000 3.7551546698 0.0542691300 2.5597190165 0.0000000000
4.6037625425 1.1000000000 3.7551431472 0.0540676368 2.5595923288 0.0000000000
4.6114971530 1.1000000000 3.7551315773 0.0538649763 2.5594649847 0.0000000000
4.6192317598 1.1000000000 3.7551199633 0.0536612496 2.5593370381 0.0000000000
4.6269663631 1.1000000000 3.7551083086 0.0534565578 2.5592085428 0.0000000000
4.6347009634 1.1000000000 3.7550966167 0.0532510021 2.5590795526 0.0000000000
4.6424355609 1.1000000000 3.7550848907 0.0530446836 2.5589501213 0.0000000000
4.6501701558 1.1000000000 3.7550731341 0.0528377033 2.5588203027 0.0000000000
4.6579047485 1.1000000000 3.7550613501 0.0526301625 2.5586901507 0.0000000000
4.6656393392 1.1000000000 3.7550495422 0.0524221622 2.5585597189 0.0000000000
4.6733739283 1.1000000000 3.7550377137 0.0522138035 2.5584290613 0.0000000000
4.6811085160 1.1000000000 3.7550258678 0.0520051876 2.5582982316 0.0000000000
4.6888431026 1.1000000000 3.7550140080 0.0517964156 2.5581672836 0.0000000000
4.6965776885 1.1000000000 3.7550021376 0.0515875886 2.5580362712 0.0000000000
4.7043122738 1.1000000000 3.7549902598 0.0513788080 2.5579052477 0.0000000000
4.7120468591 1.1000000000 3.7549783769 0.0511701777 2.5577742638 0.0000000000
4.7197814447 1.1000000000 3.7549664907 0.0509618024 2.5576433691 0.0000000000
4.7275160311 1.1000000000 3.7549546033 0.0507537868 2.5575126129 0.0000000000
4.7352506188 1.1000000000 3.7549427164 0.0505462357 2.5573820449 0.0000000000
4.7429852083 1.1000000000 3.7549308320 0.0503392539 2.5572517145 0.0000000000
4.7507197998 1.1000000000 3.7549189519 0.0501329462 2.5571216713 0.0000000000
4.7584543940 1.1000000000 3.7549070781 0.0499274172 2.5569919646 0.0000000000
4.7661889912 1.1000000000 3.7548952126 0.0497227718 2.5568626441 0.0000000000
4.7739235919 1.1000000000 3.7548833570 0.0495191146 2.5567337591 0.0000000000
4.7816581965 1.1000000000 3.7548715135 0.0493165506 2.5566053593 0.0000000000
4.7893928055 1.1000000000 3.7548596838 0.0491151844 2.5564774941 0.0000000000
4.7971274194 1.1000000000 3.7548478699 0.0489151207 2.5563502130 0.0000000000
4.8048620386 1.1000000000 3.7548360736 0.0487164644 2.5562235655 0.0000000000
4.8125966634 1.1000000000 3.7548242970 0.0485193203 2.5560976011 0.0000000000
4.8203312945 1.1000000000 3.7548125418 0.0483237930 2.5559723694 0.0000000000
4.8280659322 1.1000000000 3.7548008099 0.0481299873 2.5558479197 0.0000000000
4.8358005769 1.1000000000 3.7547891033 0.0479380080 2.5557243017 0.0000000000
4.8435352292 1.1000000000 3.7547774239 0.0477479599 2.5556015647 0.0000000000
4.8512698894 1.1000000000 3.7547657735 0.0475599477 2.5554797584 0.0000000000
4.8590045581 1.1000000000 3.7547541541 0.0473740761 2.5553589321 0.0000000000
4.8667392356 1.1000000000 3.7547425676 0.0471904500 2.5552391355 0.0000000000
4.8744739223 1.1000000000 3.7547310153 0.0470091605 2.5551204105 0.0000000000
4.8822086182 1.1000000000 3.7547194946 0.0468301914 2.5550027401 0.0000000000
4.8899433229 1.1000000000 3.7547080010 0.0466534749 2.5548860792 0.0000000000
4.8976780361 1.1000000000 3.7546965300 0.0464789432 2.5547703825 0.0000000000
4.9054127573 1.1000000000 3.7546850770 0.0463065284 2.5546556045 0.0000000000
4.9131474863 1.1000000000 3.7546736374 0.0461361625 2.5545416999 0.0000000000
4.9208822228 1.1000000000 3.7546622068 0.0459677777 2.5544286234 0.0000000000
4.9286169663 1.1000000000 3.7546507805 0.0458013060 2.5543163296 0.0000000000
4.9363517165 1.1000000000 3.7546393540 0.0456366795 2.5542047731 0.0000000000
4.9440864732 1.1000000000 3.7546279229 0.0454738303 2.5540939088 0.0000000000
4.9518212359 1.1000000000 3.7546164824 0.0453126905 2.5539836910 0.0000000000
4.9595560043 1.1000000000 3.7546050282 0.0451531921 2.5538740747 0.0000000000
4.9672907780 1.1000000000 3.7545935555 0.0449952674 2.5537650143 0.0000000000
4.9750255568 1.1000000000 3.7545820600 0.0448388482 2.5536564645 0.0000000000
4.9827603402 1.1000000000 3.7545705370 0.0446838668 2.5535483800 0.0000000000
4.9904951280 1.1000000000 3.7545589821 0.0445302552 2.5534407155 0.0000000000
4.9982299198 1.1000000000 3.7545473905 0.0443779455 2.5533334255 0.0000000000
5.0059647152 1.1000000000 3.7545357579 0.0442268698 2.5532264648 0.0000000000
5.0136995139 1.1000000000 3.7545240797 0.0440769601 2.5531197880 0.0000000000
5.0214343156 1.1000000000 3.7545123521 0.0439281499 2.5530133534 0.0000000000
5.0291691200 1.1000000000 3.7545005807 0.0437803891 2.5529071636 0.0000000000
5.0369039272 1.1000000000 3.7544887777 0.0436336385 2.5528012514 0.0000000000
5.0446387370 1.1000000000 3.7544769552 0.0434878592 2.5526956497 0.0000000000
5.0523735493 1.1000000000 3.7544651254 0.0433430122 2.5525903918 0.0000000000
5.0601083641 1.1000000000 3.7544533006 0.0431990586 2.5524855108 0.0000000000
5.0678431813 1.1000000000 3.7544414927 0.0430559595 2.5523810398 0.0000000000
5.0755780008 1.1000000000 3.7544297141 0.0429136760 2.5522770120 0.0000000000
5.0833128225 1.1000000000 3.7544179769 0.0427721692 2.5521734605 0.0000000000
5.0910476463 1.1000000000 3.7544062933 0.0426314000 2.5520704184 0.0000000000
5.0987824722 1.1000000000 3.7543946755 0.0424913297 2.5519679189 0.0000000000
5.1065173001 1.1000000000 3.7543831356 0.0423519192 2.5518659951 0.0000000000
5.1142521298 1.1000000000 3.7543716858 0.0422131296 2.5517646802 0.0000000000
5.1219869614 1.1000000000 3.7543603383 0.0420749221 2.5516640072 0.0000000000
5.1297217947 1.1000000000 3.7543491053 0.0419372576 2.5515640094 0.0000000000
5.1374566297 1.1000000000 3.7543379989 0.0418000973 2.5514647198 0.0000000000
5.1451914662 1.1000000000 3.7543270314 0.0416634022 2.5513661716 0.0000000000
5.1529263043 1.1000000000 3.7543162147 0.0415271341 2.5512683975 0.0000000000
5.1606611438 1.1000000000 3.7543055523 0.0413912904 2.5511714104 0.0000000000
5.1683959850 1.1000000000 3.7542950350 0.0412559210 2.5510751938 0.0000000000
5.1761308278 1.1000000000 3.7542846528 0.0411210803 2.5509797285 0.0000000000
5.1838656725 1.1000000000 3.7542743954 0.0409868224 2.5508849958 0.0000000000
5.1916005191 1.1000000000 3.7542642527 0.0408532015 2.5507909766 0.0000000000
5.1993353679 1.1000000000 3.7542542145 0.0407202720 2.5506976519 0.0000000000
5.2070702187 1.1000000000 3.7542442706 0.0405880881 2.5506050029 0.0000000000
5.2148050719 1.1000000000 3.7542344110 0.0404567039 2.5505130106 0.0000000000
5.2225399276 1.1000000000 3.7542246253 0.0403261738 2.5504216560 0.0000000000
5.2302747857 1.1000000000 3.7542149035 0.0401965520 2.5503309201 0.0000000000
5.2380096465 1.1000000000 3.7542052355 0.0400678927 2.5502407841 0.0000000000
5.2457445101 1.1000000000 3.7541956109 0.0399402501 2.5501512289 0.0000000000
5.2534793766 1.1000000000 3.7541860198 0.0398136785 2.5500622356 0.0000000000
5.2612142460 1.1000000000 3.7541764518 0.0396882322 2.5499737853 0.0000000000
5.2689491186 1.1000000000 3.7541668969 0.0395639653 2.5498858589 0.0000000000
5.2766839945 1.1000000000 3.7541573450 0.0394409321 2.5497984379 0.0000000000
5.2844188737 1.1000000000 3.7541477926 0.0393191799 2.5497115276 0.0000000000
5.2921537562 1.1000000000 3.7541382485 0.0391987443 2.5496251768 0.0000000000
5.2998886421 1.1000000000 3.7541287225 0.0390796595 2.5495394391 0.0000000000
5.3076235315 1.1000000000 3.7541192247 0.0389619596 2.5494543676 0.0000000000
5.3153584244 1.1000000000 3.7541097648 0.0388456789 2.5493700160 0.0000000000
5.3230933207 1.1000000000 3.7541003529 0.0387308514 2.5492864374 0.0000000000
5.3308282206 1.1000000000 3.7540909989 0.0386175115 2.5492036853 0.0000000000
5.3385631241 1.1000000000 3.7540817127 0.0385056932 2.5491218131 0.0000000000
5.3462980312 1.1000000000 3.7540725042 0.0383954308 2.5490408742 0.0000000000
5.3540329419 1.1000000000 3.7540633833 0.0382867585 2.5489609220 0.0000000000
5.3617678563 1.1000000000 3.7540543601 0.0381797105 2.5488820097 0.0000000000
5.3695027745 1.1000000000 3.7540454444 0.0380743209 2.5488041910 0.0000000000
5.3772376963 1.1000000000 3.7540366461 0.0379706239 2.5487275190 0.0000000000
5.3849726220 1.1000000000 3.7540279751 0.0378686537 2.5486520472 0.0000000000
5.3927075515 1.1000000000 3.7540194415 0.0377684446 2.5485778290 0.0000000000
5.4004424848 1.1000000000 3.7540110523 0.0376700178 2.5485049015 0.0000000000
5.4081774218 1.1000000000 3.7540028055 0.0375733524 2.5484332480 0.0000000000
5.4159123625 1.1000000000 3.7539946972 0.0374784187 2.5483628413 0.0000000000
5.4236473066 1.1000000000 3.7539867234 0.0373851872 2.5482936536 0.0000000000
5.4313822542 1.1000000000 3.7539788803 0.0372936282 2.5482256576 0.0000000000
5.4391172049 1.1000000000 3.7539711639 0.0372037122 2.5481588257 0.0000000000
5.4468521589 1.1000000000 3.7539635704 0.0371154095 2.5480931305 0.0000000000
5.4545871159 1.1000000000 3.7539560958 0.0370286905 2.5480285445 0.0000000000
5.4623220758 1.1000000000 3.7539487362 0.0369435256 2.5479650400 0.0000000000
5.4700570385 1.1000000000 3.7539414876 0.0368598852 2.5479025898 0.0000000000
5.4777920038 1.1000000000 3.7539343463 0.0367777396 2.5478411661 0.0000000000
5.4855269718 1.1000000000 3.7539273082 0.0366970593 2.5477807417 0.0000000000
5.4932619422 1.1000000000 3.7539203695 0.0366178147 2.5477212889 0.0000000000
5.5009969150 1.1000000000 3.7539135262 0.0365399761 2.5476627802 0.0000000000
5.5087318899 1.1000000000 3.7539067743 0.0364635142 2.5476051881 0.0000000000
5.5164668671 1.1000000000 3.7539001082 0.0363884073 2.5475484808 0.0000000000
5.5242018463 1.1000000000 3.7538935202 0.0363146414 2.5474926224 0.0000000000
5.5319368275 1.1000000000 3.7538870026 0.0362422032 2.5474375770 0.0000000000
5.5396718107 1.1000000000 3.7538805479 0.0361710793 2.5473833085 0.0000000000
5.5474067958 1.1000000000 3.7538741483 0.0361012560 2.5473297807 0.0000000000
5.5551417827 1.1000000000 3.7538677961 0.0360327201 2.5472769576 0.0000000000
5.5628767715 1.1000000000 3.7538614837 0.0359654580 2.5472248031 0.0000000000
5.5706117619 1.1000000000 3.7538552034 0.0358994563 2.5471732812 0.0000000000
5.5783467541 1.1000000000 3.7538489475 0.0358347015 2.5471223558 0.0000000000
5.5860817479 1.1000000000 3.7538427084 0.0357711802 2.5470719908 0.0000000000
5.5938167432 1.1000000000 3.7538364783 0.0357088789 2.5470221501 0.0000000000
5.6015517400 1.1000000000 3.7538302497 0.0356477842 2.5469727977 0.0000000000
5.6092867383 1.1000000000 3.7538240148 0.0355878826 2.5469238975 0.0000000000
5.6170217380 1.1000000000 3.7538177660 0.0355291599 2.5468754132 0.0000000000
5.6247567390 1.1000000000 3.7538114967 0.0354715583 2.5468272955 0.0000000000
5.6324917411 1.1000000000 3.7538052020 0.0354149574 2.5467794760 0.0000000000
5.6402267442 1.1000000000 3.7537988769 0.0353592316 2.5467318852 0.0000000000
5.6479617482 1.1000000000 3.7537925165 0.0353042552 2.5466844532 0.0000000000
5.6556967529 1.1000000000 3.7537861160 0.0352499028 2.5466371104 0.0000000000
5.6634317581 1.1000000000 3.7537796706 0.0351960487 2.5465897870 0.0000000000
5.6711667636 1.1000000000 3.7537731753 0.0351425675 2.5465424133 0.0000000000
5.6789017695 1.1000000000 3.7537666253 0.0350893335 2.5464949196 0.0000000000
5.6866367754 1.1000000000 3.7537600156 0.0350362213 2.5464472361 0.0000000000
5.6943717812 1.1000000000 3.7537533415 0.0349831052 2.5463992932 0.0000000000
5.7021067868 1.1000000000 3.7537465980 0.0349298596 2.5463510211 0.0000000000
5.7098417921 1.1000000000 3.7537397803 0.0348763591 2.5463023500 0.0000000000
5.7175767968 1.1000000000 3.7537328835 0.0348224781 2.5462532103 0.0000000000
5.7253118009 1.1000000000 3.7537259030 0.0347680959 2.5462035356 0.0000000000
5.7330468042 1.1000000000 3.7537188395 0.0347131711 2.5461533116 0.0000000000
5.7407818069 1.1000000000 3.7537116978 0.0346577252 2.5461025662 0.0000000000
5.7485168089 1.1000000000 3.7537044826 0.0346017815 2.5460513283 0.0000000000
5.7562518103 1.1000000000 3.7536971990 0.0345453636 2.5459996267 0.0000000000
5.7639868112 1.1000000000 3.7536898518 0.0344884948 2.5459474904 0.0000000000
5.7717218115 1.1000000000 3.7536824459 0.0344311984 2.5458949483 0.0000000000
5.7794568113 1.1000000000 3.7536749862 0.0343734978 2.5458420292 0.0000000000
5.7871918106 1.1000000000 3.7536674776 0.0343154165 2.5457887621 0.0000000000
5.7949268095 1.1000000000 3.7536599249 0.0342569777 2.5457351758 0.0000000000
5.8026618080 1.1000000000 3.7536523331 0.0341982050 2.5456812994 0.0000000000
5.8103968061 1.1000000000 3.7536447069 0.0341391215 2.5456271615 0.0000000000
5.8181318039 1.1000000000 3.7536370514 0.0340797509 2.5455727913 0.0000000000
5.8258668014 1.1000000000 3.7536293715 0.0340201163 2.5455182175 0.0000000000
5.8336017986 1.1000000000 3.7536216676 0.0339602180 2.5454634428 0.0000000000
5.8413367954 1.1000000000 3.7536139272 0.0338999827 2.5454083871 0.0000000000
5.8490717916 1.1000000000 3.7536061350 0.0338393231 2.5453529544 0.0000000000
5.8568067871 1.1000000000 3.7535982756 0.0337781520 2.5452970484 0.0000000000
5.8645417817 1.1000000000 3.7535903338 0.0337163819 2.5452405732 0.0000000000
5.8722767753 1.1000000000 3.7535822943 0.0336539255 2.5451834327 0.0000000000
5.8800117676 1.1000000000 3.7535741418 0.0335906954 2.5451255306 0.0000000000
5.8877467586 1.1000000000 3.7535658610 0.0335266042 2.5450667709 0.0000000000
5.8954817482 1.1000000000 3.7535574366 0.0334615647 2.5450070575 0.0000000000
5.9032167360 1.1000000000 3.7535488533 0.0333954895 2.5449462942 0.0000000000
5.9109517221 1.1000000000 3.7535400959 0.0333282911 2.5448843851 0.0000000000
5.9186867062 1.1000000000 3.7535311489 0.0332598823 2.5448212339 0.0000000000
5.9264216881 1.1000000000 3.7535219973 0.0331901757 2.5447567445 0.0000000000
5.9341566678 1.1000000000 3.7535126273 0.0331190929 2.5446908317 0.0000000000
5.9418916453 1.1000000000 3.7535030399 0.0330466252 2.5446234947 0.0000000000
5.9496266204 1.1000000000 3.7534932420 0.0329727965 2.5445547719 0.0000000000
5.9573615934 1.1000000000 3.7534832412 0.0328976308 2.5444847023 0.0000000000
5.9650965640 1.1000000000 3.7534730446 0.0328211522 2.5444133245 0.0000000000
5.9728315325 1.1000000000 3.7534626596 0.0327433847 2.5443406774 0.0000000000
5.9805664987 1.1000000000 3.7534520934 0.0326643523 2.5442667998 0.0000000000
5.9883014628 1.1000000000 3.7534413534 0.0325840792 2.5441917305 0.0000000000
5.9960364247 1.1000000000 3.7534304468 0.0325025893 2.5441155082 0.0000000000
6.0037713844 1.1000000000 3.7534193810 0.0324199067 2.5440381717 0.0000000000
6.0115063420 1.1000000000 3.7534081632 0.0323360554 2.5439597600 0.0000000000
6.0192412975 1.1000000000 3.7533968007 0.0322510592 2.5438803115 0.0000000000
6.0269762507 1.1000000000 3.7533853019 0.0321649008 2.5437998530 0.0000000000
6.0347112016 1.1000000000 3.7533736771 0.0320774908 2.5437183897 0.0000000000
6.0424461498 1.1000000000 3.7533619367 0.0319887318 2.5436359245 0.0000000000
6.0501810950 1.1000000000 3.7533500912 0.0318985267 2.5435524605 0.0000000000
6.0579160372 1.1000000000 3.7533381511 0.0318067783 2.5434680007 0.0000000000
6.0656509759 1.1000000000 3.7533261268 0.0317133893 2.5433825480 0.0000000000
6.0733859109 1.1000000000 3.7533140288 0.0316182627 2.5432961054 0.0000000000
6.0811208421 1.1000000000 3.7533018676 0.0315213012 2.5432086758 0.0000000000
6.0888557691 1.1000000000 3.7532896536 0.0314224076 2.5431202624 0.0000000000
6.0965906918 1.1000000000 3.7532773972 0.0313214848 2.5430308680 0.0000000000
6.1043256098 1.1000000000 3.7532651091 0.0312184354 2.5429404957 0.0000000000
6.1120605229 1.1000000000 3.7532527977 0.0311131692 2.5428491436 0.0000000000
6.1197954312 1.1000000000 3.7532404414 0.0310057037 2.5427567321 0.0000000000
6.1275303346 1.1000000000 3.7532279943 0.0308961429 2.5426631197 0.0000000000
6.1352652334 1.1000000000 3.7532154101 0.0307845934 2.5425681629 0.0000000000
6.1430001277 1.1000000000 3.7532026421 0.0306711616 2.5424717183 0.0000000000
6.1507350175 1.1000000000 3.7531896440 0.0305559540 2.5423736426 0.0000000000
6.1584699030 1.1000000000 3.7531763691 0.0304390772 2.5422737924 0.0000000000
6.1662047843 1.1000000000 3.7531627710 0.0303206376 2.5421720243 0.0000000000
6.1739396616 1.1000000000 3.7531488033 0.0302007417 2.5420681949 0.0000000000
6.1816745349 1.1000000000 3.7531344193 0.0300794961 2.5419621607 0.0000000000
6.1894094044 1.1000000000 3.7531195726 0.0299570071 2.5418537785 0.0000000000
6.1971442702 1.1000000000 3.7531042168 0.0298333814 2.5417429048 0.0000000000
6.2048791323 1.1000000000 3.7530883137 0.0297086990 2.5416294196 0.0000000000
6.2126139903 1.1000000000 3.7530719042 0.0295827957 2.5415134203 0.0000000000
6.2203488434 1.1000000000 3.7530550717 0.0294553750 2.5413951219 0.0000000000
6.2280836907 1.1000000000 3.7530378999 0.0293261391 2.5412747404 0.0000000000
6.2358185314 1.1000000000 3.7530204727 0.0291947900 2.5411524921 0.0000000000
6.2435533647 1.1000000000 3.7530028739 0.0290610300 2.5410285929 0.0000000000
6.2512881899 1.1000000000 3.7529851874 0.0289245612 2.5409032592 0.0000000000
6.2590230061 1.1000000000 3.7529674969 0.0287850856 2.5407767070 0.0000000000
6.2667578124 1.1000000000 3.7529498862 0.0286423056 2.5406491524 0.0000000000
6.2744926082 1.1000000000 3.7529324393 0.0284959231 2.5405208116 0.0000000000
6.2822273927 1.1000000000 3.7529152221 0.0283456974 2.5403918523 0.0000000000
6.2899621660 1.1000000000 3.7528981915 0.0281917361 2.5402621458 0.0000000000
6.2976969287 1.1000000000 3.7528812634 0.0280342795 2.5401314506 0.0000000000
6.3054316810 1.1000000000 3.7528643533 0.0278735679 2.5399995255 0.0000000000
6.3131664235 1.1000000000 3.7528473768 0.0277098415 2.5398661289 0.0000000000
6.3209011566 1.1000000000 3.7528302495 0.0275433408 2.5397310193 0.0000000000
6.3286358807 1.1000000000 3.7528128869 0.0273743061 2.5395939554 0.0000000000
6.3363705963 1.1000000000 3.7527952048 0.0272029777 2.5394546956 0.0000000000
6.3441053038 1.1000000000 3.7527771187 0.0270295959 2.5393129984 0.0000000000
6.3518400036 1.1000000000 3.7527585442 0.0268544011 2.5391686225 0.0000000000
6.3595746962 1.1000000000 3.7527394024 0.0266776148 2.5390213405 0.0000000000
6.3673093808 1.1000000000 3.7527197139 0.0264991125 2.5388711856 0.0000000000
6.3750440560 1.1000000000 3.7526995870 0.0263184659 2.5387184196 0.0000000000
6.3827787201 1.1000000000 3.7526791331 0.0261352364 2.5385633120 0.0000000000
6.3905133716 1.1000000000 3.7526584633 0.0259489854 2.5384061325 0.0000000000
6.3982480089 1.1000000000 3.7526376889 0.0257592743 2.5382471506 0.0000000000
6.4059826305 1.1000000000 3.7526169213 0.0255656643 2.5380866360 0.0000000000
6.4137172348 1.1000000000 3.7525962588 0.0253677736 2.5379248297 0.0000000000
6.4214518230 1.1000000000 3.7525756505 0.0251658817 2.5377616397 0.0000000000
6.4291863976 1.1000000000 3.7525549488 0.0249606961 2.5375967587 0.0000000000
6.4369209609 1.1000000000 3.7525340045 0.0247529313 2.5374298756 0.0000000000
6.4446555156 1.1000000000 3.7525126684 0.0245433018 2.5372606795 0.0000000000
6.4523900642 1.1000000000 3.7524907913 0.0243325223 2.5370888594 0.0000000000
6.4601246079 1.1000000000 3.7524682714 0.0241209987 2.5369141703 0.0000000000
6.4678591422 1.1000000000 3.7524452178 0.0239077633 2.5367366619 0.0000000000
6.4755936613 1.1000000000 3.7524217984 0.0236914663 2.5365564653 0.0000000000
6.4833281590 1.1000000000 3.7523981809 0.0234707579 2.5363737120 0.0000000000
6.4910626294 1.1000000000 3.7523745332 0.0232442882 2.5361885334 0.0000000000
6.4987970674 1.1000000000 3.7523510039 0.0230109275 2.5360010719 0.0000000000
6.5065314750 1.1000000000 3.7523276031 0.0227711326 2.5358115508 0.0000000000
6.5142658570 1.1000000000 3.7523042803 0.0225260559 2.5356202288 0.0000000000
6.5220002185 1.1000000000 3.7522809846 0.0222768527 2.5354273648 0.0000000000
6.5297345645 1.1000000000 3.7522576652 0.0220246782 2.5352332173 0.0000000000
6.5374688987 1.1000000000 3.7522342415 0.0217704084 2.5350378146 0.0000000000
6.5452032207 1.1000000000 3.7522105448 0.0215140905 2.5348405007 0.0000000000
6.5529375296 1.1000000000 3.7521863901 0.0212556182 2.5346404928 0.0000000000
6.5606718245 1.1000000000 3.7521615922 0.0209948856 2.5344370084 0.0000000000
6.5684061044 1.1000000000 3.7521359850 0.0207317598 2.5342293292 0.0000000000
6.5761403659 1.1000000000 3.7521097582 0.0204656068 2.5340179608 0.0000000000
6.5838746040 1.1000000000 3.7520834196 0.0201953442 2.5338045013 0.0000000000
6.5916088135 1.1000000000 3.7520574882 0.0199198741 2.5335905875 0.0000000000
6.5993429892 1.1000000000 3.7520324771 0.0196381104 2.5333778377 0.0000000000
6.6070771300 1.1000000000 3.7520084766 0.0193498482 2.5331665306 0.0000000000
6.6148112411 1.1000000000 3.7519848705 0.0190563528 2.5329547082 0.0000000000
6.6225453284 1.1000000000 3.7519609758 0.0187590294 2.5327402001 0.0000000000
6.6302793976 1.1000000000 3.7519361470 0.0184591925 2.5325209502 0.0000000000
6.6380134458 1.1000000000 3.7519104224 0.0181565082 2.5322969779 0.0000000000
6.6457474633 1.1000000000 3.7518844368 0.0178492038 2.5320701140 0.0000000000
6.6534814400 1.1000000000 3.7518588454 0.0175354585 2.5318422502 0.0000000000
6.6612153701 1.1000000000 3.7518340959 0.0172141957 2.5316147470 0.0000000000
6.6689492626 1.1000000000 3.7518099136 0.0168869338 2.5313871130 0.0000000000
6.6766831295 1.1000000000 3.7517858664 0.0165557569 2.5311584535 0.0000000000
6.6844169811 1.1000000000 3.7517615846 0.0162224539 2.5309280052 0.0000000000
6.6921508123 1.1000000000 3.7517372289 0.0158863070 2.5306961237 0.0000000000
6.6998846101 1.1000000000 3.7517132277 0.0155453329 2.5304637291 0.0000000000
6.7076183618 1.1000000000 3.7516899994 0.0151975911 2.5302317193 0.0000000000
6.7153520651 1.1000000000 3.7516675861 0.0148427964 2.5300001483 0.0000000000
6.7230857303 1.1000000000 3.7516455841 0.0144826230 2.5297680706 0.0000000000
6.7308193686 1.1000000000 3.7516235686 0.0141188508 2.5295344998 0.0000000000
6.7385529878 1.1000000000 3.7516015236 0.0137526371 2.5292998345 0.0000000000
6.7462865909 1.1000000000 3.7515801423 0.0133840581 2.5290668774 0.0000000000
6.7540201793 1.1000000000 3.7515601487 0.0130130134 2.5288384855 0.0000000000
6.7617537392 1.1000000000 3.7515413648 0.0126378564 2.5286132870 0.0000000000
6.7694872414 1.1000000000 3.7515227170 0.0122554057 2.5283857153 0.0000000000
6.7772206636 1.1000000000 3.7515032765 0.0118632892 2.5281511069 0.0000000000
6.7849540309 1.1000000000 3.7514832456 0.0114645330 2.5279114809 0.0000000000
6.7926873860 1.1000000000 3.7514632559 0.0110641455 2.5276713671 0.0000000000
6.8004207351 1.1000000000 3.7514438571 0.0106628591 2.5274332570 0.0000000000
6.8081540289 1.1000000000 3.7514254724 0.0102548802 2.5271965270 0.0000000000
6.8158872215 1.1000000000 3.7514084666 0.0098348074 2.5269604744 0.0000000000
6.8236203538 1.1000000000 3.7513926834 0.0094073897 2.5267263747 0.0000000000
6.8313535197 1.1000000000 3.7513776504 0.0089835525 2.5264967080 0.0000000000
6.8390867567 1.1000000000 3.7513633027 0.0085677267 2.5262729866 0.0000000000
6.8468199594 1.1000000000 3.7513506096 0.0081478205 2.5260542516 0.0000000000
6.8545530285 1.1000000000 3.7513404690 0.0077124143 2.5258395270 0.0000000000
6.8622859953 1.1000000000 3.7513326935 0.0072652235 2.5256295487 0.0000000000
6.8700189269 1.1000000000 3.7513267677 0.0068140663 2.5254253823 0.0000000000
6.8777518422 1.1000000000 3.7513220223 0.0063612583 2.5252252776 0.0000000000
6.8854847226 1.1000000000 3.7513176519 0.0059047812 2.5250252054 0.0000000000
6.8932175764 1.1000000000 3.7513126321 0.0054454631 2.5248213989 0.0000000000
6.9009504333 1.1000000000 3.7513059735 0.0049863748 2.5246111290 0.0000000000
6.9086832475 1.1000000000 3.7513005158 0.0045229173 2.5244039153 0.0000000000
6.9164159249 1.1000000000 3.7513016056 0.0040455213 2.5242173160 0.0000000000
6.9241485218 1.1000000000 3.7513076308 0.0035598515 2.5240471488 0.0000000000
6.9318811744 1.1000000000 3.7513130678 0.0030796676 2.5238768235 0.0000000000
6.9396138317 1.1000000000 3.7513179623 0.0026001231 2.5237045835 0.0000000000
6.9473463305 1.1000000000 3.7513262826 0.0021052179 2.5235399028 0.0000000000
6.9550787842 1.1000000000 3.7513397856 0.0016064778 2.5233944186 0.0000000000
6.9628113768 1.1000000000 3.7513578396 0.0011223325 2.5232729764 0.0000000000
6.9705438940 1.1000000000 3.7513757101 0.0006308480 2.5231478646 0.0000000000
6.9782762437 1.1000000000 3.7513919900 0.0001226472 2.5230097040 0.0000000000
6.9860086650 1.1000000000 3.7514117493 -0.0003778522 2.5228885416 0.0000000000
6.9937411306 1.1000000000 3.7514360492 -0.0008728331 2.5227877486 0.0000000000
7.0014734170 1.1000000000 3.7514622793 -0.0013843288 2.5226880707 0.0000000000
7.0092056519 1.1000000000 3.7514892866 -0.0019005196 2.5225896238 0.0000000000
7.0169379109 1.1000000000 3.7515167594 -0.0024142371 2.5224940281 0.0000000000
7.0246700173 1.1000000000 3.7515455510 -0.0029417708 2.5223981807 0.0000000000
7.0324020114 1.1000000000 3.7515812010 -0.0034767592 2.5223267857 0.0000000000
7.0401340164 1.1000000000 3.7516253312 -0.0040069029 2.5222912488 0.0000000000
7.0478661269 1.1000000000 3.7516703455 -0.0045269163 2.5222633005 0.0000000000
7.0555981753 1.1000000000 3.7517151073 -0.0050526248 2.5222320645 0.0000000000
7.0633300964 1.1000000000 3.7517612468 -0.0055892959 2.5222019538 0.0000000000
7.0710620910 1.1000000000 3.7518082022 -0.0061188444 2.5221779562 0.0000000000
7.0787938979 1.1000000000 3.7518580802 -0.0066636468 2.5221595471 0.0000000000
7.0865255509 1.1000000000 3.7519160165 -0.0072170072 2.5221699482 0.0000000000
7.0942572092 1.1000000000 3.7519805089 -0.0077653896 2.5222085651 0.0000000000
7.1019888823 1.1000000000 3.7520394307 -0.0083163729 2.5222238588 0.0000000000
7.1097206297 1.1000000000 3.7521049365 -0.0088560667 2.5222700044 0.0000000000
7.1174520710 1.1000000000 3.7521763021 -0.0094177940 2.5223307759 0.0000000000
7.1251831954 1.1000000000 3.7522506929 -0.0100041691 2.5223937889 0.0000000000
7.1329144068 1.1000000000 3.7523329649 -0.0105765244 2.5224939349 0.0000000000
7.1406455258 1.1000000000 3.7524157401 -0.0111561781 2.5225931743 0.0000000000
7.1483767301 1.1000000000 3.7524997396 -0.0117275368 2.5227006289 0.0000000000
7.1561078506 1.1000000000 3.7525894793 -0.0123005247 2.5228303927 0.0000000000
7.1638388977 1.1000000000 3.7526882294 -0.0128705756 2.5229973725 0.0000000000
7.1715698656 1.1000000000 3.7527812732 -0.0134527741 2.5231366683 0.0000000000
7.1793006555 1.1000000000 3.7528738418 -0.0140500566 2.5232680297 0.0000000000
7.1870313165 1.1000000000 3.7529806742 -0.0146433261 2.5234580514 0.0000000000
7.1947618159 1.1000000000 3.7530877971 -0.0152489681 2.5236442861 0.0000000000
7.2024923252 1.1000000000 3.7532030910 -0.0158445532 2.5238672278 0.0000000000
7.2102227866 1.1000000000 3.7533125585 -0.0164507349 2.5240626254 0.0000000000
7.2179530118 1.1000000000 3.7534266115 -0.0170703450 2.5242709933 0.0000000000
7.2256829429 1.1000000000 3.7535505000 -0.0177009291 2.5245143134 0.0000000000
7.2334127529 1.1000000000 3.7536759771 -0.0183387522 2.5247610927 0.0000000000
7.2411429342 1.1000000000 3.7537992697 -0.0189504362 2.5250095893 0.0000000000
7.2488727366 1.1000000000 3.7539301971 -0.0195814340 2.5252809001 0.0000000000
7.2566017647 1.1000000000 3.7540623972 -0.0202690428 2.5255346569 0.0000000000
7.2643315761 1.1000000000 3.7541934846 -0.0208984534 2.5258072420 0.0000000000
7.2720612861 1.1000000000 3.7543226958 -0.0215390892 2.5260678328 0.0000000000
7.2797898381 1.1000000000 3.7544607260 -0.0222516433 2.5263349320 0.0000000000
7.2875186145 1.1000000000 3.7546143575 -0.0229281428 2.5266788582 0.0000000000
7.2952479002 1.1000000000 3.7547593061 -0.0235795441 2.5269980918 0.0000000000
7.3029770396 1.1000000000 3.7548996361 -0.0242482096 2.5272919458 0.0000000000
7.3107048311 1.1000000000 3.7550503762 -0.0249954701 2.5275960019 0.0000000000
7.3184329853 1.1000000000 3.7552107893 -0.0257049138 2.5279538768 0.0000000000
7.3261612903 1.1000000000 3.7553620799 -0.0264160908 2.5282745685 0.0000000000
7.3338887548 1.1000000000 3.7555232544 -0.0271710650 2.5286172768 0.0000000000
7.3416167651 1.1000000000 3.7556803224 -0.0278951955 2.5289558965 0.0000000000
7.3493426639 1.1000000000 3.7558301029 -0.0287516833 2.5292124236 0.0000000000
7.3570695076 1.1000000000 3.7559985699 -0.0295326451 2.5295739069 0.0000000000
7.3647956683 1.1000000000 3.7561583362 -0.0303673136 2.5298791045 0.0000000000
7.3725211803 1.1000000000 3.7563012316 -0.0312570318 2.5300947986 0.0000000000
7.3802464069 1.1000000000 3.7564773253 -0.0321200140 2.5304539807 0.0000000000
7.3879713952 1.1000000000 3.7566668064 -0.0329806971 2.5308676319 0.0000000000
7.3956977877 1.1000000000 3.7568485052 -0.0337750735 2.5312766765 0.0000000000
7.4034217731 1.1000000000 3.7570358244 -0.0346947882 2.5316580674 0.0000000000
7.4111478463 1.1000000000 3.7572197890 -0.0355048442 2.5320699036 0.0000000000
7.4188715034 1.1000000000 3.7574224599 -0.0364210657 2.5325140984 0.0000000000
7.4265972457 1.1000000000 3.7576079162 -0.0372484776 2.5329249588 0.0000000000
7.4343194494 1.1000000000 3.7578261144 -0.0382156076 2.5334108997 0.0000000000
7.4420440921 1.1000000000 3.7580230991 -0.0390870290 2.5338502699 0.0000000000
7.4497672264 1.1000000000 3.7582349807 -0.0400152663 2.5343265015 0.0000000000
7.4574908980 1.1000000000 3.7584136069 -0.0409644422 2.5346613361 0.0000000000
7.4652120159 1.1000000000 3.7586302395 -0.0419882420 2.5351183466 0.0000000000
7.4729354618 1.1000000000 3.7588378199 -0.0429050033 2.5355819636 0.0000000000
7.4806571035 1.1000000000 3.7590612776 -0.0438934777 2.5360804046 0.0000000000
7.4883786558 1.1000000000 3.7592684468 -0.0449088439 2.5365029346 0.0000000000
7.4960989425 1.1000000000 3.7594859012 -0.0459705045 2.5369480880 0.0000000000
7.5038213649 1.1000000000 3.7596897014 -0.0469492281 2.5373717996 0.0000000000
7.5115403044 1.1000000000 3.7599114922 -0.0480642876 2.5378129388 0.0000000000
7.5192588009 1.1000000000 3.7601126817 -0.0492231075 2.5381541688 0.0000000000
7.5269776206 1.1000000000 3.7603058901 -0.0503768197 2.5384655176 0.0000000000
7.5346949762 1.1000000000 3.7604997515 -0.0515904663 2.5387555047 0.0000000000
7.5424136274 1.1000000000 3.7606966466 -0.0527457360 2.5390809770 0.0000000000
7.5501311572 1.1000000000 3.7609067952 -0.0539078661 2.5394567193 0.0000000000
7.5578472915 1.1000000000 3.7611426468 -0.0551213193 2.5399147447 0.0000000000
7.5655655546 1.1000000000 3.7613293336 -0.0562814534 2.5401974380 0.0000000000
7.5732799970 1.1000000000 3.7615716414 -0.0575485737 2.5406598214 0.0000000000
7.5809970666 1.1000000000 3.7617427626 -0.0587751686 2.5408536679 0.0000000000
7.5887129503 1.1000000000 3.7619553430 -0.0599716278 2.5412254061 0.0000000000
7.5964254794 1.1000000000 3.7622213714 -0.0612737706 2.5417686623 0.0000000000
7.6041415526 1.1000000000 3.7624358784 -0.0625134523 2.5421308177 0.0000000000
7.6118533817 1.1000000000 3.7626257840 -0.0639235587 2.5423263977 0.0000000000
7.6195620415 1.1000000000 3.7628133631 -0.0653767259 2.5424954472 0.0000000000
7.6272755987 1.1000000000 3.7630038357 -0.0667317605 2.5427153239 0.0000000000
7.6349895323 1.1000000000 3.7631461282 -0.0680747730 2.5427472886 0.0000000000
7.6426919863 1.1000000000 3.7633345481 -0.0697604808 2.5428266850 0.0000000000
7.6504002798 1.1000000000 3.7634804260 -0.0713244174 2.5427846221 0.0000000000
7.6581074658 1.1000000000 3.7636042688 -0.0729260912 2.5426393241 0.0000000000
7.6658044579 1.1000000000 3.7636991689 -0.0747688408 2.5422818243 0.0000000000
7.6735124024 1.1000000000 3.7638517846 -0.0763312291 2.5422673318 0.0000000000
7.6812149439 1.1000000000 3.7639525355 -0.0780834487 2.5419694475 0.0000000000
7.6889138166 1.1000000000 3.7640117595 -0.0799413986 2.5414631636 0.0000000000
7.6966113614 1.1000000000 3.7640605808 -0.0818381520 2.5408997474 0.0000000000
7.7043029523 1.1000000000 3.7640608927 -0.0838825660 2.5400832296 0.0000000000
7.7119914645 1.1000000000 3.7640647695 -0.0860044262 2.5392499925 0.0000000000
7.7196700316 1.1000000000 3.7640055920 -0.0880980413 2.5381758364 0.0000000000
7.7273284097 1.1000000000 3.7639399928 -0.0905752855 2.5369225423 0.0000000000
7.7350090910 1.1000000000 3.7638382775 -0.0928327209 2.5356127069 0.0000000000
7.7426765767 1.1000000000 3.7636839655 -0.0953514776 2.5339879563 0.0000000000
7.7503265037 1.1000000000 3.7634241336 -0.0979491705 2.5319095515 0.0000000000
7.7579698994 1.1000000000 3.7632615003 -0.1008057595 2.5301163824 0.0000000000
7.7656069303 1.1000000000 3.7629720624 -0.1037837571 2.5277674320 0.0000000000
7.7732372906 1.1000000000 3.7626488991 -0.1068445822 2.5252504485 0.0000000000
7.7807679736 1.1000000000 3.7621306830 -0.1106343583 2.5216616737 0.0000000000
7.7883573887 1.1000000000 3.7617892663 -0.1137629290 2.5190445786 0.0000000000
7.7958995193 1.1000000000 3.7612536674 -0.1176245834 2.5153575216 0.0000000000
7.8034125044 1.1000000000 3.7606826638 -0.1216915149 2.5114467343 0.0000000000
7.8108510952 1.1000000000 3.7600919833 -0.1261809411 2.5072882418 0.0000000000
7.8183197100 1.1000000000 3.7594320944 -0.1304725899 2.5029320269 0.0000000000
7.8257498166 1.1000000000 3.7587699532 -0.1350585279 2.4984490866 0.0000000000
7.8331586297 1.1000000000 3.7580183534 -0.1396838131 2.4935925735 0.0000000000
7.8403876591 1.1000000000 3.7571909136 -0.1454691363 2.4879686851 0.0000000000
7.8476362138 1.1000000000 3.7562714618 -0.1512389028 2.4819829710 0.0000000000
7.8548614087 1.1000000000 3.7554324624 -0.1570796798 2.4762906626 0.0000000000
7.8620029773 1.1000000000 3.7546801665 -0.1628499097 2.4709733873 0.0000000000
7.8692063275 1.1000000000 3.7538267179 -0.1688344245 2.4651657869 0.0000000000
7.8751172045 1.1000000000 3.7550037237 -0.1728036819 2.4682861071 0.0000000000
7.8765410206 1.1000000000 3.7577035891 -0.1565427650 2.4855899354 0.0000000000
7.8827670834 1.1000000000 3.7557150677 -0.1646700217 2.4743849474 0.0000000000
7.8890246456 1.1000000000 3.7536935335 -0.1748169876 2.4622400240 0.0000000000
7.8947103349 1.1000000000 3.7515313479 -0.1867499792 2.4488180852 0.0000000000
7.8998677845 1.1000000000 3.7492232061 -0.1999397281 2.4343096184 0.0000000000
7.9045223499 1.1000000000 3.7469123931 -0.2142528117 2.4193411328 0.0000000000
7.9085492538 1.1000000000 3.7445994858 -0.2297097325 2.4039067352 0.0000000000
7.9120335230 1.1000000000 3.7423900197 -0.2460596441 2.3885289062 0.0000000000
7.9149730453 1.1000000000 3.7402443567 -0.2631175926 2.3731230751 0.0000000000
7.9174006219 1.1000000000 3.7381948938 -0.2807440815 2.3578746279 0.0000000000
7.9193544064 1.1000000000 3.7362804021 -0.2988283706 2.3429829452 0.0000000000
7.9208845786 1.1000000000 3.7344847077 -0.3172406251 2.3284352658 0.0000000000
7.9220343842 1.1000000000 3.7328894659 -0.3359411076 2.3145741056 0.0000000000
7.9229328670 1.1000000000 3.7313205539 -0.3547420032 2.3007780996 0.0000000000
7.9236104034 1.1000000000 3.7298742643 -0.3736623100 2.2874248185 0.0000000000
7.9241146809 1.1000000000 3.7285144964 -0.3926564106 2.2743881067 0.0000000000
7.9244892849 1.1000000000 3.7272546959 -0.4117121487 2.2617266093 0.0000000000
7.9247708052 1.1000000000 3.7260680958 -0.4308074482 2.2493420889 0.0000000000
7.9249823345 1.1000000000 3.7249972037 -0.4499510394 2.2374010844 0.0000000000
7.9251463788 1.1000000000 3.7239872418 -0.4691182176 2.2256943652 0.0000000000
7.9252736888 1.1000000000 3.7231000000 -0.4883250000 2.2144626852 0.0000000000
7.9253096833 1.1000000000 3.7228200000 -0.4946750000 2.2108026852 0.0000000000
7.9257691261 1.1000000000 3.7177546460 -0.6437660700 2.1309048413 0.0000000000
7.9262285690 1.1000000000 3.7129569819 -0.8254454836 2.0390424192 0.0000000000
7.9266880118 1.1000000000 3.7135785152 -0.8129528637 2.0465256004 0.0000000000
7.9271474547 1.1000000000 3.7149829665 -0.7591292193 2.0736728636 0.0000000000
7.9276068976 1.1000000000 3.7154315514 -0.7411930608 2.0826416663 0.0000000000
7.9280663404 1.1000000000 3.7156406681 -0.7325982256 2.0869160672 0.0000000000
7.9285257833 1.1000000000 3.7156693405 -0.7303428071 2.0879329242 0.0000000000
7.9289852261 1.1000000000 3.7155903706 -0.7324749935 2.0867641702 0.0000000000
7.9294446690 1.1000000000 3.7154479234 -0.7368516311 2.0844437264 0.0000000000
7.9299041118 1.1000000000 3.7152751374 -0.7423356706 2.0815589664 0.0000000000
7.9303635547 1.1000000000 3.7150594416 -0.7495167626 2.0778237464 0.0000000000
7.9308229976 1.1000000000 3.7148341381 -0.7570325930 2.0739162004 0.0000000000
7.9312824404 1.1000000000 3.7145816037 -0.7654971738 2.0695202302 0.0000000000
7.9317418833 1.1000000000 3.7143280064 -0.7740810186 2.0650723033 0.0000000000
7.9322013261 1.1000000000 3.7140667948 -0.7835193299 2.0602521322 0.0000000000
7.9326607690 1.1000000000 3.7138055831 -0.7929576412 2.0554319611 0.0000000000
7.9331202118 1.1000000000 3.7135317077 -0.8028374293 2.0503845442 0.0000000000
7.9335796547 1.1000000000 3.7132516612 -0.8129323472 2.0452263911 0.0000000000
7.9340390976 1.1000000000 3.7129711467 -0.8230579066 2.0400541095 0.0000000000
7.9344985404 1.1000000000 3.7126754697 -0.8341761732 2.0344240947 0.0000000000
7.9349579833 1.1000000000 3.7123797927 -0.8452944397 2.0287940800 0.0000000000
7.9354174261 1.1000000000 3.7120624499 -0.8572456381 2.0227442296 0.0000000000
7.9358768690 1.1000000000 3.7117281553 -0.8698485462 2.0163658878 0.0000000000
7.9363363118 1.1000000000 3.7113780207 -0.8831004625 2.0096645828 0.0000000000
7.9367957547 1.1000000000 3.7109938367 -0.8977474751 2.0022690420 0.0000000000
7.9372551976 1.1000000000 3.7105946761 -0.9131384204 1.9945160213 0.0000000000
7.9377146404 1.1000000000 3.7101663499 -0.9299780921 1.9860668480 0.0000000000
7.9381740833 1.1000000000 3.7096972406 -0.9484211568 1.9768131849 0.0000000000
7.9386335261 1.1000000000 3.7091957592 -0.9681471713 1.9669168535 0.0000000000
7.9390929690 1.1000000000 3.7086448207 -0.9898743256 1.9560222376 0.0000000000
7.9395524118 1.1000000000 3.7080739376 -1.0129117692 1.9445237279 0.0000000000
7.9400118547 1.1000000000 3.7074974374 -1.0365016633 1.9327817696 0.0000000000
7.9404712976 1.1000000000 3.7069370091 -1.0598901779 1.9211846503 0.0000000000
7.9409307404 1.1000000000 3.7064041518 -1.0823666240 1.9100626429 0.0000000000
7.9413901833 1.1000000000 3.7059023874 -1.1036010262 1.8995618242 0.0000000000
7.9418496261 1.1000000000 3.7054364459 -1.1236306389 1.8896862131 0.0000000000
7.9423090690 1.1000000000 3.7050003580 -1.1426706401 1.8803258612 0.0000000000
7.9427685118 1.1000000000 3.7045621768 -1.1608897523 1.8712854916 0.0000000000
7.9432279547 1.1000000000 3.7041618497 -1.1786761093 1.8625696402 0.0000000000
7.9436873976 1.1000000000 3.7037626698 -1.1963442477 1.8539056654 0.0000000000
7.9441468404 1.1000000000 3.7033577575 -1.2139800516 1.8452316944 0.0000000000
7.9446062833 1.1000000000 3.7029485891 -1.2318106234 1.8364627920 0.0000000000
7.9450657261 1.1000000000 3.7025359852 -1.2499090130 1.8275730208 0.0000000000
7.9455251690 1.1000000000 3.7021210209 -1.2682742785 1.8185670575 0.0000000000
7.9459846118 1.1000000000 3.7017043603 -1.2870057311 1.8094078340 0.0000000000
7.9464440547 1.1000000000 3.7012779849 -1.3061404142 1.8000484591 0.0000000000
7.9469034976 1.1000000000 3.7008403619 -1.3255612303 1.7905296405 0.0000000000
7.9473629404 1.1000000000 3.7003941913 -1.3452961548 1.7808509883 0.0000000000
7.9478223833 1.1000000000 3.6999462155 -1.3653961194 1.7710190995 0.0000000000
7.9482818261 1.1000000000 3.6994956909 -1.3858275918 1.7610444120 0.0000000000
7.9487412690 1.1000000000 3.6990394101 -1.4065079800 1.7509471335 0.0000000000
7.9492007118 1.1000000000 3.6985728757 -1.4274405288 1.7407079764 0.0000000000
7.9496601547 1.1000000000 3.6980963466 -1.4486941854 1.7303003974 0.0000000000
7.9501195976 1.1000000000 3.6976155101 -1.4703737791 1.7197052140 0.0000000000
7.9505790404 1.1000000000 3.6971397504 -1.4924966059 1.7089530444 0.0000000000
7.9510384833 1.1000000000 3.6966354435 -1.5150965881 1.6978958238 0.0000000000
7.9514979261 1.1000000000 3.6961205969 -1.5382288657 1.6865835267 0.0000000000
7.9519573690 1.1000000000 3.6955939575 -1.5618871734 1.6750136457 0.0000000000
7.9524168118 1.1000000000 3.6950678621 -1.5861224319 1.6632151607 0.0000000000
7.9528762547 1.1000000000 3.6945167562 -1.6109414497 1.6510831302 0.0000000000
7.9533356976 1.1000000000 3.6939587665 -1.6359006736 1.6388674819 0.0000000000
7.9537951404 1.1000000000 3.6933908795 -1.6614854219 1.6263620344 0.0000000000
7.9542545833 1.1000000000 3.6928030502 -1.6883760985 1.6132544467 0.0000000000
7.9547140261 1.1000000000 3.6921951840 -1.7163266094 1.5996427773 0.0000000000
7.9551734690 1.1000000000 3.6915419599 -1.7452000537 1.5854805034 0.0000000000
7.9556329118 1.1000000000 3.6908773983 -1.7749424018 1.5709253176 0.0000000000
7.9560923547 1.1000000000 3.6902053963 -1.8055882030 1.5559789892 0.0000000000
7.9565517976 1.1000000000 3.6895070809 -1.8370469454 1.5406022307 0.0000000000
7.9570112404 1.1000000000 3.6887730631 -1.8694963000 1.5246864177 0.0000000000
7.9574706833 1.1000000000 3.6880551073 -1.9028588201 1.5084695865 0.0000000000
7.9579301261 1.1000000000 3.6872937135 -1.9371386794 1.4917120675 0.0000000000
7.9583895690 1.1000000000 3.6864923431 -1.9722934821 1.4744446647 0.0000000000
7.9588490118 1.1000000000 3.6856802557 -2.0083026500 1.4567926478 0.0000000000
7.9593084547 1.1000000000 3.6848301415 -2.0449877550 1.4387181493 0.0000000000
7.9597678976 1.1000000000 3.6839412632 -2.0823832108 1.4202044538 0.0000000000
7.9602273404 1.1000000000 3.6830443224 -2.1205983690 1.4013306270 0.0000000000
7.9606867833 1.1000000000 3.6821635078 -2.1595648345 1.3822207828 0.0000000000
7.9611462261 1.1000000000 3.6812323019 -2.1996178615 1.3624747481 0.0000000000
7.9616056690 1.1000000000 3.6802601435 -2.2414315236 1.3418606497 0.0000000000
7.9620651118 1.1000000000 3.6792487485 -2.2856203511 1.3201395386 0.0000000000
7.9625245547 1.1000000000 3.6781694744 -2.3312173236 1.2975836534 0.0000000000
7.9629839976 1.1000000000 3.6771271149 -2.3758914304 1.2755445724 0.0000000000
7.9634434404 1.1000000000 3.6760425871 -2.4206160953 1.2533165956 0.0000000000
7.9639028833 1.1000000000 3.6749703793 -2.4658316624 1.2309415376 0.0000000000
7.9643623261 1.1000000000 3.6739032365 -2.5111717222 1.2085369421 0.0000000000
7.9648217690 1.1000000000 3.6727959986 -2.5565503868 1.1859565247 0.0000000000
7.9652812118 1.1000000000 3.6716408885 -2.6022551813 1.1630541665 0.0000000000
7.9657406547 1.1000000000 3.6704943220 -2.6485229680 1.1399607861 0.0000000000
7.9662000976 1.1000000000 3.6693292395 -2.6959829527 1.1163164621 0.0000000000
7.9666595404 1.1000000000 3.6680920485 -2.7456731904 1.0914916029 0.0000000000
7.9671189833 1.1000000000 3.6667424543 -2.7995246743 1.0645526325 0.0000000000
7.9675784261 1.1000000000 3.6651821265 -2.8606763490 1.0338506515 0.0000000000
7.9680378690 1.1000000000 3.6633082590 -2.9336836444 0.9971522632 0.0000000000
7.9684973118 1.1000000000 3.6611726442 -3.0155889645 0.9558476761 0.0000000000
7.9689567547 1.1000000000 3.6591767349 -3.0901235756 0.9180501943 0.0000000000
7.9694161976 1.1000000000 3.6563971735 -3.1944580665 0.8651981526 0.0000000000
7.9698756404 1.1000000000 3.6539788498 -3.2839417447 0.8197313866 0.0000000000
7.9703350833 1.1000000000 3.6567112826 -3.1882843269 0.8689240847 0.0000000000
7.9707945261 1.1000000000 3.6383000000 -3.8241750000 0.5409226852 0.0000000000
