# logAge Mass logTe Mbol logg C/O
4.1860800861 0.6800000000 3.6453200000 0.8088250000 2.2133189127 0.0000000000
4.1946190882 0.6800000000 3.6453147256 0.8086124373 2.2132127902 0.0000000000
4.2031581220 0.6800000000 3.6453096350 0.8084066217 2.2131101015 0.0000000000
4.2116971864 0.6800000000 3.6453047296 0.8082075641 2.2130108567 0.0000000000
4.2202362803 0.6800000000 3.6453000107 0.8080152753 2.2129150655 0.0000000000
4.2287754027 0.6800000000 3.6452954796 0.8078297661 2.2128227377 0.0000000000
4.2373145524 0.6800000000 3.6452911379 0.8076510473 2.2127338834 0.0000000000
4.2458537285 0.6800000000 3.6452869869 0.8074791297 2.2126485122 0.0000000000
4.2543929297 0.6800000000 3.6452830280 0.8073140242 2.2125666342 0.0000000000
4.2629321551 0.6800000000 3.6452792625 0.8071557416 2.2124882592 0.0000000000
4.2714714036 0.6800000000 3.6452756918 0.8070042926 2.2124133969 0.0000000000
4.2800106741 0.6800000000 3.6452723174 0.8068596882 2.2123420574 0.0000000000
4.2885499655 0.6800000000 3.6452691405 0.8067219391 2.2122742504 0.0000000000
4.2970892768 0.6800000000 3.6452661627 0.8065910561 2.2122099859 0.0000000000
4.3056286068 0.6800000000 3.6452633852 0.8064670501 2.2121492736 0.0000000000
4.3141679545 0.6800000000 3.6452608095 0.8063499319 2.2120921235 0.0000000000
4.3227073189 0.6800000000 3.6452584370 0.8062397123 2.2120385455 0.0000000000
4.3312466988 0.6800000000 3.6452562689 0.8061364021 2.2119885493 0.0000000000
4.3397860932 0.6800000000 3.6452543068 0.8060400121 2.2119421449 0.0000000000
4.3483255010 0.6800000000 3.6452525520 0.8059505532 2.2118993421 0.0000000000
4.3568649212 0.6800000000 3.6452510059 0.8058680361 2.2118601508 0.0000000000
4.3654043525 0.6800000000 3.6452496698 0.8057924718 2.2118245808 0.0000000000
4.3739437941 0.6800000000 3.6452485452 0.8057238709 2.2117926421 0.0000000000
4.3824832448 0.6800000000 3.6452476335 0.8056622444 2.2117643444 0.0000000000
4.3910227035 0.6800000000 3.6452469359 0.8056076030 2.2117396977 0.0000000000
4.3995621691 0.6800000000 3.6452464540 0.8055599576 2.2117187118 0.0000000000
4.4081016407 0.6800000000 3.6452461891 0.8055193189 2.2117013966 0.0000000000
4.4166411170 0.6800000000 3.6452461425 0.8054856979 2.2116877620 0.0000000000
4.4251805971 0.6800000000 3.6452463157 0.8054591052 2.2116778177 0.0000000000
4.4337200799 0.6800000000 3.6452467101 0.8054395518 2.2116715738 0.0000000000
4.4422595642 0.6800000000 3.6452473270 0.8054270485 2.2116690399 0.0000000000
4.4507990490 0.6800000000 3.6452481678 0.8054216060 2.2116702261 0.0000000000
4.4593385333 0.6800000000 3.6452492339 0.8054232352 2.2116751422 0.0000000000
4.4678780159 0.6800000000 3.6452505266 0.8054319469 2.2116837980 0.0000000000
4.4764174958 0.6800000000 3.6452520475 0.8054477519 2.2116962034 0.0000000000
4.4849569720 0.6800000000 3.6452537978 0.8054706611 2.2117123683 0.0000000000
4.4934964432 0.6800000000 3.6452557789 0.8055006852 2.2117323026 0.0000000000
4.5020359086 0.6800000000 3.6452579923 0.8055378352 2.2117560160 0.0000000000
4.5105753669 0.6800000000 3.6452604393 0.8055821217 2.2117835185 0.0000000000
4.5191148171 0.6800000000 3.6452631213 0.8056335556 2.2118148200 0.0000000000
4.5276542582 0.6800000000 3.6452660396 0.8056921477 2.2118499302 0.0000000000
4.5361936891 0.6800000000 3.6452691957 0.8057579089 2.2118888592 0.0000000000
4.5447331086 0.6800000000 3.6452725910 0.8058308500 2.2119316166 0.0000000000
4.5532725157 0.6800000000 3.6452762268 0.8059109817 2.2119782125 0.0000000000
4.5618119094 0.6800000000 3.6452801045 0.8059983150 2.2120286566 0.0000000000
4.5703512886 0.6800000000 3.6452842255 0.8060928605 2.2120829589 0.0000000000
4.5788906521 0.6800000000 3.6452885912 0.8061946292 2.2121411291 0.0000000000
4.5874299990 0.6800000000 3.6452932029 0.8063036319 2.2122031773 0.0000000000
4.5959693281 0.6800000000 3.6452980622 0.8064198794 2.2122691131 0.0000000000
4.6045086384 0.6800000000 3.6453031702 0.8065433824 2.2123389465 0.0000000000
4.6130479287 0.6800000000 3.6453085285 0.8066741518 2.2124126874 0.0000000000
4.6215871981 0.6800000000 3.6453141384 0.8068121985 2.2124903457 0.0000000000
4.6301264455 0.6800000000 3.6453200013 0.8069575332 2.2125719311 0.0000000000
4.6386656697 0.6800000000 3.6453261185 0.8071101668 2.2126574536 0.0000000000
4.6472048697 0.6800000000 3.6453324916 0.8072701101 2.2127469230 0.0000000000
4.6557440444 0.6800000000 3.6453391217 0.8074373738 2.2128403492 0.0000000000
4.6642831928 0.6800000000 3.6453460104 0.8076119689 2.2129377420 0.0000000000
4.6728223137 0.6800000000 3.6453531591 0.8077939061 2.2130391114 0.0000000000
4.6813614062 0.6800000000 3.6453605690 0.8079831963 2.2131444672 0.0000000000
4.6899004690 0.6800000000 3.6453682416 0.8081798503 2.2132538192 0.0000000000
4.6984395013 0.6800000000 3.6453761783 0.8083838788 2.2133671773 0.0000000000
4.7069785018 0.6800000000 3.6453843804 0.8085952928 2.2134845514 0.0000000000
4.7155174694 0.6800000000 3.6453928494 0.8088141029 2.2136059514 0.0000000000
4.7240564033 0.6800000000 3.6454015866 0.8090403202 2.2137313871 0.0000000000
4.7325953021 0.6800000000 3.6454105934 0.8092739553 2.2138608683 0.0000000000
4.7411341650 0.6800000000 3.6454198712 0.8095150190 2.2139944050 0.0000000000
4.7496729907 0.6800000000 3.6454294214 0.8097635223 2.2141320071 0.0000000000
4.7582117783 0.6800000000 3.6454392453 0.8100194759 2.2142736843 0.0000000000
4.7667505266 0.6800000000 3.6454493444 0.8102828906 2.2144194465 0.0000000000
4.7752892352 0.6800000000 3.6454597166 0.8105536979 2.2145692581 0.0000000000
4.7838279064 0.6800000000 3.6454703431 0.8108314446 2.2147228628 0.0000000000
4.7923665432 0.6800000000 3.6454812001 0.8111155610 2.2148799374 0.0000000000
4.8009051490 0.6800000000 3.6454922638 0.8114054773 2.2150401588 0.0000000000
4.8094437267 0.6800000000 3.6455035104 0.8117006240 2.2152032039 0.0000000000
4.8179822796 0.6800000000 3.6455149160 0.8120004311 2.2153687494 0.0000000000
4.8265208107 0.6800000000 3.6455264569 0.8123043292 2.2155364722 0.0000000000
4.8350593234 0.6800000000 3.6455381093 0.8126117484 2.2157060492 0.0000000000
4.8435978206 0.6800000000 3.6455498492 0.8129221190 2.2158771572 0.0000000000
4.8521363057 0.6800000000 3.6455616530 0.8132348714 2.2160494731 0.0000000000
4.8606747816 0.6800000000 3.6455734967 0.8135494358 2.2162226738 0.0000000000
4.8692132516 0.6800000000 3.6455853566 0.8138652425 2.2163964360 0.0000000000
4.8777517187 0.6800000000 3.6455972088 0.8141817218 2.2165704367 0.0000000000
4.8862901863 0.6800000000 3.6456090296 0.8144983040 2.2167443527 0.0000000000
4.8948286573 0.6800000000 3.6456207951 0.8148144194 2.2169178608 0.0000000000
4.9033671350 0.6800000000 3.6456324815 0.8151294983 2.2170906379 0.0000000000
4.9119056225 0.6800000000 3.6456440649 0.8154429710 2.2172623609 0.0000000000
4.9204441230 0.6800000000 3.6456555217 0.8157542678 2.2174327065 0.0000000000
4.9289826396 0.6800000000 3.6456668279 0.8160628189 2.2176013517 0.0000000000
4.9375211754 0.6800000000 3.6456779597 0.8163680547 2.2177679733 0.0000000000
4.9460597337 0.6800000000 3.6456888933 0.8166694055 2.2179322482 0.0000000000
4.9545983171 0.6800000000 3.6456996081 0.8169663623 2.2180938900 0.0000000000
4.9631369262 0.6800000000 3.6457101005 0.8172587482 2.2182528139 0.0000000000
4.9716755608 0.6800000000 3.6457203727 0.8175464982 2.2184090027 0.0000000000
4.9802142207 0.6800000000 3.6457304270 0.8178295478 2.2185624398 0.0000000000
4.9887529058 0.6800000000 3.6457402656 0.8181078321 2.2187131081 0.0000000000
4.9972916158 0.6800000000 3.6457498909 0.8183812866 2.2188609909 0.0000000000
5.0058303505 0.6800000000 3.6457593050 0.8186498465 2.2190060712 0.0000000000
5.0143691099 0.6800000000 3.6457685102 0.8189134472 2.2191483323 0.0000000000
5.0229078935 0.6800000000 3.6457775087 0.8191720239 2.2192877572 0.0000000000
5.0314467014 0.6800000000 3.6457863029 0.8194255120 2.2194243291 0.0000000000
5.0399855332 0.6800000000 3.6457948949 0.8196738468 2.2195580311 0.0000000000
5.0485243889 0.6800000000 3.6458032871 0.8199169635 2.2196888463 0.0000000000
5.0570632681 0.6800000000 3.6458114816 0.8201547976 2.2198167580 0.0000000000
5.0656021707 0.6800000000 3.6458194807 0.8203872843 2.2199417491 0.0000000000
5.0741410966 0.6800000000 3.6458272867 0.8206143589 2.2200638030 0.0000000000
5.0826800454 0.6800000000 3.6458349018 0.8208359568 2.2201829026 0.0000000000
5.0912190172 0.6800000000 3.6458423283 0.8210520132 2.2202990311 0.0000000000
5.0997580115 0.6800000000 3.6458495684 0.8212624635 2.2204121717 0.0000000000
5.1082970282 0.6800000000 3.6458566239 0.8214672570 2.2205223111 0.0000000000
5.1168360667 0.6800000000 3.6458634941 0.8216664105 2.2206294533 0.0000000000
5.1253751262 0.6800000000 3.6458701776 0.8218599610 2.2207336076 0.0000000000
5.1339142061 0.6800000000 3.6458766730 0.8220479453 2.2208347830 0.0000000000
5.1424533055 0.6800000000 3.6458829790 0.8222304005 2.2209329888 0.0000000000
5.1509924239 0.6800000000 3.6458890940 0.8224073634 2.2210282343 0.0000000000
5.1595315604 0.6800000000 3.6458950168 0.8225788711 2.2211205285 0.0000000000
5.1680707144 0.6800000000 3.6459007459 0.8227449605 2.2212098807 0.0000000000
5.1766098850 0.6800000000 3.6459062800 0.8229056686 2.2212963000 0.0000000000
5.1851490717 0.6800000000 3.6459116175 0.8230610323 2.2213797957 0.0000000000
5.1936882737 0.6800000000 3.6459167572 0.8232110885 2.2214603770 0.0000000000
5.2022274903 0.6800000000 3.6459216977 0.8233558743 2.2215380530 0.0000000000
5.2107667207 0.6800000000 3.6459264374 0.8234954265 2.2216128330 0.0000000000
5.2193059643 0.6800000000 3.6459309751 0.8236297821 2.2216847261 0.0000000000
5.2278452203 0.6800000000 3.6459353094 0.8237589781 2.2217537416 0.0000000000
5.2363844880 0.6800000000 3.6459394388 0.8238830515 2.2218198885 0.0000000000
5.2449237666 0.6800000000 3.6459433628 0.8240020433 2.2218831811 0.0000000000
5.2534630558 0.6800000000 3.6459470857 0.8241160201 2.2219436635 0.0000000000
5.2620023550 0.6800000000 3.6459506138 0.8242250585 2.2220013913 0.0000000000
5.2705416637 0.6800000000 3.6459539533 0.8243292345 2.2220564199 0.0000000000
5.2790809814 0.6800000000 3.6459571106 0.8244286246 2.2221088049 0.0000000000
5.2876203078 0.6800000000 3.6459600918 0.8245233051 2.2221586020 0.0000000000
5.2961596423 0.6800000000 3.6459629032 0.8246133523 2.2222058665 0.0000000000
5.3046989845 0.6800000000 3.6459655511 0.8246988426 2.2222506542 0.0000000000
5.3132383338 0.6800000000 3.6459680417 0.8247798522 2.2222930205 0.0000000000
5.3217776899 0.6800000000 3.6459703813 0.8248564575 2.2223330210 0.0000000000
5.3303170522 0.6800000000 3.6459725761 0.8249287348 2.2223707112 0.0000000000
5.3388564203 0.6800000000 3.6459746325 0.8249967604 2.2224061467 0.0000000000
5.3473957937 0.6800000000 3.6459765565 0.8250606107 2.2224393830 0.0000000000
5.3559351719 0.6800000000 3.6459783546 0.8251203619 2.2224704758 0.0000000000
5.3644745545 0.6800000000 3.6459800329 0.8251760905 2.2224994804 0.0000000000
5.3730139411 0.6800000000 3.6459815960 0.8252278527 2.2225264377 0.0000000000
5.3815533312 0.6800000000 3.6459830419 0.8252756296 2.2225513322 0.0000000000
5.3900927247 0.6800000000 3.6459843672 0.8253193847 2.2225741353 0.0000000000
5.3986321211 0.6800000000 3.6459855683 0.8253590815 2.2225948186 0.0000000000
5.4071715202 0.6800000000 3.6459866419 0.8253946832 2.2226133535 0.0000000000
5.4157109218 0.6800000000 3.6459875843 0.8254261535 2.2226297114 0.0000000000
5.4242503253 0.6800000000 3.6459883922 0.8254534555 2.2226438638 0.0000000000
5.4327897307 0.6800000000 3.6459890620 0.8254765529 2.2226557820 0.0000000000
5.4413291375 0.6800000000 3.6459895903 0.8254954090 2.2226654377 0.0000000000
5.4498685455 0.6800000000 3.6459899736 0.8255099873 2.2226728022 0.0000000000
5.4584079544 0.6800000000 3.6459902084 0.8255202511 2.2226778469 0.0000000000
5.4669473638 0.6800000000 3.6459902913 0.8255261639 2.2226805434 0.0000000000
5.4754867734 0.6800000000 3.6459902187 0.8255276891 2.2226808630 0.0000000000
5.4840261830 0.6800000000 3.6459899871 0.8255247902 2.2226787773 0.0000000000
5.4925655923 0.6800000000 3.6459895931 0.8255174440 2.2226742628 0.0000000000
5.5011050008 0.6800000000 3.6459890331 0.8255056748 2.2226673151 0.0000000000
5.5096444083 0.6800000000 3.6459883034 0.8254895176 2.2226579334 0.0000000000
5.5181838144 0.6800000000 3.6459874004 0.8254690071 2.2226461172 0.0000000000
5.5267232188 0.6800000000 3.6459863205 0.8254441782 2.2226318659 0.0000000000
5.5352626212 0.6800000000 3.6459850600 0.8254150657 2.2226151789 0.0000000000
5.5438020212 0.6800000000 3.6459836153 0.8253817045 2.2225960557 0.0000000000
5.5523414184 0.6800000000 3.6459819828 0.8253441294 2.2225744957 0.0000000000
5.5608808126 0.6800000000 3.6459801589 0.8253023752 2.2225504983 0.0000000000
5.5694202034 0.6800000000 3.6459781399 0.8252564768 2.2225240629 0.0000000000
5.5779595905 0.6800000000 3.6459759222 0.8252064689 2.2224951889 0.0000000000
5.5864989735 0.6800000000 3.6459735021 0.8251523866 2.2224638758 0.0000000000
5.5950383520 0.6800000000 3.6459708761 0.8250942645 2.2224301230 0.0000000000
5.6035777258 0.6800000000 3.6459680413 0.8250321356 2.2223939320 0.0000000000
5.6121170946 0.6800000000 3.6459650027 0.8249660118 2.2223553280 0.0000000000
5.6206564581 0.6800000000 3.6459617703 0.8248958918 2.2223143508 0.0000000000
5.6291958160 0.6800000000 3.6459583544 0.8248217743 2.2222710402 0.0000000000
5.6377351680 0.6800000000 3.6459547651 0.8247436580 2.2222254362 0.0000000000
5.6462745138 0.6800000000 3.6459510124 0.8246615415 2.2221775787 0.0000000000
5.6548138532 0.6800000000 3.6459471064 0.8245754234 2.2221275076 0.0000000000
5.6633531860 0.6800000000 3.6459430573 0.8244853024 2.2220752629 0.0000000000
5.6718925118 0.6800000000 3.6459388752 0.8243911770 2.2220208845 0.0000000000
5.6804318303 0.6800000000 3.6459345703 0.8242930461 2.2219644123 0.0000000000
5.6889711413 0.6800000000 3.6459301526 0.8241909081 2.2219058863 0.0000000000
5.6975104445 0.6800000000 3.6459256322 0.8240847617 2.2218453463 0.0000000000
5.7060497397 0.6800000000 3.6459210193 0.8239746056 2.2217828323 0.0000000000
5.7145890265 0.6800000000 3.6459163220 0.8238604351 2.2217183749 0.0000000000
5.7231283045 0.6800000000 3.6459115327 0.8237422195 2.2216519313 0.0000000000
5.7316675733 0.6800000000 3.6459066363 0.8236199160 2.2215834241 0.0000000000
5.7402068324 0.6800000000 3.6459016176 0.8234934814 2.2215127756 0.0000000000
5.7487460813 0.6800000000 3.6458964616 0.8233628728 2.2214399081 0.0000000000
5.7572853195 0.6800000000 3.6458911531 0.8232280473 2.2213647441 0.0000000000
5.7658245467 0.6800000000 3.6458856771 0.8230889618 2.2212872058 0.0000000000
5.7743637623 0.6800000000 3.6458800184 0.8229455732 2.2212072157 0.0000000000
5.7829029658 0.6800000000 3.6458741620 0.8227978387 2.2211246962 0.0000000000
5.7914421569 0.6800000000 3.6458680927 0.8226457152 2.2210395695 0.0000000000
5.7999813349 0.6800000000 3.6458617954 0.8224891598 2.2209517580 0.0000000000
5.8085204995 0.6800000000 3.6458552549 0.8223281293 2.2208611842 0.0000000000
5.8170596502 0.6800000000 3.6458484564 0.8221625810 2.2207677705 0.0000000000
5.8255987865 0.6800000000 3.6458413938 0.8219924798 2.2206714798 0.0000000000
5.8341379080 0.6800000000 3.6458340807 0.8218178080 2.2205723586 0.0000000000
5.8426770141 0.6800000000 3.6458265328 0.8216385497 2.2204704639 0.0000000000
5.8512161044 0.6800000000 3.6458187661 0.8214546891 2.2203658526 0.0000000000
5.8597551785 0.6800000000 3.6458107962 0.8212662104 2.2202585819 0.0000000000
5.8682942358 0.6800000000 3.6458026392 0.8210730979 2.2201487087 0.0000000000
5.8768332759 0.6800000000 3.6457943108 0.8208753356 2.2200362900 0.0000000000
5.8853722983 0.6800000000 3.6457858268 0.8206729079 2.2199213830 0.0000000000
5.8939113025 0.6800000000 3.6457772031 0.8204657989 2.2198040445 0.0000000000
5.9024502882 0.6800000000 3.6457684555 0.8202539929 2.2196843317 0.0000000000
5.9109892547 0.6800000000 3.6457595998 0.8200374740 2.2195623015 0.0000000000
5.9195282016 0.6800000000 3.6457506519 0.8198162264 2.2194380110 0.0000000000
5.9280671286 0.6800000000 3.6457416230 0.8195902390 2.2193115004 0.0000000000
5.9366060351 0.6800000000 3.6457325009 0.8193595242 2.2191827258 0.0000000000
5.9451449209 0.6800000000 3.6457232661 0.8191241015 2.2190516177 0.0000000000
5.9536837858 0.6800000000 3.6457138993 0.8188839906 2.2189181062 0.0000000000
5.9622226293 0.6800000000 3.6457043811 0.8186392109 2.2187821217 0.0000000000
5.9707614511 0.6800000000 3.6456946922 0.8183897821 2.2186435944 0.0000000000
5.9793002510 0.6800000000 3.6456848131 0.8181357238 2.2185024545 0.0000000000
5.9878390285 0.6800000000 3.6456747244 0.8178770555 2.2183586325 0.0000000000
5.9963777835 0.6800000000 3.6456644067 0.8176137969 2.2182120584 0.0000000000
6.0049165155 0.6800000000 3.6456538407 0.8173459674 2.2180626626 0.0000000000
6.0134552243 0.6800000000 3.6456430070 0.8170735867 2.2179103754 0.0000000000
6.0219939094 0.6800000000 3.6456318861 0.8167966744 2.2177551270 0.0000000000
6.0305325707 0.6800000000 3.6456204631 0.8165152441 2.2175968626 0.0000000000
6.0390712074 0.6800000000 3.6456087515 0.8162292699 2.2174356268 0.0000000000
6.0476098190 0.6800000000 3.6455967770 0.8159387097 2.2172715048 0.0000000000
6.0561484048 0.6800000000 3.6455845651 0.8156435214 2.2171045818 0.0000000000
6.0646869642 0.6800000000 3.6455721414 0.8153436629 2.2169349433 0.0000000000
6.0732254964 0.6800000000 3.6455595312 0.8150390921 2.2167626743 0.0000000000
6.0817640009 0.6800000000 3.6455467602 0.8147297668 2.2165878604 0.0000000000
6.0903024770 0.6800000000 3.6455338540 0.8144156449 2.2164105866 0.0000000000
6.0988409240 0.6800000000 3.6455208380 0.8140966844 2.2162309383 0.0000000000
6.1073793413 0.6800000000 3.6455077377 0.8137728431 2.2160490009 0.0000000000
6.1159177282 0.6800000000 3.6454945788 0.8134440788 2.2158648596 0.0000000000
6.1244560841 0.6800000000 3.6454813868 0.8131103496 2.2156785996 0.0000000000
6.1329944084 0.6800000000 3.6454681824 0.8127716308 2.2154902948 0.0000000000
6.1415327013 0.6800000000 3.6454549612 0.8124279947 2.2152999554 0.0000000000
6.1500709630 0.6800000000 3.6454417097 0.8120795464 2.2151075702 0.0000000000
6.1586091939 0.6800000000 3.6454284146 0.8117263913 2.2149131277 0.0000000000
6.1671473942 0.6800000000 3.6454150625 0.8113686345 2.2147166167 0.0000000000
6.1756855642 0.6800000000 3.6454016401 0.8110063814 2.2145180257 0.0000000000
6.1842237043 0.6800000000 3.6453881340 0.8106397371 2.2143173434 0.0000000000
6.1927618148 0.6800000000 3.6453745308 0.8102688070 2.2141145585 0.0000000000
6.2012998959 0.6800000000 3.6453608171 0.8098936962 2.2139096597 0.0000000000
6.2098379480 0.6800000000 3.6453469797 0.8095145101 2.2137026355 0.0000000000
6.2183759713 0.6800000000 3.6453330051 0.8091313538 2.2134934746 0.0000000000
6.2269139663 0.6800000000 3.6453188800 0.8087443327 2.2132821657 0.0000000000
6.2354519331 0.6800000000 3.6453045983 0.8083535482 2.2130687253 0.0000000000
6.2439898724 0.6800000000 3.6452901772 0.8079590904 2.2128532578 0.0000000000
6.2525277847 0.6800000000 3.6452756384 0.8075610469 2.2126358850 0.0000000000
6.2610656704 0.6800000000 3.6452610035 0.8071595054 2.2124167288 0.0000000000
6.2696035302 0.6800000000 3.6452462942 0.8067545537 2.2121959109 0.0000000000
6.2781413645 0.6800000000 3.6452315322 0.8063462793 2.2119735532 0.0000000000
6.2866791738 0.6800000000 3.6452167392 0.8059347700 2.2117497774 0.0000000000
6.2952169588 0.6800000000 3.6452019368 0.8055201135 2.2115247054 0.0000000000
6.3037547198 0.6800000000 3.6451871468 0.8051023974 2.2112984589 0.0000000000
6.3122924575 0.6800000000 3.6451723908 0.8046817094 2.2110711598 0.0000000000
6.3208301723 0.6800000000 3.6451576906 0.8042581372 2.2108429298 0.0000000000
6.3293678650 0.6800000000 3.6451430588 0.8038317770 2.2106138588 0.0000000000
6.3379055362 0.6800000000 3.6451284862 0.8034027463 2.2103839561 0.0000000000
6.3464431869 0.6800000000 3.6451139600 0.8029711660 2.2101532190 0.0000000000
6.3549808180 0.6800000000 3.6450994672 0.8025371570 2.2099216445 0.0000000000
6.3635184303 0.6800000000 3.6450849952 0.8021008400 2.2096892297 0.0000000000
6.3720560247 0.6800000000 3.6450705311 0.8016623360 2.2094559717 0.0000000000
6.3805936020 0.6800000000 3.6450560621 0.8012217657 2.2092218675 0.0000000000
6.3891311631 0.6800000000 3.6450415754 0.8007792501 2.2089869144 0.0000000000
6.3976687089 0.6800000000 3.6450270582 0.8003349102 2.2087511096 0.0000000000
6.4062062410 0.6800000000 3.6450125073 0.7998889448 2.2085145198 0.0000000000
6.4147437625 0.6800000000 3.6449979407 0.7994417234 2.2082773648 0.0000000000
6.4232812767 0.6800000000 3.6449833792 0.7989936389 2.2080398850 0.0000000000
6.4318187871 0.6800000000 3.6449688436 0.7985450839 2.2078023207 0.0000000000
6.4403562969 0.6800000000 3.6449543548 0.7980964512 2.2075649123 0.0000000000
6.4488938095 0.6800000000 3.6449399335 0.7976481336 2.2073279002 0.0000000000
6.4574313282 0.6800000000 3.6449256006 0.7972005237 2.2070915248 0.0000000000
6.4659688565 0.6800000000 3.6449113772 0.7967540130 2.2068560268 0.0000000000
6.4745063974 0.6800000000 3.6448972878 0.7963089732 2.2066216531 0.0000000000
6.4830439537 0.6800000000 3.6448833594 0.7958657612 2.2063886549 0.0000000000
6.4915815283 0.6800000000 3.6448696193 0.7954247338 2.2061572835 0.0000000000
6.5001191242 0.6800000000 3.6448560947 0.7949862473 2.2059277903 0.0000000000
6.5086567442 0.6800000000 3.6448428127 0.7945506585 2.2057004267 0.0000000000
6.5171943911 0.6800000000 3.6448298005 0.7941183238 2.2054754441 0.0000000000
6.5257320679 0.6800000000 3.6448170861 0.7936896115 2.2052531015 0.0000000000
6.5342697776 0.6800000000 3.6448047005 0.7932649338 2.2050336883 0.0000000000
6.5428075231 0.6800000000 3.6447926756 0.7928447136 2.2048175006 0.0000000000
6.5513453073 0.6800000000 3.6447810431 0.7924293739 2.2046048347 0.0000000000
6.5598831334 0.6800000000 3.6447698348 0.7920193373 2.2043959869 0.0000000000
6.5684210042 0.6800000000 3.6447590825 0.7916150269 2.2041912535 0.0000000000
6.5769589231 0.6800000000 3.6447488212 0.7912169389 2.2039909730 0.0000000000
6.5854968940 0.6800000000 3.6447390957 0.7908257958 2.2037956137 0.0000000000
6.5940349213 0.6800000000 3.6447299527 0.7904423637 2.2036056691 0.0000000000
6.6025730091 0.6800000000 3.6447214391 0.7900674089 2.2034216327 0.0000000000
6.6111111616 0.6800000000 3.6447136016 0.7897016972 2.2032439978 0.0000000000
6.6196493831 0.6800000000 3.6447064811 0.7893459896 2.2030732331 0.0000000000
6.6281876757 0.6800000000 3.6446999920 0.7890009275 2.2029092515 0.0000000000
6.6367260398 0.6800000000 3.6446939235 0.7886670354 2.2027514209 0.0000000000
6.6452644755 0.6800000000 3.6446880601 0.7883448326 2.2025990860 0.0000000000
6.6538029830 0.6800000000 3.6446821858 0.7880348388 2.2024515915 0.0000000000
6.6623415626 0.6800000000 3.6446761229 0.7877375485 2.2023084236 0.0000000000
6.6708802124 0.6800000000 3.6446701871 0.7874531343 2.2021709148 0.0000000000
6.6794189298 0.6800000000 3.6446650404 0.7871815422 2.2020416914 0.0000000000
6.6879577120 0.6800000000 3.6446613520 0.7869227141 2.2019234063 0.0000000000
6.6964965561 0.6800000000 3.6446597849 0.7866766003 2.2018186925 0.0000000000
6.7050354610 0.6800000000 3.6446605614 0.7864438151 2.2017286843 0.0000000000
6.7135744281 0.6800000000 3.6446631635 0.7862260863 2.2016520011 0.0000000000
6.7221134595 0.6800000000 3.6446670023 0.7860252485 2.2015870215 0.0000000000
6.7306525568 0.6800000000 3.6446714937 0.7858431240 2.2015321370 0.0000000000
6.7391917183 0.6800000000 3.6446763339 0.7856807516 2.2014865488 0.0000000000
6.7477309368 0.6800000000 3.6446816654 0.7855379262 2.2014507448 0.0000000000
6.7562702049 0.6800000000 3.6446876705 0.7854143316 2.2014253273 0.0000000000
6.7648095147 0.6800000000 3.6446945246 0.7853097443 2.2014109088 0.0000000000
6.7733488585 0.6800000000 3.6447023191 0.7852251033 2.2014082306 0.0000000000
6.7818882285 0.6800000000 3.6447110881 0.7851621431 2.2014181224 0.0000000000
6.7904276168 0.6800000000 3.6447208643 0.7851226132 2.2014414153 0.0000000000
6.7989670158 0.6800000000 3.6447316795 0.7851073282 2.2014785622 0.0000000000
6.8075064179 0.6800000000 3.6447435621 0.7851141948 2.2015288389 0.0000000000
6.8160458158 0.6800000000 3.6447565395 0.7851405560 2.2015912932 0.0000000000
6.8245852017 0.6800000000 3.6447706505 0.7851842229 2.2016652038 0.0000000000
6.8331245632 0.6800000000 3.6447860294 0.7852471241 2.2017518799 0.0000000000
6.8416638860 0.6800000000 3.6448028604 0.7853333262 2.2018536848 0.0000000000
6.8502031554 0.6800000000 3.6448213325 0.7854467106 2.2019729271 0.0000000000
6.8587423567 0.6800000000 3.6448416995 0.7855881445 2.2021109683 0.0000000000
6.8672814748 0.6800000000 3.6448642643 0.7857561885 2.2022684453 0.0000000000
6.8758204974 0.6800000000 3.6448892038 0.7859491170 2.2024453749 0.0000000000
6.8843594347 0.6800000000 3.6449156260 0.7861632966 2.2026367352 0.0000000000
6.8928983081 0.6800000000 3.6449421059 0.7863941443 2.2028349940 0.0000000000
6.9014371190 0.6800000000 3.6449678822 0.7866402068 2.2030365241 0.0000000000
6.9099758063 0.6800000000 3.6449942915 0.7869098932 2.2032500358 0.0000000000
6.9185142980 0.6800000000 3.6450230521 0.7872132774 2.2034864320 0.0000000000
6.9270525716 0.6800000000 3.6450549637 0.7875520930 2.2037496048 0.0000000000
6.9355906619 0.6800000000 3.6450897524 0.7879183260 2.2040352526 0.0000000000
6.9441286017 0.6800000000 3.6451269662 0.7883043228 2.2043385067 0.0000000000
6.9526663746 0.6800000000 3.6451650227 0.7887112559 2.2046535057 0.0000000000
6.9612039367 0.6800000000 3.6452017420 0.7891451575 2.2049739439 0.0000000000
6.9697412759 0.6800000000 3.6452372279 0.7896067179 2.2053005116 0.0000000000
6.9782784311 0.6800000000 3.6452751921 0.7900881220 2.2056449297 0.0000000000
6.9868154395 0.6800000000 3.6453176763 0.7905829484 2.2060127972 0.0000000000
6.9953523215 0.6800000000 3.6453613009 0.7910906201 2.2063903645 0.0000000000
7.0038890729 0.6800000000 3.6454032898 0.7916128196 2.2067671999 0.0000000000
7.0124256092 0.6800000000 3.6454464158 0.7921558748 2.2071569258 0.0000000000
7.0209618373 0.6800000000 3.6454938120 0.7927265035 2.2075747621 0.0000000000
7.0294977109 0.6800000000 3.6455440128 0.7933280200 2.2080161719 0.0000000000
7.0380332038 0.6800000000 3.6455944248 0.7939621283 2.2084714631 0.0000000000
7.0465683436 0.6800000000 3.6456460431 0.7946247091 2.2089429686 0.0000000000
7.0551032069 0.6800000000 3.6457014386 0.7953072338 2.2094375607 0.0000000000
7.0636380139 0.6800000000 3.6457575125 0.7959937526 2.2099364638 0.0000000000
7.0721729492 0.6800000000 3.6458099587 0.7966721218 2.2104175962 0.0000000000
7.0807076895 0.6800000000 3.6458627019 0.7973654104 2.2109058846 0.0000000000
7.0892419056 0.6800000000 3.6459198806 0.7980961706 2.2114269031 0.0000000000
7.0977755532 0.6800000000 3.6459812526 0.7988653552 2.2119800653 0.0000000000
7.1063086477 0.6800000000 3.6460457973 0.7996702089 2.2125601856 0.0000000000
7.1148412641 0.6800000000 3.6461118330 0.8005053711 2.2131583933 0.0000000000
7.1233735118 0.6800000000 3.6461757842 0.8013647164 2.2137579360 0.0000000000
7.1319055885 0.6800000000 3.6462348719 0.8022367982 2.2143431197 0.0000000000
7.1404379699 0.6800000000 3.6462991356 0.8030876694 2.2149405228 0.0000000000
7.1489704031 0.6800000000 3.6463704654 0.8039317444 2.2155634722 0.0000000000
7.1575018679 0.6800000000 3.6464384866 0.8048358617 2.2161972038 0.0000000000
7.1660325852 0.6800000000 3.6465061956 0.8057846025 2.2168475359 0.0000000000
7.1745629762 0.6800000000 3.6465790193 0.8067484599 2.2175243740 0.0000000000
7.1830926559 0.6800000000 3.6466539486 0.8077495605 2.2182245314 0.0000000000
7.1916217180 0.6800000000 3.6467301813 0.8087830089 2.2189428414 0.0000000000
7.2001509828 0.6800000000 3.6468082584 0.8098045710 2.2196637747 0.0000000000
7.2086809513 0.6800000000 3.6468884050 0.8107879349 2.2203777066 0.0000000000
7.2172099389 0.6800000000 3.6469722764 0.8118213088 2.2211265420 0.0000000000
7.2257373189 0.6800000000 3.6470546479 0.8129355051 2.2219017063 0.0000000000
7.2342636228 0.6800000000 3.6471331538 0.8141013399 2.2226820639 0.0000000000
7.2427899073 0.6800000000 3.6472183062 0.8152651333 2.2234881907 0.0000000000
7.2513158680 0.6800000000 3.6473077208 0.8164417322 2.2243164889 0.0000000000
7.2598424999 0.6800000000 3.6473919648 0.8175900503 2.2251127922 0.0000000000
7.2683685552 0.6800000000 3.6474783191 0.8187630948 2.2259274269 0.0000000000
7.2768927621 0.6800000000 3.6475729796 0.8200146961 2.2268067094 0.0000000000
7.2854161905 0.6800000000 3.6476680355 0.8212982758 2.2277003649 0.0000000000
7.2939392961 0.6800000000 3.6477655611 0.8225941449 2.2286088149 0.0000000000
7.3024645127 0.6800000000 3.6478654490 0.8237987280 2.2294901999 0.0000000000
7.3109877756 0.6800000000 3.6479662900 0.8250864115 2.2304086374 0.0000000000
7.3195080846 0.6800000000 3.6480633995 0.8264930910 2.2313597469 0.0000000000
7.3280278168 0.6800000000 3.6481648550 0.8279188785 2.2323358840 0.0000000000
7.3365479249 0.6800000000 3.6482747733 0.8293269596 2.2333387896 0.0000000000
7.3450671306 0.6800000000 3.6483767580 0.8307721413 2.2343248012 0.0000000000
7.3535855363 0.6800000000 3.6484855955 0.8322434790 2.2353486864 0.0000000000
7.3621033819 0.6800000000 3.6486028902 0.8337311530 2.2364129346 0.0000000000
7.3706197291 0.6800000000 3.6487106254 0.8352755867 2.2374616488 0.0000000000
7.3791357539 0.6800000000 3.6488282936 0.8368267406 2.2385527835 0.0000000000
7.3876506885 0.6800000000 3.6489502689 0.8384127704 2.2396750966 0.0000000000
7.3961662561 0.6800000000 3.6490612020 0.8399824799 2.2407467127 0.0000000000
7.4046798398 0.6800000000 3.6491827536 0.8416134438 2.2418853045 0.0000000000
7.4131930545 0.6800000000 3.6493008421 0.8432580414 2.2430154976 0.0000000000
7.4217038350 0.6800000000 3.6494320409 0.8449730747 2.2442263063 0.0000000000
7.4302150689 0.6800000000 3.6495573879 0.8466771524 2.2454093253 0.0000000000
7.4387273450 0.6800000000 3.6496834248 0.8483480341 2.2465818256 0.0000000000
7.4472378238 0.6800000000 3.6498153687 0.8500727718 2.2477994963 0.0000000000
7.4557453245 0.6800000000 3.6499538790 0.8518834959 2.2490778270 0.0000000000
7.4642527023 0.6800000000 3.6500879187 0.8537001750 2.2503406574 0.0000000000
7.4727609907 0.6800000000 3.6502149821 0.8554925527 2.2515658620 0.0000000000
7.4812671363 0.6800000000 3.6503555805 0.8573414859 2.2528678291 0.0000000000
7.4897706693 0.6800000000 3.6504956040 0.8592646317 2.2541971814 0.0000000000
7.4982723541 0.6800000000 3.6506443247 0.8612339497 2.2555797912 0.0000000000
7.5067738172 0.6800000000 3.6507931412 0.8632098506 2.2569654179 0.0000000000
7.5152794884 0.6800000000 3.6509333944 0.8650719122 2.2582712553 0.0000000000
7.5237794408 0.6800000000 3.6510815664 0.8670877599 2.2596702824 0.0000000000
7.5322805068 0.6800000000 3.6512346459 0.8690707279 2.2610757877 0.0000000000
7.5407784860 0.6800000000 3.6513853385 0.8711370169 2.2625050735 0.0000000000
7.5492787644 0.6800000000 3.6515372013 0.8731424425 2.2639146948 0.0000000000
7.5577754288 0.6800000000 3.6516868720 0.8752427714 2.2653535093 0.0000000000
7.5662698843 0.6800000000 3.6518522673 0.8773894855 2.2668737761 0.0000000000
7.5747674243 0.6800000000 3.6520135012 0.8794591854 2.2683465916 0.0000000000
7.5832775354 0.6800000000 3.6521519134 0.8811913136 2.2695930916 0.0000000000
7.5917852584 0.6800000000 3.6523017192 0.8829902202 2.2709118776 0.0000000000
7.6002806194 0.6800000000 3.6524634518 0.8851170532 2.2724095412 0.0000000000
7.6087753433 0.6800000000 3.6526264704 0.8872594183 2.2739185616 0.0000000000
7.6172788563 0.6800000000 3.6527779395 0.8891765246 2.2752912804 0.0000000000
7.6257762675 0.6800000000 3.6529515591 0.8912467734 2.2768138584 0.0000000000
7.6342735739 0.6800000000 3.6530986287 0.8933304174 2.2782355946 0.0000000000
7.6427702914 0.6800000000 3.6532540161 0.8954262773 2.2796954881 0.0000000000
7.6512666583 0.6800000000 3.6534183053 0.8975257578 2.2811924371 0.0000000000
7.6597611751 0.6800000000 3.6535857444 0.8996712935 2.2827204078 0.0000000000
7.6682586571 0.6800000000 3.6537428774 0.9017467199 2.2841791103 0.0000000000
7.6767581445 0.6800000000 3.6539284186 0.9037555659 2.2857248134 0.0000000000
7.6852553728 0.6800000000 3.6540936271 0.9058315867 2.2872160559 0.0000000000
7.6937529448 0.6800000000 3.6542464930 0.9079055365 2.2886570994 0.0000000000
7.7022541777 0.6800000000 3.6543992087 0.9098846690 2.2900596151 0.0000000000
7.7107615949 0.6800000000 3.6545414030 0.9116970813 2.2913533573 0.0000000000
7.7192596594 0.6800000000 3.6547000279 0.9137548346 2.2928109582 0.0000000000
7.7277649456 0.6800000000 3.6548463432 0.9156259993 2.2941446851 0.0000000000
7.7362779049 0.6800000000 3.6549832758 0.9172665678 2.2953486429 0.0000000000
7.7447869781 0.6800000000 3.6551367260 0.9190226201 2.2966648647 0.0000000000
7.7532945826 0.6800000000 3.6552894851 0.9208188270 2.2979943839 0.0000000000
7.7618054366 0.6800000000 3.6554367250 0.9225170264 2.2992626232 0.0000000000
7.7703223482 0.6800000000 3.6555833687 0.9240195648 2.3004502134 0.0000000000
7.7788451962 0.6800000000 3.6557201977 0.9253022877 2.3015106185 0.0000000000
7.7873672205 0.6800000000 3.6558504819 0.9266241743 2.3025605100 0.0000000000
7.7958872228 0.6800000000 3.6559913219 0.9280125458 2.3036792188 0.0000000000
7.8044136392 0.6800000000 3.6561107931 0.9291496122 2.3046119299 0.0000000000
7.8129370669 0.6800000000 3.6562390109 0.9303969750 2.3056237464 0.0000000000
7.8214650289 0.6800000000 3.6563511025 0.9314589945 2.3064969205 0.0000000000
7.8299985544 0.6800000000 3.6564573809 0.9322039152 2.3072200023 0.0000000000
7.8385352160 0.6800000000 3.6565416656 0.9326904315 2.3077517477 0.0000000000
7.8470719016 0.6800000000 3.6566286574 0.9331689451 2.3082911202 0.0000000000
7.8556105147 0.6800000000 3.6567021737 0.9333290467 2.3086492262 0.0000000000
7.8641495234 0.6800000000 3.6567710985 0.9333904092 2.3089494705 0.0000000000
7.8726878442 0.6800000000 3.6568158052 0.9331030998 2.3090133734 0.0000000000
7.8812248163 0.6800000000 3.6568491304 0.9326088674 2.3089489814 0.0000000000
7.8897567835 0.6800000000 3.6568685016 0.9317180817 2.3086701520 0.0000000000
7.8982827747 0.6800000000 3.6568716991 0.9305158172 2.3082020358 0.0000000000
7.9068005650 0.6800000000 3.6568578238 0.9289993072 2.3075399309 0.0000000000
7.9153080033 0.6800000000 3.6568195905 0.9271579263 2.3066504454 0.0000000000
7.9237990314 0.6800000000 3.6567662369 0.9249051382 2.3055359155 0.0000000000
7.9322753993 0.6800000000 3.6566992588 0.9223543042 2.3042476697 0.0000000000
7.9407269261 0.6800000000 3.6566099830 0.9193608652 2.3026931908 0.0000000000
7.9491445372 0.6800000000 3.6564889340 0.9157916248 2.3007812985 0.0000000000
7.9575153556 0.6800000000 3.6563418422 0.9116075368 2.2985192960 0.0000000000
7.9658282919 0.6800000000 3.6561587627 0.9068001516 2.2958640243 0.0000000000
7.9740352422 0.6800000000 3.6559330288 0.9009487322 2.2926205209 0.0000000000
7.9822160140 0.6800000000 3.6556990867 0.8948583465 2.2892485980 0.0000000000
7.9903490538 0.6800000000 3.6554492610 0.8884305389 2.2856781724 0.0000000000
7.9982440067 0.6800000000 3.6551163248 0.8803875180 2.2811292189 0.0000000000
8.0059106211 0.6800000000 3.6547360795 0.8711387686 2.2759087381 0.0000000000
8.0135133279 0.6800000000 3.6543516871 0.8615701492 2.2705437209 0.0000000000
8.0209624946 0.6800000000 3.6539577546 0.8516448066 2.2649978538 0.0000000000
8.0284975158 0.6800000000 3.6535730312 0.8420563739 2.2596235872 0.0000000000
8.0356405308 0.6800000000 3.6531277823 0.8307898476 2.2533359808 0.0000000000
8.0420472590 0.6800000000 3.6525799313 0.8170174574 2.2456356208 0.0000000000
8.0479148583 0.6800000000 3.6519665023 0.8022974902 2.2372939179 0.0000000000
8.0534329782 0.6800000000 3.6515038516 0.7901370899 2.2305791549 0.0000000000
8.0585121724 0.6800000000 3.6508867846 0.7752221507 2.2221449113 0.0000000000
8.0637478253 0.6800000000 3.6502993869 0.7592422217 2.2134033489 0.0000000000
8.0687610135 0.6800000000 3.6496732208 0.7434521368 2.2045826507 0.0000000000
8.0727954936 0.6800000000 3.6490024753 0.7263198078 2.1950467370 0.0000000000
8.0746898745 0.6800000000 3.6481410104 0.7057049305 2.1833549263 0.0000000000
8.0763628041 0.6800000000 3.6472854277 0.6848794749 2.1716024135 0.0000000000
8.0778473162 0.6800000000 3.6464246621 0.6639668086 2.1597942847 0.0000000000
8.0791684093 0.6800000000 3.6455591219 0.6429868842 2.1479401541 0.0000000000
8.0803484186 0.6800000000 3.6446949465 0.6219540553 2.1360703210 0.0000000000
8.0814028317 0.6800000000 3.6438330045 0.6008789239 2.1241925002 0.0000000000
8.0823476462 0.6800000000 3.6429682992 0.5797720716 2.1122909383 0.0000000000
8.0831971653 0.6800000000 3.6420995722 0.5586409083 2.1003635647 0.0000000000
8.0839600424 0.6800000000 3.6412268809 0.5374900519 2.0884124571 0.0000000000
8.0846464709 0.6800000000 3.6403606311 0.5163211681 2.0764799045 0.0000000000
8.0852740922 0.6800000000 3.6395077966 0.4951374813 2.0645950917 0.0000000000
8.0858372266 0.6800000000 3.6386335365 0.4739480393 2.0526222744 0.0000000000
8.0863410349 0.6800000000 3.6377855401 0.4527424621 2.0407480581 0.0000000000
8.0867958623 0.6800000000 3.6369204318 0.4315342587 2.0288043432 0.0000000000
8.0872104948 0.6800000000 3.6360598720 0.4103197368 2.0168762956 0.0000000000
8.0875892720 0.6800000000 3.6351840431 0.3891049533 2.0048870665 0.0000000000
8.0879332327 0.6800000000 3.6343863299 0.3678670603 1.9932010564 0.0000000000
8.0882452370 0.6800000000 3.6335443112 0.3466373686 1.9813411047 0.0000000000
8.0885283383 0.6800000000 3.6326789262 0.3254106333 1.9693888706 0.0000000000
8.0887838089 0.6800000000 3.6318314194 0.3041771129 1.9575054354 0.0000000000
8.0890164696 0.6800000000 3.6309701609 0.2829454182 1.9455677237 0.0000000000
8.0892283826 0.6800000000 3.6301132633 0.2617112642 1.9336464718 0.0000000000
8.0894214121 0.6800000000 3.6292638827 0.2404740888 1.9217540789 0.0000000000
8.0895976006 0.6800000000 3.6283947377 0.2192410131 1.9097842687 0.0000000000
8.0897582882 0.6800000000 3.6275410149 0.1980032480 1.8978742716 0.0000000000
8.0899057100 0.6800000000 3.6266791771 0.1767669305 1.8859323932 0.0000000000
8.0900407391 0.6800000000 3.6258351940 0.1555256434 1.8740599461 0.0000000000
8.0901651759 0.6800000000 3.6249873430 0.1342849293 1.8621722563 0.0000000000
8.0902799623 0.6800000000 3.6241479472 0.1130419637 1.8503174870 0.0000000000
8.0903862540 0.6800000000 3.6232910926 0.0918029208 1.8383944514 0.0000000000
8.0904846597 0.6800000000 3.6224354582 0.0705632537 1.8264760470 0.0000000000
8.0905757740 0.6800000000 3.6216164734 0.0493144221 1.8147005752 0.0000000000
8.0906607437 0.6800000000 3.6207622680 0.0280739810 1.8027875771 0.0000000000
8.0907392768 0.6800000000 3.6199830107 0.0068154699 1.7911671435 0.0000000000
8.0908127758 0.6800000000 3.6191308946 -0.0144256271 1.7792622402 0.0000000000
8.0908811477 0.6800000000 3.6183023965 -0.0356726900 1.7674494227 0.0000000000
8.0909450797 0.6800000000 3.6174638064 -0.0569174179 1.7555971711 0.0000000000
8.0910049897 0.6800000000 3.6166171926 -0.0781602269 1.7437135923 0.0000000000
8.0910612202 0.6800000000 3.6157774308 -0.0994048043 1.7318567143 0.0000000000
8.0911145186 0.6800000000 3.6149400000 -0.1206500000 1.7200089127 0.0000000000
8.0911777686 0.6800000000 3.6138900000 -0.1470000000 1.7052689127 0.0000000000
8.0913737414 0.6800000000 3.6102463587 -0.2386800904 1.6540223113 0.0000000000
8.0915569938 0.6800000000 3.6066393060 -0.3303700827 1.6029181036 0.0000000000
8.0917534629 0.6800000000 3.6030131290 -0.4220555528 1.5517392077 0.0000000000
8.0920977648 0.6800000000 3.5994051523 -0.5137653245 1.5006233920 0.0000000000
8.0928002933 0.6800000000 3.6011220651 -0.4733543435 1.5236554359 0.0000000000
8.0939135863 0.6800000000 3.6048632960 -0.3815879125 1.5753269316 0.0000000000
8.0961381780 0.6800000000 3.6085767456 -0.2901005714 1.6267756664 0.0000000000
8.0993741123 0.6800000000 3.6121930157 -0.1992177752 1.6775938654 0.0000000000
8.1109876012 0.6800000000 3.6097454725 -0.2597233192 1.6436014751 0.0000000000
8.1180612369 0.6800000000 3.6061763818 -0.3496662199 1.5933479520 0.0000000000
8.1235238245 0.6800000000 3.6025619107 -0.4403288580 1.5426250125 0.0000000000
8.1279305576 0.6800000000 3.5989023820 -0.5313408318 1.4915821079 0.0000000000
8.1315742469 0.6800000000 3.5952260542 -0.6225601615 1.4403890649 0.0000000000
8.1346723616 0.6800000000 3.5915043121 -0.7138945267 1.3889683502 0.0000000000
8.1373354613 0.6800000000 3.5877186997 -0.8052982860 1.3372643972 0.0000000000
8.1396555176 0.6800000000 3.5839232553 -0.8967581538 1.2854986724 0.0000000000
8.1417162771 0.6800000000 3.5799887999 -0.9882197084 1.2331762290 0.0000000000
8.1435947733 0.6800000000 3.5760677199 -1.0797097325 1.1808958995 0.0000000000
8.1453157566 0.6800000000 3.5720866070 -1.1712027032 1.1283742592 0.0000000000
8.1469088880 0.6800000000 3.5680459770 -1.2626940076 1.0756152177 0.0000000000
8.1484007405 0.6800000000 3.5638873501 -1.3541616127 1.0223936682 0.0000000000
8.1498102983 0.6800000000 3.5596879386 -1.4456255051 0.9690104649 0.0000000000
8.1511370267 0.6800000000 3.5554370054 -1.5370837394 0.9154234387 0.0000000000
8.1523344233 0.6800000000 3.5511129582 -1.6285302150 0.8615486595 0.0000000000
8.1533697669 0.6800000000 3.5466954679 -1.7199620239 0.8073059746 0.0000000000
8.1542461757 0.6800000000 3.5422524864 -1.8113952895 0.7529607423 0.0000000000
8.1549124021 0.6800000000 3.5376424519 -1.9027888105 0.6979631961 0.0000000000
8.1554273251 0.6800000000 3.5329794803 -1.9941709522 0.6427584529 0.0000000000
8.1558589990 0.6800000000 3.5281199872 -2.0854936690 0.5867913939 0.0000000000
8.1562455803 0.6800000000 3.5232266810 -2.1768064536 0.5306930554 0.0000000000
8.1566051291 0.6800000000 3.5183314550 -2.2681192896 0.4745870169 0.0000000000
8.1569512233 0.6800000000 3.5132812075 -2.3593790600 0.4178821189 0.0000000000
8.1572937812 0.6800000000 3.5080858149 -2.4505870645 0.3606173465 0.0000000000
8.1576219117 0.6800000000 3.5029528443 -2.5418187432 0.3035927927 0.0000000000
8.1579404191 0.6800000000 3.4975141106 -2.6329381636 0.2453900897 0.0000000000
8.1582757367 0.6800000000 3.4921170256 -2.7240688175 0.1873494882 0.0000000000
8.1586363655 0.6800000000 3.4867018876 -2.8151901955 0.1292403851 0.0000000000
8.1589961594 0.6800000000 3.4810018509 -2.9062072096 0.0700334324 0.0000000000
8.1593874163 0.6800000000 3.4754115907 -2.9972472211 0.0112563870 0.0000000000
8.1598043366 0.6800000000 3.4697699445 -3.0882690764 -0.0477189399 0.0000000000
8.1602328338 0.6800000000 3.4639849237 -3.1792325986 -0.1072444320 0.0000000000
8.1606738212 0.6800000000 3.4581827439 -3.2701776166 -0.1668311585 0.0000000000
8.1611362767 0.6800000000 3.4524045943 -3.3611423433 -0.2263296474 0.0000000000
8.1613746156 0.6800000000 3.4493193654 -3.4097922043 -0.2581305073 0.0000000000
8.1614472156 0.6800000000 3.4519403636 -3.3761458582 -0.2341879763 0.0000000000
8.1614707247 0.6800000000 3.4453095779 -3.4648561066 -0.2961952185 0.0000000000
8.1615055858 0.6800000000 3.4385457491 -3.5553594340 -0.3594518644 0.0000000000
8.1615572571 0.6800000000 3.4407245558 -3.5303159670 -0.3407192510 0.0000000000
8.1615608008 0.6800000000 3.4475365098 -3.4397280508 -0.2772362682 0.0000000000
8.1615618424 0.6800000000 3.4545522053 -3.3496956306 -0.2131605184 0.0000000000
8.1615620012 0.6800000000 3.4612549452 -3.2591177632 -0.1501184119 0.0000000000
8.1615621324 0.6800000000 3.4676229242 -3.1683794554 -0.0883511727 0.0000000000
8.1615622546 0.6800000000 3.4739563195 -3.0776211531 -0.0267142707 0.0000000000
8.1615623688 0.6800000000 3.4800623920 -2.9867609134 0.0340541152 0.0000000000
8.1615624771 0.6800000000 3.4859103460 -2.8957983801 0.0938309447 0.0000000000
8.1615625819 0.6800000000 3.4917772831 -2.8048412545 0.1536815432 0.0000000000
8.1615626821 0.6800000000 3.4974065601 -2.7137899994 0.2126191534 0.0000000000
8.1615627787 0.6800000000 3.5029140903 -2.6226915636 0.2710886484 0.0000000000
8.1615628718 0.6800000000 3.5082305558 -2.5315222423 0.3288222388 0.0000000000
8.1615629618 0.6800000000 3.5134318604 -2.4403123116 0.3861114298 0.0000000000
8.1615630488 0.6800000000 3.5184772673 -2.3490466310 0.4427993294 0.0000000000
8.1615631355 0.6800000000 3.5234990260 -2.2577739533 0.4993954355 0.0000000000
8.1615632238 0.6800000000 3.5283181175 -2.1664317784 0.5552086712 0.0000000000
8.1615633221 0.6800000000 3.5328226699 -2.0749857363 0.6098052979 0.0000000000
8.1615634771 0.6800000000 3.5344512574 -2.0354520327 0.6321331293 0.0000000000
8.1615635837 0.6800000000 3.5294774378 -2.1235963650 0.5769801178 0.0000000000
8.1615636266 0.6800000000 3.5246065525 -2.2147894499 0.5210193428 0.0000000000
8.1615636599 0.6800000000 3.5194862346 -2.3060289449 0.4640422733 0.0000000000
8.1615636886 0.6800000000 3.5144681140 -2.3973041753 0.4074596985 0.0000000000
8.1615637151 0.6800000000 3.5092590787 -2.4885120999 0.3501403874 0.0000000000
8.1615637403 0.6800000000 3.5039161386 -2.5796717454 0.2923047689 0.0000000000
8.1615637645 0.6800000000 3.4984844827 -2.6707975948 0.2341278055 0.0000000000
8.1615637883 0.6800000000 3.4930098097 -2.7619061111 0.1757857069 0.0000000000
8.1615638121 0.6800000000 3.4873995424 -2.8529654957 0.1169208841 0.0000000000
8.1615638365 0.6800000000 3.4815854134 -2.9439419369 0.0572737914 0.0000000000
8.1615638620 0.6800000000 3.4756072083 -3.0348556190 -0.0030045017 0.0000000000
8.1615638894 0.6800000000 3.4695047367 -3.1257172459 -0.0637590390 0.0000000000
8.1615639196 0.6800000000 3.4631953405 -3.2164880826 -0.1253049584 0.0000000000
8.1615639543 0.6800000000 3.4567496264 -3.3071970052 -0.1873713839 0.0000000000
8.1615639968 0.6800000000 3.4500998063 -3.3978164275 -0.2502184330 0.0000000000
8.1615640534 0.6800000000 3.4433232576 -3.4883736342 -0.3135475106 0.0000000000
8.1615641421 0.6800000000 3.4364809113 -3.5788983887 -0.3771267976 0.0000000000
8.1615643571 0.6800000000 3.4295030599 -3.6692630811 -0.4411840801 0.0000000000
8.1615656104 0.6800000000 3.4310297644 -3.6481922105 -0.4266489141 0.0000000000
8.1615664196 0.6800000000 3.4383180654 -3.5578903321 -0.3613749585 0.0000000000
8.1615671845 0.6800000000 3.4452515460 -3.4674124838 -0.2974498970 0.0000000000
8.1615679795 0.6800000000 3.4520232768 -3.3768492988 -0.2341376994 0.0000000000
8.1615688441 0.6800000000 3.4587178052 -3.2862513355 -0.1711204008 0.0000000000
8.1615698346 0.6800000000 3.4653401316 -3.1956209237 -0.1083789303 0.0000000000
8.1615711412 0.6800000000 3.4716693904 -3.1048590666 -0.0467571525 0.0000000000
8.1615897903 0.6800000000 3.4728928468 -3.0871955404 -0.0347979164 0.0000000000
8.1616019472 0.6800000000 3.4666109489 -3.1780130871 -0.0962525264 0.0000000000
8.1616136608 0.6800000000 3.4601765536 -3.2687309322 -0.1582772457 0.0000000000
8.1616276894 0.6800000000 3.4535367878 -3.3593549207 -0.2210859043 0.0000000000
8.1616457964 0.6800000000 3.4468484882 -3.4499551398 -0.2840791902 0.0000000000
8.1616678302 0.6800000000 3.4400109938 -3.5404707980 -0.3476354314 0.0000000000
8.1617000336 0.6800000000 3.4330840452 -3.6309613239 -0.4115394361 0.0000000000
8.1617481325 0.6800000000 3.4353347107 -3.6034308609 -0.3915245888 0.0000000000
8.1617523521 0.6800000000 3.4414500000 -3.5281500000 -0.3369510873 0.0000000000
