# logAge Mass logTe Mbol logg C/O
0.9351975808 0.1200000000 3.4338800000 5.2339750000 2.3842912460 0.0000000000
0.9807078105 0.1200000000 3.4338788156 5.2340159437 2.3843028859 0.0000000000
1.0262180479 0.1200000000 3.4338778287 5.2340552004 2.3843146408 0.0000000000
1.0717282919 0.1200000000 3.4338770074 5.2340939337 2.3843268492 0.0000000000
1.1172385412 0.1200000000 3.4338763200 5.2341333074 2.3843398491 0.0000000000
1.1627487947 0.1200000000 3.4338757347 5.2341744850 2.3843539790 0.0000000000
1.2082590513 0.1200000000 3.4338752197 5.2342186304 2.3843695770 0.0000000000
1.2537693099 0.1200000000 3.4338747431 5.2342669071 2.3843869814 0.0000000000
1.2992795693 0.1200000000 3.4338742732 5.2343204789 2.3844065304 0.0000000000
1.3447898283 0.1200000000 3.4338737781 5.2343805094 2.3844285623 0.0000000000
1.3903000859 0.1200000000 3.4338732261 5.2344481623 2.3844534154 0.0000000000
1.4358103409 0.1200000000 3.4338725853 5.2345246013 2.3844814278 0.0000000000
1.4813205921 0.1200000000 3.4338718240 5.2346109901 2.3845129379 0.0000000000
1.5268308384 0.1200000000 3.4338709102 5.2347084923 2.3845482839 0.0000000000
1.5723410787 0.1200000000 3.4338698123 5.2348182716 2.3845878041 0.0000000000
1.6178513118 0.1200000000 3.4338684985 5.2349414918 2.3846318366 0.0000000000
1.6633615366 0.1200000000 3.4338669368 5.2350793165 2.3846807199 0.0000000000
1.7088717519 0.1200000000 3.4338650956 5.2352329093 2.3847347920 0.0000000000
1.7543819566 0.1200000000 3.4338629429 5.2354034340 2.3847943913 0.0000000000
1.7998921496 0.1200000000 3.4338604471 5.2355920543 2.3848598560 0.0000000000
1.8454023295 0.1200000000 3.4338575917 5.2357999630 2.3849315979 0.0000000000
1.8909124942 0.1200000000 3.4338544626 5.2360285468 2.3850105153 0.0000000000
1.9364226409 0.1200000000 3.4338511874 5.2362792708 2.3850977041 0.0000000000
1.9819327667 0.1200000000 3.4338478914 5.2365538328 2.3851943447 0.0000000000
2.0274428635 0.1200000000 3.4338446711 5.2368569025 2.3853026917 0.0000000000
2.0729529195 0.1200000000 3.4338416036 5.2371952029 2.3854257418 0.0000000000
2.1184629229 0.1200000000 3.4338387218 5.2375754615 2.3855663180 0.0000000000
2.1639728591 0.1200000000 3.4338347532 5.2380033107 2.3857215830 0.0000000000
2.2094827100 0.1200000000 3.4338270081 5.2384830383 2.3858824939 0.0000000000
2.2549924725 0.1200000000 3.4338183024 5.2390130915 2.3860596924 0.0000000000
2.3005021438 0.1200000000 3.4338142450 5.2395915063 2.3862748286 0.0000000000
2.3460116763 0.1200000000 3.4338090637 5.2402328967 2.3865106595 0.0000000000
2.3915210457 0.1200000000 3.4337994269 5.2409429571 2.3867561366 0.0000000000
2.4370302403 0.1200000000 3.4337900612 5.2417197309 2.3870293831 0.0000000000
2.4825391078 0.1200000000 3.4337805718 5.2426082610 2.3873468376 0.0000000000
2.5280476861 0.1200000000 3.4337719038 5.2435850697 2.3877028891 0.0000000000
2.5735558831 0.1200000000 3.4337534667 5.2446668789 2.3880618645 0.0000000000
2.6190635759 0.1200000000 3.4337417527 5.2458730851 2.3884974908 0.0000000000
2.6645711520 0.1200000000 3.4337341061 5.2471103342 2.3889618042 0.0000000000
2.7100777717 0.1200000000 3.4337179922 5.2485444363 2.3894709895 0.0000000000
2.7555833559 0.1200000000 3.4336984499 5.2501762280 2.3900455368 0.0000000000
2.8010879461 0.1200000000 3.4336799410 5.2519704892 2.3906892059 0.0000000000
2.8465910602 0.1200000000 3.4336609289 5.2539848735 2.3914189111 0.0000000000
2.8920931027 0.1200000000 3.4336427160 5.2561475047 2.3922111121 0.0000000000
2.9375935823 0.1200000000 3.4336218268 5.2585039252 2.3930701232 0.0000000000
2.9830908288 0.1200000000 3.4335895099 5.2612229914 2.3940284823 0.0000000000
3.0285854638 0.1200000000 3.4335533228 5.2642037794 2.3950760490 0.0000000000
3.0740776193 0.1200000000 3.4335253676 5.2674104121 2.3962468815 0.0000000000
3.1195642039 0.1200000000 3.4334860802 5.2710789678 2.3975571540 0.0000000000
3.1650459084 0.1200000000 3.4334391710 5.2751071357 2.3989807845 0.0000000000
3.2105231670 0.1200000000 3.4334018035 5.2794386431 2.4005639171 0.0000000000
3.2559909138 0.1200000000 3.4333557453 5.2843523836 2.4023451809 0.0000000000
3.3014518343 0.1200000000 3.4333008120 5.2896502764 2.4042446045 0.0000000000
3.3468998339 0.1200000000 3.4332360823 5.2955931798 2.4063628473 0.0000000000
3.3923369331 0.1200000000 3.4331711460 5.3020452877 2.4086839452 0.0000000000
3.4377565404 0.1200000000 3.4330985168 5.3092148866 2.4112612679 0.0000000000
3.4831596923 0.1200000000 3.4330245370 5.3170195995 2.4140872340 0.0000000000
3.5285411169 0.1200000000 3.4329404891 5.3255678228 2.4171703317 0.0000000000
3.5738948856 0.1200000000 3.4328398169 5.3349945135 2.4205383191 0.0000000000
3.6192193594 0.1200000000 3.4327379923 5.3452609736 2.4242376049 0.0000000000
3.6645075865 0.1200000000 3.4326297160 5.3564829579 2.4282932934 0.0000000000
3.7097542519 0.1200000000 3.4325042812 5.3687078294 2.4326815025 0.0000000000
3.7549529149 0.1200000000 3.4323718998 5.3819946737 2.4374667148 0.0000000000
3.8000941396 0.1200000000 3.4322306005 5.3964510187 2.4426840555 0.0000000000
3.8451726749 0.1200000000 3.4320809395 5.4120813947 2.4483375619 0.0000000000
3.8901787280 0.1200000000 3.4319228581 5.4289665467 2.4544592971 0.0000000000
3.9351006413 0.1200000000 3.4317563346 5.4471978245 2.4610857143 0.0000000000
3.9799316376 0.1200000000 3.4315826197 5.4667780222 2.4682229337 0.0000000000
4.0246601065 0.1200000000 3.4313927939 5.4877709077 2.4758607849 0.0000000000
4.0692789486 0.1200000000 3.4312115381 5.5101752311 2.4840974909 0.0000000000
4.1137777051 0.1200000000 3.4310245472 5.5340244588 2.4928892185 0.0000000000
4.1581504001 0.1200000000 3.4308441190 5.5592992153 2.5022774082 0.0000000000
4.2023953974 0.1200000000 3.4306923474 5.5859373024 2.5123255564 0.0000000000
4.2464998444 0.1200000000 3.4305399791 5.6139939684 2.5229387500 0.0000000000
4.2904560284 0.1200000000 3.4304190332 5.6434698858 2.5342453333 0.0000000000
4.3342594685 0.1200000000 3.4303169299 5.6743343997 2.5461827254 0.0000000000
4.3779113927 0.1200000000 3.4302495083 5.7065132459 2.5587845776 0.0000000000
4.4214131503 0.1200000000 3.4302210074 5.7399394402 2.5720410519 0.0000000000
4.4647584531 0.1200000000 3.4302372946 5.7746124426 2.5859754016 0.0000000000
4.5079574382 0.1200000000 3.4303085531 5.8104084529 2.6005788397 0.0000000000
4.5510048626 0.1200000000 3.4304264048 5.8473271754 2.6158177352 0.0000000000
4.5939050880 0.1200000000 3.4306159096 5.8852996468 2.6317647432 0.0000000000
4.6366592429 0.1200000000 3.4308672968 5.9242862166 2.6483649199 0.0000000000
4.6792704051 0.1200000000 3.4311712400 5.9642369438 2.6655609837 0.0000000000
4.7217452506 0.1200000000 3.4315576477 6.0050806546 2.6834440987 0.0000000000
4.7640778948 0.1200000000 3.4320158599 6.0468324137 2.7019776512 0.0000000000
4.8062695436 0.1200000000 3.4325326829 6.0894626084 2.7210970211 0.0000000000
4.8483146104 0.1200000000 3.4331116942 6.1329834308 2.7408213951 0.0000000000
4.8902125747 0.1200000000 3.4337483794 6.1773770923 2.7611256007 0.0000000000
4.9319990617 0.1200000000 3.4344706576 6.2224150226 2.7820298856 0.0000000000
4.9736330014 0.1200000000 3.4352401636 6.2683223837 2.8034708538 0.0000000000
5.0151020703 0.1200000000 3.4360425422 6.3151496110 2.8254112592 0.0000000000
5.0564059682 0.1200000000 3.4368805302 6.3628765717 2.8478539955 0.0000000000
5.0975450917 0.1200000000 3.4377357445 6.4114831600 2.8707174882 0.0000000000
5.1385069874 0.1200000000 3.4386055444 6.4610146740 2.8940092931 0.0000000000
5.1793040114 0.1200000000 3.4394901432 6.5113877413 2.9176969153 0.0000000000
5.2199299110 0.1200000000 3.4403757033 6.5626180775 2.9417312901 0.0000000000
5.2603818526 0.1200000000 3.4412622910 6.6147013337 2.9661109436 0.0000000000
5.3006822252 0.1200000000 3.4421507976 6.6675139076 2.9907899995 0.0000000000
5.3408081601 0.1200000000 3.4430128420 6.7211521714 3.0156934825 0.0000000000
5.3805883317 0.1200000000 3.4437506370 6.7763867237 3.0407384836 0.0000000000
5.4199771869 0.1200000000 3.4443101257 6.8333598062 3.0657656713 0.0000000000
5.4589856790 0.1200000000 3.4447042676 6.8919542150 3.0907800025 0.0000000000
5.4976170643 0.1200000000 3.4449240394 6.9520952219 3.1157154925 0.0000000000
5.5358828989 0.1200000000 3.4449565577 7.0136820091 3.1404802803 0.0000000000
5.5737938884 0.1200000000 3.4448184965 7.0766250580 3.1651052551 0.0000000000
5.6114374695 0.1200000000 3.4444954189 7.1405601838 3.1893869951 0.0000000000
5.6490659701 0.1200000000 3.4440070637 7.2045443538 3.2130272423 0.0000000000
5.6869437506 0.1200000000 3.4433790333 7.2675908593 3.2357337230 0.0000000000
5.7255189670 0.1200000000 3.4426490636 7.3279243263 3.2569472311 0.0000000000
5.7651531534 0.1200000000 3.4418692549 7.3837823746 3.2761712153 0.0000000000
5.8062174992 0.1200000000 3.4411025487 7.4327365140 3.2926860463 0.0000000000
5.8489041583 0.1200000000 3.4404410682 7.4720760759 3.3057759492 0.0000000000
5.8927684505 0.1200000000 3.4399060663 7.5023000658 3.3157255376 0.0000000000
5.9373565128 0.1200000000 3.4394846471 7.5250383776 3.3231351857 0.0000000000
5.9823115535 0.1200000000 3.4391416605 7.5427411219 3.3288443370 0.0000000000
6.0274042776 0.1200000000 3.4388505343 7.5581038708 3.3338249314 0.0000000000
6.0724344692 0.1200000000 3.4385260848 7.5745676494 3.3391126451 0.0000000000
6.1173690470 0.1200000000 3.4381547245 7.5925485124 3.3448195490 0.0000000000
6.1620947638 0.1200000000 3.4377205763 7.6135396027 3.3514793924 0.0000000000
6.2063859750 0.1200000000 3.4371692051 7.6396296198 3.3597099143 0.0000000000
6.2498577920 0.1200000000 3.4364354086 7.6732032644 3.3702041862 0.0000000000
6.2919376321 0.1200000000 3.4354586252 7.7164165579 3.3835823701 0.0000000000
6.3315295039 0.1200000000 3.4341273491 7.7722752616 3.4006007471 0.0000000000
6.3673541302 0.1200000000 3.4324510780 7.8421703816 3.4218537105 0.0000000000
6.3983559021 0.1200000000 3.4304207705 7.9251908148 3.4469406539 0.0000000000
6.4249267197 0.1200000000 3.4281090236 8.0173307937 3.4745496578 0.0000000000
6.4489442208 0.1200000000 3.4256521644 8.1137675641 3.5032969293 0.0000000000
6.4722629181 0.1200000000 3.4229760473 8.2112433862 3.5315827896 0.0000000000
6.4962372272 0.1200000000 3.4202268212 8.3077051119 3.5591705755 0.0000000000
6.5210752366 0.1200000000 3.4174264100 8.4027816934 3.5859995635 0.0000000000
6.5467812491 0.1200000000 3.4146073994 8.4964017020 3.6121715244 0.0000000000
6.5733623687 0.1200000000 3.4117999863 8.5884833965 3.6377745500 0.0000000000
6.6008728097 0.1200000000 3.4090648323 8.6788562191 3.6629830629 0.0000000000
6.6293353688 0.1200000000 3.4064314191 8.7673866438 3.6878615799 0.0000000000
6.6586947422 0.1200000000 3.4039151078 8.8540892296 3.7124773689 0.0000000000
6.6889159387 0.1200000000 3.4015211866 8.9389431425 3.7368432493 0.0000000000
6.7199591599 0.1200000000 3.3992686741 9.0219466091 3.7610345863 0.0000000000
6.7517869445 0.1200000000 3.3971650921 9.1030968420 3.7850803511 0.0000000000
6.7843732607 0.1200000000 3.3952270923 9.1823696170 3.8090374620 0.0000000000
6.8176950333 0.1200000000 3.3934710327 9.2597353040 3.8329594985 0.0000000000
6.8517247667 0.1200000000 3.3919128620 9.3351776749 3.8569037638 0.0000000000
6.8864429466 0.1200000000 3.3905729632 9.4086604391 3.8809372743 0.0000000000
6.9218358939 0.1200000000 3.3894628628 9.4801274020 3.9050836579 0.0000000000
6.9578867755 0.1200000000 3.3886084408 9.5495310196 3.9294274169 0.0000000000
6.9945814507 0.1200000000 3.3880365884 9.6168111011 3.9540520402 0.0000000000
7.0319500787 0.1200000000 3.3877779138 9.6817423832 3.9789898547 0.0000000000
7.0700425262 0.1200000000 3.3879122551 9.7439916779 4.0044269376 0.0000000000
7.1085729072 0.1200000000 3.3883017881 9.8045332188 4.0302016858 0.0000000000
7.1471179487 0.1200000000 3.3887193262 9.8650150565 4.0560645735 0.0000000000
7.1856666744 0.1200000000 3.3891595757 9.9254812304 4.0820120410 0.0000000000
7.2242138740 0.1200000000 3.3896265664 9.9859522225 4.1080684007 0.0000000000
7.2627680949 0.1200000000 3.3901082896 10.0463945082 4.1341722076 0.0000000000
7.3013236816 0.1200000000 3.3906257304 10.1068295110 4.1604159720 0.0000000000
7.3398682948 0.1200000000 3.3911434078 10.1673082277 4.1866781682 0.0000000000
7.3783887868 0.1200000000 3.3916713430 10.2278823459 4.2130195566 0.0000000000
7.4168787777 0.1200000000 3.3921999941 10.2885774614 4.2394122069 0.0000000000
7.4553277648 0.1200000000 3.3927111451 10.3494357185 4.2658001140 0.0000000000
7.4937335641 0.1200000000 3.3932205950 10.4104642513 4.2922493264 0.0000000000
7.5321005111 0.1200000000 3.3937126952 10.4716462380 4.3186905221 0.0000000000
7.5704182221 0.1200000000 3.3941944767 10.5330213030 4.3451676742 0.0000000000
7.6086876671 0.1200000000 3.3946546413 10.5945853334 4.3716339447 0.0000000000
7.6469111653 0.1200000000 3.3950809971 10.6563289889 4.3980368300 0.0000000000
7.6850810161 0.1200000000 3.3954993870 10.7182800844 4.4244908278 0.0000000000
7.7232047262 0.1200000000 3.3958837039 10.7804098708 4.4508800099 0.0000000000
7.7612720940 0.1200000000 3.3962341130 10.8427564801 4.4772202902 0.0000000000
7.7994896808 0.1200000000 3.3966763008 10.9045198120 4.5036943739 0.0000000000
7.8379814737 0.1200000000 3.3972709724 10.9652044963 4.5303469340 0.0000000000
7.8763718729 0.1200000000 3.3978270462 11.0262909530 4.5570058119 0.0000000000
7.9146520598 0.1200000000 3.3983133512 11.0878118218 4.5835593794 0.0000000000
7.9528357882 0.1200000000 3.3987554240 11.1497083730 4.6100862912 0.0000000000
7.9909330447 0.1200000000 3.3991404127 11.2119393700 4.6365186448 0.0000000000
8.0289295474 0.1200000000 3.3994586160 11.2745565527 4.6628383313 0.0000000000
8.0668529331 0.1200000000 3.3997210659 11.3374518412 4.6890462461 0.0000000000
8.1047149111 0.1200000000 3.3999224030 11.4005792605 4.7151025623 0.0000000000
8.1425044959 0.1200000000 3.4000556451 11.4639783545 4.7409951683 0.0000000000
8.1802621002 0.1200000000 3.4001312551 11.5274970682 4.7667050935 0.0000000000
8.2180034619 0.1200000000 3.4001514763 11.5910763876 4.7922177064 0.0000000000
8.2557311415 0.1200000000 3.4000851144 11.6547062142 4.8174041893 0.0000000000
8.2935121845 0.1200000000 3.3999666638 11.7181373061 4.8423028236 0.0000000000
8.3313784425 0.1200000000 3.3997852768 11.7812490234 4.8668219626 0.0000000000
8.3693649207 0.1200000000 3.3995373967 11.8439060166 4.8908932396 0.0000000000
8.4075707358 0.1200000000 3.3992307717 11.9057214670 4.9143929196 0.0000000000
8.4460833185 0.1200000000 3.3988775405 11.9663335250 4.9372248181 0.0000000000
8.4849822223 0.1200000000 3.3984585444 12.0253800664 4.9591674502 0.0000000000
8.5244023443 0.1200000000 3.3980051152 12.0822194722 4.9800894956 0.0000000000
8.5646187208 0.1200000000 3.3976078392 12.1354572694 4.9997955105 0.0000000000
8.6057492695 0.1200000000 3.3972936343 12.1841341874 5.0180094583 0.0000000000
8.6476961873 0.1200000000 3.3969644656 12.2282379440 5.0343342860 0.0000000000
8.6905014922 0.1200000000 3.3966510502 12.2668368470 5.0485201856 0.0000000000
8.7341200443 0.1200000000 3.3963748282 12.2992523470 5.0603814976 0.0000000000
8.7784128653 0.1200000000 3.3961415518 12.3253454859 5.0698856478 0.0000000000
8.8232039906 0.1200000000 3.3959386453 12.3454427390 5.0771129229 0.0000000000
8.8683309066 0.1200000000 3.3957935175 12.3601365313 5.0824099288 0.0000000000
8.9136549635 0.1200000000 3.3956828913 12.3703830609 5.0860660354 0.0000000000
8.9590840541 0.1200000000 3.3956146235 12.3771496830 5.0884996133 0.0000000000
9.0045623620 0.1200000000 3.3955698662 12.3813921682 5.0900175781 0.0000000000
9.0500613615 0.1200000000 3.3955524707 12.3839124830 5.0909561219 0.0000000000
9.0955685192 0.1200000000 3.3955414505 12.3853173780 5.0914739992 0.0000000000
9.1410779748 0.1200000000 3.3955300000 12.3860250000 5.0917112460 0.0000000000
9.2629977221 0.1200000000 3.3955500000 12.3864500000 5.0919612460 0.0000000000
9.2674186166 0.1200000000 3.3955510482 12.3864475683 5.0919644661 0.0000000000
9.2718395109 0.1200000000 3.3955520984 12.3864444166 5.0919674062 0.0000000000
9.2762604051 0.1200000000 3.3955531502 12.3864405666 5.0919700734 0.0000000000
9.2806812992 0.1200000000 3.3955542032 12.3864360401 5.0919724747 0.0000000000
9.2851021931 0.1200000000 3.3955552569 12.3864308589 5.0919746172 0.0000000000
9.2895230868 0.1200000000 3.3955563110 12.3864250445 5.0919765079 0.0000000000
9.2939439804 0.1200000000 3.3955573651 12.3864186188 5.0919781538 0.0000000000
9.2983648739 0.1200000000 3.3955584186 12.3864116034 5.0919795619 0.0000000000
9.3027857672 0.1200000000 3.3955594713 12.3864040200 5.0919807391 0.0000000000
9.3072066604 0.1200000000 3.3955605226 12.3863958905 5.0919816927 0.0000000000
9.3116275534 0.1200000000 3.3955615722 12.3863872364 5.0919824295 0.0000000000
9.3160484463 0.1200000000 3.3955626197 12.3863780796 5.0919829566 0.0000000000
9.3204693390 0.1200000000 3.3955636646 12.3863684417 5.0919832809 0.0000000000
9.3248902316 0.1200000000 3.3955647065 12.3863583444 5.0919834096 0.0000000000
9.3293111240 0.1200000000 3.3955657450 12.3863478095 5.0919833497 0.0000000000
9.3337320162 0.1200000000 3.3955667796 12.3863368587 5.0919831080 0.0000000000
9.3381529083 0.1200000000 3.3955678101 12.3863255137 5.0919826918 0.0000000000
9.3425738002 0.1200000000 3.3955688359 12.3863137962 5.0919821079 0.0000000000
9.3469946920 0.1200000000 3.3955698566 12.3863017279 5.0919813635 0.0000000000
9.3514155836 0.1200000000 3.3955708721 12.3862893354 5.0919804685 0.0000000000
9.3558364751 0.1200000000 3.3955718839 12.3862766748 5.0919794514 0.0000000000
9.3602573664 0.1200000000 3.3955728941 12.3862638134 5.0919783478 0.0000000000
9.3646782577 0.1200000000 3.3955739050 12.3862508186 5.0919771933 0.0000000000
9.3690991490 0.1200000000 3.3955749185 12.3862377577 5.0919760233 0.0000000000
9.3735200403 0.1200000000 3.3955759370 12.3862246980 5.0919748733 0.0000000000
9.3779409316 0.1200000000 3.3955769625 12.3862117070 5.0919737790 0.0000000000
9.3823618230 0.1200000000 3.3955779973 12.3861988519 5.0919727759 0.0000000000
9.3867827145 0.1200000000 3.3955790433 12.3861862001 5.0919718994 0.0000000000
9.3912036061 0.1200000000 3.3955801029 12.3861738190 5.0919711852 0.0000000000
9.3956244979 0.1200000000 3.3955811759 12.3861617336 5.0919706429 0.0000000000
9.4000453898 0.1200000000 3.3955822555 12.3861498422 5.0919702051 0.0000000000
9.4044662817 0.1200000000 3.3955833340 12.3861380196 5.0919697899 0.0000000000
9.4088871736 0.1200000000 3.3955844033 12.3861261405 5.0919693154 0.0000000000
9.4133080654 0.1200000000 3.3955854554 12.3861140794 5.0919686995 0.0000000000
9.4177289570 0.1200000000 3.3955864825 12.3861017110 5.0919678605 0.0000000000
9.4221498484 0.1200000000 3.3955874766 12.3860889101 5.0919667163 0.0000000000
9.4265707395 0.1200000000 3.3955884296 12.3860755512 5.0919651850 0.0000000000
9.4309916303 0.1200000000 3.3955893338 12.3860615091 5.0919631848 0.0000000000
9.4354125206 0.1200000000 3.3955901811 12.3860466589 5.0919606340 0.0000000000
9.4398334105 0.1200000000 3.3955909748 12.3860309498 5.0919575250 0.0000000000
9.4442543000 0.1200000000 3.3955917411 12.3860144873 5.0919540053 0.0000000000
9.4486751891 0.1200000000 3.3955925094 12.3859973971 5.0919502424 0.0000000000
9.4530960779 0.1200000000 3.3955933090 12.3859798045 5.0919464037 0.0000000000
9.4575169665 0.1200000000 3.3955941691 12.3859618350 5.0919426566 0.0000000000
9.4619378550 0.1200000000 3.3955951192 12.3859436142 5.0919391684 0.0000000000
9.4663587434 0.1200000000 3.3955961884 12.3859252674 5.0919361065 0.0000000000
9.4707796317 0.1200000000 3.3955974061 12.3859069202 5.0919336385 0.0000000000
9.4752005200 0.1200000000 3.3955988016 12.3858886980 5.0919319315 0.0000000000
9.4796214084 0.1200000000 3.3956004040 12.3858707259 5.0919311523 0.0000000000
9.4840422969 0.1200000000 3.3956022182 12.3858530679 5.0919313462 0.0000000000
9.4884631855 0.1200000000 3.3956042010 12.3858356665 5.0919323168 0.0000000000
9.4928840742 0.1200000000 3.3956063032 12.3858184496 5.0919338388 0.0000000000
9.4973049629 0.1200000000 3.3956084758 12.3858013449 5.0919356871 0.0000000000
9.5017258516 0.1200000000 3.3956106696 12.3857842806 5.0919376365 0.0000000000
9.5061467403 0.1200000000 3.3956128355 12.3857671843 5.0919394616 0.0000000000
9.5105676289 0.1200000000 3.3956149244 12.3857499841 5.0919409373 0.0000000000
9.5149885175 0.1200000000 3.3956168873 12.3857326079 5.0919418382 0.0000000000
9.5194094060 0.1200000000 3.3956186750 12.3857149834 5.0919419393 0.0000000000
9.5238302943 0.1200000000 3.3956202385 12.3856970387 5.0919410156 0.0000000000
9.5282511825 0.1200000000 3.3956215544 12.3856787253 5.0919389540 0.0000000000
9.5326720705 0.1200000000 3.3956226627 12.3856600529 5.0919359182 0.0000000000
9.5370929584 0.1200000000 3.3956236130 12.3856410400 5.0919321139 0.0000000000
9.5415138460 0.1200000000 3.3956244547 12.3856217051 5.0919277467 0.0000000000
9.5459347335 0.1200000000 3.3956252374 12.3856020668 5.0919230224 0.0000000000
9.5503556208 0.1200000000 3.3956260108 12.3855821435 5.0919181466 0.0000000000
9.5547765079 0.1200000000 3.3956268244 12.3855619538 5.0919133250 0.0000000000
9.5591973948 0.1200000000 3.3956277277 12.3855415163 5.0919087632 0.0000000000
9.5636182815 0.1200000000 3.3956287703 12.3855208495 5.0919046670 0.0000000000
9.5680391679 0.1200000000 3.3956300018 12.3854999718 5.0919012420 0.0000000000
9.5724600541 0.1200000000 3.3956314576 12.3854788987 5.0918986360 0.0000000000
9.5768809401 0.1200000000 3.3956331169 12.3854576328 5.0918967667 0.0000000000
9.5813018258 0.1200000000 3.3956349447 12.3854361735 5.0918954943 0.0000000000
9.5857227114 0.1200000000 3.3956369062 12.3854145203 5.0918946790 0.0000000000
9.5901435968 0.1200000000 3.3956389665 12.3853926726 5.0918941811 0.0000000000
9.5945644820 0.1200000000 3.3956410907 12.3853706300 5.0918938607 0.0000000000
9.5989853670 0.1200000000 3.3956432438 12.3853483919 5.0918935781 0.0000000000
9.6034062519 0.1200000000 3.3956453911 12.3853259577 5.0918931936 0.0000000000
9.6078271367 0.1200000000 3.3956474976 12.3853033270 5.0918925674 0.0000000000
9.6122480214 0.1200000000 3.3956495285 12.3852804992 5.0918915597 0.0000000000
9.6166689059 0.1200000000 3.3956514538 12.3852574727 5.0918900504 0.0000000000
9.6210897903 0.1200000000 3.3956532861 12.3852342378 5.0918880855 0.0000000000
9.6255106745 0.1200000000 3.3956550589 12.3852107804 5.0918857938 0.0000000000
9.6299315586 0.1200000000 3.3956568060 12.3851870865 5.0918833047 0.0000000000
9.6343524424 0.1200000000 3.3956585612 12.3851631421 5.0918807478 0.0000000000
9.6387733259 0.1200000000 3.3956603583 12.3851389330 5.0918782525 0.0000000000
9.6431942092 0.1200000000 3.3956622310 12.3851144454 5.0918759483 0.0000000000
9.6476150921 0.1200000000 3.3956642132 12.3850896651 5.0918739647 0.0000000000
9.6520359747 0.1200000000 3.3956663385 12.3850645781 5.0918724312 0.0000000000
9.6564568568 0.1200000000 3.3956686408 12.3850391704 5.0918714772 0.0000000000
9.6608777386 0.1200000000 3.3956711526 12.3850134283 5.0918712279 0.0000000000
9.6652986199 0.1200000000 3.3956738734 12.3849873474 5.0918716787 0.0000000000
9.6697195008 0.1200000000 3.3956767641 12.3849609344 5.0918726763 0.0000000000
9.6741403814 0.1200000000 3.3956797837 12.3849341963 5.0918740592 0.0000000000
9.6785612616 0.1200000000 3.3956828910 12.3849071403 5.0918756662 0.0000000000
9.6829821414 0.1200000000 3.3956860451 12.3848797736 5.0918773357 0.0000000000
9.6874030210 0.1200000000 3.3956892048 12.3848521032 5.0918789064 0.0000000000
9.6918239002 0.1200000000 3.3956923291 12.3848241363 5.0918802168 0.0000000000
9.6962447793 0.1200000000 3.3956953769 12.3847958800 5.0918811055 0.0000000000
9.7006656581 0.1200000000 3.3956983071 12.3847673415 5.0918814112 0.0000000000
9.7050865367 0.1200000000 3.3957010794 12.3847385277 5.0918809749 0.0000000000
9.7095074151 0.1200000000 3.3957036784 12.3847094402 5.0918797359 0.0000000000
9.7139282933 0.1200000000 3.3957061218 12.3846800733 5.0918777626 0.0000000000
9.7183491713 0.1200000000 3.3957084293 12.3846504206 5.0918751317 0.0000000000
9.7227700490 0.1200000000 3.3957106209 12.3846204760 5.0918719201 0.0000000000
9.7271909264 0.1200000000 3.3957127163 12.3845902334 5.0918682048 0.0000000000
9.7316118036 0.1200000000 3.3957147355 12.3845596863 5.0918640625 0.0000000000
9.7360326805 0.1200000000 3.3957166981 12.3845288288 5.0918595702 0.0000000000
9.7404535570 0.1200000000 3.3957186242 12.3844976545 5.0918548047 0.0000000000
9.7448744332 0.1200000000 3.3957205336 12.3844661573 5.0918498432 0.0000000000
9.7492953091 0.1200000000 3.3957224540 12.3844343321 5.0918447948 0.0000000000
9.7537161845 0.1200000000 3.3957244271 12.3844021764 5.0918398249 0.0000000000
9.7581370595 0.1200000000 3.3957264960 12.3843696875 5.0918351051 0.0000000000
9.7625579340 0.1200000000 3.3957287039 12.3843368631 5.0918308070 0.0000000000
9.7669788080 0.1200000000 3.3957310939 12.3843037007 5.0918271021 0.0000000000
9.7713996814 0.1200000000 3.3957337092 12.3842701978 5.0918241618 0.0000000000
9.7758205542 0.1200000000 3.3957365927 12.3842363519 5.0918221577 0.0000000000
9.7802414263 0.1200000000 3.3957397878 12.3842021605 5.0918212614 0.0000000000
9.7846622978 0.1200000000 3.3957433196 12.3841676210 5.0918215728 0.0000000000
9.7890831686 0.1200000000 3.3957471269 12.3841327296 5.0918228456 0.0000000000
9.7935040388 0.1200000000 3.3957511226 12.3840974825 5.0918247293 0.0000000000
9.7979249085 0.1200000000 3.3957552193 12.3840618755 5.0918268734 0.0000000000
9.8023457778 0.1200000000 3.3957593298 12.3840259047 5.0918289272 0.0000000000
9.8067666465 0.1200000000 3.3957633669 12.3839895661 5.0918305401 0.0000000000
9.8111875150 0.1200000000 3.3957672433 12.3839528558 5.0918313616 0.0000000000
9.8156083831 0.1200000000 3.3957708721 12.3839157696 5.0918310423 0.0000000000
9.8200292509 0.1200000000 3.3957742074 12.3838783038 5.0918293970 0.0000000000
9.8244501183 0.1200000000 3.3957772831 12.3838404542 5.0918265600 0.0000000000
9.8288709854 0.1200000000 3.3957801425 12.3838022171 5.0918227030 0.0000000000
9.8332918521 0.1200000000 3.3957828290 12.3837635884 5.0918179975 0.0000000000
9.8377127184 0.1200000000 3.3957853858 12.3837245644 5.0918126150 0.0000000000
9.8421335841 0.1200000000 3.3957878562 12.3836851409 5.0918067272 0.0000000000
9.8465544494 0.1200000000 3.3957902835 12.3836453142 5.0918005057 0.0000000000
9.8509753140 0.1200000000 3.3957927199 12.3836050802 5.0917941578 0.0000000000
9.8553961780 0.1200000000 3.3957952431 12.3835644346 5.0917879922 0.0000000000
9.8598170413 0.1200000000 3.3957979350 12.3835233733 5.0917823354 0.0000000000
9.8642379037 0.1200000000 3.3958008778 12.3834818919 5.0917775139 0.0000000000
9.8686587652 0.1200000000 3.3958041534 12.3834399863 5.0917738540 0.0000000000
9.8730796257 0.1200000000 3.3958078439 12.3833976520 5.0917716823 0.0000000000
9.8775004850 0.1200000000 3.3958120271 12.3833548849 5.0917713083 0.0000000000
9.8819213433 0.1200000000 3.3958166673 12.3833116804 5.0917725872 0.0000000000
9.8863422006 0.1200000000 3.3958216057 12.3832680338 5.0917748825 0.0000000000
9.8907630570 0.1200000000 3.3958266776 12.3832239403 5.0917775327 0.0000000000
9.8951839128 0.1200000000 3.3958317181 12.3831793953 5.0917798765 0.0000000000
9.8996047680 0.1200000000 3.3958365622 12.3831343938 5.0917812526 0.0000000000
9.9040256228 0.1200000000 3.3958410458 12.3830889313 5.0917810018 0.0000000000
9.9084464772 0.1200000000 3.3958450811 12.3830430030 5.0917787716 0.0000000000
9.9128673312 0.1200000000 3.3958487322 12.3829966049 5.0917748167 0.0000000000
9.9172881847 0.1200000000 3.3958520811 12.3829497328 5.0917694636 0.0000000000
9.9217090376 0.1200000000 3.3958552099 12.3829023827 5.0917630386 0.0000000000
9.9261298898 0.1200000000 3.3958582004 12.3828545504 5.0917558680 0.0000000000
9.9305507412 0.1200000000 3.3958611354 12.3828062318 5.0917482803 0.0000000000
9.9349715918 0.1200000000 3.3958641203 12.3827574210 5.0917406957 0.0000000000
9.9393924413 0.1200000000 3.3958672917 12.3827081100 5.0917336569 0.0000000000
9.9438132895 0.1200000000 3.3958707883 12.3826582905 5.0917277155 0.0000000000
9.9482341364 0.1200000000 3.3958747489 12.3826079542 5.0917234232 0.0000000000
9.9526549816 0.1200000000 3.3958793120 12.3825570930 5.0917213313 0.0000000000
9.9570758251 0.1200000000 3.3958845721 12.3825057002 5.0917218145 0.0000000000
9.9614966670 0.1200000000 3.3958903528 12.3824537792 5.0917241688 0.0000000000
9.9659175077 0.1200000000 3.3958963759 12.3824013369 5.0917272842 0.0000000000
9.9703383475 0.1200000000 3.3959023630 12.3823483805 5.0917300501 0.0000000000
9.9747591866 0.1200000000 3.3959080357 12.3822949171 5.0917313556 0.0000000000
9.9791800254 0.1200000000 3.3959131330 12.3822409511 5.0917301586 0.0000000000
9.9836008639 0.1200000000 3.3959176255 12.3821864517 5.0917263286 0.0000000000
9.9880217016 0.1200000000 3.3959216482 12.3821313632 5.0917203841 0.0000000000
9.9924425385 0.1200000000 3.3959253399 12.3820756293 5.0917128573 0.0000000000
9.9968633741 0.1200000000 3.3959288393 12.3820191936 5.0917042806 0.0000000000
10.0012842082 0.1200000000 3.3959322889 12.3819620122 5.0916952063 0.0000000000
10.0057050408 0.1200000000 3.3959358757 12.3819041862 5.0916864234 0.0000000000
10.0101258721 0.1200000000 3.3959398160 12.3818459113 5.0916788745 0.0000000000
10.0145467023 0.1200000000 3.3959443263 12.3817873850 5.0916735053 0.0000000000
10.0189675316 0.1200000000 3.3959496233 12.3817288046 5.0916712612 0.0000000000
10.0233883599 0.1200000000 3.3959558351 12.3816702286 5.0916726777 0.0000000000
10.0278091861 0.1200000000 3.3959626583 12.3816110407 5.0916762953 0.0000000000
10.0322300088 0.1200000000 3.3959696589 12.3815504194 5.0916800493 0.0000000000
10.0366508264 0.1200000000 3.3959764027 12.3814875436 5.0916818744 0.0000000000
10.0410716377 0.1200000000 3.3959824640 12.3814216196 5.0916797500 0.0000000000
10.0454924431 0.1200000000 3.3959876962 12.3813528019 5.0916731514 0.0000000000
10.0499132456 0.1200000000 3.3959922931 12.3812823994 5.0916633780 0.0000000000
10.0543340482 0.1200000000 3.3959964692 12.3812117914 5.0916518396 0.0000000000
10.0587548541 0.1200000000 3.3960004393 12.3811423565 5.0916399458 0.0000000000
10.0631756648 0.1200000000 3.3960044437 12.3810749300 5.0916289929 0.0000000000
10.0675964782 0.1200000000 3.3960087977 12.3810087864 5.0916199514 0.0000000000
10.0720172913 0.1200000000 3.3960138297 12.3809429216 5.0916137334 0.0000000000
10.0764381012 0.1200000000 3.3960198681 12.3808763316 5.0916112513 0.0000000000
10.0808589057 0.1200000000 3.3960270840 12.3808082553 5.0916128840 0.0000000000
10.0852797062 0.1200000000 3.3960349790 12.3807389630 5.0916167472 0.0000000000
10.0897005053 0.1200000000 3.3960428777 12.3806689985 5.0916203562 0.0000000000
10.0941213051 0.1200000000 3.3960501044 12.3805989057 5.0916212259 0.0000000000
10.0985421071 0.1200000000 3.3960561816 12.3805289201 5.0916175403 0.0000000000
10.1029629080 0.1200000000 3.3960613872 12.3804581006 5.0916100351 0.0000000000
10.1073837039 0.1200000000 3.3960661796 12.3803852253 5.0916000545 0.0000000000
10.1118044905 0.1200000000 3.3960710162 12.3803090761 5.0915889415 0.0000000000
10.1162252663 0.1200000000 3.3960761958 12.3802292072 5.0915777123 0.0000000000
10.1206460348 0.1200000000 3.3960816676 12.3801468721 5.0915666651 0.0000000000
10.1250668003 0.1200000000 3.3960873340 12.3800635507 5.0915560025 0.0000000000
10.1294875672 0.1200000000 3.3960930979 12.3799807229 5.0915459268 0.0000000000
10.1339083397 0.1200000000 3.3960988618 12.3798998686 5.0915366405 0.0000000000
10.1383291222 0.1200000000 3.3961045282 12.3798224676 5.0915283461 0.0000000000
10.1427499190 0.1200000000 3.3961100000 12.3797500000 5.0915212460 0.0000000000
10.1724238299 0.1200000000 3.3961600000 12.3791750000 5.0914912460 0.0000000000
10.1738527796 0.1200000000 3.3961604510 12.3791508751 5.0914834003 0.0000000000
10.1752817250 0.1200000000 3.3961613596 12.3791257068 5.0914769672 0.0000000000
10.1767106665 0.1200000000 3.3961626866 12.3790995726 5.0914718215 0.0000000000
10.1781396042 0.1200000000 3.3961643928 12.3790725504 5.0914678375 0.0000000000
10.1795685387 0.1200000000 3.3961664392 12.3790447178 5.0914648900 0.0000000000
10.1809974702 0.1200000000 3.3961687866 12.3790161524 5.0914628535 0.0000000000
10.1824263990 0.1200000000 3.3961713959 12.3789869321 5.0914616025 0.0000000000
10.1838553254 0.1200000000 3.3961742280 12.3789571344 5.0914610116 0.0000000000
10.1852842499 0.1200000000 3.3961772436 12.3789268371 5.0914609555 0.0000000000
10.1867131727 0.1200000000 3.3961804039 12.3788961179 5.0914613086 0.0000000000
10.1881420942 0.1200000000 3.3961836694 12.3788650544 5.0914619456 0.0000000000
10.1895710147 0.1200000000 3.3961870013 12.3788337245 5.0914627410 0.0000000000
10.1909999345 0.1200000000 3.3961903603 12.3788022056 5.0914635694 0.0000000000
10.1924288540 0.1200000000 3.3961937073 12.3787705757 5.0914643054 0.0000000000
10.1938577735 0.1200000000 3.3961970031 12.3787389122 5.0914648235 0.0000000000
10.1952866933 0.1200000000 3.3962002088 12.3787072931 5.0914649983 0.0000000000
10.1967156138 0.1200000000 3.3962032850 12.3786757958 5.0914647044 0.0000000000
10.1981445353 0.1200000000 3.3962061928 12.3786444982 5.0914638164 0.0000000000
10.1995734581 0.1200000000 3.3962088929 12.3786134779 5.0914622088 0.0000000000
10.2010023825 0.1200000000 3.3962113493 12.3785828088 5.0914597667 0.0000000000
10.2024313086 0.1200000000 3.3962135789 12.3785524966 5.0914565603 0.0000000000
10.2038602360 0.1200000000 3.3962156437 12.3785224895 5.0914528168 0.0000000000
10.2052891644 0.1200000000 3.3962176072 12.3784927336 5.0914487683 0.0000000000
10.2067180936 0.1200000000 3.3962195328 12.3784631752 5.0914446473 0.0000000000
10.2081470232 0.1200000000 3.3962214839 12.3784337606 5.0914406859 0.0000000000
10.2095759530 0.1200000000 3.3962235240 12.3784044358 5.0914371163 0.0000000000
10.2110048826 0.1200000000 3.3962257165 12.3783751471 5.0914341709 0.0000000000
10.2124338118 0.1200000000 3.3962281249 12.3783458409 5.0914320819 0.0000000000
10.2138627402 0.1200000000 3.3962308120 12.3783164632 5.0914310794 0.0000000000
10.2152916677 0.1200000000 3.3962337970 12.3782869616 5.0914312187 0.0000000000
10.2167205942 0.1200000000 3.3962370225 12.3782572860 5.0914322504 0.0000000000
10.2181495195 0.1200000000 3.3962404235 12.3782273863 5.0914338948 0.0000000000
10.2195784437 0.1200000000 3.3962439352 12.3781972126 5.0914358719 0.0000000000
10.2210073666 0.1200000000 3.3962474925 12.3781667149 5.0914379021 0.0000000000
10.2224362883 0.1200000000 3.3962510305 12.3781358433 5.0914397054 0.0000000000
10.2238652086 0.1200000000 3.3962544842 12.3781045478 5.0914410021 0.0000000000
10.2252941275 0.1200000000 3.3962577887 12.3780727783 5.0914415124 0.0000000000
10.2267230450 0.1200000000 3.3962608795 12.3780404854 5.0914409580 0.0000000000
10.2281519609 0.1200000000 3.3962637245 12.3780076506 5.0914392043 0.0000000000
10.2295808754 0.1200000000 3.3962663485 12.3779743094 5.0914363639 0.0000000000
10.2310097886 0.1200000000 3.3962687817 12.3779405025 5.0914325739 0.0000000000
10.2324387005 0.1200000000 3.3962710543 12.3779062708 5.0914279716 0.0000000000
10.2338676113 0.1200000000 3.3962731965 12.3778716550 5.0914226942 0.0000000000
10.2352965209 0.1200000000 3.3962752386 12.3778366960 5.0914168789 0.0000000000
10.2367254295 0.1200000000 3.3962772108 12.3778014346 5.0914106630 0.0000000000
10.2381543372 0.1200000000 3.3962791433 12.3777659116 5.0914041837 0.0000000000
10.2395832441 0.1200000000 3.3962810664 12.3777301696 5.0913975794 0.0000000000
10.2410121503 0.1200000000 3.3962830127 12.3776942848 5.0913910110 0.0000000000
10.2424410562 0.1200000000 3.3962850169 12.3776583626 5.0913846586 0.0000000000
10.2438699622 0.1200000000 3.3962871134 12.3776225093 5.0913787032 0.0000000000
10.2452988686 0.1200000000 3.3962893368 12.3775868311 5.0913733256 0.0000000000
10.2467277757 0.1200000000 3.3962917217 12.3775514343 5.0913687067 0.0000000000
10.2481566840 0.1200000000 3.3962943028 12.3775164253 5.0913650273 0.0000000000
10.2495855936 0.1200000000 3.3962971146 12.3774819103 5.0913624684 0.0000000000
10.2510145051 0.1200000000 3.3963001916 12.3774479956 5.0913612108 0.0000000000
10.2524434184 0.1200000000 3.3963035477 12.3774147219 5.0913613257 0.0000000000
10.2538723331 0.1200000000 3.3963071268 12.3773819110 5.0913625178 0.0000000000
10.2553012484 0.1200000000 3.3963108583 12.3773493387 5.0913644149 0.0000000000
10.2567301636 0.1200000000 3.3963146716 12.3773167808 5.0913666450 0.0000000000
10.2581590779 0.1200000000 3.3963184962 12.3772840132 5.0913688360 0.0000000000
10.2595879905 0.1200000000 3.3963222613 12.3772508116 5.0913706158 0.0000000000
10.2610169009 0.1200000000 3.3963258964 12.3772169521 5.0913716124 0.0000000000
10.2624458081 0.1200000000 3.3963293309 12.3771822103 5.0913714537 0.0000000000
10.2638747117 0.1200000000 3.3963325031 12.3771464031 5.0913698196 0.0000000000
10.2653036121 0.1200000000 3.3963354180 12.3771096535 5.0913667793 0.0000000000
10.2667325103 0.1200000000 3.3963381107 12.3770722232 5.0913625780 0.0000000000
10.2681614073 0.1200000000 3.3963406165 12.3770343747 5.0913574620 0.0000000000
10.2695903040 0.1200000000 3.3963429708 12.3769963704 5.0913516776 0.0000000000
10.2710192014 0.1200000000 3.3963452090 12.3769584727 5.0913454710 0.0000000000
10.2724481006 0.1200000000 3.3963473662 12.3769209441 5.0913390885 0.0000000000
10.2738770024 0.1200000000 3.3963494778 12.3768840469 5.0913327762 0.0000000000
10.2753059077 0.1200000000 3.3963515799 12.3768480073 5.0913267686 0.0000000000
10.2767348161 0.1200000000 3.3963537142 12.3768127359 5.0913211971 0.0000000000
10.2781637264 0.1200000000 3.3963559254 12.3767779817 5.0913161403 0.0000000000
10.2795926374 0.1200000000 3.3963582584 12.3767434923 5.0913116764 0.0000000000
10.2810215481 0.1200000000 3.3963607579 12.3767090153 5.0913078836 0.0000000000
10.2824504573 0.1200000000 3.3963634687 12.3766742984 5.0913048401 0.0000000000
10.2838793639 0.1200000000 3.3963664356 12.3766390892 5.0913026242 0.0000000000
10.2853082668 0.1200000000 3.3963697034 12.3766031352 5.0913013139 0.0000000000
10.2867371650 0.1200000000 3.3963732998 12.3765662310 5.0913009378 0.0000000000
10.2881660588 0.1200000000 3.3963771639 12.3765284137 5.0913012670 0.0000000000
10.2895949489 0.1200000000 3.3963812059 12.3764897987 5.0913019891 0.0000000000
10.2910238360 0.1200000000 3.3963853363 12.3764505016 5.0913027919 0.0000000000
10.2924527206 0.1200000000 3.3963894655 12.3764106380 5.0913033633 0.0000000000
10.2938816036 0.1200000000 3.3963935039 12.3763703235 5.0913033909 0.0000000000
10.2953104854 0.1200000000 3.3963973618 12.3763296734 5.0913025625 0.0000000000
10.2967393669 0.1200000000 3.3964009501 12.3762888036 5.0913005677 0.0000000000
10.2981682486 0.1200000000 3.3964042240 12.3762478328 5.0912972752 0.0000000000
10.2995971309 0.1200000000 3.3964072198 12.3762068860 5.0912928798 0.0000000000
10.3010260144 0.1200000000 3.3964099823 12.3761660890 5.0912876107 0.0000000000
10.3024548995 0.1200000000 3.3964125561 12.3761255672 5.0912816973 0.0000000000
10.3038837867 0.1200000000 3.3964149861 12.3760854465 5.0912753690 0.0000000000
10.3053126764 0.1200000000 3.3964173170 12.3760458523 5.0912688551 0.0000000000
10.3067415691 0.1200000000 3.3964195937 12.3760069104 5.0912623850 0.0000000000
10.3081704652 0.1200000000 3.3964218618 12.3759687110 5.0912561779 0.0000000000
10.3095993637 0.1200000000 3.3964241742 12.3759310994 5.0912503827 0.0000000000
10.3110282635 0.1200000000 3.3964265865 12.3758938172 5.0912451191 0.0000000000
10.3124571632 0.1200000000 3.3964291544 12.3758566058 5.0912405061 0.0000000000
10.3138860616 0.1200000000 3.3964319336 12.3758192063 5.0912366631 0.0000000000
10.3153149573 0.1200000000 3.3964349798 12.3757813601 5.0912337093 0.0000000000
10.3167438492 0.1200000000 3.3964383487 12.3757428084 5.0912317641 0.0000000000
10.3181727358 0.1200000000 3.3964420914 12.3757033031 5.0912309329 0.0000000000
10.3196016172 0.1200000000 3.3964461743 12.3756627917 5.0912310600 0.0000000000
10.3210304940 0.1200000000 3.3964504886 12.3756213956 5.0912317586 0.0000000000
10.3224593671 0.1200000000 3.3964549227 12.3755792422 5.0912326338 0.0000000000
10.3238882373 0.1200000000 3.3964593653 12.3755364589 5.0912332908 0.0000000000
10.3253171055 0.1200000000 3.3964637049 12.3754931730 5.0912333347 0.0000000000
10.3267459724 0.1200000000 3.3964678299 12.3754495119 5.0912323705 0.0000000000
10.3281748389 0.1200000000 3.3964716314 12.3754056037 5.0912300131 0.0000000000
10.3296037056 0.1200000000 3.3964750741 12.3753615926 5.0912261794 0.0000000000
10.3310325734 0.1200000000 3.3964782088 12.3753176428 5.0912211383 0.0000000000
10.3324614428 0.1200000000 3.3964810912 12.3752739189 5.0912151786 0.0000000000
10.3338903145 0.1200000000 3.3964837771 12.3752305862 5.0912085889 0.0000000000
10.3353191892 0.1200000000 3.3964863221 12.3751878093 5.0912016581 0.0000000000
10.3367480675 0.1200000000 3.3964887819 12.3751457534 5.0911946748 0.0000000000
10.3381769501 0.1200000000 3.3964912124 12.3751045728 5.0911879248 0.0000000000
10.3396058363 0.1200000000 3.3964936757 12.3750641794 5.0911816206 0.0000000000
10.3410347244 0.1200000000 3.3964962397 12.3750242414 5.0911759014 0.0000000000
10.3424636127 0.1200000000 3.3964989727 12.3749844167 5.0911709035 0.0000000000
10.3438924992 0.1200000000 3.3965019429 12.3749443631 5.0911667630 0.0000000000
10.3453213821 0.1200000000 3.3965052187 12.3749037382 5.0911636160 0.0000000000
10.3467502597 0.1200000000 3.3965088682 12.3748621998 5.0911615987 0.0000000000
10.3481791304 0.1200000000 3.3965129474 12.3748194408 5.0911608121 0.0000000000
10.3496079944 0.1200000000 3.3965173903 12.3747755037 5.0911610089 0.0000000000
10.3510368534 0.1200000000 3.3965220612 12.3747306304 5.0911617429 0.0000000000
10.3524657088 0.1200000000 3.3965268233 12.3746850653 5.0911625655 0.0000000000
10.3538945621 0.1200000000 3.3965315402 12.3746390529 5.0911630280 0.0000000000
10.3553234150 0.1200000000 3.3965360752 12.3745928376 5.0911626817 0.0000000000
10.3567522689 0.1200000000 3.3965402916 12.3745466637 5.0911610781 0.0000000000
10.3581811248 0.1200000000 3.3965440951 12.3745006976 5.0911579056 0.0000000000
10.3596099822 0.1200000000 3.3965475266 12.3744548545 5.0911532942 0.0000000000
10.3610388403 0.1200000000 3.3965506543 12.3744089989 5.0911474629 0.0000000000
10.3624676983 0.1200000000 3.3965535466 12.3743629953 5.0911406304 0.0000000000
10.3638965552 0.1200000000 3.3965562716 12.3743167082 5.0911330156 0.0000000000
10.3653254102 0.1200000000 3.3965588976 12.3742700023 5.0911248374 0.0000000000
10.3667542625 0.1200000000 3.3965614934 12.3742227556 5.0911163219 0.0000000000
10.3681831125 0.1200000000 3.3965641352 12.3741750727 5.0911078158 0.0000000000
10.3696119614 0.1200000000 3.3965669053 12.3741272436 5.0910997648 0.0000000000
10.3710408106 0.1200000000 3.3965698865 12.3740795640 5.0910926175 0.0000000000
10.3724696612 0.1200000000 3.3965731612 12.3740323296 5.0910868226 0.0000000000
10.3738985145 0.1200000000 3.3965768121 12.3739858361 5.0910828287 0.0000000000
10.3753273719 0.1200000000 3.3965809213 12.3739403779 5.0910810825 0.0000000000
10.3767562337 0.1200000000 3.3965854988 12.3738960293 5.0910816532 0.0000000000
10.3781850982 0.1200000000 3.3965903994 12.3738523925 5.0910838008 0.0000000000
10.3796139636 0.1200000000 3.3965954578 12.3738090083 5.0910866807 0.0000000000
10.3810428278 0.1200000000 3.3966005088 12.3737654176 5.0910894481 0.0000000000
10.3824716891 0.1200000000 3.3966053869 12.3737211613 5.0910912582 0.0000000000
10.3839005455 0.1200000000 3.3966099270 12.3736757804 5.0910912663 0.0000000000
10.3853293955 0.1200000000 3.3966140031 12.3736289356 5.0910888326 0.0000000000
10.3867582400 0.1200000000 3.3966176542 12.3735807917 5.0910841796 0.0000000000
10.3881870803 0.1200000000 3.3966209631 12.3735316459 5.0910777567 0.0000000000
10.3896159176 0.1200000000 3.3966240122 12.3734817957 5.0910700132 0.0000000000
10.3910447532 0.1200000000 3.3966268842 12.3734315384 5.0910613984 0.0000000000
10.3924735886 0.1200000000 3.3966296618 12.3733811714 5.0910523617 0.0000000000
10.3939024246 0.1200000000 3.3966324292 12.3733309492 5.0910433426 0.0000000000
10.3953312612 0.1200000000 3.3966352815 12.3732808785 5.0910347236 0.0000000000
10.3967600975 0.1200000000 3.3966383175 12.3732308764 5.0910268667 0.0000000000
10.3981889329 0.1200000000 3.3966416359 12.3731808604 5.0910201338 0.0000000000
10.3996177665 0.1200000000 3.3966453354 12.3731307476 5.0910148868 0.0000000000
10.4010465977 0.1200000000 3.3966495149 12.3730804553 5.0910114878 0.0000000000
10.4024754259 0.1200000000 3.3966542380 12.3730299132 5.0910101634 0.0000000000
10.4039042516 0.1200000000 3.3966593743 12.3729791195 5.0910103910 0.0000000000
10.4053330753 0.1200000000 3.3966647261 12.3729280964 5.0910113892 0.0000000000
10.4067618977 0.1200000000 3.3966700960 12.3728768661 5.0910123767 0.0000000000
10.4081907197 0.1200000000 3.3966752864 12.3728254505 5.0910125720 0.0000000000
10.4096195418 0.1200000000 3.3966800997 12.3727738719 5.0910111936 0.0000000000
10.4110483647 0.1200000000 3.3966843909 12.3727221472 5.0910076687 0.0000000000
10.4124771881 0.1200000000 3.3966882124 12.3726702741 5.0910022052 0.0000000000
10.4139060116 0.1200000000 3.3966916624 12.3726182458 5.0909951940 0.0000000000
10.4153348351 0.1200000000 3.3966948394 12.3725660555 5.0909870259 0.0000000000
10.4167636581 0.1200000000 3.3966978418 12.3725136963 5.0909780918 0.0000000000
10.4181924804 0.1200000000 3.3967007680 12.3724611616 5.0909687828 0.0000000000
10.4196213015 0.1200000000 3.3967037231 12.3724084470 5.0909595171 0.0000000000
10.4210501211 0.1200000000 3.3967068240 12.3723555533 5.0909507635 0.0000000000
10.4224789389 0.1200000000 3.3967101895 12.3723024815 5.0909429966 0.0000000000
10.4239077545 0.1200000000 3.3967139379 12.3722492329 5.0909366907 0.0000000000
10.4253365674 0.1200000000 3.3967181877 12.3721958086 5.0909323203 0.0000000000
10.4267653774 0.1200000000 3.3967230438 12.3721422098 5.0909303052 0.0000000000
10.4281941846 0.1200000000 3.3967284158 12.3720884361 5.0909302836 0.0000000000
10.4296229900 0.1200000000 3.3967340672 12.3720344867 5.0909313095 0.0000000000
10.4310517941 0.1200000000 3.3967397583 12.3719803603 5.0909324232 0.0000000000
10.4324805978 0.1200000000 3.3967452490 12.3719260559 5.0909326646 0.0000000000
10.4339094019 0.1200000000 3.3967502997 12.3718715725 5.0909310740 0.0000000000
10.4353382067 0.1200000000 3.3967547463 12.3718169090 5.0909269948 0.0000000000
10.4367670120 0.1200000000 3.3967586759 12.3717620650 5.0909207756 0.0000000000
10.4381958175 0.1200000000 3.3967622278 12.3717070399 5.0909129731 0.0000000000
10.4396246226 0.1200000000 3.3967655412 12.3716518333 5.0909041441 0.0000000000
10.4410534268 0.1200000000 3.3967687553 12.3715964448 5.0908948453 0.0000000000
10.4424822299 0.1200000000 3.3967720061 12.3715408739 5.0908856200 0.0000000000
10.4439110315 0.1200000000 3.3967753817 12.3714851201 5.0908768208 0.0000000000
10.4453398313 0.1200000000 3.3967789350 12.3714291827 5.0908686590 0.0000000000
10.4467686292 0.1200000000 3.3967827179 12.3713730611 5.0908613423 0.0000000000
10.4481974251 0.1200000000 3.3967867826 12.3713167547 5.0908550785 0.0000000000
10.4496262187 0.1200000000 3.3967911811 12.3712602629 5.0908500756 0.0000000000
10.4510550098 0.1200000000 3.3967959653 12.3712035850 5.0908465412 0.0000000000
10.4524837983 0.1200000000 3.3968011873 12.3711467203 5.0908446833 0.0000000000
10.4539125840 0.1200000000 3.3968068990 12.3710896684 5.0908447095 0.0000000000
10.4553413666 0.1200000000 3.3968131526 12.3710324285 5.0908468279 0.0000000000
10.4567701461 0.1200000000 3.3968200000 12.3709750000 5.0908512460 0.0000000000
