# logAge Mass logTe Mbol logg C/O
-0.4084510595 0.8500000000 3.6259800000 -1.6857500000 1.2350389257 0.0000000000
-0.3643130418 0.8500000000 3.6259841652 -1.6856598157 1.2350916603 0.0000000000
-0.3201750328 0.8500000000 3.6259890160 -1.6855488578 1.2351554467 0.0000000000
-0.2760370308 0.8500000000 3.6259939795 -1.6854214911 1.2352262472 0.0000000000
-0.2318990343 0.8500000000 3.6259984826 -1.6852820807 1.2353000240 0.0000000000
-0.1877610416 0.8500000000 3.6260020809 -1.6851345421 1.2353734324 0.0000000000
-0.1436230553 0.8500000000 3.6260061955 -1.6849762623 1.2354532026 0.0000000000
-0.0994850805 0.8500000000 3.6260135628 -1.6847997635 1.2355532714 0.0000000000
-0.0553471218 0.8500000000 3.6260235414 -1.6845998172 1.2356731643 0.0000000000
-0.0112091825 0.8500000000 3.6260312049 -1.6843741915 1.2357940686 0.0000000000
0.0329287343 0.8500000000 3.6260348344 -1.6841219380 1.2359094883 0.0000000000
0.0770666266 0.8500000000 3.6260401598 -1.6838444445 1.2360417871 0.0000000000
0.1212044914 0.8500000000 3.6260518893 -1.6835422703 1.2362095750 0.0000000000
0.1653423233 0.8500000000 3.6260672507 -1.6832117094 1.2364032447 0.0000000000
0.2094801144 0.8500000000 3.6260821401 -1.6828474481 1.2366085068 0.0000000000
0.2536178444 0.8500000000 3.6260954320 -1.6824400478 1.2368246346 0.0000000000
0.2977554891 0.8500000000 3.6261074113 -1.6819790835 1.2370569377 0.0000000000
0.3418930398 0.8500000000 3.6261205237 -1.6814641349 1.2373153663 0.0000000000
0.3860304986 0.8500000000 3.6261386389 -1.6809016365 1.2376128267 0.0000000000
0.4301678449 0.8500000000 3.6261617808 -1.6802880193 1.2379508411 0.0000000000
0.4743050311 0.8500000000 3.6261853552 -1.6796076114 1.2383173019 0.0000000000
0.5184420182 0.8500000000 3.6262072713 -1.6788497028 1.2387081299 0.0000000000
0.5625787870 0.8500000000 3.6262310427 -1.6780150411 1.2391370800 0.0000000000
0.6067153047 0.8500000000 3.6262599724 -1.6771015248 1.2396182053 0.0000000000
0.6508514796 0.8500000000 3.6262942248 -1.6760920551 1.2401590031 0.0000000000
0.6949872098 0.8500000000 3.6263331150 -1.6749677182 1.2407642984 0.0000000000
0.7391224069 0.8500000000 3.6263749691 -1.6737192870 1.2414310875 0.0000000000
0.7832569850 0.8500000000 3.6264179587 -1.6723409411 1.2421543842 0.0000000000
0.8273908203 0.8500000000 3.6264631865 -1.6708216209 1.2429430234 0.0000000000
0.8715237611 0.8500000000 3.6265137063 -1.6691466169 1.2438151041 0.0000000000
0.9156555899 0.8500000000 3.6265716075 -1.6672983742 1.2447860060 0.0000000000
0.9597860158 0.8500000000 3.6266378402 -1.6652562502 1.2458677865 0.0000000000
1.0039148061 0.8500000000 3.6267126732 -1.6630058679 1.2470672713 0.0000000000
1.0480418473 0.8500000000 3.6267951919 -1.6605451172 1.2483816465 0.0000000000
1.0921667629 0.8500000000 3.6268840855 -1.6578528489 1.2498141283 0.0000000000
1.1362882550 0.8500000000 3.6269771634 -1.6548397524 1.2513916783 0.0000000000
1.1804049714 0.8500000000 3.6270728289 -1.6514170596 1.2531434173 0.0000000000
1.2245163903 0.8500000000 3.6271741792 -1.6475850631 1.2550816173 0.0000000000
1.2686222504 0.8500000000 3.6272858202 -1.6433734732 1.2572128174 0.0000000000
1.3127217151 0.8500000000 3.6274095236 -1.6387674594 1.2595500364 0.0000000000
1.3568135584 0.8500000000 3.6275452539 -1.6337233031 1.2621106200 0.0000000000
1.4008960659 0.8500000000 3.6276934875 -1.6281925580 1.2649158524 0.0000000000
1.4449670075 0.8500000000 3.6278553071 -1.6221224225 1.2679911851 0.0000000000
1.4890247755 0.8500000000 3.6280337369 -1.6154841971 1.2713601945 0.0000000000
1.5330689499 0.8500000000 3.6282353040 -1.6082937590 1.2750426382 0.0000000000
1.5770976280 0.8500000000 3.6284630504 -1.6005280282 1.2790599161 0.0000000000
1.6211037041 0.8500000000 3.6287075412 -1.5920225861 1.2834400559 0.0000000000
1.6650803821 0.8500000000 3.6289607314 -1.5826245795 1.2882120193 0.0000000000
1.7090289311 0.8500000000 3.6292377610 -1.5724189840 1.2934023759 0.0000000000
1.7529524739 0.8500000000 3.6295597061 -1.5615522663 1.2990368438 0.0000000000
1.7968411496 0.8500000000 3.6299174314 -1.5498679701 1.3051414632 0.0000000000
1.8406781359 0.8500000000 3.6302858227 -1.5370458060 1.3117438939 0.0000000000
1.8844652323 0.8500000000 3.6306859465 -1.5231818160 1.3188899852 0.0000000000
1.9282120723 0.8500000000 3.6311593799 -1.5085599412 1.3266324689 0.0000000000
1.9718961261 0.8500000000 3.6316749574 -1.4928249570 1.3349887723 0.0000000000
2.0154836113 0.8500000000 3.6321907733 -1.4754898603 1.3439860748 0.0000000000
2.0589517498 0.8500000000 3.6327024675 -1.4563831062 1.3536755533 0.0000000000
2.1023279399 0.8500000000 3.6332514354 -1.4360059914 1.3640222709 0.0000000000
2.1455972485 0.8500000000 3.6338365057 -1.4142775048 1.3750539464 0.0000000000
2.1887596132 0.8500000000 3.6344717292 -1.3912538647 1.3868042966 0.0000000000
2.2318212151 0.8500000000 3.6351629512 -1.3670975764 1.3992317000 0.0000000000
2.2747553709 0.8500000000 3.6358960983 -1.3415705785 1.4123750876 0.0000000000
2.3176080186 0.8500000000 3.6367356293 -1.3152030824 1.4262802101 0.0000000000
2.3601892622 0.8500000000 3.6375158922 -1.2862464152 1.4409839284 0.0000000000
2.4025918195 0.8500000000 3.6383253203 -1.2556701431 1.4564521497 0.0000000000
2.4448329116 0.8500000000 3.6391819444 -1.2237422547 1.4726498016 0.0000000000
2.4869700255 0.8500000000 3.6401190677 -1.1909769138 1.4895044312 0.0000000000
2.5289441895 0.8500000000 3.6410968791 -1.1569411820 1.5070299692 0.0000000000
2.5707412980 0.8500000000 3.6421198677 -1.1215831020 1.5252651559 0.0000000000
2.6121650970 0.8500000000 3.6430495926 -1.0835559834 1.5441949029 0.0000000000
2.6534577673 0.8500000000 3.6440562138 -1.0446638837 1.5637782276 0.0000000000
2.6946490005 0.8500000000 3.6451352670 -1.0051150459 1.5839139753 0.0000000000
2.7356951668 0.8500000000 3.6462749481 -0.9646416415 1.6046620616 0.0000000000
2.7764797933 0.8500000000 3.6473817659 -0.9225592623 1.6259222845 0.0000000000
2.8169558449 0.8500000000 3.6484429537 -0.8786334271 1.6477373698 0.0000000000
2.8573465977 0.8500000000 3.6495764593 -0.8342319801 1.6700319710 0.0000000000
2.8976281717 0.8500000000 3.6507631732 -0.7892221859 1.6927827441 0.0000000000
2.9377982691 0.8500000000 3.6520063994 -0.7436046062 1.7160026807 0.0000000000
2.9775445557 0.8500000000 3.6531192178 -0.6957001416 1.7396157404 0.0000000000
3.0172159674 0.8500000000 3.6542806009 -0.6474177423 1.7635742325 0.0000000000
3.0568262511 0.8500000000 3.6555041953 -0.5988319931 1.7879029097 0.0000000000
3.0963610855 0.8500000000 3.6567780431 -0.5498716707 1.8125824298 0.0000000000
3.1355336820 0.8500000000 3.6579361785 -0.4991095935 1.8375198023 0.0000000000
3.1746053322 0.8500000000 3.6591143768 -0.4478641106 1.8627307885 0.0000000000
3.2136456109 0.8500000000 3.6603523319 -0.3964781338 1.8882369997 0.0000000000
3.2526421963 0.8500000000 3.6616298663 -0.3448906988 1.9139821115 0.0000000000
3.2913259671 0.8500000000 3.6628019594 -0.2918401897 1.9398906875 0.0000000000
3.3298962263 0.8500000000 3.6639628165 -0.2382712413 1.9659616952 0.0000000000
3.3684679748 0.8500000000 3.6651916100 -0.1847191157 1.9922977195 0.0000000000
3.4070172952 0.8500000000 3.6664474617 -0.1310692122 2.0187810877 0.0000000000
3.4453377340 0.8500000000 3.6676264374 -0.0763983895 2.0453653194 0.0000000000
3.4835109101 0.8500000000 3.6687639286 -0.0210767287 2.0720439484 0.0000000000
3.5216929252 0.8500000000 3.6699418116 0.0342016579 2.0988668353 0.0000000000
3.5598612263 0.8500000000 3.6711442980 0.0895357750 2.1258104277 0.0000000000
3.5979251520 0.8500000000 3.6723283129 0.1453165794 2.1528588089 0.0000000000
3.6357752502 0.8500000000 3.6734162749 0.2020148805 2.1798899776 0.0000000000
3.6736375217 0.8500000000 3.6745365075 0.2586581811 2.2070282280 0.0000000000
3.7115033024 0.8500000000 3.6756840698 0.3152836173 2.2342686517 0.0000000000
3.7493656819 0.8500000000 3.6768471990 0.3719215522 2.2615763427 0.0000000000
3.7869861368 0.8500000000 3.6778955296 0.4295701657 2.2888291103 0.0000000000
3.8245917385 0.8500000000 3.6789519157 0.4872799355 2.3161385626 0.0000000000
3.8622079079 0.8500000000 3.6800216946 0.5449447761 2.3434836147 0.0000000000
3.8998340860 0.8500000000 3.6811131400 0.6025666078 2.3708981288 0.0000000000
3.9374168504 0.8500000000 3.6821932976 0.6603650888 2.3983381516 0.0000000000
3.9747955380 0.8500000000 3.6831650019 0.7189984743 2.4256783232 0.0000000000
4.0121829250 0.8500000000 3.6841499242 0.7775955005 2.4530568227 0.0000000000
4.0495942281 0.8500000000 3.6851429648 0.8360962554 2.4804292873 0.0000000000
4.0870214721 0.8500000000 3.6861579028 0.8945308453 2.5078628750 0.0000000000
4.1244030311 0.8500000000 3.6871435352 0.9531498555 2.5352530086 0.0000000000
4.1616192886 0.8500000000 3.6880363248 1.0124331840 2.5625374984 0.0000000000
4.1988498457 0.8500000000 3.6889334978 1.0716595931 2.5898167541 0.0000000000
4.2361052645 0.8500000000 3.6898321739 1.1307880267 2.6170628319 0.0000000000
4.2733675234 0.8500000000 3.6907262715 1.1898901337 2.6442800651 0.0000000000
4.3106586192 0.8500000000 3.6916139366 1.2488791171 2.6714263188 0.0000000000
4.3479292095 0.8500000000 3.6924655620 1.3079517725 2.6984618828 0.0000000000
4.3851737162 0.8500000000 3.6932329601 1.3671346943 2.7252046439 0.0000000000
4.4225729724 0.8500000000 3.6939927308 1.4257051977 2.7516719279 0.0000000000
4.4602131456 0.8500000000 3.6947429123 1.4833023696 2.7777115227 0.0000000000
4.4981947136 0.8500000000 3.6954667179 1.5394809189 2.8030781649 0.0000000000
4.5367102440 0.8500000000 3.6961661180 1.5933404717 2.8274195866 0.0000000000
4.5759744019 0.8500000000 3.6968009263 1.6437022207 2.8501035191 0.0000000000
4.6161626173 0.8500000000 3.6973217466 1.6892886729 2.8704213813 0.0000000000
4.6574461771 0.8500000000 3.6977464874 1.7282628969 2.8877100342 0.0000000000
4.6997896775 0.8500000000 3.6980797872 1.7593444097 2.9014758384 0.0000000000
4.7428827610 0.8500000000 3.6983375698 1.7831732468 2.9120385038 0.0000000000
4.7864031810 0.8500000000 3.6985327555 1.8015531429 2.9201712051 0.0000000000
4.8301297826 0.8500000000 3.6986872240 1.8165818917 2.9268005784 0.0000000000
4.8739292939 0.8500000000 3.6988365862 1.8302164314 2.9328518431 0.0000000000
4.9177234947 0.8500000000 3.6989863705 1.8439574391 2.9389473835 0.0000000000
4.9614486946 0.8500000000 3.6991446639 1.8590254467 2.9456077598 0.0000000000
5.0050246945 0.8500000000 3.6993215437 1.8765906845 2.9533413744 0.0000000000
5.0483411330 0.8500000000 3.6995336493 1.8978026567 2.9626745856 0.0000000000
5.0912191296 0.8500000000 3.6998048790 1.9239863289 2.9742329734 0.0000000000
5.1332721356 0.8500000000 3.7001461331 1.9574650227 2.9889894671 0.0000000000
5.1737690417 0.8500000000 3.7005776432 2.0012507528 3.0082297998 0.0000000000
5.2114552996 0.8500000000 3.7011408752 2.0585014761 3.0333830171 0.0000000000
5.2447415706 0.8500000000 3.7018217926 2.1307766212 3.0650167447 0.0000000000
5.2731229563 0.8500000000 3.7025079764 2.2151773607 3.1015217756 0.0000000000
5.2986501355 0.8500000000 3.7031727113 2.3051737779 3.1401792821 0.0000000000
5.3240764083 0.8500000000 3.7037871907 2.3953542584 3.1787093917 0.0000000000
5.3504556842 0.8500000000 3.7043512282 2.4838082666 3.2163471453 0.0000000000
5.3777883236 0.8500000000 3.7048514657 2.5704376560 3.2529998510 0.0000000000
5.4059696196 0.8500000000 3.7052872002 2.6553532859 3.2887090408 0.0000000000
5.4349161174 0.8500000000 3.7056651290 2.7386471762 3.3235383120 0.0000000000
5.4645544101 0.8500000000 3.7059835777 2.8204087802 3.3575167484 0.0000000000
5.4948042903 0.8500000000 3.7062437029 2.9007598022 3.3906976583 0.0000000000
5.5256097444 0.8500000000 3.7064625487 2.9797816342 3.4231817742 0.0000000000
5.5569044531 0.8500000000 3.7066143964 3.0575932089 3.4549137951 0.0000000000
5.5886188950 0.8500000000 3.7067101766 3.1343360214 3.4859940407 0.0000000000
5.6207017372 0.8500000000 3.7067411207 3.2101169797 3.5164302005 0.0000000000
5.6531307337 0.8500000000 3.7067270262 3.2849716145 3.5463156765 0.0000000000
5.6858661086 0.8500000000 3.7066615332 3.3589879953 3.5756602568 0.0000000000
5.7188816343 0.8500000000 3.7065564368 3.4322218884 3.6045334284 0.0000000000
5.7521294321 0.8500000000 3.7063911956 3.5047953178 3.6329018354 0.0000000000
5.7855814613 0.8500000000 3.7061714493 3.5767792028 3.6608164040 0.0000000000
5.8192300946 0.8500000000 3.7059111697 3.6481874955 3.6883386028 0.0000000000
5.8530656012 0.8500000000 3.7056135236 3.7190409340 3.7154893938 0.0000000000
5.8870416462 0.8500000000 3.7052659832 3.7894708201 3.7422711868 0.0000000000
5.9211775286 0.8500000000 3.7048802601 3.8594144144 3.7687057320 0.0000000000
5.9554057605 0.8500000000 3.7044348041 3.9290735827 3.7947875751 0.0000000000
5.9898096478 0.8500000000 3.7039783814 3.9981886170 3.8206078982 0.0000000000
6.0243339605 0.8500000000 3.7034761994 4.0669259677 3.8460941103 0.0000000000
6.0590058841 0.8500000000 3.7029433493 4.1351956379 3.8712705782 0.0000000000
6.0938535741 0.8500000000 3.7023999341 4.2029037307 3.8961801544 0.0000000000
6.1288506336 0.8500000000 3.7018277548 4.2701273090 3.9207808686 0.0000000000
6.1639933442 0.8500000000 3.7012235692 4.3368721530 3.9450620637 0.0000000000
6.1993535999 0.8500000000 3.7006262523 4.4028950315 3.9690819475 0.0000000000
6.2349543909 0.8500000000 3.7000427486 4.4681058970 3.9928322789 0.0000000000
6.2708580940 0.8500000000 3.6995051695 4.5322724712 4.0163485922 0.0000000000
6.3070567335 0.8500000000 3.6990156344 4.5953975219 4.0396404719 0.0000000000
6.3435946976 0.8500000000 3.6985736586 4.6572899356 4.0626295342 0.0000000000
6.3805265016 0.8500000000 3.6982293159 4.7177073670 4.0854191360 0.0000000000
6.4178975125 0.8500000000 3.6980010016 4.7764164255 4.1079895021 0.0000000000
6.4557477737 0.8500000000 3.6979145554 4.8331743132 4.1303468727 0.0000000000
6.4941573223 0.8500000000 3.6980021596 4.8875343741 4.1524413139 0.0000000000
6.5331997743 0.8500000000 3.6983233933 4.9389881735 4.1743077681 0.0000000000
6.5729415241 0.8500000000 3.6989260459 4.9869583133 4.1959064345 0.0000000000
6.6134629388 0.8500000000 3.6998929393 5.0306119573 4.2172354657 0.0000000000
6.6548177177 0.8500000000 3.7013150249 5.0689778538 4.2382701668 0.0000000000
6.6969846255 0.8500000000 3.7032674916 5.1011683787 4.2589562435 0.0000000000
6.7399681515 0.8500000000 3.7058999162 5.1252230810 4.2791078230 0.0000000000
6.7835821100 0.8500000000 3.7093326821 5.1396176939 4.2985967318 0.0000000000
6.8274759266 0.8500000000 3.7136826864 5.1422519220 4.3170504402 0.0000000000
6.8710763888 0.8500000000 3.7189951736 5.1319074665 4.3341626066 0.0000000000
6.9137158780 0.8500000000 3.7252187247 5.1082831344 4.3496070785 0.0000000000
6.9548048124 0.8500000000 3.7322120140 5.0721153921 4.3631131385 0.0000000000
6.9940102173 0.8500000000 3.7397832739 5.0251905529 4.3746282424 0.0000000000
7.0312668413 0.8500000000 3.7477415926 4.9695237959 4.3841948144 0.0000000000
7.0668000423 0.8500000000 3.7559157379 4.9073743507 4.3920316176 0.0000000000
7.1009773278 0.8500000000 3.7642348218 4.8407322767 4.3986511237 0.0000000000
7.1345594957 0.8500000000 3.7727603631 4.7723735594 4.4054098018 0.0000000000
7.1688771927 0.8500000000 3.7816557026 4.7066734008 4.4147110962 0.0000000000
7.2062267490 0.8500000000 3.7912403074 4.6534077684 4.4317432627 0.0000000000
7.2483223798 0.8500000000 3.8002398721 4.6495592086 4.4662020977 0.0000000000
7.2819793847 0.8500000000 3.8038633459 4.7192918194 4.5085890372 0.0000000000
7.3080919172 0.8500000000 3.8043925607 4.8081057360 4.5462314631 0.0000000000
7.3320322272 0.8500000000 3.8033581237 4.9007698335 4.5791593538 0.0000000000
7.3585589206 0.8500000000 3.8015867839 4.9887421363 4.6072629159 0.0000000000
7.3929541125 0.8500000000 3.7996998630 5.0567495082 4.6269181808 0.0000000000
7.4353047456 0.8500000000 3.7986400000 5.0860750000 4.6344089257 0.0000000000
7.4857530047 0.8500000000 3.7981600000 5.0930250000 4.6352689257 0.0000000000
7.4968907818 0.8500000000 3.7980900642 5.0932373445 4.6350741202 0.0000000000
7.5080281787 0.8500000000 3.7980320859 5.0932386912 4.6348427456 0.0000000000
7.5191652288 0.8500000000 3.7979838419 5.0930675606 4.6345813175 0.0000000000
7.5303019658 0.8500000000 3.7979431091 5.0927624733 4.6342963513 0.0000000000
7.5414384234 0.8500000000 3.7979076642 5.0923619498 4.6339943624 0.0000000000
7.5525746349 0.8500000000 3.7978752841 5.0919045108 4.6336818664 0.0000000000
7.5637106372 0.8500000000 3.7978440177 5.0914252914 4.6333651131 0.0000000000
7.5748464874 0.8500000000 3.7978137284 5.0909368545 4.6330485809 0.0000000000
7.5859822513 0.8500000000 3.7977850215 5.0904425305 4.6327360239 0.0000000000
7.5971179944 0.8500000000 3.7977585047 5.0899456221 4.6324311935 0.0000000000
7.6082537686 0.8500000000 3.7977345577 5.0894489407 4.6321367327 0.0000000000
7.6193895789 0.8500000000 3.7977127953 5.0889536508 4.6318515671 0.0000000000
7.6305254207 0.8500000000 3.7976926725 5.0884605719 4.6315738444 0.0000000000
7.6416612893 0.8500000000 3.7976736442 5.0879705239 4.6313017121 0.0000000000
7.6527971812 0.8500000000 3.7976552274 5.0874843291 4.6310335669 0.0000000000
7.6639331003 0.8500000000 3.7976373906 5.0870028289 4.6307696195 0.0000000000
7.6750690543 0.8500000000 3.7976203024 5.0865268729 4.6305108843 0.0000000000
7.6862050505 0.8500000000 3.7976041323 5.0860573110 4.6302583793 0.0000000000
7.6973410964 0.8500000000 3.7975890499 5.0855949929 4.6300131224 0.0000000000
7.7084771969 0.8500000000 3.7975751819 5.0851404546 4.6297758351 0.0000000000
7.7196133479 0.8500000000 3.7975625145 5.0846931997 4.6295462634 0.0000000000
7.7307495437 0.8500000000 3.7975510049 5.0842525197 4.6293239531 0.0000000000
7.7418857784 0.8500000000 3.7975406104 5.0838177062 4.6291084497 0.0000000000
7.7530220462 0.8500000000 3.7975312883 5.0833880509 4.6288992992 0.0000000000
7.7641583419 0.8500000000 3.7975229750 5.0829629122 4.6286959905 0.0000000000
7.7752946635 0.8500000000 3.7975154764 5.0825420671 4.6284976581 0.0000000000
7.7864310103 0.8500000000 3.7975085480 5.0821254546 4.6283032996 0.0000000000
7.7975673818 0.8500000000 3.7975019452 5.0817130137 4.6281119121 0.0000000000
7.8087037772 0.8500000000 3.7974954234 5.0813046839 4.6279224929 0.0000000000
7.8198401960 0.8500000000 3.7974887384 5.0809004038 4.6277340407 0.0000000000
7.8309766368 0.8500000000 3.7974817711 5.0804999892 4.6275460056 0.0000000000
7.8421130972 0.8500000000 3.7974746931 5.0801029704 4.6273588862 0.0000000000
7.8532495744 0.8500000000 3.7974677173 5.0797088368 4.6271733297 0.0000000000
7.8643860656 0.8500000000 3.7974610566 5.0793170780 4.6269899835 0.0000000000
7.8755225681 0.8500000000 3.7974549239 5.0789271837 4.6268094949 0.0000000000
7.8866590792 0.8500000000 3.7974495320 5.0785386433 4.6266325111 0.0000000000
7.8977955949 0.8500000000 3.7974450139 5.0781507775 4.6264592925 0.0000000000
7.9089321081 0.8500000000 3.7974412614 5.0777623967 4.6262889299 0.0000000000
7.9200686109 0.8500000000 3.7974381205 5.0773722147 4.6261202934 0.0000000000
7.9312050955 0.8500000000 3.7974354373 5.0769789456 4.6259522532 0.0000000000
7.9423415541 0.8500000000 3.7974330581 5.0765813034 4.6257836794 0.0000000000
7.9534779787 0.8500000000 3.7974308289 5.0761780021 4.6256134421 0.0000000000
7.9646143623 0.8500000000 3.7974286035 5.0757678535 4.6254404813 0.0000000000
7.9757507056 0.8500000000 3.7974263394 5.0753509997 4.6252646833 0.0000000000
7.9868870156 0.8500000000 3.7974240687 5.0749285415 4.6250866172 0.0000000000
7.9980232990 0.8500000000 3.7974218252 5.0745016008 4.6249068668 0.0000000000
8.0091595629 0.8500000000 3.7974196427 5.0740712996 4.6247260162 0.0000000000
8.0202958142 0.8500000000 3.7974175549 5.0736387601 4.6245446494 0.0000000000
8.0314320597 0.8500000000 3.7974155957 5.0732051040 4.6243633502 0.0000000000
8.0425683065 0.8500000000 3.7974137989 5.0727714535 4.6241827029 0.0000000000
8.0537045614 0.8500000000 3.7974121983 5.0723389304 4.6240032912 0.0000000000
8.0648408314 0.8500000000 3.7974108277 5.0719086569 4.6238256991 0.0000000000
8.0759771233 0.8500000000 3.7974097207 5.0714817454 4.6236505067 0.0000000000
8.0871134383 0.8500000000 3.7974089041 5.0710584217 4.6234779108 0.0000000000
8.0982497674 0.8500000000 3.7974083918 5.0706373166 4.6233074197 0.0000000000
8.1093861006 0.8500000000 3.7974081965 5.0702168939 4.6231384694 0.0000000000
8.1205224277 0.8500000000 3.7974083308 5.0697956174 4.6229704960 0.0000000000
8.1316587388 0.8500000000 3.7974088074 5.0693719510 4.6228029357 0.0000000000
8.1427950236 0.8500000000 3.7974096389 5.0689443584 4.6226352246 0.0000000000
8.1539312721 0.8500000000 3.7974108379 5.0685113035 4.6224667988 0.0000000000
8.1650674743 0.8500000000 3.7974124171 5.0680712502 4.6222970943 0.0000000000
8.1762036201 0.8500000000 3.7974143892 5.0676226622 4.6221255474 0.0000000000
8.1873396993 0.8500000000 3.7974167667 5.0671640035 4.6219515941 0.0000000000
8.1984757020 0.8500000000 3.7974195624 5.0666937378 4.6217746705 0.0000000000
8.2096116187 0.8500000000 3.7974227535 5.0662105084 4.6215941429 0.0000000000
8.2207474447 0.8500000000 3.7974260981 5.0657140689 4.6214089457 0.0000000000
8.2318831766 0.8500000000 3.7974292707 5.0652045978 4.6212178477 0.0000000000
8.2430188150 0.8500000000 3.7974320427 5.0646826790 4.6210201680 0.0000000000
8.2541543898 0.8500000000 3.7974350315 5.0641524257 4.6208200220 0.0000000000
8.2652899468 0.8500000000 3.7974392909 5.0636197702 4.6206239975 0.0000000000
8.2764255176 0.8500000000 3.7974456432 5.0630888616 4.6204370432 0.0000000000
8.2875610494 0.8500000000 3.7974535111 5.0625531439 4.6202542278 0.0000000000
8.2986964586 0.8500000000 3.7974618042 5.0620021544 4.6200670042 0.0000000000
8.3098317135 0.8500000000 3.7974698509 5.0614318811 4.6198710817 0.0000000000
8.3209668919 0.8500000000 3.7974778666 5.0608519490 4.6196711717 0.0000000000
8.3321020712 0.8500000000 3.7974861612 5.0602720495 4.6194723903 0.0000000000
8.3432372029 0.8500000000 3.7974948816 5.0596868027 4.6192731731 0.0000000000
8.3543721746 0.8500000000 3.7975040765 5.0590832225 4.6190685205 0.0000000000
8.3655069853 0.8500000000 3.7975134349 5.0584610716 4.6188570941 0.0000000000
8.3766417650 0.8500000000 3.7975222363 5.0578351243 4.6186419208 0.0000000000
8.3877765550 0.8500000000 3.7975311314 5.0572104563 4.6184276339 0.0000000000
8.3989112173 0.8500000000 3.7975433574 5.0565724632 4.6182213407 0.0000000000
8.4100456791 0.8500000000 3.7975594495 5.0559132535 4.6180220253 0.0000000000
8.4211800372 0.8500000000 3.7975739632 5.0552427454 4.6178118767 0.0000000000
8.4323143264 0.8500000000 3.7975845912 5.0545648165 4.6175832173 0.0000000000
8.4434484487 0.8500000000 3.7975952975 5.0538701424 4.6173481728 0.0000000000
8.4545823987 0.8500000000 3.7976071236 5.0531583712 4.6171107684 0.0000000000
8.4657162690 0.8500000000 3.7976179796 5.0524386812 4.6168663166 0.0000000000
8.4768500125 0.8500000000 3.7976315289 5.0517072847 4.6166279553 0.0000000000
8.4879835296 0.8500000000 3.7976507960 5.0509553084 4.6164042330 0.0000000000
8.4991167956 0.8500000000 3.7976677585 5.0501802404 4.6161620557 0.0000000000
8.5102498925 0.8500000000 3.7976797973 5.0493894421 4.6158938917 0.0000000000
8.5213829218 0.8500000000 3.7976920362 5.0485926729 4.6156241397 0.0000000000
8.5325156963 0.8500000000 3.7977106434 5.0477750198 4.6153715071 0.0000000000
8.5436482590 0.8500000000 3.7977319113 5.0469396761 4.6151224412 0.0000000000
8.5547807974 0.8500000000 3.7977469558 5.0461015324 4.6148473619 0.0000000000
8.5659130835 0.8500000000 3.7977603942 5.0452425282 4.6145575137 0.0000000000
8.5770450535 0.8500000000 3.7977809281 5.0443591478 4.6142862974 0.0000000000
8.5881767313 0.8500000000 3.7978043597 5.0434535305 4.6140177769 0.0000000000
8.5993081113 0.8500000000 3.7978200114 5.0425242233 4.6137086605 0.0000000000
8.6104391685 0.8500000000 3.7978360744 5.0415710795 4.6133916551 0.0000000000
8.6215698177 0.8500000000 3.7978622780 5.0405900751 4.6131040679 0.0000000000
8.6327003851 0.8500000000 3.7978817637 5.0396022379 4.6127868758 0.0000000000
8.6438306737 0.8500000000 3.7979059598 5.0385957831 4.6124810783 0.0000000000
8.6549606368 0.8500000000 3.7979294335 5.0375668608 4.6121634039 0.0000000000
8.6660903814 0.8500000000 3.7979530039 5.0365232024 4.6118402223 0.0000000000
8.6772194060 0.8500000000 3.7979803059 5.0354334810 4.6115135416 0.0000000000
8.6883479762 0.8500000000 3.7979980961 5.0343134490 4.6111366895 0.0000000000
8.6994763604 0.8500000000 3.7980263242 5.0331836227 4.6107976714 0.0000000000
8.7106042122 0.8500000000 3.7980517302 5.0320209322 4.6104342195 0.0000000000
8.7217315176 0.8500000000 3.7980821114 5.0308268207 4.6100780994 0.0000000000
8.7328586636 0.8500000000 3.7981065834 5.0296226069 4.6096943020 0.0000000000
8.7439857981 0.8500000000 3.7981412920 5.0284193020 4.6093518143 0.0000000000
8.7551114021 0.8500000000 3.7981682527 5.0271292503 4.6089436366 0.0000000000
8.7662366281 0.8500000000 3.7982008306 5.0258203780 4.6085503994 0.0000000000
8.7773612039 0.8500000000 3.7982359928 5.0244773127 4.6081538221 0.0000000000
8.7884853753 0.8500000000 3.7982649553 5.0231126609 4.6077238113 0.0000000000
8.7996087054 0.8500000000 3.7983018945 5.0217069655 4.6073092899 0.0000000000
8.8107324363 0.8500000000 3.7983291179 5.0203199234 4.6068633667 0.0000000000
8.8218552308 0.8500000000 3.7983619004 5.0188879772 4.6064217183 0.0000000000
8.8329764393 0.8500000000 3.7983982460 5.0173808513 4.6059642503 0.0000000000
8.8440970484 0.8500000000 3.7984331325 5.0158464033 4.6054900169 0.0000000000
8.8552161716 0.8500000000 3.7984707364 5.0142462680 4.6050003785 0.0000000000
8.8663347520 0.8500000000 3.7985130615 5.0126234266 4.6045205425 0.0000000000
8.8774521749 0.8500000000 3.7985584098 5.0109524768 4.6040335557 0.0000000000
8.8885692954 0.8500000000 3.7985923546 5.0092670983 4.6034951835 0.0000000000
8.8996845676 0.8500000000 3.7986377486 5.0075092391 4.6029736159 0.0000000000
8.9107987604 0.8500000000 3.7986813843 5.0057089502 4.6024280430 0.0000000000
8.9219118912 0.8500000000 3.7987270571 5.0038681988 4.6018744337 0.0000000000
8.9330235885 0.8500000000 3.7987692623 5.0019734379 4.6012853499 0.0000000000
8.9441338333 0.8500000000 3.7988218939 5.0000281792 4.6007177730 0.0000000000
8.9552423520 0.8500000000 3.7988679797 4.9980210315 4.6000992570 0.0000000000
8.9663492447 0.8500000000 3.7989129471 4.9959581838 4.5994539878 0.0000000000
8.9774553982 0.8500000000 3.7989679088 4.9938724643 4.5988395468 0.0000000000
8.9885589819 0.8500000000 3.7990225665 4.9917025922 4.5981902287 0.0000000000
8.9996604334 0.8500000000 3.7990719626 4.9894648688 4.5974927237 0.0000000000
9.0107608739 0.8500000000 3.7991248602 4.9871965290 4.5967969779 0.0000000000
9.0218582132 0.8500000000 3.7991841318 4.9848365335 4.5960900662 0.0000000000
9.0329537297 0.8500000000 3.7992449241 4.9824239163 4.5953681887 0.0000000000
9.0440469406 0.8500000000 3.7993057376 4.9799457699 4.5946201839 0.0000000000
9.0551379329 0.8500000000 3.7993704869 4.9774068891 4.5938636289 0.0000000000
9.0662258765 0.8500000000 3.7994434579 4.9747873369 4.5931076920 0.0000000000
9.0773113892 0.8500000000 3.7995087704 4.9721029380 4.5922951826 0.0000000000
9.0883936611 0.8500000000 3.7995766767 4.9693368187 4.5914603598 0.0000000000
9.0994736390 0.8500000000 3.7996520968 4.9665149842 4.5906333068 0.0000000000
9.1105494077 0.8500000000 3.7997220266 4.9635906206 4.5897432802 0.0000000000
9.1216220191 0.8500000000 3.7997942654 4.9605928923 4.5888331442 0.0000000000
9.1326911205 0.8500000000 3.7998802149 4.9575174623 4.5879467703 0.0000000000
9.1437567042 0.8500000000 3.7999578005 4.9543625691 4.5869951552 0.0000000000
9.1548175863 0.8500000000 3.8000355567 4.9511066972 4.5860038315 0.0000000000
9.1658748971 0.8500000000 3.8001163028 4.9477760470 4.5849945557 0.0000000000
9.1769264414 0.8500000000 3.8002050652 4.9443293173 4.5839709135 0.0000000000
9.1879742310 0.8500000000 3.8002884872 4.9408073186 4.5828958018 0.0000000000
9.1990160686 0.8500000000 3.8003865007 4.9371729529 4.5818341096 0.0000000000
9.2100529760 0.8500000000 3.8004734843 4.9334445670 4.5806906897 0.0000000000
9.2210835176 0.8500000000 3.8005723027 4.9296019937 4.5795489338 0.0000000000
9.2321084285 0.8500000000 3.8006738339 4.9256601661 4.5783783279 0.0000000000
9.2431259634 0.8500000000 3.8007771723 4.9215914568 4.5771641975 0.0000000000
9.2541371794 0.8500000000 3.8008821472 4.9174174810 4.5759145068 0.0000000000
9.2651417247 0.8500000000 3.8009903777 4.9131354889 4.5746346319 0.0000000000
9.2761378659 0.8500000000 3.8010990023 4.9087207462 4.5733032332 0.0000000000
9.2871246857 0.8500000000 3.8012137884 4.9041644259 4.5719398495 0.0000000000
9.2981036059 0.8500000000 3.8013368060 4.8994920413 4.5705629662 0.0000000000
9.3090712468 0.8500000000 3.8014529195 4.8946558633 4.5690929492 0.0000000000
9.3200299089 0.8500000000 3.8015740757 4.8896951385 4.5675932838 0.0000000000
9.3309792117 0.8500000000 3.8017057103 4.8846085253 4.5660851772 0.0000000000
9.3419165909 0.8500000000 3.8018322496 4.8793628220 4.5644930530 0.0000000000
9.3528395810 0.8500000000 3.8019694044 4.8739349319 4.5628705159 0.0000000000
9.3637520026 0.8500000000 3.8020994017 4.8683749323 4.5611665054 0.0000000000
9.3746505620 0.8500000000 3.8022311807 4.8626477155 4.5594027348 0.0000000000
9.3855337914 0.8500000000 3.8023798355 4.8567436078 4.5576357109 0.0000000000
9.3964030987 0.8500000000 3.8025202388 4.8506800335 4.5557718945 0.0000000000
9.4072522285 0.8500000000 3.8026690302 4.8443960690 4.5538534740 0.0000000000
9.4180863162 0.8500000000 3.8028211099 4.8379523319 4.5518842980 0.0000000000
9.4289026506 0.8500000000 3.8029818946 4.8313261884 4.5498769796 0.0000000000
9.4396967254 0.8500000000 3.8031383494 4.8244762850 4.5477628373 0.0000000000
9.4504739627 0.8500000000 3.8032953731 4.8174629149 4.5455855842 0.0000000000
9.4612267851 0.8500000000 3.8034642078 4.8102206609 4.5433640213 0.0000000000
9.4719554819 0.8500000000 3.8036363832 4.8027588130 4.5410679835 0.0000000000
9.4826594675 0.8500000000 3.8038130249 4.7950792453 4.5387027235 0.0000000000
9.4933335093 0.8500000000 3.8039958794 4.7871446258 4.5362602934 0.0000000000
9.5039814027 0.8500000000 3.8041888820 4.7789945243 4.5337722633 0.0000000000
9.5145997902 0.8500000000 3.8043725323 4.7706062960 4.5311515734 0.0000000000
9.5251867632 0.8500000000 3.8045603873 4.7619739938 4.5284500724 0.0000000000
9.5357379673 0.8500000000 3.8047531134 4.7530721573 4.5256602423 0.0000000000
9.5462533985 0.8500000000 3.8049614322 4.7439124189 4.5228296220 0.0000000000
9.5567290462 0.8500000000 3.8051757063 4.7344734009 4.5199111111 0.0000000000
9.5671622661 0.8500000000 3.8053837797 4.7247436721 4.5168515135 0.0000000000
9.5775550627 0.8500000000 3.8055981216 4.7147483122 4.5137107370 0.0000000000
9.5879010114 0.8500000000 3.8058279849 4.7044556660 4.5105131318 0.0000000000
9.5981965437 0.8500000000 3.8060688036 4.6938533494 4.5072354799 0.0000000000
9.6084409830 0.8500000000 3.8063057697 4.6829457411 4.5038203011 0.0000000000
9.6186284742 0.8500000000 3.8065476111 4.6717102106 4.5002934542 0.0000000000
9.6287651882 0.8500000000 3.8067918229 4.6601918458 4.4966629556 0.0000000000
9.6388341701 0.8500000000 3.8070392295 4.6483080631 4.4928990689 0.0000000000
9.6488335277 0.8500000000 3.8072797393 4.6360617884 4.4889625982 0.0000000000
9.6587821172 0.8500000000 3.8075249713 4.6235604639 4.4849429963 0.0000000000
9.6686525079 0.8500000000 3.8077720661 4.6106781225 4.4807784390 0.0000000000
9.6784440806 0.8500000000 3.8080200000 4.5974250000 4.4764689257 0.0000000000
9.6802948950 0.8500000000 3.8080700000 4.5948750000 4.4756489257 0.0000000000
9.6826813977 0.8500000000 3.8081207225 4.5915490033 4.4745214169 0.0000000000
9.6850598368 0.8500000000 3.8081830139 4.5881884612 4.4734263659 0.0000000000
9.6874338238 0.8500000000 3.8082451151 4.5848081949 4.4723226642 0.0000000000
9.6898049785 0.8500000000 3.8083114573 4.5814160451 4.4712311728 0.0000000000
9.6921692812 0.8500000000 3.8083801134 4.5779945366 4.4701371940 0.0000000000
9.6945282655 0.8500000000 3.8084392784 4.5745490363 4.4689956537 0.0000000000
9.6968804047 0.8500000000 3.8085053669 4.5710750999 4.4678704332 0.0000000000
9.6992302036 0.8500000000 3.8085671177 4.5675907484 4.4667236958 0.0000000000
9.7015701507 0.8500000000 3.8086352218 4.5640660646 4.4655862387 0.0000000000
9.7039072381 0.8500000000 3.8087033289 4.5605295418 4.4644440581 0.0000000000
9.7062381966 0.8500000000 3.8087653212 4.5569670010 4.4632670109 0.0000000000
9.7085595711 0.8500000000 3.8088272325 4.5533656722 4.4620741244 0.0000000000
9.7108777298 0.8500000000 3.8088918164 4.5497517258 4.4608868817 0.0000000000
9.7131893131 0.8500000000 3.8089532025 4.5461110917 4.4596761723 0.0000000000
9.7154941551 0.8500000000 3.8090162179 4.5424441287 4.4584614486 0.0000000000
9.7177925397 0.8500000000 3.8090804067 4.5387520375 4.4572413675 0.0000000000
9.7200863827 0.8500000000 3.8091420253 4.5350419309 4.4560037993 0.0000000000
9.7223719016 0.8500000000 3.8092091223 4.5313005667 4.4547756417 0.0000000000
9.7246435476 0.8500000000 3.8092787101 4.5275070550 4.4535365881 0.0000000000
9.7269023753 0.8500000000 3.8093541830 4.5236701767 4.4523037285 0.0000000000
9.7291813097 0.8500000000 3.8094167274 4.5199036257 4.4510472857 0.0000000000
9.7314373395 0.8500000000 3.8094806440 4.5160517201 4.4497621897 0.0000000000
9.7336860705 0.8500000000 3.8095532442 4.5121740995 4.4485015421 0.0000000000
9.7359274953 0.8500000000 3.8096152310 4.5082690361 4.4471874641 0.0000000000
9.7381640890 0.8500000000 3.8096823447 4.5043472398 4.4458872005 0.0000000000
9.7403947579 0.8500000000 3.8097511321 4.5004045013 4.4445852546 0.0000000000
9.7426178893 0.8500000000 3.8098131253 4.4964345892 4.4432452625 0.0000000000
9.7448279832 0.8500000000 3.8098746446 4.4924193905 4.4418852603 0.0000000000
9.7470367087 0.8500000000 3.8099375843 4.4883996459 4.4405291215 0.0000000000
9.7492329616 0.8500000000 3.8100094080 4.4843383045 4.4391918795 0.0000000000
9.7514229489 0.8500000000 3.8100717786 4.4802548481 4.4378079793 0.0000000000
9.7536008047 0.8500000000 3.8101427017 4.4761318832 4.4364424858 0.0000000000
9.7557730181 0.8500000000 3.8102170276 4.4719907596 4.4350833399 0.0000000000
9.7579395351 0.8500000000 3.8102829942 4.4678301385 4.4336829578 0.0000000000
9.7600941065 0.8500000000 3.8103605863 4.4636320503 4.4323140911 0.0000000000
9.7622447000 0.8500000000 3.8104256257 4.4594200896 4.4308894642 0.0000000000
9.7643809270 0.8500000000 3.8104903973 4.4551626552 4.4294455771 0.0000000000
9.7665129768 0.8500000000 3.8105577646 4.4508923278 4.4280069153 0.0000000000
9.7686343331 0.8500000000 3.8106326363 4.4465895112 4.4265852753 0.0000000000
9.7707533989 0.8500000000 3.8106924476 4.4422782769 4.4251000270 0.0000000000
9.7728460721 0.8500000000 3.8107665073 4.4378887147 4.4236404406 0.0000000000
9.7749475289 0.8500000000 3.8108268937 4.4335239711 4.4221360889 0.0000000000
9.7770285903 0.8500000000 3.8108999994 4.4291000337 4.4206589370 0.0000000000
9.7791040470 0.8500000000 3.8109733169 4.4246594933 4.4191759905 0.0000000000
9.7811709148 0.8500000000 3.8110460144 4.4201937783 4.4176804944 0.0000000000
9.7832259201 0.8500000000 3.8111194625 4.4156941447 4.4161744335 0.0000000000
9.7852729636 0.8500000000 3.8111925304 4.4111717942 4.4146577650 0.0000000000
9.7873099361 0.8500000000 3.8112635393 4.4066209333 4.4131214563 0.0000000000
9.7893349163 0.8500000000 3.8113268150 4.4020361377 4.4115406410 0.0000000000
9.7913546152 0.8500000000 3.8113978902 4.3974374112 4.4099854511 0.0000000000
9.7933630858 0.8500000000 3.8114685265 4.3928080275 4.4084162428 0.0000000000
9.7953594023 0.8500000000 3.8115384575 4.3881457790 4.4068310674 0.0000000000
9.7973443727 0.8500000000 3.8116077301 4.3834533500 4.4052311863 0.0000000000
9.7993242704 0.8500000000 3.8116784097 4.3787476399 4.4036316205 0.0000000000
9.8012895599 0.8500000000 3.8117543365 4.3740043875 4.4020380266 0.0000000000
9.8032428893 0.8500000000 3.8118221813 4.3692295708 4.4003994791 0.0000000000
9.8051896078 0.8500000000 3.8118984855 4.3644387176 4.3987883547 0.0000000000
9.8071236229 0.8500000000 3.8119650576 4.3596148698 4.3971251040 0.0000000000
9.8090478127 0.8500000000 3.8120336906 4.3547667543 4.3954603900 0.0000000000
9.8109600922 0.8500000000 3.8121050751 4.3498895183 4.3937950333 0.0000000000
9.8128652562 0.8500000000 3.8121699479 4.3449942785 4.3920964287 0.0000000000
9.8147534404 0.8500000000 3.8122412824 4.3400587252 4.3904075455 0.0000000000
9.8166338069 0.8500000000 3.8123062548 4.3351039606 4.3886855293 0.0000000000
9.8185029785 0.8500000000 3.8123781050 4.3301234961 4.3869807441 0.0000000000
9.8203652883 0.8500000000 3.8124403599 4.3251260353 4.3852307796 0.0000000000
9.8222115787 0.8500000000 3.8125112269 4.3200923323 4.3835007662 0.0000000000
9.8240470072 0.8500000000 3.8125715602 4.3150329610 4.3817183507 0.0000000000
9.8258722331 0.8500000000 3.8126416376 4.3099514001 4.3799660360 0.0000000000
9.8276871505 0.8500000000 3.8127107089 4.3048467377 4.3782004562 0.0000000000
9.8294874633 0.8500000000 3.8127788619 4.2997097776 4.3764182845 0.0000000000
9.8312787346 0.8500000000 3.8128462455 4.2945530947 4.3746251455 0.0000000000
9.8330605054 0.8500000000 3.8129126969 4.2893757399 4.3728200092 0.0000000000
9.8348291261 0.8500000000 3.8129768472 4.2841701020 4.3709943553 0.0000000000
9.8365841867 0.8500000000 3.8130464951 4.2789363001 4.3691794263 0.0000000000
9.8383326453 0.8500000000 3.8131138055 4.2736885412 4.3673495644 0.0000000000
9.8400684285 0.8500000000 3.8131695955 4.2684136333 4.3654627610 0.0000000000
9.8417917019 0.8500000000 3.8132318385 4.2631136250 4.3635917298 0.0000000000
9.8435049075 0.8500000000 3.8133048501 4.2577940820 4.3617559591 0.0000000000
9.8452044517 0.8500000000 3.8133645087 4.2524462217 4.3598554494 0.0000000000
9.8468936381 0.8500000000 3.8134364750 4.2470787667 4.3579963325 0.0000000000
9.8485728470 0.8500000000 3.8134949076 4.2416908671 4.3560749028 0.0000000000
9.8502415824 0.8500000000 3.8135649639 4.2362834870 4.3541921763 0.0000000000
9.8518964359 0.8500000000 3.8136344847 4.2308494103 4.3522966286 0.0000000000
9.8535454493 0.8500000000 3.8136910179 4.2254033799 4.3503443493 0.0000000000
9.8551749495 0.8500000000 3.8137487293 4.2199208214 4.3483821713 0.0000000000
9.8568019418 0.8500000000 3.8138087981 4.2144337637 4.3464276236 0.0000000000
9.8584106181 0.8500000000 3.8138692034 4.2089130974 4.3444609783 0.0000000000
9.8600132581 0.8500000000 3.8139277110 4.2033813326 4.3424823027 0.0000000000
9.8616013386 0.8500000000 3.8139946780 4.1978239575 4.3405272207 0.0000000000
9.8631798049 0.8500000000 3.8140629126 4.1922495596 4.3385704000 0.0000000000
9.8647488814 0.8500000000 3.8141204580 4.1866579324 4.3365639305 0.0000000000
9.8663019079 0.8500000000 3.8141815891 4.1810385869 4.3345607167 0.0000000000
9.8678501221 0.8500000000 3.8142455016 4.1754111369 4.3325653871 0.0000000000
9.8693864657 0.8500000000 3.8142974964 4.1697625993 4.3305139510 0.0000000000
9.8709098251 0.8500000000 3.8143510238 4.1640922351 4.3284599149 0.0000000000
9.8724235901 0.8500000000 3.8144053083 4.1584058534 4.3264025002 0.0000000000
9.8739312356 0.8500000000 3.8144594514 4.1527092919 4.3243404482 0.0000000000
9.8754277442 0.8500000000 3.8145247054 4.1469952564 4.3223158498 0.0000000000
9.8769110715 0.8500000000 3.8145760822 4.1412589440 4.3202268321 0.0000000000
9.8783821251 0.8500000000 3.8146346627 4.1355032254 4.3181588667 0.0000000000
9.8798441081 0.8500000000 3.8146834671 4.1297325262 4.3160458046 0.0000000000
9.8812992754 0.8500000000 3.8147339696 4.1239511681 4.3139352715 0.0000000000
9.8827464093 0.8500000000 3.8147839690 4.1181572048 4.3118176837 0.0000000000
9.8841820088 0.8500000000 3.8148261363 4.1123448953 4.3096614292 0.0000000000
9.8856098595 0.8500000000 3.8148681598 4.1065206468 4.3074998237 0.0000000000
9.8870242663 0.8500000000 3.8149238625 4.1006767037 4.3053850571 0.0000000000
9.8884345494 0.8500000000 3.8149767933 4.0948263916 4.3032566557 0.0000000000
9.8898329187 0.8500000000 3.8150235751 4.0889578527 4.3010963673 0.0000000000
9.8912215090 0.8500000000 3.8150717139 4.0830748532 4.2989357228 0.0000000000
9.8926102700 0.8500000000 3.8151040184 4.0771916686 4.2967116666 0.0000000000
9.8939799404 0.8500000000 3.8151441427 4.0712807671 4.2945078033 0.0000000000
9.8953425322 0.8500000000 3.8151776914 4.0653593491 4.2922734308 0.0000000000
9.8967039108 0.8500000000 3.8152152120 4.0594363825 4.2900543268 0.0000000000
9.8980494059 0.8500000000 3.8152412511 4.0534902832 4.2877800434 0.0000000000
9.8993949190 0.8500000000 3.8152764298 4.0475446643 4.2855425105 0.0000000000
9.9007271720 0.8500000000 3.8153153435 4.0415805033 4.2833125010 0.0000000000
9.9020519911 0.8500000000 3.8153529935 4.0356059965 4.2810732985 0.0000000000
9.9033766188 0.8500000000 3.8153744710 4.0296305879 4.2787690448 0.0000000000
9.9046861315 0.8500000000 3.8153972853 4.0236345360 4.2764618813 0.0000000000
9.9059924361 0.8500000000 3.8154204426 4.0176340324 4.2741543090 0.0000000000
9.9072923753 0.8500000000 3.8154357145 4.0116246946 4.2718116616 0.0000000000
9.9085874487 0.8500000000 3.8154577473 4.0056089982 4.2694935144 0.0000000000
9.9098722992 0.8500000000 3.8154729243 3.9995793729 4.2671423719 0.0000000000
9.9111495471 0.8500000000 3.8154992319 3.9935400221 4.2648318621 0.0000000000
9.9124268347 0.8500000000 3.8155157923 3.9875004196 4.2624822628 0.0000000000
9.9136925062 0.8500000000 3.8155235866 3.9814454805 4.2600914645 0.0000000000
9.9149461062 0.8500000000 3.8155312690 3.9753747482 4.2576939009 0.0000000000
9.9161945931 0.8500000000 3.8155387250 3.9692970704 4.2552926539 0.0000000000
9.9174371571 0.8500000000 3.8155452044 3.9632116405 4.2528843995 0.0000000000
9.9186717250 0.8500000000 3.8155499487 3.9571160810 4.2504651530 0.0000000000
9.9198962237 0.8500000000 3.8155521996 3.9510080144 4.2480309297 0.0000000000
9.9211085800 0.8500000000 3.8155511985 3.9448850635 4.2455777450 0.0000000000
9.9223067206 0.8500000000 3.8155461870 3.9387448508 4.2431016142 0.0000000000
9.9234887131 0.8500000000 3.8155364117 3.9325851680 4.2405986397 0.0000000000
9.9246611541 0.8500000000 3.8155216429 3.9264140634 4.2380711225 0.0000000000
9.9258232615 0.8500000000 3.8155053850 3.9202307929 4.2355327829 0.0000000000
9.9269734733 0.8500000000 3.8154849264 3.9140337228 4.2329721203 0.0000000000
9.9281146635 0.8500000000 3.8154627881 3.9078262795 4.2304005900 0.0000000000
9.9292424389 0.8500000000 3.8154393300 3.9016035717 4.2278176746 0.0000000000
9.9303616387 0.8500000000 3.8154231677 3.8953710305 4.2252600089 0.0000000000
9.9314621233 0.8500000000 3.8154034649 3.8891177577 4.2226798886 0.0000000000
9.9325561264 0.8500000000 3.8153738770 3.8828576654 4.2200575000 0.0000000000
9.9336344314 0.8500000000 3.8153431973 3.8765805618 4.2174239397 0.0000000000
9.9347291160 0.8500000000 3.8153203382 3.8703210172 4.2148286856 0.0000000000
9.9358107129 0.8500000000 3.8152943636 3.8640473210 4.2122153085 0.0000000000
9.9368814270 0.8500000000 3.8152655092 3.8577620756 4.2095857926 0.0000000000
9.9379400997 0.8500000000 3.8152369562 3.8514640825 4.2069523836 0.0000000000
9.9389873492 0.8500000000 3.8152134735 3.8451540251 4.2043344296 0.0000000000
9.9400241764 0.8500000000 3.8151854349 3.8388333273 4.2016939961 0.0000000000
9.9410534642 0.8500000000 3.8151478345 3.8325052550 4.1990123657 0.0000000000
9.9420705957 0.8500000000 3.8151041177 3.8261651510 4.1963014571 0.0000000000
9.9430775881 0.8500000000 3.8150540664 3.8198152717 4.1935612999 0.0000000000
9.9440776232 0.8500000000 3.8149951729 3.8134590146 4.1907832233 0.0000000000
9.9450690634 0.8500000000 3.8149337730 3.8070945550 4.1879918399 0.0000000000
9.9460503261 0.8500000000 3.8148793781 3.8007197893 4.1852243540 0.0000000000
9.9470206961 0.8500000000 3.8148264447 3.7943345121 4.1824585095 0.0000000000
9.9479786794 0.8500000000 3.8147680593 3.7879378829 4.1796663162 0.0000000000
9.9489294190 0.8500000000 3.8147047073 3.7815348016 4.1768516756 0.0000000000
9.9498685952 0.8500000000 3.8146302639 3.7751218035 4.1739887028 0.0000000000
9.9507973777 0.8500000000 3.8145521099 3.7686995777 4.1711071965 0.0000000000
9.9517173388 0.8500000000 3.8144660910 3.7622702841 4.1681914036 0.0000000000
9.9526250839 0.8500000000 3.8143657094 3.7558314670 4.1652143502 0.0000000000
9.9535188241 0.8500000000 3.8142604883 3.7493805970 4.1622131177 0.0000000000
9.9544046389 0.8500000000 3.8141593963 3.7429224376 4.1592254859 0.0000000000
9.9552814434 0.8500000000 3.8140837222 3.7364546166 4.1563356613 0.0000000000
9.9561590067 0.8500000000 3.8139766260 3.7299900164 4.1533214364 0.0000000000
9.9570182371 0.8500000000 3.8138466419 3.7235126516 4.1502105540 0.0000000000
9.9578711888 0.8500000000 3.8137627501 3.7170257147 4.1472802119 0.0000000000
9.9587202716 0.8500000000 3.8136303281 3.7105401984 4.1441563176 0.0000000000
9.9595544944 0.8500000000 3.8134974861 3.7040428395 4.1410260060 0.0000000000
9.9603778058 0.8500000000 3.8133909201 3.6975339012 4.1379961668 0.0000000000
9.9611962984 0.8500000000 3.8132791249 3.6910216386 4.1349440806 0.0000000000
9.9620078265 0.8500000000 3.8131385178 3.6845073747 4.1317759467 0.0000000000
9.9628053695 0.8500000000 3.8129776482 3.6779851325 4.1285235716 0.0000000000
9.9635941342 0.8500000000 3.8128356888 3.6714537478 4.1253431799 0.0000000000
9.9643775798 0.8500000000 3.8127112360 3.6649161028 4.1222303109 0.0000000000
9.9651519417 0.8500000000 3.8125582249 3.6583753500 4.1190019651 0.0000000000
9.9659245568 0.8500000000 3.8124309124 3.6518299414 4.1158745519 0.0000000000
9.9666783826 0.8500000000 3.8122661080 3.6452759182 4.1125937251 0.0000000000
9.9674242134 0.8500000000 3.8120802923 3.6387198168 4.1092280214 0.0000000000
9.9681572778 0.8500000000 3.8118777979 3.6321578220 4.1057932461 0.0000000000
9.9688815623 0.8500000000 3.8116726013 3.6255901737 4.1023454002 0.0000000000
9.9696007715 0.8500000000 3.8114720652 3.6190181859 4.0989144610 0.0000000000
9.9703122519 0.8500000000 3.8112653445 3.6124421668 4.0954571705 0.0000000000
9.9710147304 0.8500000000 3.8110468419 3.6058624266 4.0919512638 0.0000000000
9.9717089788 0.8500000000 3.8108181281 3.5992793799 4.0884031899 0.0000000000
9.9723956053 0.8500000000 3.8105813951 3.5926931420 4.0848217631 0.0000000000
9.9730746887 0.8500000000 3.8103394797 3.5861031927 4.0812181217 0.0000000000
9.9737462425 0.8500000000 3.8100952772 3.5795089381 4.0776036096 0.0000000000
9.9744103655 0.8500000000 3.8098500432 3.5729102171 4.0739831854 0.0000000000
9.9750672990 0.8500000000 3.8096022966 3.5663075922 4.0703511489 0.0000000000
9.9757172976 0.8500000000 3.8093502960 3.5597016942 4.0667007875 0.0000000000
9.9763605715 0.8500000000 3.8090925127 3.5530930771 4.0630262072 0.0000000000
9.9769970068 0.8500000000 3.8088289714 3.5464817321 4.0593275040 0.0000000000
9.9776263450 0.8500000000 3.8085603876 3.5398674001 4.0556074360 0.0000000000
9.9782483273 0.8500000000 3.8082874799 3.5332498211 4.0518687738 0.0000000000
9.9788626945 0.8500000000 3.8080109670 3.5266287348 4.0481142878 0.0000000000
9.9794691878 0.8500000000 3.8077315675 3.5200038812 4.0443467483 0.0000000000
9.9800675481 0.8500000000 3.8074500000 3.5133750000 4.0405689257 0.0000000000
9.9837441271 0.8500000000 3.8053100000 3.4705750000 4.0148889257 0.0000000000
9.9848771025 0.8500000000 3.8045001156 3.4565722324 4.0060482810 0.0000000000
9.9859790298 0.8500000000 3.8036837868 3.4425561561 3.9971765354 0.0000000000
9.9870487468 0.8500000000 3.8028322500 3.4285376722 3.9881629946 0.0000000000
9.9880856647 0.8500000000 3.8019184753 3.4145281765 3.9789040973 0.0000000000
9.9890908990 0.8500000000 3.8009239431 3.4005387566 3.9693302009 0.0000000000
9.9900670841 0.8500000000 3.7998620100 3.3865674031 3.9594939270 0.0000000000
9.9910157278 0.8500000000 3.7987616814 3.3726027404 3.9495067475 0.0000000000
9.9919363071 0.8500000000 3.7976232159 3.3586455190 3.9393699970 0.0000000000
9.9928287881 0.8500000000 3.7963900292 3.3447272074 3.9288699255 0.0000000000
9.9936960320 0.8500000000 3.7950604218 3.3308544672 3.9180023998 0.0000000000
9.9945390075 0.8500000000 3.7936669661 3.3170116961 3.9068914684 0.0000000000
9.9953587756 0.8500000000 3.7922093285 3.3032010755 3.8955366699 0.0000000000
9.9961557993 0.8500000000 3.7906271866 3.2894691257 3.8837153225 0.0000000000
9.9969338582 0.8500000000 3.7889490937 3.2758004081 3.8715354636 0.0000000000
9.9976972382 0.8500000000 3.7871894383 3.2621918029 3.8590533999 0.0000000000
9.9984482483 0.8500000000 3.7852345773 3.2487462178 3.8458557222 0.0000000000
9.9991938789 0.8500000000 3.7831604198 3.2354100947 3.8322246429 0.0000000000
9.9999433546 0.8500000000 3.7809669178 3.2221963693 3.8181651448 0.0000000000
10.0006979950 0.8500000000 3.7787548303 3.2090031512 3.8040395072 0.0000000000
10.0014542408 0.8500000000 3.7764428864 3.1959192423 3.7895581684 0.0000000000
10.0022054795 0.8500000000 3.7738742730 3.1831353552 3.7741701596 0.0000000000
10.0029543970 0.8500000000 3.7710777078 3.1706549518 3.7579917377 0.0000000000
10.0036880501 0.8500000000 3.7680909691 3.1584446760 3.7411606725 0.0000000000
10.0043945924 0.8500000000 3.7650311219 3.1463381856 3.7240786877 0.0000000000
10.0050483299 0.8500000000 3.7620403751 3.1341061705 3.7072228942 0.0000000000
10.0056359034 0.8500000000 3.7592475892 3.1215659758 3.6910356727 0.0000000000
10.0061512316 0.8500000000 3.7568466257 3.1085093348 3.6762091626 0.0000000000
10.0066038081 0.8500000000 3.7546427568 3.0952233089 3.6620792765 0.0000000000
10.0070008009 0.8500000000 3.7528347750 3.0815547209 3.6493799140 0.0000000000
10.0073560188 0.8500000000 3.7512421770 3.0677147200 3.6374735216 0.0000000000
10.0076782017 0.8500000000 3.7497943427 3.0537700510 3.6261043167 0.0000000000
10.0079723753 0.8500000000 3.7485517424 3.0396982108 3.6155051797 0.0000000000
10.0082426549 0.8500000000 3.7474944457 3.0255294698 3.6056084965 0.0000000000
10.0084983062 0.8500000000 3.7464681367 3.0113443114 3.5958291972 0.0000000000
10.0087398166 0.8500000000 3.7455075902 2.9971295435 3.5863011038 0.0000000000
10.0089676610 0.8500000000 3.7446499443 2.9828715602 3.5771673270 0.0000000000
10.0091847568 0.8500000000 3.7438753880 2.9685832440 3.5683537752 0.0000000000
10.0093924155 0.8500000000 3.7431816127 2.9542680213 3.5598525849 0.0000000000
10.0095914796 0.8500000000 3.7425537891 2.9399331118 3.5516073268 0.0000000000
10.0097843482 0.8500000000 3.7419503173 2.9255911139 3.5434566405 0.0000000000
10.0099723776 0.8500000000 3.7413420652 2.9112499801 3.5352871784 0.0000000000
10.0101552183 0.8500000000 3.7407440201 2.8969057877 3.5271573210 0.0000000000
10.0103323143 0.8500000000 3.7401992617 2.8825478262 3.5192351030 0.0000000000
10.0105047743 0.8500000000 3.7397039869 2.8681783181 3.5115062007 0.0000000000
10.0106730903 0.8500000000 3.7392424192 2.8538015330 3.5039092157 0.0000000000
10.0108377734 0.8500000000 3.7388009276 2.8394204926 3.4963908331 0.0000000000
10.0109992025 0.8500000000 3.7383836163 2.8250347779 3.4889673019 0.0000000000
10.0111572463 0.8500000000 3.7380035006 2.8106423594 3.4816898718 0.0000000000
10.0113125977 0.8500000000 3.7376337501 2.7962480173 3.4744531329 0.0000000000
10.0114652910 0.8500000000 3.7372959048 2.7818486875 3.4673420197 0.0000000000
10.0116159705 0.8500000000 3.7369512231 2.7674502596 3.4602039218 0.0000000000
10.0117649551 0.8500000000 3.7365832190 2.7530552358 3.4529738961 0.0000000000
10.0119118530 0.8500000000 3.7362265429 2.7386583339 3.4457884308 0.0000000000
10.0120565769 0.8500000000 3.7358742669 2.7242606140 3.4386202388 0.0000000000
10.0121989493 0.8500000000 3.7355418954 2.7098597829 3.4315304203 0.0000000000
10.0123399389 0.8500000000 3.7352353465 2.6954552996 3.4245424316 0.0000000000
10.0124790534 0.8500000000 3.7349415970 2.6810490237 3.4176049234 0.0000000000
10.0126164323 0.8500000000 3.7346535215 2.6666419402 3.4106897876 0.0000000000
10.0127520928 0.8500000000 3.7343690628 2.6522342880 3.4037888922 0.0000000000
10.0128863915 0.8500000000 3.7340982116 2.6378249480 3.3969417513 0.0000000000
10.0130192302 0.8500000000 3.7338290313 2.6234152858 3.3901011652 0.0000000000
10.0131505433 0.8500000000 3.7335688324 2.6090045960 3.3832960936 0.0000000000
10.0132806833 0.8500000000 3.7333333217 2.5945910890 3.3765886482 0.0000000000
10.0134088417 0.8500000000 3.7330930392 2.5801780095 3.3698622862 0.0000000000
10.0135359583 0.8500000000 3.7328640384 2.5657636994 3.3631805590 0.0000000000
10.0136617418 0.8500000000 3.7326341501 2.5513494229 3.3564952951 0.0000000000
10.0137861655 0.8500000000 3.7324156486 2.5369339502 3.3498551003 0.0000000000
10.0139098977 0.8500000000 3.7321969002 2.5225184698 3.3432139144 0.0000000000
10.0140319530 0.8500000000 3.7319757395 2.5081031367 3.3365631384 0.0000000000
10.0141533354 0.8500000000 3.7317392579 2.4936892761 3.3298516678 0.0000000000
10.0142731432 0.8500000000 3.7315029049 2.4792753252 3.3231406756 0.0000000000
10.0143920394 0.8500000000 3.7312784750 2.4648601338 3.3164768794 0.0000000000
10.0145097298 0.8500000000 3.7310438165 2.4504458996 3.3097725514 0.0000000000
10.0146265197 0.8500000000 3.7308262529 2.4360299578 3.3031359205 0.0000000000
10.0147417178 0.8500000000 3.7306017991 2.4216145840 3.2964719558 0.0000000000
10.0148557151 0.8500000000 3.7303885205 2.4071980879 3.2898522428 0.0000000000
10.0149691718 0.8500000000 3.7301749777 2.3927815892 3.2832314722 0.0000000000
10.0150811477 0.8500000000 3.7299789369 2.3783634689 3.2766800610 0.0000000000
10.0151921147 0.8500000000 3.7297778462 2.3639457527 3.2701086116 0.0000000000
10.0153015716 0.8500000000 3.7295698401 2.3495285528 3.2635097073 0.0000000000
10.0154104532 0.8500000000 3.7293719398 2.3351104405 3.2569508613 0.0000000000
10.0155182878 0.8500000000 3.7291751257 2.3206921840 3.2503963020 0.0000000000
10.0156247966 0.8500000000 3.7289862449 2.3062732078 3.2438731883 0.0000000000
10.0157304741 0.8500000000 3.7287913870 2.2918546930 3.2373263511 0.0000000000
10.0158347487 0.8500000000 3.7286064799 2.2774352925 3.2308189622 0.0000000000
10.0159384721 0.8500000000 3.7284277592 2.2630153784 3.2243361137 0.0000000000
10.0160411488 0.8500000000 3.7282466348 2.2485955992 3.2178437046 0.0000000000
10.0161427975 0.8500000000 3.7280527323 2.2341768215 3.2113005837 0.0000000000
10.0162433269 0.8500000000 3.7278723278 2.2197569146 3.2048110027 0.0000000000
10.0163432666 0.8500000000 3.7277078747 2.2053357692 3.1983847321 0.0000000000
10.0164417298 0.8500000000 3.7275211290 2.1909162567 3.1918699442 0.0000000000
10.0165396432 0.8500000000 3.7273611984 2.1764946993 3.1854615989 0.0000000000
10.0166363937 0.8500000000 3.7271864294 2.1620742254 3.1789943333 0.0000000000
10.0167323873 0.8500000000 3.7269991930 2.1476546540 3.1724775592 0.0000000000
10.0168278347 0.8500000000 3.7267944317 2.1332365392 3.1658912682 0.0000000000
10.0169222002 0.8500000000 3.7265938245 2.1188180224 3.1593214328 0.0000000000
10.0170153359 0.8500000000 3.7263916657 2.1043996193 3.1527454364 0.0000000000
10.0171079828 0.8500000000 3.7262022689 2.0899801421 3.1462200582 0.0000000000
10.0171997486 0.8500000000 3.7260163630 2.0755602863 3.1397084923 0.0000000000
10.0172902367 0.8500000000 3.7258203954 2.0611412213 3.1331569959 0.0000000000
10.0173799513 0.8500000000 3.7256237403 2.0467221827 3.1266027602 0.0000000000
10.0174691178 0.8500000000 3.7254310608 2.0323027877 3.1200642840 0.0000000000
10.0175571010 0.8500000000 3.7252389597 2.0178833013 3.1135280850 0.0000000000
10.0176438731 0.8500000000 3.7250430599 2.0034641505 3.1069768255 0.0000000000
10.0177295855 0.8500000000 3.7248599242 1.9890438731 3.1004761719 0.0000000000
10.0178148817 0.8500000000 3.7246768462 1.9746236467 3.0939757692 0.0000000000
10.0178996482 0.8500000000 3.7244849803 1.9602040241 3.0874404564 0.0000000000
10.0179830955 0.8500000000 3.7243069353 1.9457832758 3.0809599771 0.0000000000
10.0180650365 0.8500000000 3.7241135822 1.9313636854 3.0744187287 0.0000000000
10.0181467742 0.8500000000 3.7239288496 1.9169433662 3.0679116705 0.0000000000
10.0182278794 0.8500000000 3.7237421387 1.9025232203 3.0613967686 0.0000000000
10.0183072184 0.8500000000 3.7235587360 1.8881027118 3.0548949543 0.0000000000
10.0183861648 0.8500000000 3.7233823234 1.8736816433 3.0484208767 0.0000000000
10.0184639743 0.8500000000 3.7231946133 1.8592614179 3.0419019461 0.0000000000
10.0185416558 0.8500000000 3.7230234798 1.8448399501 3.0354488251 0.0000000000
10.0186176187 0.8500000000 3.7228293316 1.8304202596 3.0289043560 0.0000000000
10.0186927890 0.8500000000 3.7226447251 1.8159997085 3.0223977096 0.0000000000
10.0187679115 0.8500000000 3.7224692730 1.8015784299 3.0159273895 0.0000000000
10.0188416717 0.8500000000 3.7222936451 1.7871571236 3.0094563554 0.0000000000
10.0189142970 0.8500000000 3.7221145114 1.7727361094 3.0029714153 0.0000000000
10.0189870658 0.8500000000 3.7219181420 1.7583165836 2.9964181272 0.0000000000
10.0190589645 0.8500000000 3.7217002700 1.7438988921 2.9897795624 0.0000000000
10.0191299503 0.8500000000 3.7214785230 1.7294814950 2.9831256157 0.0000000000
10.0192000333 0.8500000000 3.7212811688 1.7150619571 2.9765683838 0.0000000000
10.0192685544 0.8500000000 3.7210632249 1.7006441138 2.9699294708 0.0000000000
10.0193373177 0.8500000000 3.7208535085 1.6862254976 2.9633231589 0.0000000000
10.0194056734 0.8500000000 3.7206532069 1.6718060537 2.9567541749 0.0000000000
10.0194726720 0.8500000000 3.7204608424 1.6573858925 2.9502166524 0.0000000000
10.0195386990 0.8500000000 3.7202415444 1.6429680961 2.9435723418 0.0000000000
10.0196049360 0.8500000000 3.7200304793 1.6285495566 2.9369606656 0.0000000000
10.0196695019 0.8500000000 3.7198315230 1.6141299010 2.9303969782 0.0000000000
10.0197335913 0.8500000000 3.7196242401 1.5997109490 2.9238002657 0.0000000000
10.0197977518 0.8500000000 3.7194228172 1.5852915045 2.9172267962 0.0000000000
10.0198598202 0.8500000000 3.7192134534 1.5708726532 2.9106218005 0.0000000000
10.0199225788 0.8500000000 3.7190250693 1.5564520956 2.9041000410 0.0000000000
10.0199846154 0.8500000000 3.7188211689 1.5420327731 2.8975167105 0.0000000000
10.0200451069 0.8500000000 3.7186115597 1.5276140087 2.8909107680 0.0000000000
10.0201060380 0.8500000000 3.7184193290 1.5131937148 2.8843737276 0.0000000000
10.0201650868 0.8500000000 3.7182084296 1.4987749325 2.8777626172 0.0000000000
10.0202249661 0.8500000000 3.7180084936 1.4843552158 2.8711949864 0.0000000000
10.0202828068 0.8500000000 3.7178079271 1.4699355134 2.8646248394 0.0000000000
10.0203408192 0.8500000000 3.7176233536 1.4555144590 2.8581181237 0.0000000000
10.0203981075 0.8500000000 3.7174181100 1.4410951823 2.8515294385 0.0000000000
10.0204543256 0.8500000000 3.7172216699 1.4266750704 2.8449756335 0.0000000000
10.0205111170 0.8500000000 3.7170209910 1.4122553422 2.8384050266 0.0000000000
10.0205664938 0.8500000000 3.7167869879 1.3978387173 2.8317023642 0.0000000000
10.0206221330 0.8500000000 3.7165649445 1.3834209639 2.8250470895 0.0000000000
10.0206762123 0.8500000000 3.7163214819 1.3690052741 2.8183069631 0.0000000000
10.0207307078 0.8500000000 3.7161032477 1.3545871374 2.8116667714 0.0000000000
10.0207835864 0.8500000000 3.7158781859 1.3401695648 2.8049994953 0.0000000000
10.0208362335 0.8500000000 3.7156442538 1.3257528593 2.7982970847 0.0000000000
10.0208886099 0.8500000000 3.7154017391 1.3113370733 2.7915607114 0.0000000000
10.0209405962 0.8500000000 3.7151715246 1.2969201230 2.7848730734 0.0000000000
10.0209912544 0.8500000000 3.7149480181 1.2825023645 2.7782119438 0.0000000000
10.0210414645 0.8500000000 3.7147009319 1.2680869704 2.7714574414 0.0000000000
10.0210917877 0.8500000000 3.7144845286 1.2536685217 2.7648244486 0.0000000000
10.0211409157 0.8500000000 3.7142711203 1.2392497603 2.7582033108 0.0000000000
10.0211893497 0.8500000000 3.7140470933 1.2248319832 2.7515400923 0.0000000000
10.0212381417 0.8500000000 3.7138130411 1.2104152065 2.7448371729 0.0000000000
10.0212855665 0.8500000000 3.7136037254 1.1959960115 2.7382322319 0.0000000000
10.0213327754 0.8500000000 3.7133830737 1.1815779330 2.7315823935 0.0000000000
10.0213796051 0.8500000000 3.7131519766 1.1671609065 2.7248911947 0.0000000000
10.0214255344 0.8500000000 3.7129372153 1.1527421868 2.7182646617 0.0000000000
10.0214711988 0.8500000000 3.7127268218 1.1383230637 2.7116554385 0.0000000000
10.0215166249 0.8500000000 3.7125205316 1.1239036176 2.7050624993 0.0000000000
10.0215610050 0.8500000000 3.7122959509 1.1094858339 2.6983970630 0.0000000000
10.0216053128 0.8500000000 3.7120896376 1.0950663420 2.6918040129 0.0000000000
10.0216490006 0.8500000000 3.7118386775 1.0806513216 2.6850341644 0.0000000000
10.0216921870 0.8500000000 3.7115880401 1.0662361687 2.6782655535 0.0000000000
10.0217349358 0.8500000000 3.7113381916 1.0518209270 2.6715000631 0.0000000000
10.0217771382 0.8500000000 3.7110838497 1.0374061617 2.6647167893 0.0000000000
10.0218193659 0.8500000000 3.7108419687 1.0229900799 2.6579828327 0.0000000000
10.0218607715 0.8500000000 3.7105988925 1.0085741155 2.6512441419 0.0000000000
10.0219017047 0.8500000000 3.7103367479 0.9941601987 2.6444299969 0.0000000000
10.0219422510 0.8500000000 3.7100738108 0.9797463755 2.6376127191 0.0000000000
10.0219821867 0.8500000000 3.7098374783 0.9653296533 2.6309007001 0.0000000000
10.0220218099 0.8500000000 3.7095971504 0.9509133539 2.6241728690 0.0000000000
10.0220610191 0.8500000000 3.7093379549 0.9364991457 2.6173704036 0.0000000000
10.0220997629 0.8500000000 3.7091040583 0.9220821938 2.6106680365 0.0000000000
10.0221381109 0.8500000000 3.7088711107 0.9076651384 2.6039694239 0.0000000000
10.0221761481 0.8500000000 3.7086166566 0.8932503289 2.5971856837 0.0000000000
10.0222136810 0.8500000000 3.7083733213 0.8788344241 2.5904459805 0.0000000000
10.0222508805 0.8500000000 3.7081408348 0.8644173169 2.5837491916 0.0000000000
10.0222876740 0.8500000000 3.7079099588 0.8500000345 2.5770587748 0.0000000000
10.0223240890 0.8500000000 3.7076568383 0.8355850466 2.5702802976 0.0000000000
10.0223601136 0.8500000000 3.7074231512 0.8211680424 2.5635787475 0.0000000000
10.0223957935 0.8500000000 3.7071993397 0.8067500015 2.5569162851 0.0000000000
10.0224310695 0.8500000000 3.7069635303 0.7923331662 2.5502063133 0.0000000000
10.0224661484 0.8500000000 3.7066961740 0.7779198553 2.5433715640 0.0000000000
10.0225007595 0.8500000000 3.7064242842 0.7635069901 2.5365188585 0.0000000000
10.0225350427 0.8500000000 3.7061483897 0.7490946025 2.5296503256 0.0000000000
10.0225689766 0.8500000000 3.7058865748 0.7346805983 2.5228374641 0.0000000000
10.0226024876 0.8500000000 3.7056105548 0.7202681832 2.5159684180 0.0000000000
10.0226356158 0.8500000000 3.7053432747 0.7058547813 2.5091339370 0.0000000000
10.0226683674 0.8500000000 3.7050904610 0.6914397362 2.5023566642 0.0000000000
10.0227007375 0.8500000000 3.7048269540 0.6770259173 2.4955371086 0.0000000000
10.0227327728 0.8500000000 3.7045589410 0.6626126094 2.4886997335 0.0000000000
10.0227643735 0.8500000000 3.7042989023 0.6481984138 2.4818939006 0.0000000000
10.0227956361 0.8500000000 3.7040546979 0.6337824212 2.4751506858 0.0000000000
10.0228266200 0.8500000000 3.7037900243 0.6193688346 2.4683265569 0.0000000000
10.0228571665 0.8500000000 3.7035364827 0.6049539321 2.4615464293 0.0000000000
10.0228875223 0.8500000000 3.7032846252 0.5905387632 2.4547729319 0.0000000000
10.0229174043 0.8500000000 3.7030342116 0.5761234501 2.4480051521 0.0000000000
10.0229470216 0.8500000000 3.7027721550 0.5617095478 2.4411913650 0.0000000000
10.0229762877 0.8500000000 3.7025249170 0.5472938995 2.4344361534 0.0000000000
10.0230052282 0.8500000000 3.7022860903 0.5328773255 2.4277142172 0.0000000000
10.0230338377 0.8500000000 3.7020459104 0.5184608998 2.4209869271 0.0000000000
10.0230623190 0.8500000000 3.7017562133 0.5040501911 2.4140638554 0.0000000000
10.0230904274 0.8500000000 3.7014598704 0.4896403004 2.4071145274 0.0000000000
10.0231182432 0.8500000000 3.7011628192 0.4752305007 2.4001624028 0.0000000000
10.0231457598 0.8500000000 3.7008905537 0.4608175592 2.3933081640 0.0000000000
10.0231729769 0.8500000000 3.7006012152 0.4464067502 2.3863864868 0.0000000000
10.0231999654 0.8500000000 3.7002938862 0.4319982913 2.3793937871 0.0000000000
10.0232265860 0.8500000000 3.7000139216 0.4175863847 2.3725091658 0.0000000000
10.0232530011 0.8500000000 3.6997206332 0.4031762802 2.3655719706 0.0000000000
10.0232791585 0.8500000000 3.6994164715 0.3887673699 2.3585917597 0.0000000000
10.0233049881 0.8500000000 3.6991440570 0.3743545074 2.3517369566 0.0000000000
10.0233305634 0.8500000000 3.6988901104 0.3599394627 2.3449551526 0.0000000000
10.0233558987 0.8500000000 3.6986132445 0.3455271626 2.3380827687 0.0000000000
10.0233809966 0.8500000000 3.6983342315 0.3311151043 2.3312018935 0.0000000000
10.0234057903 0.8500000000 3.6980740852 0.3167007395 2.3243955624 0.0000000000
10.0234303978 0.8500000000 3.6978118404 0.3022866135 2.3175809326 0.0000000000
10.0234547217 0.8500000000 3.6975367731 0.2878740472 2.3107156371 0.0000000000
10.0234788508 0.8500000000 3.6972902337 0.2734582565 2.3039631630 0.0000000000
10.0235027344 0.8500000000 3.6970282403 0.2590441374 2.2971495421 0.0000000000
10.0235264957 0.8500000000 3.6967204395 0.2446358349 2.2901550177 0.0000000000
10.0235500335 0.8500000000 3.6964061082 0.2302282626 2.2831346637 0.0000000000
10.0235733714 0.8500000000 3.6960972425 0.2158199946 2.2761358936 0.0000000000
10.0235965026 0.8500000000 3.6957817225 0.2014126250 2.2691108659 0.0000000000
10.0236194431 0.8500000000 3.6955014923 0.1870006758 2.2622251652 0.0000000000
10.0236422172 0.8500000000 3.6951942723 0.1725921574 2.2552328778 0.0000000000
10.0236648456 0.8500000000 3.6948745562 0.1581853909 2.2481913069 0.0000000000
10.0236872252 0.8500000000 3.6945943103 0.1437734696 2.2413055548 0.0000000000
10.0237094120 0.8500000000 3.6943007854 0.1293631531 2.2343673286 0.0000000000
10.0237315512 0.8500000000 3.6939928354 0.1149546619 2.2273721319 0.0000000000
10.0237534259 0.8500000000 3.6936998812 0.1005443756 2.2204362006 0.0000000000
10.0237751660 0.8500000000 3.6934237400 0.0861319548 2.2135666676 0.0000000000
10.0237967572 0.8500000000 3.6931382297 0.0717207021 2.2066601253 0.0000000000
10.0238182486 0.8500000000 3.6928349723 0.0573116533 2.1996834761 0.0000000000
10.0238395432 0.8500000000 3.6925624836 0.0428987694 2.1928283680 0.0000000000
10.0238607886 0.8500000000 3.6922875743 0.0284861700 2.1859636909 0.0000000000
10.0238819306 0.8500000000 3.6920119934 0.0140735641 2.1790963249 0.0000000000
10.0239030930 0.8500000000 3.6916923492 -0.0003332248 2.1720550325 0.0000000000
10.0239242499 0.8500000000 3.6913587127 -0.0147379973 2.1649585776 0.0000000000
10.0239454097 0.8500000000 3.6910303663 -0.0291435049 2.1578829888 0.0000000000
10.0239666578 0.8500000000 3.6907191963 -0.0435514894 2.1508751151 0.0000000000
10.0239880557 0.8500000000 3.6903924779 -0.0579572291 2.1438059455 0.0000000000
10.0240096527 0.8500000000 3.6900752242 -0.0723642706 2.1367741142 0.0000000000
10.0240315370 0.8500000000 3.6897925758 -0.0867758095 2.1298789050 0.0000000000
10.0240539522 0.8500000000 3.6894859049 -0.1011842110 2.1228888610 0.0000000000
10.0240770820 0.8500000000 3.6891582717 -0.1155897341 2.1158161190 0.0000000000
10.0241012703 0.8500000000 3.6888780373 -0.1300014407 2.1089304984 0.0000000000
10.0241274656 0.8500000000 3.6885948839 -0.1444128249 2.1020333314 0.0000000000
10.0241567770 0.8500000000 3.6882917283 -0.1588216069 2.0950571962 0.0000000000
10.0241933980 0.8500000000 3.6880389361 -0.1732358509 2.0882803298 0.0000000000
10.0242861815 0.8500000000 3.6880824893 -0.1796328712 2.0858957345 0.0000000000
10.0243216566 0.8500000000 3.6884815809 -0.1652391214 2.0932496009 0.0000000000
10.0243444998 0.8500000000 3.6888881925 -0.1508461607 2.1006332314 0.0000000000
10.0243640784 0.8500000000 3.6892864249 -0.1364517163 2.1079839387 0.0000000000
10.0243838313 0.8500000000 3.6896679920 -0.1220544944 2.1152690959 0.0000000000
10.0244116101 0.8500000000 3.6898901095 -0.1159418410 2.1186026272 0.0000000000
10.0244223290 0.8500000000 3.6895666455 -0.1303421466 2.1115486491 0.0000000000
10.0244374149 0.8500000000 3.6892641127 -0.1447493714 2.1045756280 0.0000000000
10.0244533263 0.8500000000 3.6889249159 -0.1591534225 2.0974572204 0.0000000000
10.0244690410 0.8500000000 3.6886228961 -0.1735625927 2.0904854730 0.0000000000
10.0244847543 0.8500000000 3.6883261678 -0.1879724566 2.0835346142 0.0000000000
10.0245004360 0.8500000000 3.6880192995 -0.2023810036 2.0765437224 0.0000000000
10.0245160351 0.8500000000 3.6877032990 -0.2167883488 2.0695167820 0.0000000000
10.0245315555 0.8500000000 3.6874082766 -0.2311984763 2.0625726416 0.0000000000
10.0245470144 0.8500000000 3.6871198049 -0.2456095665 2.0556543188 0.0000000000
10.0245624043 0.8500000000 3.6868011586 -0.2600164634 2.0486169748 0.0000000000
10.0245778091 0.8500000000 3.6864610838 -0.2744203422 2.0414951238 0.0000000000
10.0245932197 0.8500000000 3.6861139971 -0.2888231745 2.0343456445 0.0000000000
10.0246085558 0.8500000000 3.6857756151 -0.3032272595 2.0272304824 0.0000000000
10.0246237543 0.8500000000 3.6854486906 -0.3176330799 2.0201604560 0.0000000000
10.0246388590 0.8500000000 3.6851030086 -0.3320360951 2.0130165221 0.0000000000
10.0246537843 0.8500000000 3.6847690545 -0.3464409714 2.0059187550 0.0000000000
10.0246685327 0.8500000000 3.6844642084 -0.3608497014 1.9989358788 0.0000000000
10.0246831872 0.8500000000 3.6841520424 -0.3752576048 1.9919240535 0.0000000000
10.0246976366 0.8500000000 3.6837936824 -0.3896586158 1.9847302091 0.0000000000
10.0247118432 0.8500000000 3.6834986515 -0.4040686516 1.9777860711 0.0000000000
10.0247259363 0.8500000000 3.6831865203 -0.4184764633 1.9707744215 0.0000000000
10.0247398698 0.8500000000 3.6828636253 -0.4328826670 1.9637203603 0.0000000000
10.0247536737 0.8500000000 3.6825717703 -0.4472930615 1.9567887825 0.0000000000
10.0247673154 0.8500000000 3.6822673568 -0.4617018638 1.9498076076 0.0000000000
10.0247808619 0.8500000000 3.6819709900 -0.4761117124 1.9428582009 0.0000000000
10.0247942970 0.8500000000 3.6816050651 -0.4905115868 1.9356345515 0.0000000000
10.0248075657 0.8500000000 3.6812383291 -0.5049113801 1.9284076901 0.0000000000
10.0248207278 0.8500000000 3.6808754533 -0.5193118160 1.9211960126 0.0000000000
10.0248337515 0.8500000000 3.6805356690 -0.5337156601 1.9140753377 0.0000000000
10.0248466349 0.8500000000 3.6801885067 -0.5481185082 1.9069255494 0.0000000000
10.0248593831 0.8500000000 3.6798307065 -0.5625198198 1.8997338239 0.0000000000
10.0248720066 0.8500000000 3.6794865560 -0.5769230285 1.8925959385 0.0000000000
10.0248845147 0.8500000000 3.6791654878 -0.5913293306 1.8855491445 0.0000000000
10.0248968812 0.8500000000 3.6788075422 -0.6057302879 1.8783569792 0.0000000000
10.0249091299 0.8500000000 3.6784681434 -0.6201341440 1.8712378418 0.0000000000
10.0249212404 0.8500000000 3.6781559997 -0.6345420268 1.8642261139 0.0000000000
10.0249332225 0.8500000000 3.6778375499 -0.6489490102 1.8571895211 0.0000000000
10.0249451021 0.8500000000 3.6775023249 -0.6633535042 1.8500868238 0.0000000000
10.0249568387 0.8500000000 3.6771908232 -0.6777616093 1.8430775747 0.0000000000
10.0249684403 0.8500000000 3.6768577353 -0.6921664048 1.8359833051 0.0000000000
10.0249799182 0.8500000000 3.6764812440 -0.7065645402 1.8287180857 0.0000000000
10.0249913056 0.8500000000 3.6761109060 -0.7209636023 1.8214771090 0.0000000000
10.0250025287 0.8500000000 3.6757314913 -0.7353612276 1.8142003997 0.0000000000
10.0250136333 0.8500000000 3.6753576836 -0.7497597258 1.8069457697 0.0000000000
10.0250245587 0.8500000000 3.6750255065 -0.7641647954 1.7998550334 0.0000000000
10.0250354106 0.8500000000 3.6746471344 -0.7785625100 1.7925824595 0.0000000000
10.0250461209 0.8500000000 3.6742770248 -0.7929616348 1.7853423710 0.0000000000
10.0250566982 0.8500000000 3.6739343702 -0.8073651097 1.7782103626 0.0000000000
10.0250671579 0.8500000000 3.6736018045 -0.8217702911 1.7711180271 0.0000000000
10.0250775249 0.8500000000 3.6732349180 -0.8361698508 1.7638906575 0.0000000000
10.0250877282 0.8500000000 3.6729056331 -0.8505753517 1.7568113175 0.0000000000
10.0250978419 0.8500000000 3.6725873810 -0.8649822334 1.7497755562 0.0000000000
10.0251078533 0.8500000000 3.6722644848 -0.8793885496 1.7427214451 0.0000000000
10.0251177519 0.8500000000 3.6719219606 -0.8937914630 1.7355901828 0.0000000000
10.0251275528 0.8500000000 3.6715237514 -0.9081858538 1.7282395896 0.0000000000
10.0251372548 0.8500000000 3.6711242115 -0.9225800161 1.7208837652 0.0000000000
10.0251468438 0.8500000000 3.6707700262 -0.9369819658 1.7137062443 0.0000000000
10.0251563551 0.8500000000 3.6703734584 -0.9513765684 1.7063621319 0.0000000000
10.0251657509 0.8500000000 3.6699768513 -0.9657711389 1.6990178752 0.0000000000
10.0251750519 0.8500000000 3.6696175101 -0.9801718973 1.6918202070 0.0000000000
10.0251842601 0.8500000000 3.6692742818 -0.9945751798 1.6846859812 0.0000000000
10.0251933995 0.8500000000 3.6688848320 -1.0089711344 1.6773698002 0.0000000000
10.0252024246 0.8500000000 3.6685201621 -1.0233702791 1.6701514627 0.0000000000
10.0252113405 0.8500000000 3.6681806356 -1.0377739664 1.6630318817 0.0000000000
10.0252201941 0.8500000000 3.6678401814 -1.0521775804 1.6559086192 0.0000000000
10.0252289527 0.8500000000 3.6674863140 -1.0665787287 1.6487326903 0.0000000000
10.0252376121 0.8500000000 3.6671655495 -1.0809851608 1.6416870593 0.0000000000
10.0252461925 0.8500000000 3.6667976825 -1.0953840721 1.6344560269 0.0000000000
10.0252546889 0.8500000000 3.6663900139 -1.1097765224 1.6270683724 0.0000000000
10.0252631012 0.8500000000 3.6659517905 -1.1241634560 1.6195607053 0.0000000000
10.0252714327 0.8500000000 3.6655307570 -1.1385538075 1.6121204307 0.0000000000
10.0252796524 0.8500000000 3.6651546125 -1.1529518399 1.6048566400 0.0000000000
10.0252878047 0.8500000000 3.6647833981 -1.1673500907 1.5976124817 0.0000000000
10.0252958576 0.8500000000 3.6643823533 -1.1817442006 1.5902506586 0.0000000000
10.0253038361 0.8500000000 3.6639936636 -1.1961400843 1.5829375464 0.0000000000
10.0253117263 0.8500000000 3.6636447098 -1.2105423709 1.5757808164 0.0000000000
10.0253195465 0.8500000000 3.6632758892 -1.2249414479 1.5685459033 0.0000000000
10.0253272910 0.8500000000 3.6628844849 -1.2393367991 1.5612221458 0.0000000000
10.0253349263 0.8500000000 3.6625475939 -1.2537410515 1.5541128806 0.0000000000
10.0253425041 0.8500000000 3.6622106759 -1.2681453757 1.5470034791 0.0000000000
10.0253500040 0.8500000000 3.6618446008 -1.2825448623 1.5397793840 0.0000000000
10.0253574462 0.8500000000 3.6614259856 -1.2969355843 1.5323486344 0.0000000000
10.0253648037 0.8500000000 3.6610058717 -1.3113260652 1.5249119864 0.0000000000
10.0253720781 0.8500000000 3.6605851897 -1.3257158679 1.5174733373 0.0000000000
10.0253792937 0.8500000000 3.6602105527 -1.3401139132 1.5102155714 0.0000000000
10.0253864156 0.8500000000 3.6597936159 -1.3545048179 1.5027914623 0.0000000000
10.0253934863 0.8500000000 3.6593756644 -1.3688954703 1.4953633950 0.0000000000
10.0254004760 0.8500000000 3.6590071764 -1.3832948104 1.4881297070 0.0000000000
10.0254073910 0.8500000000 3.6586275543 -1.3976922245 1.4808522531 0.0000000000
10.0254142452 0.8500000000 3.6582081961 -1.4120825485 1.4734186908 0.0000000000
10.0254210161 0.8500000000 3.6578719363 -1.4264867933 1.4663119536 0.0000000000
10.0254277305 0.8500000000 3.6575308191 -1.4408903164 1.4591860756 0.0000000000
10.0254343655 0.8500000000 3.6571749507 -1.4552911694 1.4520022609 0.0000000000
10.0254409542 0.8500000000 3.6567910307 -1.4696868595 1.4447083045 0.0000000000
10.0254474768 0.8500000000 3.6563550253 -1.4840737957 1.4372095085 0.0000000000
10.0254539365 0.8500000000 3.6559114437 -1.4984594491 1.4296809207 0.0000000000
10.0254603225 0.8500000000 3.6555374265 -1.5128578539 1.4224254902 0.0000000000
10.0254666654 0.8500000000 3.6551088086 -1.5272463915 1.4149556035 0.0000000000
10.0254729372 0.8500000000 3.6546483521 -1.5416281810 1.4073610619 0.0000000000
10.0254791462 0.8500000000 3.6542856690 -1.5560281873 1.4001503269 0.0000000000
10.0254852878 0.8500000000 3.6538961504 -1.5704243763 1.3928337770 0.0000000000
10.0254913877 0.8500000000 3.6534703825 -1.5848135024 1.3853750549 0.0000000000
10.0254974253 0.8500000000 3.6531111476 -1.5992132875 1.3781782010 0.0000000000
10.0255033990 0.8500000000 3.6527562896 -1.6136142635 1.3709983789 0.0000000000
10.0255093223 0.8500000000 3.6523984754 -1.6280146349 1.3638069734 0.0000000000
10.0255151876 0.8500000000 3.6520454421 -1.6424157500 1.3566343941 0.0000000000
10.0255210090 0.8500000000 3.6516085285 -1.6568024528 1.3491320587 0.0000000000
10.0255267777 0.8500000000 3.6511588363 -1.6711871627 1.3415794058 0.0000000000
10.0255324802 0.8500000000 3.6507576142 -1.6855802443 1.3342172849 0.0000000000
10.0255381334 0.8500000000 3.6502977386 -1.6999625927 1.3266248431 0.0000000000
10.0255437386 0.8500000000 3.6498463933 -1.7143471210 1.3190656507 0.0000000000
10.0255492744 0.8500000000 3.6494561578 -1.7287420706 1.3117467288 0.0000000000
10.0255547508 0.8500000000 3.6490868266 -1.7431405330 1.3045100188 0.0000000000
10.0255601812 0.8500000000 3.6486659897 -1.7575307362 1.2970705900 0.0000000000
10.0255655603 0.8500000000 3.6482638173 -1.7719231634 1.2897049295 0.0000000000
10.0255708728 0.8500000000 3.6479079794 -1.7863237213 1.2825213548 0.0000000000
10.0255761410 0.8500000000 3.6475301093 -1.8007207314 1.2752510704 0.0000000000
10.0255813513 0.8500000000 3.6471573209 -1.8151185904 1.2680007734 0.0000000000
10.0255865229 0.8500000000 3.6467542024 -1.8295112605 1.2606312309 0.0000000000
10.0255916436 0.8500000000 3.6462868866 -1.8438930276 1.2530092613 0.0000000000
10.0255967104 0.8500000000 3.6458536066 -1.8582797838 1.2455214385 0.0000000000
10.0256017302 0.8500000000 3.6454092150 -1.8726651929 1.2379897084 0.0000000000
10.0256067066 0.8500000000 3.6449455115 -1.8870472104 1.2303820874 0.0000000000
10.0256116172 0.8500000000 3.6445319254 -1.9014378963 1.2229714686 0.0000000000
10.0256164858 0.8500000000 3.6441555588 -1.9158351956 1.2157070828 0.0000000000
10.0256213172 0.8500000000 3.6437193968 -1.9302211871 1.2082080381 0.0000000000
10.0256260891 0.8500000000 3.6433017485 -1.9446109856 1.2007815254 0.0000000000
10.0256308190 0.8500000000 3.6429570284 -1.9590140749 1.1936414092 0.0000000000
10.0256354943 0.8500000000 3.6425990385 -1.9734148855 1.1864491256 0.0000000000
10.0256401342 0.8500000000 3.6422278367 -1.9878133990 1.1792049130 0.0000000000
10.0256447268 0.8500000000 3.6418396918 -2.0022087101 1.1718942090 0.0000000000
10.0256492810 0.8500000000 3.6413144789 -2.0165772856 1.1640459270 0.0000000000
10.0256537915 0.8500000000 3.6408385544 -2.0309558221 1.1563908143 0.0000000000
10.0256582607 0.8500000000 3.6404000784 -2.0453417301 1.1488825471 0.0000000000
10.0256626832 0.8500000000 3.6399361445 -2.0597225597 1.1412744798 0.0000000000
10.0256670570 0.8500000000 3.6394950871 -2.0741078822 1.1337561211 0.0000000000
10.0256713926 0.8500000000 3.6391089648 -2.0885038638 1.1264532394 0.0000000000
10.0256756888 0.8500000000 3.6386884135 -2.1028934047 1.1190152178 0.0000000000
10.0256799408 0.8500000000 3.6382542896 -2.1172792655 1.1115243778 0.0000000000
10.0256841487 0.8500000000 3.6379035560 -2.1316807340 1.1043608563 0.0000000000
10.0256883312 0.8500000000 3.6375365789 -2.1460799332 1.0971332680 0.0000000000
10.0256924601 0.8500000000 3.6371578504 -2.1604767243 1.0898596376 0.0000000000
10.0256965594 0.8500000000 3.6367376940 -2.1748647580 1.0824237984 0.0000000000
10.0257006292 0.8500000000 3.6362275860 -2.1892354702 1.0746350815 0.0000000000
10.0257046536 0.8500000000 3.6357492978 -2.2036129577 1.0669709338 0.0000000000
10.0257086412 0.8500000000 3.6353230354 -2.2180016778 1.0595103963 0.0000000000
10.0257126013 0.8500000000 3.6348294542 -2.2323756333 1.0517864891 0.0000000000
10.0257165149 0.8500000000 3.6343699026 -2.2467571530 1.0441956747 0.0000000000
10.0257203922 0.8500000000 3.6339743239 -2.2611509908 1.0368558251 0.0000000000
10.0257242394 0.8500000000 3.6335547707 -2.2755396285 1.0294221569 0.0000000000
10.0257280478 0.8500000000 3.6331092141 -2.2899229759 1.0218865916 0.0000000000
10.0257318156 0.8500000000 3.6327684121 -2.3043247057 1.0147626918 0.0000000000
10.0257355509 0.8500000000 3.6324032826 -2.3187229156 1.0075428898 0.0000000000
10.0257392512 0.8500000000 3.6320302176 -2.3331189945 1.0002921982 0.0000000000
10.0257429192 0.8500000000 3.6315346866 -2.3474919893 0.9925608764 0.0000000000
10.0257465586 0.8500000000 3.6310223762 -2.3618621816 0.9847635581 0.0000000000
10.0257501568 0.8500000000 3.6305288236 -2.3762368062 0.9770394976 0.0000000000
10.0257537265 0.8500000000 3.6301155283 -2.3906269346 0.9696302653 0.0000000000
10.0257572588 0.8500000000 3.6296160375 -2.4050001879 0.9618830006 0.0000000000
10.0257607616 0.8500000000 3.6291380973 -2.4193770300 0.9542205028 0.0000000000
10.0257642292 0.8500000000 3.6287506096 -2.4337710477 0.9469129450 0.0000000000
10.0257676605 0.8500000000 3.6283612865 -2.4481646731 0.9395982024 0.0000000000
10.0257710716 0.8500000000 3.6278863109 -2.4625428890 0.9319470135 0.0000000000
10.0257744402 0.8500000000 3.6275260841 -2.4769407274 0.9247469711 0.0000000000
10.0257777809 0.8500000000 3.6271568490 -2.4913371109 0.9175114775 0.0000000000
10.0257810951 0.8500000000 3.6267086093 -2.5057188501 0.9099658231 0.0000000000
10.0257843855 0.8500000000 3.6262051843 -2.5200925633 0.9022026378 0.0000000000
10.0257876400 0.8500000000 3.6256967197 -2.5344650642 0.8944197789 0.0000000000
10.0257908663 0.8500000000 3.6252141195 -2.5488426335 0.8867383501 0.0000000000
10.0257940586 0.8500000000 3.6248053900 -2.5632321494 0.8793476258 0.0000000000
10.0257972256 0.8500000000 3.6243331600 -2.5776109469 0.8717071868 0.0000000000
10.0258003598 0.8500000000 3.6238445971 -2.5919867366 0.8640026196 0.0000000000
10.0258034692 0.8500000000 3.6234649091 -2.6063809960 0.8567261636 0.0000000000
10.0258065499 0.8500000000 3.6230793332 -2.6207742583 0.8494265551 0.0000000000
10.0258096014 0.8500000000 3.6226314383 -2.6351566128 0.8418820336 0.0000000000
10.0258126211 0.8500000000 3.6222781425 -2.6495554730 0.8347093066 0.0000000000
10.0258156218 0.8500000000 3.6218622459 -2.6639429383 0.8272907339 0.0000000000
10.0258185944 0.8500000000 3.6213197991 -2.6783071387 0.8193752666 0.0000000000
10.0258215444 0.8500000000 3.6208326974 -2.6926813068 0.8116771926 0.0000000000
10.0258244682 0.8500000000 3.6203022559 -2.7070473040 0.8038090278 0.0000000000
10.0258273626 0.8500000000 3.6197878574 -2.7214161406 0.7960038992 0.0000000000
10.0258302315 0.8500000000 3.6193808635 -2.7358050061 0.7886203772 0.0000000000
10.0258330784 0.8500000000 3.6189195707 -2.7501834557 0.7810238262 0.0000000000
10.0258358987 0.8500000000 3.6184109784 -2.7645527631 0.7732417339 0.0000000000
10.0258386952 0.8500000000 3.6180375805 -2.7789480966 0.7659900089 0.0000000000
10.0258414657 0.8500000000 3.6176395271 -2.7933384148 0.7586416682 0.0000000000
10.0258442156 0.8500000000 3.6172204552 -2.8077248549 0.7512108048 0.0000000000
10.0258469461 0.8500000000 3.6167980630 -2.8221105240 0.7437669682 0.0000000000
10.0258496551 0.8500000000 3.6162733782 -2.8364758396 0.7359221025 0.0000000000
10.0258523390 0.8500000000 3.6157510992 -2.8508415274 0.7280867116 0.0000000000
10.0258550015 0.8500000000 3.6153065564 -2.8652226761 0.7205560808 0.0000000000
10.0258576458 0.8500000000 3.6148058574 -2.8795920224 0.7128055464 0.0000000000
10.0258602608 0.8500000000 3.6142966244 -2.8939593272 0.7050216923 0.0000000000
10.0258628582 0.8500000000 3.6138981917 -2.9083502949 0.6976715746 0.0000000000
10.0258654299 0.8500000000 3.6134964053 -2.9227404335 0.6903083735 0.0000000000
10.0258679807 0.8500000000 3.6130085041 -2.9371117163 0.6826082557 0.0000000000
10.0258705096 0.8500000000 3.6126364221 -2.9515088910 0.6753610578 0.0000000000
10.0258730133 0.8500000000 3.6122563832 -2.9659042138 0.6680827729 0.0000000000
10.0258754987 0.8500000000 3.6118269704 -2.9802887437 0.6606113097 0.0000000000
10.0258779603 0.8500000000 3.6113347876 -2.9946586508 0.6528946159 0.0000000000
10.0258804026 0.8500000000 3.6108390392 -3.0090281849 0.6451638084 0.0000000000
10.0258828245 0.8500000000 3.6103457620 -3.0233980152 0.6374427677 0.0000000000
10.0258852267 0.8500000000 3.6099186412 -3.0377837082 0.6299800073 0.0000000000
10.0258876069 0.8500000000 3.6094506715 -3.0521592605 0.6223579077 0.0000000000
10.0258899708 0.8500000000 3.6089578977 -3.0665292651 0.6146388106 0.0000000000
10.0258923124 0.8500000000 3.6085531002 -3.0809207629 0.6072630214 0.0000000000
10.0258946327 0.8500000000 3.6081415685 -3.0953105432 0.5998609825 0.0000000000
10.0258969371 0.8500000000 3.6076803112 -3.1096883859 0.5922648163 0.0000000000
10.0258992210 0.8500000000 3.6072705441 -3.1240792187 0.5848694145 0.0000000000
10.0259014839 0.8500000000 3.6068160660 -3.1384590575 0.5772995668 0.0000000000
10.0259037304 0.8500000000 3.6063178187 -3.1528285856 0.5695587661 0.0000000000
10.0259059603 0.8500000000 3.6058559391 -3.1672073866 0.5619597275 0.0000000000
10.0259081698 0.8500000000 3.6053732343 -3.1815808155 0.5542795366 0.0000000000
10.0259103612 0.8500000000 3.6048906049 -3.1959545899 0.5465995093 0.0000000000
10.0259125388 0.8500000000 3.6044610201 -3.2103428669 0.5391258592 0.0000000000
10.0259146962 0.8500000000 3.6040160862 -3.2247274547 0.5315922885 0.0000000000
10.0259168393 0.8500000000 3.6035337119 -3.2391018959 0.5239130149 0.0000000000
10.0259189630 0.8500000000 3.6031071957 -3.2534911329 0.5164512552 0.0000000000
10.0259210718 0.8500000000 3.6026871242 -3.2678811269 0.5090149716 0.0000000000
10.0259231636 0.8500000000 3.6022426593 -3.2822659912 0.5014831663 0.0000000000
10.0259252401 0.8500000000 3.6018329638 -3.2966571828 0.4940879077 0.0000000000
10.0259273039 0.8500000000 3.6013759766 -3.3110411018 0.4865063914 0.0000000000
10.0259293509 0.8500000000 3.6008902106 -3.3254168020 0.4788130471 0.0000000000
10.0259313853 0.8500000000 3.6004590253 -3.3398038745 0.4713334770 0.0000000000
10.0259334064 0.8500000000 3.5999830662 -3.3541838409 0.4636776541 0.0000000000
10.0259354111 0.8500000000 3.5995095240 -3.3685638094 0.4560314979 0.0000000000
10.0259374075 0.8500000000 3.5990682235 -3.3829483945 0.4485124620 0.0000000000
10.0259393938 0.8500000000 3.5986288251 -3.3973330127 0.4410010209 0.0000000000
10.0259413704 0.8500000000 3.5981513502 -3.4117112534 0.4333398253 0.0000000000
10.0259433380 0.8500000000 3.5977150534 -3.4260960167 0.4258407326 0.0000000000
10.0259452988 0.8500000000 3.5972726734 -3.4404794059 0.4183178571 0.0000000000
10.0259472562 0.8500000000 3.5968118409 -3.4548591556 0.4107226270 0.0000000000
10.0259492140 0.8500000000 3.5963310332 -3.4692351059 0.4030490162 0.0000000000
10.0259511698 0.8500000000 3.5958416466 -3.4836090078 0.3953419092 0.0000000000
10.0259531417 0.8500000000 3.5953573926 -3.4979833783 0.3876551447 0.0000000000
10.0259551461 0.8500000000 3.5949236870 -3.5123668530 0.3801669323 0.0000000000
10.0259572221 0.8500000000 3.5944649571 -3.5267451017 0.3725807134 0.0000000000
10.0259596656 0.8500000000 3.5940100000 -3.5411250000 0.3650089257 0.0000000000
