# logAge Mass logTe Mbol logg C/O
2.3777796363 0.1200000000 3.5328900000 4.4617500000 2.4714412460 0.0000000000
2.4148872260 0.1200000000 3.5328902524 4.4627707077 2.4718505388 0.0000000000
2.4519947313 0.1200000000 3.5328914599 4.4638633541 2.4722924271 0.0000000000
2.4891019771 0.1200000000 3.5328934149 4.4650402447 2.4727710033 0.0000000000
2.5262087880 0.1200000000 3.5328959099 4.4663136852 2.4732903596 0.0000000000
2.5633149891 0.1200000000 3.5328987374 4.4676959811 2.4738545880 0.0000000000
2.6004204050 0.1200000000 3.5329016899 4.4691994380 2.4744677808 0.0000000000
2.6375248607 0.1200000000 3.5329045599 4.4708363616 2.4751340303 0.0000000000
2.6746281808 0.1200000000 3.5329071399 4.4726190574 2.4758574285 0.0000000000
2.7117301902 0.1200000000 3.5329092223 4.4745598310 2.4766420676 0.0000000000
2.7488307136 0.1200000000 3.5329106396 4.4766708116 2.4774921289 0.0000000000
2.7859295724 0.1200000000 3.5329121052 4.4789602331 2.4784137599 0.0000000000
2.8230265845 0.1200000000 3.5329151940 4.4814325208 2.4794150302 0.0000000000
2.8601215674 0.1200000000 3.5329215120 4.4840919844 2.4805040878 0.0000000000
2.8972141594 0.1200000000 3.5329314988 4.4869534425 2.4816886182 0.0000000000
2.9343035870 0.1200000000 3.5329429089 4.4900559028 2.4829752427 0.0000000000
2.9713890213 0.1200000000 3.5329531469 4.4934415145 2.4843704396 0.0000000000
3.0084697623 0.1200000000 3.5329611951 4.4971375822 2.4858810594 0.0000000000
3.0455453088 0.1200000000 3.5329684730 4.5011484731 2.4875145275 0.0000000000
3.0826151052 0.1200000000 3.5329764382 4.5054797181 2.4892788862 0.0000000000
3.1196780612 0.1200000000 3.5329852741 4.5101601683 2.4911864097 0.0000000000
3.1567328460 0.1200000000 3.5329945896 4.5152287946 2.4932511222 0.0000000000
3.1937781573 0.1200000000 3.5330040096 4.5207146501 2.4954831443 0.0000000000
3.2308127213 0.1200000000 3.5330131955 4.5266365434 2.4978886452 0.0000000000
3.2678351809 0.1200000000 3.5330227158 4.5330137804 2.5004776216 0.0000000000
3.3048440428 0.1200000000 3.5330344637 4.5398673371 2.5032660357 0.0000000000
3.3418372094 0.1200000000 3.5330498236 4.5472315545 2.5062731622 0.0000000000
3.3788117011 0.1200000000 3.5330692158 4.5551601314 2.5095221617 0.0000000000
3.4157645372 0.1200000000 3.5330915924 4.5636971698 2.5130264837 0.0000000000
3.4526928336 0.1200000000 3.5331144752 4.5728733724 2.5167884958 0.0000000000
3.4895939080 0.1200000000 3.5331373969 4.5827107823 2.5208151468 0.0000000000
3.5264648067 0.1200000000 3.5331610705 4.5932328361 2.5251186626 0.0000000000
3.5633002855 0.1200000000 3.5331845979 4.6045019136 2.5297204032 0.0000000000
3.6000951380 0.1200000000 3.5332083015 4.6165731265 2.5346437028 0.0000000000
3.6368459549 0.1200000000 3.5332362601 4.6294560771 2.5399087171 0.0000000000
3.6735481681 0.1200000000 3.5332683832 4.6431769718 2.5455255677 0.0000000000
3.7101956812 0.1200000000 3.5333012502 4.6577837940 2.5514997644 0.0000000000
3.7467810164 0.1200000000 3.5333348074 4.6733328786 2.5578536272 0.0000000000
3.7832986908 0.1200000000 3.5333708936 4.6898467778 2.5646035314 0.0000000000
3.8197443125 0.1200000000 3.5334095651 4.7073268601 2.5717502505 0.0000000000
3.8561077348 0.1200000000 3.5334424491 4.7258449341 2.5792890161 0.0000000000
3.8923832151 0.1200000000 3.5334788699 4.7454118190 2.5872614531 0.0000000000
3.9285658974 0.1200000000 3.5335251927 4.7660238316 2.5956915495 0.0000000000
3.9646470664 0.1200000000 3.5335685157 4.7877192137 2.6045429942 0.0000000000
4.0006190086 0.1200000000 3.5336089183 4.8105200947 2.6138249571 0.0000000000
4.0364775342 0.1200000000 3.5336585555 4.8344109081 2.6235798312 0.0000000000
4.0722152150 0.1200000000 3.5337030687 4.8594078855 2.6337566750 0.0000000000
4.1078268095 0.1200000000 3.5337564944 4.8855048944 2.6444091814 0.0000000000
4.1433064661 0.1200000000 3.5338016233 4.9127019898 2.6554685351 0.0000000000
4.1786496742 0.1200000000 3.5338501928 4.9409874126 2.6669769821 0.0000000000
4.2138522416 0.1200000000 3.5339002964 4.9703485146 2.6789218373 0.0000000000
4.2489077037 0.1200000000 3.5339522148 5.0007897551 2.6913060073 0.0000000000
4.2838201450 0.1200000000 3.5340060228 5.0322413036 2.7041018587 0.0000000000
4.3185833342 0.1200000000 3.5340614451 5.0647096816 2.7173108993 0.0000000000
4.3531964649 0.1200000000 3.5341139675 5.0981654166 2.7309032826 0.0000000000
4.3876597030 0.1200000000 3.5341669814 5.1325740009 2.7448787719 0.0000000000
4.4219762678 0.1200000000 3.5342228797 5.1678869960 2.7592275632 0.0000000000
4.4561434639 0.1200000000 3.5342794709 5.2040944996 2.7739369295 0.0000000000
4.4901612379 0.1200000000 3.5343328982 5.2411709184 2.7889812061 0.0000000000
4.5240341063 0.1200000000 3.5343868279 5.2790670983 2.8043553970 0.0000000000
4.5577617419 0.1200000000 3.5344453572 5.3177640455 2.8200682929 0.0000000000
4.5913538502 0.1200000000 3.5344945864 5.3571913292 2.8360361231 0.0000000000
4.6248090667 0.1200000000 3.5345579044 5.3973395454 2.8523486817 0.0000000000
4.6581282443 0.1200000000 3.5346092860 5.4381891065 2.8688940325 0.0000000000
4.6913204699 0.1200000000 3.5346637471 5.4796796346 2.8857080884 0.0000000000
4.7243879486 0.1200000000 3.5347122954 5.5217879744 2.9027456174 0.0000000000
4.7573395454 0.1200000000 3.5347632202 5.5644601364 2.9200181815 0.0000000000
4.7901815775 0.1200000000 3.5348278708 5.6076566616 2.9375553938 0.0000000000
4.8229258770 0.1200000000 3.5348927446 5.6513144979 2.9552780235 0.0000000000
4.8555721760 0.1200000000 3.5349585316 5.6954286750 2.9731868423 0.0000000000
4.8881523150 0.1200000000 3.5350536915 5.7398474670 2.9913349988 0.0000000000
4.9206826222 0.1200000000 3.5351644606 5.7844938715 3.0096366370 0.0000000000
4.9530896476 0.1200000000 3.5352687015 5.8296963703 3.0281346003 0.0000000000
4.9853331648 0.1200000000 3.5353351329 5.8756246791 3.0467716493 0.0000000000
5.0174292930 0.1200000000 3.5353503183 5.9221945410 3.0654603355 0.0000000000
5.0493731244 0.1200000000 3.5353220200 5.9694138474 3.0842348652 0.0000000000
5.0811665438 0.1200000000 3.5352496883 6.0172631334 3.1030852524 0.0000000000
5.1128059390 0.1200000000 3.5351224095 6.0657456446 3.1219691420 0.0000000000
5.1442892231 0.1200000000 3.5349448391 6.1148581546 3.1409038643 0.0000000000
5.1756205243 0.1200000000 3.5347077285 6.1645728455 3.1598412982 0.0000000000
5.2068099120 0.1200000000 3.5344026718 6.2148400070 3.1787279360 0.0000000000
5.2378546670 0.1200000000 3.5340478756 6.2656616995 3.1976374284 0.0000000000
5.2687851103 0.1200000000 3.5336428234 6.3169149562 3.2165185222 0.0000000000
5.2996037884 0.1200000000 3.5331879679 6.3685846851 3.2353669918 0.0000000000
5.3304036996 0.1200000000 3.5326682932 6.4203205297 3.2539826308 0.0000000000
5.3613313641 0.1200000000 3.5321187696 6.4715752952 3.2722864425 0.0000000000
5.3925791275 0.1200000000 3.5315281413 6.5215982869 3.2899331259 0.0000000000
5.4243561223 0.1200000000 3.5309334597 6.5694862103 3.3067095688 0.0000000000
5.4569120462 0.1200000000 3.5303540728 6.6139735062 3.3221869399 0.0000000000
5.4905448229 0.1200000000 3.5298172430 6.6531365149 3.3357048242 0.0000000000
5.5251933792 0.1200000000 3.5293402644 6.6863016566 3.3470629663 0.0000000000
5.5607695260 0.1200000000 3.5289506819 6.7126161268 3.3560304244 0.0000000000
5.5969594443 0.1200000000 3.5286482763 6.7331027283 3.3630154426 0.0000000000
5.6335955824 0.1200000000 3.5284334840 6.7478629685 3.3680603695 0.0000000000
5.6704617592 0.1200000000 3.5282780068 6.7584380829 3.3716685064 0.0000000000
5.7074074883 0.1200000000 3.5281412378 6.7671503517 3.3746063379 0.0000000000
5.7443867052 0.1200000000 3.5280216433 6.7749489900 3.3772474152 0.0000000000
5.7814004935 0.1200000000 3.5279169738 6.7815703230 3.3794772705 0.0000000000
5.8184313512 0.1200000000 3.5278286420 6.7876412391 3.3815523095 0.0000000000
5.8554183658 0.1200000000 3.5277086232 6.7951776230 3.3840867880 0.0000000000
5.8924146631 0.1200000000 3.5275961646 6.8024670326 3.3865527174 0.0000000000
5.9293498828 0.1200000000 3.5274498573 6.8113859772 3.3895350663 0.0000000000
5.9662535490 0.1200000000 3.5272969089 6.8212189991 3.3928564815 0.0000000000
6.0030438330 0.1200000000 3.5271048217 6.8332869237 3.3969153025 0.0000000000
6.0397095851 0.1200000000 3.5268692377 6.8476338766 3.4017117475 0.0000000000
6.0762233355 0.1200000000 3.5265947654 6.8641899369 3.4072362826 0.0000000000
6.1124101375 0.1200000000 3.5262504378 6.8847152807 3.4140691096 0.0000000000
6.1481474629 0.1200000000 3.5258246514 6.9097601268 3.4223839025 0.0000000000
6.1831153725 0.1200000000 3.5252818304 6.9407267956 3.4325992859 0.0000000000
6.2167188678 0.1200000000 3.5245752358 6.9801118432 3.4455269264 0.0000000000
6.2478509108 0.1200000000 3.5236490481 7.0303877047 3.4619325202 0.0000000000
6.2756776417 0.1200000000 3.5224735490 7.0916476393 3.4817344977 0.0000000000
6.2993695097 0.1200000000 3.5210741341 7.1628835546 3.5046312042 0.0000000000
6.3189822066 0.1200000000 3.5194398361 7.2414876735 3.5295356599 0.0000000000
6.3356739038 0.1200000000 3.5176447539 7.3242072045 3.5554431433 0.0000000000
6.3509181949 0.1200000000 3.5157016104 7.4086520703 3.5814485159 0.0000000000
6.3660160681 0.1200000000 3.5136445065 7.4932452533 3.6070573732 0.0000000000
6.3818199280 0.1200000000 3.5115736217 7.5770248786 3.6322856843 0.0000000000
6.3984842859 0.1200000000 3.5095302935 7.6597597402 3.6572063163 0.0000000000
6.4160410852 0.1200000000 3.5075169244 7.7413371310 3.6817837958 0.0000000000
6.4346205966 0.1200000000 3.5056231673 7.8215041674 3.7062755823 0.0000000000
6.4542207487 0.1200000000 3.5038564756 7.9001551493 3.7306692081 0.0000000000
6.4748399387 0.1200000000 3.5022318899 7.9771789745 3.7549803954 0.0000000000
6.4965213789 0.1200000000 3.5007931133 8.0523823890 3.7793066548 0.0000000000
6.5191567595 0.1200000000 3.4995218852 8.1258275663 3.8035998135 0.0000000000
6.5427387222 0.1200000000 3.4984298744 8.1974060077 3.8278631469 0.0000000000
6.5672499659 0.1200000000 3.4975398621 8.2670237566 3.8521501973 0.0000000000
6.5926590102 0.1200000000 3.4968655806 8.3346148133 3.8764894937 0.0000000000
6.6189451229 0.1200000000 3.4964256125 8.4000890101 3.9009193000 0.0000000000
6.6460775943 0.1200000000 3.4962457655 8.4633774319 3.9255152809 0.0000000000
6.6740217705 0.1200000000 3.4963243806 8.5244194948 3.9502465663 0.0000000000
6.7027422539 0.1200000000 3.4966924951 8.5831584593 3.9752146100 0.0000000000
6.7320705701 0.1200000000 3.4972866012 8.6399815821 4.0003202838 0.0000000000
6.7615783278 0.1200000000 3.4978914312 8.6962224351 4.0252359448 0.0000000000
6.7912194753 0.1200000000 3.4984875899 8.7520237068 4.0499410884 0.0000000000
6.8209739513 0.1200000000 3.4990909455 8.8074462931 4.0745235452 0.0000000000
6.8508419651 0.1200000000 3.4996796093 8.8624869034 4.0988944447 0.0000000000
6.8808059605 0.1200000000 3.5002644437 8.9172007269 4.1231193117 0.0000000000
6.9108602254 0.1200000000 3.5008459142 8.9716044760 4.1472066931 0.0000000000
6.9409954243 0.1200000000 3.5014201798 9.0257282044 4.1711532469 0.0000000000
6.9711995892 0.1200000000 3.5019825056 9.0796118950 4.1949560264 0.0000000000
7.0014686380 0.1200000000 3.5025433119 9.1332676525 4.2186615546 0.0000000000
7.0318379577 0.1200000000 3.5031173124 9.1865671021 4.2422773364 0.0000000000
7.0622642059 0.1200000000 3.5036930936 9.2396632762 4.2658189309 0.0000000000
7.0927340522 0.1200000000 3.5042478850 9.2926043739 4.2892145356 0.0000000000
7.1232329598 0.1200000000 3.5047907409 9.3454415574 4.3125208324 0.0000000000
7.1537812452 0.1200000000 3.5053349714 9.3980999906 4.3357611277 0.0000000000
7.1843612318 0.1200000000 3.5058689811 9.4506440056 4.3589147727 0.0000000000
7.2149568485 0.1200000000 3.5063800644 9.5031325563 4.3819545260 0.0000000000
7.2455636501 0.1200000000 3.5068822132 9.5555808959 4.4049424573 0.0000000000
7.2761803422 0.1200000000 3.5073632660 9.6079943816 4.4278320628 0.0000000000
7.3068113202 0.1200000000 3.5078206464 9.6603569763 4.4506066222 0.0000000000
7.3374565763 0.1200000000 3.5082722613 9.7126676679 4.4733373585 0.0000000000
7.3680931861 0.1200000000 3.5086977254 9.7650113765 4.4959766981 0.0000000000
7.3987201263 0.1200000000 3.5090977231 9.8173916923 4.5185288153 0.0000000000
7.4293445955 0.1200000000 3.5094725797 9.8697821957 4.5409844430 0.0000000000
7.4599521340 0.1200000000 3.5098226230 9.9222355766 4.5633659687 0.0000000000
7.4905480727 0.1200000000 3.5101486586 9.9747322004 4.5856687607 0.0000000000
7.5211298473 0.1200000000 3.5104386764 10.0272816979 4.6078486309 0.0000000000
7.5516918147 0.1200000000 3.5107035785 10.0799039942 4.6299571576 0.0000000000
7.5822375868 0.1200000000 3.5109442636 10.1325857526 4.6519926013 0.0000000000
7.6127677332 0.1200000000 3.5111400354 10.1853252483 4.6738714871 0.0000000000
7.6432739341 0.1200000000 3.5113180450 10.2381516741 4.6957140958 0.0000000000
7.6737559492 0.1200000000 3.5114533170 10.2910660901 4.7174209501 0.0000000000
7.7042184273 0.1200000000 3.5115539016 10.3440512174 4.7390173393 0.0000000000
7.7346590279 0.1200000000 3.5116277071 10.3971151408 4.7605381308 0.0000000000
7.7650794818 0.1200000000 3.5116610405 10.4502515051 4.7819260102 0.0000000000
7.7954863872 0.1200000000 3.5116674550 10.5034363744 4.8032256157 0.0000000000
7.8258731744 0.1200000000 3.5116206216 10.5566929435 4.8243409099 0.0000000000
7.8562586242 0.1200000000 3.5115431994 10.6099540575 4.8453356667 0.0000000000
7.8866249080 0.1200000000 3.5114288155 10.6632830102 4.8662097122 0.0000000000
7.9170012231 0.1200000000 3.5112748958 10.7165756355 4.8869110835 0.0000000000
7.9473808743 0.1200000000 3.5110681726 10.7698552629 4.9073960418 0.0000000000
7.9777885719 0.1200000000 3.5108314251 10.8230340062 4.9277205489 0.0000000000
8.0082209001 0.1200000000 3.5105479316 10.8761231706 4.9478222405 0.0000000000
8.0387135334 0.1200000000 3.5102232840 10.9289941552 4.9676720441 0.0000000000
8.0692903237 0.1200000000 3.5098605989 10.9815587557 4.9872471440 0.0000000000
8.0999712640 0.1200000000 3.5094580930 11.0337408272 5.0065099489 0.0000000000
8.1307922518 0.1200000000 3.5090206905 11.0854026630 5.0254250733 0.0000000000
8.1617885329 0.1200000000 3.5085370291 11.1364021291 5.0438902141 0.0000000000
8.1930074996 0.1200000000 3.5080234783 11.1865431665 5.0618924258 0.0000000000
8.2244834748 0.1200000000 3.5074653649 11.2356660703 5.0793091336 0.0000000000
8.2562997482 0.1200000000 3.5068961218 11.2833976809 5.0961248056 0.0000000000
8.2885087953 0.1200000000 3.5062987507 11.3294507468 5.1121565474 0.0000000000
8.3211652516 0.1200000000 3.5056784594 11.3734869331 5.1272898568 0.0000000000
8.3543299316 0.1200000000 3.5050620337 11.4150798265 5.1414613116 0.0000000000
8.3880659623 0.1200000000 3.5044682592 11.4536944452 5.1545320609 0.0000000000
8.4223862371 0.1200000000 3.5038949930 11.4889450521 5.1663392388 0.0000000000
8.4572852843 0.1200000000 3.5033620839 11.5204488567 5.1768091244 0.0000000000
8.4927246537 0.1200000000 3.5028763176 11.5479294606 5.1858583006 0.0000000000
8.5286374643 0.1200000000 3.5024510572 11.5712670773 5.1934923059 0.0000000000
8.5649379765 0.1200000000 3.5020979030 11.5905042646 5.1997745638 0.0000000000
8.6015289945 0.1200000000 3.5018030524 11.6059384015 5.2047688161 0.0000000000
8.6383246244 0.1200000000 3.5015740384 11.6179640612 5.2086630240 0.0000000000
8.6752560414 0.1200000000 3.5014022517 11.6270427151 5.2116073387 0.0000000000
8.7122713689 0.1200000000 3.5012777960 11.6336554111 5.2137545947 0.0000000000
8.7493332868 0.1200000000 3.5011810444 11.6383744981 5.2152552228 0.0000000000
8.7864209538 0.1200000000 3.5011192404 11.6415963266 5.2162967384 0.0000000000
8.8235214200 0.1200000000 3.5010894972 11.6437114873 5.2170238298 0.0000000000
8.8606275215 0.1200000000 3.5010600000 11.6450750000 5.2174512460 0.0000000000
9.0205963803 0.1200000000 3.5010500000 11.6466750000 5.2180512460 0.0000000000
9.0262151415 0.1200000000 3.5010514046 11.6466665851 5.2180534985 0.0000000000
9.0318339033 0.1200000000 3.5010527842 11.6466590675 5.2180560100 0.0000000000
9.0374526655 0.1200000000 3.5010541423 11.6466522424 5.2180587122 0.0000000000
9.0430714281 0.1200000000 3.5010554823 11.6466459050 5.2180615372 0.0000000000
9.0486901909 0.1200000000 3.5010568076 11.6466398505 5.2180644168 0.0000000000
9.0543089538 0.1200000000 3.5010581218 11.6466338739 5.2180672829 0.0000000000
9.0599277169 0.1200000000 3.5010594283 11.6466277705 5.2180700675 0.0000000000
9.0655464798 0.1200000000 3.5010607306 11.6466213354 5.2180727025 0.0000000000
9.0711652426 0.1200000000 3.5010620320 11.6466143638 5.2180751197 0.0000000000
9.0767840052 0.1200000000 3.5010633362 11.6466066509 5.2180772511 0.0000000000
9.0824027674 0.1200000000 3.5010646465 11.6465979917 5.2180790286 0.0000000000
9.0880215291 0.1200000000 3.5010659663 11.6465881815 5.2180803840 0.0000000000
9.0936402903 0.1200000000 3.5010672993 11.6465770155 5.2180812494 0.0000000000
9.0992590509 0.1200000000 3.5010686488 11.6465642887 5.2180815566 0.0000000000
9.1048778106 0.1200000000 3.5010700182 11.6465497964 5.2180812375 0.0000000000
9.1104965696 0.1200000000 3.5010714076 11.6465334284 5.2180802479 0.0000000000
9.1161153278 0.1200000000 3.5010728036 11.6465154389 5.2180786359 0.0000000000
9.1217340855 0.1200000000 3.5010741894 11.6464961697 5.2180764714 0.0000000000
9.1273528428 0.1200000000 3.5010755484 11.6464759624 5.2180738246 0.0000000000
9.1329715999 0.1200000000 3.5010768640 11.6464551587 5.2180707655 0.0000000000
9.1385903569 0.1200000000 3.5010781195 11.6464341003 5.2180673641 0.0000000000
9.1442091139 0.1200000000 3.5010792982 11.6464131290 5.2180636906 0.0000000000
9.1498278712 0.1200000000 3.5010803842 11.6463925824 5.2180598159 0.0000000000
9.1554466287 0.1200000000 3.5010813923 11.6463726100 5.2180558593 0.0000000000
9.1610653865 0.1200000000 3.5010823814 11.6463530916 5.2180520083 0.0000000000
9.1666841444 0.1200000000 3.5010834138 11.6463338867 5.2180484558 0.0000000000
9.1723029023 0.1200000000 3.5010845517 11.6463148546 5.2180453949 0.0000000000
9.1779216602 0.1200000000 3.5010858576 11.6462958548 5.2180430184 0.0000000000
9.1835404179 0.1200000000 3.5010873936 11.6462767467 5.2180415192 0.0000000000
9.1891591755 0.1200000000 3.5010892221 11.6462573896 5.2180410903 0.0000000000
9.1947779327 0.1200000000 3.5010913987 11.6462376449 5.2180418986 0.0000000000
9.2003966896 0.1200000000 3.5010938874 11.6462174004 5.2180437557 0.0000000000
9.2060154461 0.1200000000 3.5010965861 11.6461965633 5.2180462157 0.0000000000
9.2116342022 0.1200000000 3.5010993911 11.6461750410 5.2180488270 0.0000000000
9.2172529577 0.1200000000 3.5011021989 11.6461527411 5.2180511379 0.0000000000
9.2228717127 0.1200000000 3.5011049056 11.6461295711 5.2180526969 0.0000000000
9.2284904670 0.1200000000 3.5011074077 11.6461054385 5.2180530523 0.0000000000
9.2341092207 0.1200000000 3.5011096015 11.6460802509 5.2180517526 0.0000000000
9.2397279737 0.1200000000 3.5011114007 11.6460539407 5.2180484253 0.0000000000
9.2453467260 0.1200000000 3.5011128481 11.6460266269 5.2180432894 0.0000000000
9.2509654778 0.1200000000 3.5011140450 11.6459985126 5.2180368311 0.0000000000
9.2565842292 0.1200000000 3.5011150929 11.6459698015 5.2180295382 0.0000000000
9.2622029804 0.1200000000 3.5011160933 11.6459406971 5.2180218981 0.0000000000
9.2678217314 0.1200000000 3.5011171478 11.6459114031 5.2180143985 0.0000000000
9.2734404823 0.1200000000 3.5011183579 11.6458821229 5.2180075269 0.0000000000
9.2790592333 0.1200000000 3.5011198252 11.6458530602 5.2180017708 0.0000000000
9.2846779845 0.1200000000 3.5011216319 11.6458243816 5.2179975264 0.0000000000
9.2902967359 0.1200000000 3.5011237547 11.6457960492 5.2179946845 0.0000000000
9.2959154873 0.1200000000 3.5011261338 11.6457679552 5.2179929633 0.0000000000
9.3015342388 0.1200000000 3.5011287095 11.6457399918 5.2179920807 0.0000000000
9.3071529902 0.1200000000 3.5011314220 11.6457120513 5.2179917546 0.0000000000
9.3127717416 0.1200000000 3.5011342116 11.6456840257 5.2179917029 0.0000000000
9.3183904928 0.1200000000 3.5011370187 11.6456558072 5.2179916437 0.0000000000
9.3240092438 0.1200000000 3.5011397834 11.6456272881 5.2179912947 0.0000000000
9.3296279946 0.1200000000 3.5011424562 11.6455983661 5.2179904171 0.0000000000
9.3352467450 0.1200000000 3.5011450394 11.6455689681 5.2179889910 0.0000000000
9.3408654949 0.1200000000 3.5011475519 11.6455390300 5.2179870658 0.0000000000
9.3464842444 0.1200000000 3.5011500125 11.6455084879 5.2179846913 0.0000000000
9.3521029932 0.1200000000 3.5011524400 11.6454772777 5.2179819170 0.0000000000
9.3577217414 0.1200000000 3.5011548531 11.6454453353 5.2179787925 0.0000000000
9.3633404888 0.1200000000 3.5011572706 11.6454125968 5.2179753673 0.0000000000
9.3689592354 0.1200000000 3.5011597115 11.6453789982 5.2179716912 0.0000000000
9.3745779811 0.1200000000 3.5011621904 11.6453444919 5.2179678043 0.0000000000
9.3801967259 0.1200000000 3.5011646996 11.6453091245 5.2179636943 0.0000000000
9.3858154700 0.1200000000 3.5011672234 11.6452729758 5.2179593299 0.0000000000
9.3914342133 0.1200000000 3.5011697459 11.6452361258 5.2179546800 0.0000000000
9.3970529560 0.1200000000 3.5011722514 11.6451986543 5.2179497133 0.0000000000
9.4026716982 0.1200000000 3.5011747240 11.6451606413 5.2179443987 0.0000000000
9.4082904399 0.1200000000 3.5011771481 11.6451221667 5.2179387050 0.0000000000
9.4139091811 0.1200000000 3.5011795077 11.6450833104 5.2179326009 0.0000000000
9.4195279221 0.1200000000 3.5011817920 11.6450441484 5.2179260733 0.0000000000
9.4251466627 0.1200000000 3.5011840277 11.6450047269 5.2179192476 0.0000000000
9.4307654030 0.1200000000 3.5011862590 11.6449650785 5.2179123135 0.0000000000
9.4363841432 0.1200000000 3.5011885302 11.6449252355 5.2179054612 0.0000000000
9.4420028831 0.1200000000 3.5011908857 11.6448852302 5.2178988808 0.0000000000
9.4476216228 0.1200000000 3.5011933696 11.6448450950 5.2178927624 0.0000000000
9.4532403624 0.1200000000 3.5011960263 11.6448048622 5.2178872962 0.0000000000
9.4588591018 0.1200000000 3.5011989001 11.6447645643 5.2178826723 0.0000000000
9.4644778411 0.1200000000 3.5012020312 11.6447242233 5.2178790601 0.0000000000
9.4700965802 0.1200000000 3.5012054063 11.6446837287 5.2178763628 0.0000000000
9.4757153187 0.1200000000 3.5012089753 11.6446428780 5.2178742984 0.0000000000
9.4813340565 0.1200000000 3.5012126871 11.6446014668 5.2178725812 0.0000000000
9.4869527932 0.1200000000 3.5012164908 11.6445592905 5.2178709255 0.0000000000
9.4925715286 0.1200000000 3.5012203354 11.6445161449 5.2178690457 0.0000000000
9.4981902625 0.1200000000 3.5012241699 11.6444718255 5.2178666561 0.0000000000
9.5038089945 0.1200000000 3.5012279434 11.6444261279 5.2178634709 0.0000000000
9.5094277245 0.1200000000 3.5012316063 11.6443788542 5.2178592129 0.0000000000
9.5150464524 0.1200000000 3.5012351537 11.6443300055 5.2178538632 0.0000000000
9.5206651785 0.1200000000 3.5012386327 11.6442798141 5.2178477023 0.0000000000
9.5262839032 0.1200000000 3.5012420930 11.6442285251 5.2178410280 0.0000000000
9.5319026267 0.1200000000 3.5012455845 11.6441763837 5.2178341375 0.0000000000
9.5375213493 0.1200000000 3.5012491571 11.6441236350 5.2178273285 0.0000000000
9.5431400713 0.1200000000 3.5012528607 11.6440705242 5.2178208984 0.0000000000
9.5487587931 0.1200000000 3.5012567451 11.6440172963 5.2178151448 0.0000000000
9.5543775149 0.1200000000 3.5012608600 11.6439641960 5.2178103643 0.0000000000
9.5599962369 0.1200000000 3.5012652290 11.6439113310 5.2178066944 0.0000000000
9.5656149587 0.1200000000 3.5012698180 11.6438585074 5.2178039211 0.0000000000
9.5712336800 0.1200000000 3.5012745852 11.6438054913 5.2178017833 0.0000000000
9.5768524005 0.1200000000 3.5012794887 11.6437520484 5.2178000202 0.0000000000
9.5824711198 0.1200000000 3.5012844867 11.6436979446 5.2177983706 0.0000000000
9.5880898376 0.1200000000 3.5012895373 11.6436429458 5.2177965736 0.0000000000
9.5937085536 0.1200000000 3.5012945987 11.6435868179 5.2177943681 0.0000000000
9.5993272673 0.1200000000 3.5012996291 11.6435293268 5.2177914932 0.0000000000
9.6049459785 0.1200000000 3.5013045937 11.6434702914 5.2177877374 0.0000000000
9.6105646873 0.1200000000 3.5013094929 11.6434097965 5.2177831362 0.0000000000
9.6161833941 0.1200000000 3.5013143382 11.6433480096 5.2177778026 0.0000000000
9.6218020990 0.1200000000 3.5013191410 11.6432850983 5.2177718494 0.0000000000
9.6274208022 0.1200000000 3.5013239128 11.6432212303 5.2177653894 0.0000000000
9.6330395041 0.1200000000 3.5013286651 11.6431565730 5.2177585356 0.0000000000
9.6386582048 0.1200000000 3.5013334092 11.6430912941 5.2177514006 0.0000000000
9.6442769047 0.1200000000 3.5013381567 11.6430255612 5.2177440975 0.0000000000
9.6498956040 0.1200000000 3.5013429189 11.6429595328 5.2177367348 0.0000000000
9.6555143026 0.1200000000 3.5013477050 11.6428932373 5.2177293608 0.0000000000
9.6611330005 0.1200000000 3.5013525227 11.6428266062 5.2177219792 0.0000000000
9.6667516976 0.1200000000 3.5013573796 11.6427595689 5.2177145922 0.0000000000
9.6723703937 0.1200000000 3.5013622836 11.6426920545 5.2177072022 0.0000000000
9.6779890888 0.1200000000 3.5013672422 11.6426239924 5.2176998117 0.0000000000
9.6836077826 0.1200000000 3.5013722631 11.6425553117 5.2176924230 0.0000000000
9.6892264751 0.1200000000 3.5013773540 11.6424859418 5.2176850386 0.0000000000
9.6948451661 0.1200000000 3.5013825223 11.6424158095 5.2176776591 0.0000000000
9.7004638554 0.1200000000 3.5013877704 11.6423447844 5.2176702416 0.0000000000
9.7060825424 0.1200000000 3.5013930954 11.6422726765 5.2176626981 0.0000000000
9.7117012266 0.1200000000 3.5013984938 11.6421992932 5.2176549386 0.0000000000
9.7173199076 0.1200000000 3.5014039626 11.6421244416 5.2176468730 0.0000000000
9.7229385848 0.1200000000 3.5014094984 11.6420479292 5.2176384113 0.0000000000
9.7285572577 0.1200000000 3.5014150980 11.6419695631 5.2176294635 0.0000000000
9.7341759257 0.1200000000 3.5014207583 11.6418891508 5.2176199394 0.0000000000
9.7397945889 0.1200000000 3.5014264792 11.6418066423 5.2176098200 0.0000000000
9.7454132478 0.1200000000 3.5014322704 11.6417223710 5.2175992761 0.0000000000
9.7510319035 0.1200000000 3.5014381427 11.6416367345 5.2175885108 0.0000000000
9.7566505568 0.1200000000 3.5014441072 11.6415501304 5.2175777269 0.0000000000
9.7622692088 0.1200000000 3.5014501747 11.6414629562 5.2175671272 0.0000000000
9.7678878603 0.1200000000 3.5014563562 11.6413756096 5.2175569148 0.0000000000
9.7735065122 0.1200000000 3.5014626622 11.6412884767 5.2175472854 0.0000000000
9.7791251645 0.1200000000 3.5014690816 11.6412015487 5.2175381918 0.0000000000
9.7847438159 0.1200000000 3.5014755773 11.6411143291 5.2175292870 0.0000000000
9.7903624651 0.1200000000 3.5014821106 11.6410262918 5.2175202052 0.0000000000
9.7959811107 0.1200000000 3.5014886427 11.6409369104 5.2175105809 0.0000000000
9.8015997514 0.1200000000 3.5014951348 11.6408456585 5.2175000485 0.0000000000
9.8072183858 0.1200000000 3.5015015486 11.6407520117 5.2174882450 0.0000000000
9.8128370133 0.1200000000 3.5015079099 11.6406557112 5.2174751702 0.0000000000
9.8184556343 0.1200000000 3.5015143716 11.6405570235 5.2174615418 0.0000000000
9.8240742492 0.1200000000 3.5015211012 11.6404562773 5.2174481618 0.0000000000
9.8296928586 0.1200000000 3.5015282665 11.6403538009 5.2174358323 0.0000000000
9.8353114631 0.1200000000 3.5015360351 11.6402499229 5.2174253556 0.0000000000
9.8409300632 0.1200000000 3.5015445637 11.6401449610 5.2174174853 0.0000000000
9.8465486591 0.1200000000 3.5015537811 11.6400390092 5.2174119742 0.0000000000
9.8521672510 0.1200000000 3.5015634016 11.6399319510 5.2174076329 0.0000000000
9.8577858389 0.1200000000 3.5015731312 11.6398236617 5.2174032356 0.0000000000
9.8634044228 0.1200000000 3.5015826759 11.6397140168 5.2173975562 0.0000000000
9.8690230028 0.1200000000 3.5015917422 11.6396028918 5.2173893716 0.0000000000
9.8746415788 0.1200000000 3.5016001831 11.6394902050 5.2173780605 0.0000000000
9.8802601506 0.1200000000 3.5016081797 11.6393759709 5.2173643532 0.0000000000
9.8858787178 0.1200000000 3.5016159577 11.6392602171 5.2173491638 0.0000000000
9.8914972800 0.1200000000 3.5016237430 11.6391429712 5.2173334066 0.0000000000
9.8971158370 0.1200000000 3.5016317608 11.6390242605 5.2173179933 0.0000000000
9.9027343884 0.1200000000 3.5016401275 11.6389040758 5.2173033864 0.0000000000
9.9083529341 0.1200000000 3.5016487280 11.6387823298 5.2172890900 0.0000000000
9.9139714738 0.1200000000 3.5016574171 11.6386589250 5.2172744845 0.0000000000
9.9195900074 0.1200000000 3.5016660497 11.6385337640 5.2172589506 0.0000000000
9.9252085346 0.1200000000 3.5016744941 11.6384067586 5.2172419257 0.0000000000
9.9308270555 0.1200000000 3.5016828778 11.6382779984 5.2172239567 0.0000000000
9.9364455704 0.1200000000 3.5016915654 11.6381477356 5.2172066017 0.0000000000
9.9420640797 0.1200000000 3.5017009298 11.6380162279 5.2171914563 0.0000000000
9.9476825836 0.1200000000 3.5017113437 11.6378837330 5.2171801142 0.0000000000
9.9533010815 0.1200000000 3.5017229481 11.6377501784 5.2171731097 0.0000000000
9.9589195700 0.1200000000 3.5017352380 11.6376145738 5.2171680275 0.0000000000
9.9645380455 0.1200000000 3.5017475972 11.6374757701 5.2171619430 0.0000000000
9.9701565040 0.1200000000 3.5017594096 11.6373326183 5.2171519318 0.0000000000
9.9757749434 0.1200000000 3.5017702112 11.6371844320 5.2171358634 0.0000000000
9.9813933696 0.1200000000 3.5017802503 11.6370326881 5.2171153227 0.0000000000
9.9870117907 0.1200000000 3.5017899839 11.6368794964 5.2170929803 0.0000000000
9.9926302146 0.1200000000 3.5017998687 11.6367269665 5.2170715073 0.0000000000
9.9982486464 0.1200000000 3.5018102434 11.6365764345 5.2170527935 0.0000000000
10.0038670777 0.1200000000 3.5018209566 11.6364260199 5.2170354803 0.0000000000
10.0094854970 0.1200000000 3.5018317291 11.6362730058 5.2170173646 0.0000000000
10.0151038926 0.1200000000 3.5018422836 11.6361146856 5.2169962545 0.0000000000
10.0207222600 0.1200000000 3.5018526263 11.6359500523 5.2169717724 0.0000000000
10.0263406096 0.1200000000 3.5018633634 11.6357816919 5.2169473765 0.0000000000
10.0319589541 0.1200000000 3.5018751770 11.6356126468 5.2169270128 0.0000000000
10.0375773048 0.1200000000 3.5018886759 11.6354457050 5.2169142315 0.0000000000
10.0431956591 0.1200000000 3.5019034787 11.6352802220 5.2169072495 0.0000000000
10.0488140046 0.1200000000 3.5019184940 11.6351130913 5.2169004584 0.0000000000
10.0544323283 0.1200000000 3.5019326171 11.6349411588 5.2168881780 0.0000000000
10.0600506233 0.1200000000 3.5019452739 11.6347626875 5.2168674167 0.0000000000
10.0656688949 0.1200000000 3.5019570946 11.6345791573 5.2168412873 0.0000000000
10.0712871505 0.1200000000 3.5019688755 11.6343924920 5.2168137449 0.0000000000
10.0769053962 0.1200000000 3.5019812598 11.6342043034 5.2167880067 0.0000000000
10.0825236321 0.1200000000 3.5019940787 11.6340145492 5.2167633805 0.0000000000
10.0881418561 0.1200000000 3.5020068953 11.6338226414 5.2167378840 0.0000000000
10.0937600665 0.1200000000 3.5020193733 11.6336280423 5.2167099562 0.0000000000
10.0993782609 0.1200000000 3.5020320392 11.6334306507 5.2166816630 0.0000000000
10.1049964372 0.1200000000 3.5020458593 11.6332305871 5.2166569179 0.0000000000
10.1106145934 0.1200000000 3.5020616670 11.6330279622 5.2166390989 0.0000000000
10.1162327305 0.1200000000 3.5020790010 11.6328227718 5.2166263587 0.0000000000
10.1218508511 0.1200000000 3.5020966851 11.6326149485 5.2166139657 0.0000000000
10.1274689580 0.1200000000 3.5021135354 11.6324044241 5.2165971574 0.0000000000
10.1330870538 0.1200000000 3.5021283683 11.6321911307 5.2165711716 0.0000000000
10.1387051412 0.1200000000 3.5021400000 11.6319750000 5.2165312460 0.0000000000
10.1686473532 0.1200000000 3.5022200000 11.6307750000 5.2163712460 0.0000000000
10.1701229974 0.1200000000 3.5022257867 11.6307175438 5.2163714105 0.0000000000
10.1715986324 0.1200000000 3.5022314153 11.6306587299 5.2163703991 0.0000000000
10.1730742591 0.1200000000 3.5022368930 11.6305986592 5.2163682817 0.0000000000
10.1745498780 0.1200000000 3.5022422273 11.6305374323 5.2163651283 0.0000000000
10.1760254899 0.1200000000 3.5022474257 11.6304751501 5.2163610087 0.0000000000
10.1775010954 0.1200000000 3.5022524954 11.6304119133 5.2163559931 0.0000000000
10.1789766953 0.1200000000 3.5022574440 11.6303478229 5.2163501512 0.0000000000
10.1804522903 0.1200000000 3.5022622788 11.6302829794 5.2163435531 0.0000000000
10.1819278810 0.1200000000 3.5022670073 11.6302174838 5.2163362687 0.0000000000
10.1834034681 0.1200000000 3.5022716368 11.6301514368 5.2163283679 0.0000000000
10.1848790525 0.1200000000 3.5022761747 11.6300849392 5.2163199207 0.0000000000
10.1863546346 0.1200000000 3.5022806285 11.6300180918 5.2163109970 0.0000000000
10.1878302153 0.1200000000 3.5022850056 11.6299509954 5.2163016667 0.0000000000
10.1893057952 0.1200000000 3.5022893134 11.6298837508 5.2162919999 0.0000000000
10.1907813751 0.1200000000 3.5022935592 11.6298164587 5.2162820664 0.0000000000
10.1922569555 0.1200000000 3.5022977506 11.6297492199 5.2162719363 0.0000000000
10.1937325373 0.1200000000 3.5023018948 11.6296821353 5.2162616793 0.0000000000
10.1952081212 0.1200000000 3.5023059993 11.6296153056 5.2162513656 0.0000000000
10.1966837077 0.1200000000 3.5023100716 11.6295488316 5.2162410649 0.0000000000
10.1981592973 0.1200000000 3.5023141237 11.6294827697 5.2162308488 0.0000000000
10.1996348891 0.1200000000 3.5023181862 11.6294170076 5.2162207937 0.0000000000
10.2011104817 0.1200000000 3.5023222936 11.6293513932 5.2162109775 0.0000000000
10.2025860740 0.1200000000 3.5023264806 11.6292857742 5.2162014782 0.0000000000
10.2040616647 0.1200000000 3.5023307820 11.6292199985 5.2161923735 0.0000000000
10.2055372526 0.1200000000 3.5023352324 11.6291539139 5.2161837413 0.0000000000
10.2070128365 0.1200000000 3.5023398665 11.6290873682 5.2161756595 0.0000000000
10.2084884150 0.1200000000 3.5023447190 11.6290202092 5.2161682059 0.0000000000
10.2099639870 0.1200000000 3.5023498246 11.6289522848 5.2161614584 0.0000000000
10.2114395515 0.1200000000 3.5023552030 11.6288834804 5.2161554503 0.0000000000
10.2129151091 0.1200000000 3.5023608081 11.6288138484 5.2161500178 0.0000000000
10.2143906608 0.1200000000 3.5023665754 11.6287434874 5.2161449426 0.0000000000
10.2158662074 0.1200000000 3.5023724405 11.6286724957 5.2161400064 0.0000000000
10.2173417499 0.1200000000 3.5023783390 11.6286009720 5.2161349910 0.0000000000
10.2188172892 0.1200000000 3.5023842065 11.6285290145 5.2161296780 0.0000000000
10.2202928263 0.1200000000 3.5023899786 11.6284567219 5.2161238493 0.0000000000
10.2217683621 0.1200000000 3.5023955908 11.6283841926 5.2161172864 0.0000000000
10.2232438976 0.1200000000 3.5024009789 11.6283115250 5.2161097717 0.0000000000
10.2247194334 0.1200000000 3.5024061089 11.6282387824 5.2161011945 0.0000000000
10.2261949690 0.1200000000 3.5024110173 11.6281659470 5.2160916939 0.0000000000
10.2276705043 0.1200000000 3.5024157507 11.6280929895 5.2160814445 0.0000000000
10.2291460388 0.1200000000 3.5024203556 11.6280198806 5.2160706208 0.0000000000
10.2306215720 0.1200000000 3.5024248787 11.6279465909 5.2160593972 0.0000000000
10.2320971037 0.1200000000 3.5024293664 11.6278730911 5.2160479482 0.0000000000
10.2335726334 0.1200000000 3.5024338654 11.6277993518 5.2160364483 0.0000000000
10.2350481608 0.1200000000 3.5024384221 11.6277253438 5.2160250720 0.0000000000
10.2365236854 0.1200000000 3.5024430797 11.6276510395 5.2160139806 0.0000000000
10.2379992072 0.1200000000 3.5024478391 11.6275764338 5.2160031760 0.0000000000
10.2394747265 0.1200000000 3.5024526737 11.6275015362 5.2159925555 0.0000000000
10.2409502434 0.1200000000 3.5024575564 11.6274263566 5.2159820143 0.0000000000
10.2424257579 0.1200000000 3.5024624600 11.6273509047 5.2159714478 0.0000000000
10.2439012704 0.1200000000 3.5024673573 11.6272751904 5.2159607514 0.0000000000
10.2453767810 0.1200000000 3.5024722212 11.6271992235 5.2159498202 0.0000000000
10.2468522899 0.1200000000 3.5024770245 11.6271230137 5.2159385496 0.0000000000
10.2483277971 0.1200000000 3.5024817409 11.6270465707 5.2159268380 0.0000000000
10.2498033028 0.1200000000 3.5024863796 11.6269698945 5.2159147223 0.0000000000
10.2512788064 0.1200000000 3.5024909999 11.6268929716 5.2159024342 0.0000000000
10.2527543077 0.1200000000 3.5024956646 11.6268157877 5.2158902197 0.0000000000
10.2542298063 0.1200000000 3.5025004368 11.6267383283 5.2158783247 0.0000000000
10.2557053017 0.1200000000 3.5025053794 11.6266605790 5.2158669952 0.0000000000
10.2571807935 0.1200000000 3.5025105552 11.6265825254 5.2158564772 0.0000000000
10.2586562815 0.1200000000 3.5025160274 11.6265041529 5.2158470168 0.0000000000
10.2601317653 0.1200000000 3.5025218579 11.6264254476 5.2158388565 0.0000000000
10.2616072448 0.1200000000 3.5025280479 11.6263464160 5.2158320040 0.0000000000
10.2630827208 0.1200000000 3.5025344986 11.6262670988 5.2158260801 0.0000000000
10.2645581943 0.1200000000 3.5025411020 11.6261875400 5.2158206699 0.0000000000
10.2660336659 0.1200000000 3.5025477497 11.6261077834 5.2158153584 0.0000000000
10.2675091365 0.1200000000 3.5025543338 11.6260278730 5.2158097305 0.0000000000
10.2689846070 0.1200000000 3.5025607460 11.6259478526 5.2158033713 0.0000000000
10.2704600781 0.1200000000 3.5025668783 11.6258677661 5.2157958657 0.0000000000
10.2719355506 0.1200000000 3.5025726264 11.6257876539 5.2157868131 0.0000000000
10.2734110240 0.1200000000 3.5025779922 11.6257074568 5.2157761974 0.0000000000
10.2748864963 0.1200000000 3.5025830935 11.6256270076 5.2157644231 0.0000000000
10.2763619652 0.1200000000 3.5025880542 11.6255461334 5.2157519161 0.0000000000
10.2778374288 0.1200000000 3.5025929979 11.6254646614 5.2157391022 0.0000000000
10.2793128849 0.1200000000 3.5025980484 11.6253824186 5.2157264072 0.0000000000
10.2807883313 0.1200000000 3.5026033295 11.6252992323 5.2157142568 0.0000000000
10.2822637661 0.1200000000 3.5026089648 11.6252149297 5.2157030769 0.0000000000
10.2837391875 0.1200000000 3.5026150555 11.6251293822 5.2156932210 0.0000000000
10.2852145974 0.1200000000 3.5026215488 11.6250427649 5.2156845471 0.0000000000
10.2866899991 0.1200000000 3.5026283271 11.6249553801 5.2156767065 0.0000000000
10.2881653959 0.1200000000 3.5026352728 11.6248675302 5.2156693495 0.0000000000
10.2896407911 0.1200000000 3.5026422683 11.6247795177 5.2156621264 0.0000000000
10.2911161880 0.1200000000 3.5026491959 11.6246916453 5.2156546877 0.0000000000
10.2925915899 0.1200000000 3.5026559379 11.6246042154 5.2156466837 0.0000000000
10.2940669999 0.1200000000 3.5026623782 11.6245175251 5.2156377687 0.0000000000
10.2955424188 0.1200000000 3.5026684691 11.6244316220 5.2156277711 0.0000000000
10.2970178435 0.1200000000 3.5026742579 11.6243462084 5.2156167608 0.0000000000
10.2984932707 0.1200000000 3.5026797987 11.6242609614 5.2156048253 0.0000000000
10.2999686971 0.1200000000 3.5026851457 11.6241755580 5.2155920519 0.0000000000
10.3014441194 0.1200000000 3.5026903531 11.6240896751 5.2155785283 0.0000000000
10.3029195345 0.1200000000 3.5026954750 11.6240029897 5.2155643420 0.0000000000
10.3043949389 0.1200000000 3.5027005657 11.6239151789 5.2155495804 0.0000000000
10.3058703305 0.1200000000 3.5027056803 11.6238260383 5.2155343826 0.0000000000
10.3073457104 0.1200000000 3.5027108769 11.6237357041 5.2155190354 0.0000000000
10.3088210800 0.1200000000 3.5027162141 11.6236443735 5.2155038520 0.0000000000
10.3102964411 0.1200000000 3.5027217506 11.6235522434 5.2154891457 0.0000000000
10.3117717953 0.1200000000 3.5027275448 11.6234595110 5.2154752298 0.0000000000
10.3132471440 0.1200000000 3.5027336555 11.6233663735 5.2154624176 0.0000000000
10.3147224890 0.1200000000 3.5027401412 11.6232730280 5.2154510222 0.0000000000
10.3161978315 0.1200000000 3.5027470289 11.6231796265 5.2154412122 0.0000000000
10.3176731717 0.1200000000 3.5027542264 11.6230861525 5.2154326128 0.0000000000
10.3191485097 0.1200000000 3.5027616139 11.6229925497 5.2154247214 0.0000000000
10.3206238454 0.1200000000 3.5027690712 11.6228987620 5.2154170358 0.0000000000
10.3220991789 0.1200000000 3.5027764785 11.6228047332 5.2154090534 0.0000000000
10.3235745100 0.1200000000 3.5027837158 11.6227104069 5.2154002719 0.0000000000
10.3250498387 0.1200000000 3.5027906630 11.6226157270 5.2153901890 0.0000000000
10.3265251651 0.1200000000 3.5027972400 11.6225206528 5.2153784670 0.0000000000
10.3280004891 0.1200000000 3.5028034846 11.6224251903 5.2153652606 0.0000000000
10.3294758104 0.1200000000 3.5028094572 11.6223293539 5.2153508163 0.0000000000
10.3309511289 0.1200000000 3.5028152178 11.6222331584 5.2153353805 0.0000000000
10.3324264446 0.1200000000 3.5028208265 11.6221366181 5.2153191995 0.0000000000
10.3339017572 0.1200000000 3.5028263436 11.6220397478 5.2153025198 0.0000000000
10.3353770667 0.1200000000 3.5028318293 11.6219425618 5.2152855880 0.0000000000
10.3368523728 0.1200000000 3.5028373488 11.6218450666 5.2152686678 0.0000000000
10.3383276751 0.1200000000 3.5028429751 11.6217472565 5.2152520490 0.0000000000
10.3398029731 0.1200000000 3.5028487820 11.6216491245 5.2152360237 0.0000000000
10.3412782665 0.1200000000 3.5028548431 11.6215506638 5.2152208841 0.0000000000
10.3427535547 0.1200000000 3.5028612323 11.6214518676 5.2152069223 0.0000000000
10.3442288373 0.1200000000 3.5028680232 11.6213527288 5.2151944303 0.0000000000
10.3457041141 0.1200000000 3.5028752757 11.6212532416 5.2151836454 0.0000000000
10.3471793852 0.1200000000 3.5028829174 11.6211534075 5.2151742788 0.0000000000
10.3486546515 0.1200000000 3.5028908022 11.6210532322 5.2151657479 0.0000000000
10.3501299137 0.1200000000 3.5028987831 11.6209527217 5.2151574673 0.0000000000
10.3516051726 0.1200000000 3.5029067131 11.6208518818 5.2151488513 0.0000000000
10.3530804289 0.1200000000 3.5029144452 11.6207507185 5.2151393143 0.0000000000
10.3545556834 0.1200000000 3.5029218331 11.6206492374 5.2151282732 0.0000000000
10.3560309363 0.1200000000 3.5029287994 11.6205474348 5.2151154176 0.0000000000
10.3575061872 0.1200000000 3.5029354001 11.6204452886 5.2151009618 0.0000000000
10.3589814354 0.1200000000 3.5029417059 11.6203427745 5.2150851796 0.0000000000
10.3604566802 0.1200000000 3.5029477879 11.6202398683 5.2150683451 0.0000000000
10.3619319211 0.1200000000 3.5029537169 11.6201365457 5.2150507320 0.0000000000
10.3634071574 0.1200000000 3.5029595638 11.6200327826 5.2150326144 0.0000000000
10.3648823886 0.1200000000 3.5029654035 11.6199285692 5.2150142878 0.0000000000
10.3663576151 0.1200000000 3.5029713307 11.6198239692 5.2149961566 0.0000000000
10.3678328373 0.1200000000 3.5029774464 11.6197190694 5.2149786595 0.0000000000
10.3693080557 0.1200000000 3.5029838516 11.6196139563 5.2149622348 0.0000000000
10.3707832710 0.1200000000 3.5029906471 11.6195087166 5.2149473211 0.0000000000
10.3722584835 0.1200000000 3.5029979340 11.6194034368 5.2149343569 0.0000000000
10.3737336935 0.1200000000 3.5030057923 11.6192981760 5.2149236856 0.0000000000
10.3752088994 0.1200000000 3.5030141062 11.6191927364 5.2149147654 0.0000000000
10.3766840980 0.1200000000 3.5030226536 11.6190867802 5.2149065727 0.0000000000
10.3781592864 0.1200000000 3.5030312114 11.6189799685 5.2148980791 0.0000000000
10.3796344616 0.1200000000 3.5030395564 11.6188719621 5.2148882564 0.0000000000
10.3811096206 0.1200000000 3.5030474653 11.6187624220 5.2148760761 0.0000000000
10.3825847609 0.1200000000 3.5030547384 11.6186510539 5.2148606212 0.0000000000
10.3840598848 0.1200000000 3.5030614520 11.6185380919 5.2148422908 0.0000000000
10.3855349982 0.1200000000 3.5030678628 11.6184241156 5.2148223434 0.0000000000
10.3870101066 0.1200000000 3.5030742305 11.6183097104 5.2148020523 0.0000000000
10.3884852160 0.1200000000 3.5030808150 11.6181954617 5.2147826908 0.0000000000
10.3899603319 0.1200000000 3.5030878761 11.6180819548 5.2147655323 0.0000000000
10.3914354595 0.1200000000 3.5030956425 11.6179697031 5.2147516974 0.0000000000
10.3929105968 0.1200000000 3.5031040416 11.6178585167 5.2147408192 0.0000000000
10.3943857379 0.1200000000 3.5031128305 11.6177478091 5.2147316917 0.0000000000
10.3958608767 0.1200000000 3.5031217644 11.6176369892 5.2147230993 0.0000000000
10.3973360073 0.1200000000 3.5031305985 11.6175254662 5.2147138265 0.0000000000
10.3988111238 0.1200000000 3.5031390880 11.6174126490 5.2147026578 0.0000000000
10.4002862211 0.1200000000 3.5031470296 11.6172980446 5.2146885823 0.0000000000
10.4017612997 0.1200000000 3.5031544514 11.6171817078 5.2146717348 0.0000000000
10.4032363619 0.1200000000 3.5031614622 11.6170638842 5.2146526487 0.0000000000
10.4047114100 0.1200000000 3.5031681709 11.6169448193 5.2146318573 0.0000000000
10.4061864463 0.1200000000 3.5031746862 11.6168247587 5.2146098943 0.0000000000
10.4076614733 0.1200000000 3.5031811170 11.6167039483 5.2145872934 0.0000000000
10.4091364938 0.1200000000 3.5031875787 11.6165826772 5.2145646317 0.0000000000
10.4106115124 0.1200000000 3.5031942021 11.6164613395 5.2145425902 0.0000000000
10.4120865337 0.1200000000 3.5032011204 11.6163403443 5.2145218653 0.0000000000
10.4135615626 0.1200000000 3.5032084667 11.6162201010 5.2145031533 0.0000000000
10.4150366038 0.1200000000 3.5032163743 11.6161010189 5.2144871506 0.0000000000
10.4165116615 0.1200000000 3.5032249629 11.6159834625 5.2144744827 0.0000000000
10.4179867309 0.1200000000 3.5032341260 11.6158670362 5.2144645645 0.0000000000
10.4194617999 0.1200000000 3.5032435671 11.6157507069 5.2144557973 0.0000000000
10.4209368561 0.1200000000 3.5032529839 11.6156334217 5.2144465505 0.0000000000
10.4224118870 0.1200000000 3.5032620741 11.6155141279 5.2144351938 0.0000000000
10.4238868803 0.1200000000 3.5032705355 11.6153917729 5.2144200971 0.0000000000
10.4253618286 0.1200000000 3.5032781997 11.6152657359 5.2144003393 0.0000000000
10.4268367411 0.1200000000 3.5032853387 11.6151368131 5.2143773260 0.0000000000
10.4283116304 0.1200000000 3.5032923143 11.6150060911 5.2143529396 0.0000000000
10.4297865091 0.1200000000 3.5032994884 11.6148746563 5.2143290623 0.0000000000
10.4312613899 0.1200000000 3.5033072230 11.6147435955 5.2143075763 0.0000000000
10.4327362844 0.1200000000 3.5033158433 11.6146139192 5.2142901871 0.0000000000
10.4342111951 0.1200000000 3.5033252464 11.6144857529 5.2142765330 0.0000000000
10.4356861179 0.1200000000 3.5033350522 11.6143586483 5.2142649142 0.0000000000
10.4371610491 0.1200000000 3.5033448757 11.6142321478 5.2142536082 0.0000000000
10.4386359846 0.1200000000 3.5033543323 11.6141057936 5.2142408925 0.0000000000
10.4401109205 0.1200000000 3.5033630429 11.6139791294 5.2142250693 0.0000000000
10.4415858518 0.1200000000 3.5033709239 11.6138517684 5.2142056490 0.0000000000
10.4430607722 0.1200000000 3.5033783160 11.6137234235 5.2141838796 0.0000000000
10.4445356753 0.1200000000 3.5033855929 11.6135938154 5.2141611437 0.0000000000
10.4460105547 0.1200000000 3.5033931280 11.6134626648 5.2141388238 0.0000000000
10.4474854040 0.1200000000 3.5034012945 11.6133296929 5.2141183011 0.0000000000
10.4489602207 0.1200000000 3.5034103066 11.6131948186 5.2141004000 0.0000000000
10.4504350120 0.1200000000 3.5034199718 11.6130584667 5.2140845200 0.0000000000
10.4519097869 0.1200000000 3.5034300334 11.6129211418 5.2140698363 0.0000000000
10.4533845541 0.1200000000 3.5034402346 11.6127833483 5.2140555237 0.0000000000
10.4548593227 0.1200000000 3.5034503188 11.6126455907 5.2140407574 0.0000000000
10.4563341015 0.1200000000 3.5034600292 11.6125083736 5.2140247124 0.0000000000
10.4578088993 0.1200000000 3.5034691093 11.6123722014 5.2140065637 0.0000000000
10.4592837251 0.1200000000 3.5034773022 11.6122375788 5.2139854864 0.0000000000
10.4607585877 0.1200000000 3.5034843513 11.6121050101 5.2139606555 0.0000000000
10.4622334960 0.1200000000 3.5034900000 11.6119750000 5.2139312460 0.0000000000
