# logAge Mass logTe Mbol logg C/O
4.1860800861 0.6200000000 3.6516800000 0.8690750000 2.2227416895 0.0000000000
4.1946400223 0.6200000000 3.6516735838 0.8688699016 2.2226339853 0.0000000000
4.2031999852 0.6200000000 3.6516674455 0.8686717982 2.2225301907 0.0000000000
4.2117599738 0.6200000000 3.6516615846 0.8684806887 2.2224303033 0.0000000000
4.2203199872 0.6200000000 3.6516560005 0.8682965718 2.2223343203 0.0000000000
4.2288800243 0.6200000000 3.6516506928 0.8681194462 2.2222422394 0.0000000000
4.2374400843 0.6200000000 3.6516456610 0.8679493108 2.2221540579 0.0000000000
4.2460001662 0.6200000000 3.6516409045 0.8677861644 2.2220697734 0.0000000000
4.2545602690 0.6200000000 3.6516364229 0.8676300056 2.2219893833 0.0000000000
4.2631203918 0.6200000000 3.6516322156 0.8674808334 2.2219128851 0.0000000000
4.2716805337 0.6200000000 3.6516282821 0.8673386464 2.2218402763 0.0000000000
4.2802406936 0.6200000000 3.6516246218 0.8672034436 2.2217715543 0.0000000000
4.2888008707 0.6200000000 3.6516212344 0.8670752235 2.2217067165 0.0000000000
4.2973610639 0.6200000000 3.6516181193 0.8669539851 2.2216457605 0.0000000000
4.3059212724 0.6200000000 3.6516152759 0.8668397271 2.2215886838 0.0000000000
4.3144814952 0.6200000000 3.6516127037 0.8667324483 2.2215354837 0.0000000000
4.3230417313 0.6200000000 3.6516104023 0.8666321474 2.2214861578 0.0000000000
4.3316019798 0.6200000000 3.6516083712 0.8665388233 2.2214407036 0.0000000000
4.3401622396 0.6200000000 3.6516066098 0.8664524747 2.2213991184 0.0000000000
4.3487225100 0.6200000000 3.6516051175 0.8663731004 2.2213613998 0.0000000000
4.3572827899 0.6200000000 3.6516038940 0.8663006992 2.2213275452 0.0000000000
4.3658430783 0.6200000000 3.6516029387 0.8662352699 2.2212975521 0.0000000000
4.3744033744 0.6200000000 3.6516022510 0.8661768112 2.2212714180 0.0000000000
4.3829636772 0.6200000000 3.6516018305 0.8661253219 2.2212491404 0.0000000000
4.3915239856 0.6200000000 3.6516016767 0.8660808009 2.2212307166 0.0000000000
4.4000842988 0.6200000000 3.6516017890 0.8660432468 2.2212161442 0.0000000000
4.4086446158 0.6200000000 3.6516021669 0.8660126586 2.2212054207 0.0000000000
4.4172049357 0.6200000000 3.6516028100 0.8659890348 2.2211985434 0.0000000000
4.4257652575 0.6200000000 3.6516037177 0.8659723744 2.2211955100 0.0000000000
4.4343255802 0.6200000000 3.6516048895 0.8659626761 2.2211963177 0.0000000000
4.4428859030 0.6200000000 3.6516063248 0.8659599387 2.2212009642 0.0000000000
4.4514462248 0.6200000000 3.6516080233 0.8659641610 2.2212094469 0.0000000000
4.4600065446 0.6200000000 3.6516099843 0.8659753417 2.2212217632 0.0000000000
4.4685668617 0.6200000000 3.6516122073 0.8659934797 2.2212379107 0.0000000000
4.4771271749 0.6200000000 3.6516146919 0.8660185736 2.2212578867 0.0000000000
4.4856874834 0.6200000000 3.6516174376 0.8660506224 2.2212816888 0.0000000000
4.4942477862 0.6200000000 3.6516204438 0.8660896247 2.2213093144 0.0000000000
4.5028080823 0.6200000000 3.6516237099 0.8661355794 2.2213407610 0.0000000000
4.5113683708 0.6200000000 3.6516272356 0.8661884852 2.2213760260 0.0000000000
4.5199286507 0.6200000000 3.6516310203 0.8662483410 2.2214151070 0.0000000000
4.5284889211 0.6200000000 3.6516350634 0.8663151454 2.2214580014 0.0000000000
4.5370491811 0.6200000000 3.6516393645 0.8663888973 2.2215047066 0.0000000000
4.5456094296 0.6200000000 3.6516439231 0.8664695955 2.2215552202 0.0000000000
4.5541696658 0.6200000000 3.6516487386 0.8665572387 2.2216095395 0.0000000000
4.5627298886 0.6200000000 3.6516538106 0.8666518257 2.2216676621 0.0000000000
4.5712900972 0.6200000000 3.6516591385 0.8667533553 2.2217295855 0.0000000000
4.5798502906 0.6200000000 3.6516647218 0.8668618263 2.2217953070 0.0000000000
4.5884104677 0.6200000000 3.6516705599 0.8669772374 2.2218648242 0.0000000000
4.5969706278 0.6200000000 3.6516766525 0.8670995875 2.2219381346 0.0000000000
4.6055307697 0.6200000000 3.6516829990 0.8672288754 2.2220152356 0.0000000000
4.6140908927 0.6200000000 3.6516895988 0.8673650997 2.2220961246 0.0000000000
4.6226509956 0.6200000000 3.6516964515 0.8675082593 2.2221807992 0.0000000000
4.6312110776 0.6200000000 3.6517035565 0.8676583529 2.2222692567 0.0000000000
4.6397711377 0.6200000000 3.6517109134 0.8678153794 2.2223614948 0.0000000000
4.6483311750 0.6200000000 3.6517185216 0.8679793375 2.2224575108 0.0000000000
4.6568911885 0.6200000000 3.6517263806 0.8681502260 2.2225573022 0.0000000000
4.6654511772 0.6200000000 3.6517344899 0.8683280437 2.2226608665 0.0000000000
4.6740111403 0.6200000000 3.6517428490 0.8685127894 2.2227682011 0.0000000000
4.6825710767 0.6200000000 3.6517514573 0.8687044618 2.2228793036 0.0000000000
4.6911309855 0.6200000000 3.6517603145 0.8689030597 2.2229941713 0.0000000000
4.6996908658 0.6200000000 3.6517694199 0.8691085820 2.2231128018 0.0000000000
4.7082507165 0.6200000000 3.6517787730 0.8693210273 2.2232351925 0.0000000000
4.7168105368 0.6200000000 3.6517883734 0.8695403945 2.2233613410 0.0000000000
4.7253703257 0.6200000000 3.6517982205 0.8697666823 2.2234912445 0.0000000000
4.7339300823 0.6200000000 3.6518083138 0.8699998895 2.2236249007 0.0000000000
4.7424898055 0.6200000000 3.6518186529 0.8702400150 2.2237623070 0.0000000000
4.7510494945 0.6200000000 3.6518292371 0.8704870574 2.2239034608 0.0000000000
4.7596091482 0.6200000000 3.6518400660 0.8707410156 2.2240483597 0.0000000000
4.7681687658 0.6200000000 3.6518511390 0.8710018883 2.2241970010 0.0000000000
4.7767283472 0.6200000000 3.6518624504 0.8712695546 2.2243493128 0.0000000000
4.7852878948 0.6200000000 3.6518739782 0.8715435406 2.2245050183 0.0000000000
4.7938474115 0.6200000000 3.6518856977 0.8718233074 2.2246638031 0.0000000000
4.8024069004 0.6200000000 3.6518975842 0.8721083160 2.2248253527 0.0000000000
4.8109663644 0.6200000000 3.6519096130 0.8723980277 2.2249893525 0.0000000000
4.8195258064 0.6200000000 3.6519217593 0.8726919035 2.2251554882 0.0000000000
4.8280852293 0.6200000000 3.6519339985 0.8729894045 2.2253234452 0.0000000000
4.8366446362 0.6200000000 3.6519463057 0.8732899919 2.2254929091 0.0000000000
4.8452040299 0.6200000000 3.6519586563 0.8735931268 2.2256635654 0.0000000000
4.8537634135 0.6200000000 3.6519710255 0.8738982702 2.2258350996 0.0000000000
4.8623227898 0.6200000000 3.6519833886 0.8742048833 2.2260071973 0.0000000000
4.8708821619 0.6200000000 3.6519957209 0.8745124272 2.2261795440 0.0000000000
4.8794415326 0.6200000000 3.6520079976 0.8748203630 2.2263518251 0.0000000000
4.8880009049 0.6200000000 3.6520201940 0.8751281519 2.2265237263 0.0000000000
4.8965602818 0.6200000000 3.6520322854 0.8754352548 2.2266949331 0.0000000000
4.9051196662 0.6200000000 3.6520442470 0.8757411331 2.2268651309 0.0000000000
4.9136790611 0.6200000000 3.6520560542 0.8760452477 2.2270340054 0.0000000000
4.9222384693 0.6200000000 3.6520676821 0.8763470597 2.2272012419 0.0000000000
4.9307978939 0.6200000000 3.6520791061 0.8766460304 2.2273665262 0.0000000000
4.9393573378 0.6200000000 3.6520903015 0.8769416207 2.2275295436 0.0000000000
4.9479168040 0.6200000000 3.6521012434 0.8772332920 2.2276899799 0.0000000000
4.9564762947 0.6200000000 3.6521119153 0.8775206137 2.2278475961 0.0000000000
4.9650358099 0.6200000000 3.6521223235 0.8778034630 2.2280023689 0.0000000000
4.9735953496 0.6200000000 3.6521324786 0.8780817717 2.2281543125 0.0000000000
4.9821549134 0.6200000000 3.6521423909 0.8783554714 2.2283034416 0.0000000000
4.9907145013 0.6200000000 3.6521520708 0.8786244939 2.2284497704 0.0000000000
4.9992741129 0.6200000000 3.6521615289 0.8788887709 2.2285933134 0.0000000000
5.0078337480 0.6200000000 3.6521707755 0.8791482339 2.2287340851 0.0000000000
5.0163934065 0.6200000000 3.6521798211 0.8794028147 2.2288721000 0.0000000000
5.0249530881 0.6200000000 3.6521886762 0.8796524451 2.2290073723 0.0000000000
5.0335127927 0.6200000000 3.6521973511 0.8798970566 2.2291399167 0.0000000000
5.0420725199 0.6200000000 3.6522058564 0.8801365810 2.2292697476 0.0000000000
5.0506322696 0.6200000000 3.6522142024 0.8803709500 2.2293968793 0.0000000000
5.0591920415 0.6200000000 3.6522223997 0.8806000952 2.2295213263 0.0000000000
5.0677518355 0.6200000000 3.6522304586 0.8808239483 2.2296431031 0.0000000000
5.0763116513 0.6200000000 3.6522383895 0.8810424411 2.2297622241 0.0000000000
5.0848714888 0.6200000000 3.6522462030 0.8812555052 2.2298787037 0.0000000000
5.0934313477 0.6200000000 3.6522539095 0.8814630723 2.2299925564 0.0000000000
5.1019912277 0.6200000000 3.6522615193 0.8816650744 2.2301037966 0.0000000000
5.1105511286 0.6200000000 3.6522690358 0.8818614871 2.2302124275 0.0000000000
5.1191110496 0.6200000000 3.6522764461 0.8820523841 2.2303184274 0.0000000000
5.1276709900 0.6200000000 3.6522837352 0.8822378523 2.2304217713 0.0000000000
5.1362309490 0.6200000000 3.6522908883 0.8824179783 2.2305224342 0.0000000000
5.1447909259 0.6200000000 3.6522978905 0.8825928491 2.2306203910 0.0000000000
5.1533509200 0.6200000000 3.6523047267 0.8827625514 2.2307156167 0.0000000000
5.1619109305 0.6200000000 3.6523113820 0.8829271720 2.2308080863 0.0000000000
5.1704709566 0.6200000000 3.6523178415 0.8830867978 2.2308977748 0.0000000000
5.1790309977 0.6200000000 3.6523240903 0.8832415155 2.2309846570 0.0000000000
5.1875910529 0.6200000000 3.6523301135 0.8833914119 2.2310687081 0.0000000000
5.1961511215 0.6200000000 3.6523358960 0.8835365739 2.2311499030 0.0000000000
5.2047112029 0.6200000000 3.6523414230 0.8836770882 2.2312282166 0.0000000000
5.2132712962 0.6200000000 3.6523466794 0.8838130417 2.2313036239 0.0000000000
5.2218314007 0.6200000000 3.6523516505 0.8839445212 2.2313760999 0.0000000000
5.2303915156 0.6200000000 3.6523563212 0.8840716134 2.2314456196 0.0000000000
5.2389516402 0.6200000000 3.6523606766 0.8841944051 2.2315121580 0.0000000000
5.2475117739 0.6200000000 3.6523647120 0.8843129688 2.2315757248 0.0000000000
5.2560719164 0.6200000000 3.6523684475 0.8844273411 2.2316364159 0.0000000000
5.2646320672 0.6200000000 3.6523719074 0.8845375532 2.2316943405 0.0000000000
5.2731922261 0.6200000000 3.6523751159 0.8846436361 2.2317496077 0.0000000000
5.2817523927 0.6200000000 3.6523780972 0.8847456211 2.2318023267 0.0000000000
5.2903125668 0.6200000000 3.6523808754 0.8848435392 2.2318526067 0.0000000000
5.2988727480 0.6200000000 3.6523834747 0.8849374218 2.2319005569 0.0000000000
5.3074329360 0.6200000000 3.6523859193 0.8850272998 2.2319462864 0.0000000000
5.3159931305 0.6200000000 3.6523882333 0.8851132044 2.2319899044 0.0000000000
5.3245533311 0.6200000000 3.6523904410 0.8851951668 2.2320315202 0.0000000000
5.3331135375 0.6200000000 3.6523925665 0.8852732182 2.2320712427 0.0000000000
5.3416737495 0.6200000000 3.6523946340 0.8853473897 2.2321091813 0.0000000000
5.3502339666 0.6200000000 3.6523966677 0.8854177124 2.2321454451 0.0000000000
5.3587941887 0.6200000000 3.6523986917 0.8854842175 2.2321801432 0.0000000000
5.3673544153 0.6200000000 3.6524007299 0.8855469359 2.2322133833 0.0000000000
5.3759146461 0.6200000000 3.6524027870 0.8856058857 2.2322451916 0.0000000000
5.3844748810 0.6200000000 3.6524048399 0.8856610666 2.2322754758 0.0000000000
5.3930351196 0.6200000000 3.6524068636 0.8857124767 2.2323041344 0.0000000000
5.4015953617 0.6200000000 3.6524088326 0.8857601141 2.2323310657 0.0000000000
5.4101556070 0.6200000000 3.6524107220 0.8858039770 2.2323561682 0.0000000000
5.4187158554 0.6200000000 3.6524125063 0.8858440635 2.2323793402 0.0000000000
5.4272761065 0.6200000000 3.6524141605 0.8858803718 2.2324004801 0.0000000000
5.4358363601 0.6200000000 3.6524156592 0.8859129000 2.2324194865 0.0000000000
5.4443966159 0.6200000000 3.6524169774 0.8859416462 2.2324362576 0.0000000000
5.4529568737 0.6200000000 3.6524180897 0.8859666086 2.2324506918 0.0000000000
5.4615171333 0.6200000000 3.6524189710 0.8859877854 2.2324626876 0.0000000000
5.4700773943 0.6200000000 3.6524195960 0.8860051746 2.2324721434 0.0000000000
5.4786376566 0.6200000000 3.6524199396 0.8860187744 2.2324789575 0.0000000000
5.4871979198 0.6200000000 3.6524199770 0.8860285826 2.2324830304 0.0000000000
5.4957581837 0.6200000000 3.6524197032 0.8860345820 2.2324843353 0.0000000000
5.5043184480 0.6200000000 3.6524191382 0.8860367371 2.2324829369 0.0000000000
5.5128787123 0.6200000000 3.6524183030 0.8860350109 2.2324789060 0.0000000000
5.5214389762 0.6200000000 3.6524172192 0.8860293667 2.2324723131 0.0000000000
5.5299992395 0.6200000000 3.6524159081 0.8860197675 2.2324632288 0.0000000000
5.5385595017 0.6200000000 3.6524143909 0.8860061765 2.2324517237 0.0000000000
5.5471197626 0.6200000000 3.6524126891 0.8859885569 2.2324378686 0.0000000000
5.5556800217 0.6200000000 3.6524108239 0.8859668718 2.2324217340 0.0000000000
5.5642402788 0.6200000000 3.6524088168 0.8859410844 2.2324033905 0.0000000000
5.5728005335 0.6200000000 3.6524066891 0.8859111577 2.2323829088 0.0000000000
5.5813607854 0.6200000000 3.6524044620 0.8858770551 2.2323603595 0.0000000000
5.5899210343 0.6200000000 3.6524021570 0.8858387395 2.2323358133 0.0000000000
5.5984812797 0.6200000000 3.6523997954 0.8857961742 2.2323093406 0.0000000000
5.6070415214 0.6200000000 3.6523973901 0.8857493454 2.2322809881 0.0000000000
5.6156017592 0.6200000000 3.6523949285 0.8856983105 2.2322507278 0.0000000000
5.6241619929 0.6200000000 3.6523923928 0.8856431410 2.2322185171 0.0000000000
5.6327222223 0.6200000000 3.6523897653 0.8855839080 2.2321843139 0.0000000000
5.6412824473 0.6200000000 3.6523870282 0.8855206829 2.2321480755 0.0000000000
5.6498426677 0.6200000000 3.6523841638 0.8854535370 2.2321097597 0.0000000000
5.6584028834 0.6200000000 3.6523811545 0.8853825415 2.2320693239 0.0000000000
5.6669630941 0.6200000000 3.6523779823 0.8853077678 2.2320267259 0.0000000000
5.6755232997 0.6200000000 3.6523746297 0.8852292872 2.2319819232 0.0000000000
5.6840835001 0.6200000000 3.6523710789 0.8851471709 2.2319348733 0.0000000000
5.6926436950 0.6200000000 3.6523673121 0.8850614902 2.2318855339 0.0000000000
5.7012038844 0.6200000000 3.6523633116 0.8849723164 2.2318338626 0.0000000000
5.7097640680 0.6200000000 3.6523590598 0.8848797206 2.2317798170 0.0000000000
5.7183242455 0.6200000000 3.6523545487 0.8847837180 2.2317233714 0.0000000000
5.7268844165 0.6200000000 3.6523497908 0.8846842052 2.2316645347 0.0000000000
5.7354445803 0.6200000000 3.6523448014 0.8845810635 2.2316033207 0.0000000000
5.7440047364 0.6200000000 3.6523395959 0.8844741743 2.2315397430 0.0000000000
5.7525648842 0.6200000000 3.6523341896 0.8843634188 2.2314738153 0.0000000000
5.7611250231 0.6200000000 3.6523285976 0.8842486785 2.2314055512 0.0000000000
5.7696851526 0.6200000000 3.6523228353 0.8841298345 2.2313349644 0.0000000000
5.7782452721 0.6200000000 3.6523169179 0.8840067682 2.2312620686 0.0000000000
5.7868053810 0.6200000000 3.6523108609 0.8838793609 2.2311868773 0.0000000000
5.7953654787 0.6200000000 3.6523046793 0.8837474940 2.2311094043 0.0000000000
5.8039255647 0.6200000000 3.6522983886 0.8836110487 2.2310296633 0.0000000000
5.8124856384 0.6200000000 3.6522920039 0.8834699064 2.2309476678 0.0000000000
5.8210456993 0.6200000000 3.6522855389 0.8833239582 2.2308634283 0.0000000000
5.8296057470 0.6200000000 3.6522789879 0.8831732010 2.2307769214 0.0000000000
5.8381657813 0.6200000000 3.6522723338 0.8830176958 2.2306881030 0.0000000000
5.8467258020 0.6200000000 3.6522655593 0.8828575047 2.2305969285 0.0000000000
5.8552858088 0.6200000000 3.6522586471 0.8826926896 2.2305033536 0.0000000000
5.8638458015 0.6200000000 3.6522515798 0.8825233125 2.2304073339 0.0000000000
5.8724057799 0.6200000000 3.6522443403 0.8823494355 2.2303088248 0.0000000000
5.8809657438 0.6200000000 3.6522369111 0.8821711205 2.2302077819 0.0000000000
5.8895256930 0.6200000000 3.6522292749 0.8819884296 2.2301041609 0.0000000000
5.8980856273 0.6200000000 3.6522214145 0.8818014247 2.2299979173 0.0000000000
5.9066455463 0.6200000000 3.6522133125 0.8816101678 2.2298890066 0.0000000000
5.9152054500 0.6200000000 3.6522049516 0.8814147210 2.2297773844 0.0000000000
5.9237653381 0.6200000000 3.6521963150 0.8812151447 2.2296630075 0.0000000000
5.9323252102 0.6200000000 3.6521874010 0.8810114502 2.2295458736 0.0000000000
5.9408850658 0.6200000000 3.6521782265 0.8808035883 2.2294260310 0.0000000000
5.9494449043 0.6200000000 3.6521688097 0.8805915060 2.2293035306 0.0000000000
5.9580047253 0.6200000000 3.6521591685 0.8803751505 2.2291784237 0.0000000000
5.9665645282 0.6200000000 3.6521493211 0.8801544688 2.2290507614 0.0000000000
5.9751243125 0.6200000000 3.6521392855 0.8799294081 2.2289205947 0.0000000000
5.9836840775 0.6200000000 3.6521290798 0.8796999153 2.2287879749 0.0000000000
5.9922438229 0.6200000000 3.6521187221 0.8794659377 2.2286529530 0.0000000000
6.0008035480 0.6200000000 3.6521082305 0.8792274223 2.2285155803 0.0000000000
6.0093632524 0.6200000000 3.6520976229 0.8789843162 2.2283759077 0.0000000000
6.0179229355 0.6200000000 3.6520869176 0.8787365664 2.2282339866 0.0000000000
6.0264825967 0.6200000000 3.6520761323 0.8784841206 2.2280898668 0.0000000000
6.0350422355 0.6200000000 3.6520652686 0.8782269462 2.2279435423 0.0000000000
6.0436018515 0.6200000000 3.6520543049 0.8779650401 2.2277949251 0.0000000000
6.0521614440 0.6200000000 3.6520432177 0.8776984014 2.2276439210 0.0000000000
6.0607210127 0.6200000000 3.6520319837 0.8774270292 2.2274904358 0.0000000000
6.0692805569 0.6200000000 3.6520205792 0.8771509225 2.2273343753 0.0000000000
6.0778400762 0.6200000000 3.6520089809 0.8768700804 2.2271756451 0.0000000000
6.0863995701 0.6200000000 3.6519971652 0.8765845021 2.2270141510 0.0000000000
6.0949590380 0.6200000000 3.6519851087 0.8762941866 2.2268497989 0.0000000000
6.1035184794 0.6200000000 3.6519727879 0.8759991330 2.2266824944 0.0000000000
6.1120778939 0.6200000000 3.6519601794 0.8756993404 2.2265121432 0.0000000000
6.1206372808 0.6200000000 3.6519472596 0.8753948080 2.2263386513 0.0000000000
6.1291966398 0.6200000000 3.6519340061 0.8750855362 2.2261619286 0.0000000000
6.1377559707 0.6200000000 3.6519204242 0.8747715715 2.2259820147 0.0000000000
6.1463152739 0.6200000000 3.6519065507 0.8744530120 2.2257990970 0.0000000000
6.1548745497 0.6200000000 3.6518924245 0.8741299591 2.2256133711 0.0000000000
6.1634337986 0.6200000000 3.6518780843 0.8738025138 2.2254250322 0.0000000000
6.1719930209 0.6200000000 3.6518635689 0.8734707775 2.2252342760 0.0000000000
6.1805522170 0.6200000000 3.6518489170 0.8731348513 2.2250412979 0.0000000000
6.1891113873 0.6200000000 3.6518341673 0.8727948363 2.2248462933 0.0000000000
6.1976705322 0.6200000000 3.6518193587 0.8724508338 2.2246494577 0.0000000000
6.2062296520 0.6200000000 3.6518045298 0.8721029450 2.2244509866 0.0000000000
6.2147887472 0.6200000000 3.6517897194 0.8717512710 2.2242510755 0.0000000000
6.2233478182 0.6200000000 3.6517749663 0.8713959130 2.2240499197 0.0000000000
6.2319068652 0.6200000000 3.6517603056 0.8710369668 2.2238476986 0.0000000000
6.2404658883 0.6200000000 3.6517457313 0.8706744626 2.2236443996 0.0000000000
6.2490248869 0.6200000000 3.6517312100 0.8703083883 2.2234398847 0.0000000000
6.2575838607 0.6200000000 3.6517167081 0.8699387306 2.2232340140 0.0000000000
6.2661428093 0.6200000000 3.6517021918 0.8695654767 2.2230266475 0.0000000000
6.2747017323 0.6200000000 3.6516876275 0.8691886135 2.2228176450 0.0000000000
6.2832606292 0.6200000000 3.6516729815 0.8688081279 2.2226068666 0.0000000000
6.2918194998 0.6200000000 3.6516582200 0.8684240070 2.2223941722 0.0000000000
6.3003783435 0.6200000000 3.6516433093 0.8680362377 2.2221794218 0.0000000000
6.3089371601 0.6200000000 3.6516282158 0.8676448070 2.2219624753 0.0000000000
6.3174959490 0.6200000000 3.6516129056 0.8672497018 2.2217431928 0.0000000000
6.3260547101 0.6200000000 3.6515973543 0.8668509390 2.2215214825 0.0000000000
6.3346134452 0.6200000000 3.6515816019 0.8664487488 2.2212975966 0.0000000000
6.3431721567 0.6200000000 3.6515657164 0.8660434534 2.2210719364 0.0000000000
6.3517308471 0.6200000000 3.6515497660 0.8656353756 2.2208449037 0.0000000000
6.3602895188 0.6200000000 3.6515338189 0.8652248381 2.2206169004 0.0000000000
6.3688481745 0.6200000000 3.6515179433 0.8648121637 2.2203883283 0.0000000000
6.3774068164 0.6200000000 3.6515022074 0.8643976751 2.2201595891 0.0000000000
6.3859654472 0.6200000000 3.6514866793 0.8639816950 2.2199310849 0.0000000000
6.3945240693 0.6200000000 3.6514714273 0.8635645462 2.2197032173 0.0000000000
6.4030826849 0.6200000000 3.6514565061 0.8631465217 2.2194763224 0.0000000000
6.4116412952 0.6200000000 3.6514418982 0.8627277571 2.2192503850 0.0000000000
6.4201999006 0.6200000000 3.6514275626 0.8623083357 2.2190252741 0.0000000000
6.4287585018 0.6200000000 3.6514134581 0.8618883406 2.2188008581 0.0000000000
6.4373170994 0.6200000000 3.6513995436 0.8614678553 2.2185770058 0.0000000000
6.4458756940 0.6200000000 3.6513857778 0.8610469628 2.2183535859 0.0000000000
6.4544342862 0.6200000000 3.6513721197 0.8606257465 2.2181304670 0.0000000000
6.4629928766 0.6200000000 3.6513585281 0.8602042896 2.2179075179 0.0000000000
6.4715514666 0.6200000000 3.6513449721 0.8597827722 2.2176846869 0.0000000000
6.4801100598 0.6200000000 3.6513314505 0.8593616543 2.2174621531 0.0000000000
6.4886686603 0.6200000000 3.6513179673 0.8589414466 2.2172401374 0.0000000000
6.4972272720 0.6200000000 3.6513045268 0.8585226597 2.2170188604 0.0000000000
6.5057858990 0.6200000000 3.6512911329 0.8581058041 2.2167985428 0.0000000000
6.5143445454 0.6200000000 3.6512777899 0.8576913904 2.2165794054 0.0000000000
6.5229032150 0.6200000000 3.6512645042 0.8572799289 2.2163616778 0.0000000000
6.5314619117 0.6200000000 3.6512513630 0.8568719171 2.2161459081 0.0000000000
6.5400206387 0.6200000000 3.6512385547 0.8564678362 2.2159330428 0.0000000000
6.5485793993 0.6200000000 3.6512262744 0.8560681667 2.2157240536 0.0000000000
6.5571381967 0.6200000000 3.6512147168 0.8556733890 2.2155199121 0.0000000000
6.5656970342 0.6200000000 3.6512040768 0.8552839834 2.2153215900 0.0000000000
6.5742559149 0.6200000000 3.6511945342 0.8549004069 2.2151299891 0.0000000000
6.5828148390 0.6200000000 3.6511860312 0.8545227476 2.2149449132 0.0000000000
6.5913738043 0.6200000000 3.6511783206 0.8541508003 2.2147652921 0.0000000000
6.5999328086 0.6200000000 3.6511711504 0.8537843515 2.2145900316 0.0000000000
6.6084918497 0.6200000000 3.6511642681 0.8534231877 2.2144180372 0.0000000000
6.6170509255 0.6200000000 3.6511574260 0.8530671107 2.2142482378 0.0000000000
6.6256100381 0.6200000000 3.6511505699 0.8527166073 2.2140806122 0.0000000000
6.6341691958 0.6200000000 3.6511439151 0.8523731156 2.2139165962 0.0000000000
6.6427284070 0.6200000000 3.6511376966 0.8520381436 2.2137577333 0.0000000000
6.6512876805 0.6200000000 3.6511321494 0.8517131996 2.2136055669 0.0000000000
6.6598470245 0.6200000000 3.6511275034 0.8513997717 2.2134616117 0.0000000000
6.6684064431 0.6200000000 3.6511238995 0.8510990028 2.2133268886 0.0000000000
6.6769659366 0.6200000000 3.6511214032 0.8508117437 2.2132019998 0.0000000000
6.6855255052 0.6200000000 3.6511200777 0.8505388360 2.2130875348 0.0000000000
6.6940851494 0.6200000000 3.6511199862 0.8502811211 2.2129840828 0.0000000000
6.7026448685 0.6200000000 3.6511211397 0.8500393845 2.2128920022 0.0000000000
6.7112046597 0.6200000000 3.6511233252 0.8498141710 2.2128106586 0.0000000000
6.7197645190 0.6200000000 3.6511262691 0.8496059603 2.2127391500 0.0000000000
6.7283244428 0.6200000000 3.6511296981 0.8494152322 2.2126765747 0.0000000000
6.7368844264 0.6200000000 3.6511334588 0.8492422683 2.2126224322 0.0000000000
6.7454444622 0.6200000000 3.6511380174 0.8490863284 2.2125782903 0.0000000000
6.7540045412 0.6200000000 3.6511440386 0.8489463443 2.2125463816 0.0000000000
6.7625646548 0.6200000000 3.6511521841 0.8488212527 2.2125289271 0.0000000000
6.7711247968 0.6200000000 3.6511626604 0.8487106688 2.2125265987 0.0000000000
6.7796849666 0.6200000000 3.6511747660 0.8486155619 2.2125369781 0.0000000000
6.7882451643 0.6200000000 3.6511876914 0.8485370617 2.2125572798 0.0000000000
6.7968053888 0.6200000000 3.6512007735 0.8484765025 2.2125853846 0.0000000000
6.8053656318 0.6200000000 3.6512143513 0.8484366210 2.2126237429 0.0000000000
6.8139258814 0.6200000000 3.6512291842 0.8484207431 2.2126767235 0.0000000000
6.8224861261 0.6200000000 3.6512460288 0.8484321633 2.2127486701 0.0000000000
6.8310463538 0.6200000000 3.6512653826 0.8484723192 2.2128421476 0.0000000000
6.8396065512 0.6200000000 3.6512873505 0.8485398340 2.2129570250 0.0000000000
6.8481667053 0.6200000000 3.6513120045 0.8486330964 2.2130929461 0.0000000000
6.8567268016 0.6200000000 3.6513391800 0.8487513552 2.2132489516 0.0000000000
6.8652868214 0.6200000000 3.6513679602 0.8488965900 2.2134221665 0.0000000000
6.8738467454 0.6200000000 3.6513972844 0.8490712956 2.2136093452 0.0000000000
6.8824065672 0.6200000000 3.6514266874 0.8492748114 2.2138083635 0.0000000000
6.8909663050 0.6200000000 3.6514568660 0.8495003240 2.2140192830 0.0000000000
6.8995259772 0.6200000000 3.6514886298 0.8497409198 2.2142425765 0.0000000000
6.9080855526 0.6200000000 3.6515224416 0.8499996140 2.2144813016 0.0000000000
6.9166449599 0.6200000000 3.6515584826 0.8502874954 2.2147406182 0.0000000000
6.9252041405 0.6200000000 3.6515969629 0.8506132023 2.2150248220 0.0000000000
6.9337630980 0.6200000000 3.6516382611 0.8509732360 2.2153340284 0.0000000000
6.9423218531 0.6200000000 3.6516827962 0.8513607230 2.2156671635 0.0000000000
6.9508803962 0.6200000000 3.6517303104 0.8517736524 2.2160223922 0.0000000000
6.9594386628 0.6200000000 3.6517793339 0.8522187249 2.2163965152 0.0000000000
6.9679966205 0.6200000000 3.6518287697 0.8526991494 2.2167864281 0.0000000000
6.9765543927 0.6200000000 3.6518795989 0.8531998174 2.2171900121 0.0000000000
6.9851121132 0.6200000000 3.6519330966 0.8537043283 2.2176058074 0.0000000000
6.9936696896 0.6200000000 3.6519887185 0.8542218772 2.2180353142 0.0000000000
7.0022269344 0.6200000000 3.6520451784 0.8547722720 2.2184813117 0.0000000000
7.0107837394 0.6200000000 3.6521021614 0.8553641357 2.2189459896 0.0000000000
7.0193400551 0.6200000000 3.6521600642 0.8559978438 2.2194310837 0.0000000000
7.0278959062 0.6200000000 3.6522195105 0.8566685613 2.2199371559 0.0000000000
7.0364514257 0.6200000000 3.6522814318 0.8573640050 2.2204630189 0.0000000000
7.0450066757 0.6200000000 3.6523461676 0.8580781203 2.2210076081 0.0000000000
7.0535615971 0.6200000000 3.6524131597 0.8588152222 2.2215704170 0.0000000000
7.0621161182 0.6200000000 3.6524827876 0.8595793922 2.2221545969 0.0000000000
7.0706701725 0.6200000000 3.6525563248 0.8603731831 2.2227662618 0.0000000000
7.0792237977 0.6200000000 3.6526330855 0.8611936724 2.2234015006 0.0000000000
7.0877770846 0.6200000000 3.6527111439 0.8620352756 2.2240503753 0.0000000000
7.0963299532 0.6200000000 3.6527902009 0.8629022247 2.2247133831 0.0000000000
7.1048823048 0.6200000000 3.6528707212 0.8637996531 2.2253944355 0.0000000000
7.1134342860 0.6200000000 3.6529530920 0.8647181026 2.2260912984 0.0000000000
7.1219859010 0.6200000000 3.6530372432 0.8656564424 2.2268032394 0.0000000000
7.1305369415 0.6200000000 3.6531226226 0.8666261889 2.2275326555 0.0000000000
7.1390875174 0.6200000000 3.6532092155 0.8676208327 2.2282768844 0.0000000000
7.1476377037 0.6200000000 3.6532978368 0.8686349749 2.2290370266 0.0000000000
7.1561872543 0.6200000000 3.6533900311 0.8696800253 2.2298238239 0.0000000000
7.1647362392 0.6200000000 3.6534806951 0.8707545659 2.2306162961 0.0000000000
7.1732851705 0.6200000000 3.6535679153 0.8718334562 2.2313967333 0.0000000000
7.1818346287 0.6200000000 3.6536627718 0.8728820949 2.2321956147 0.0000000000
7.1903832596 0.6200000000 3.6537616152 0.8739689359 2.2330257246 0.0000000000
7.1989302357 0.6200000000 3.6538635331 0.8751337509 2.2338993223 0.0000000000
7.2074762600 0.6200000000 3.6539754108 0.8763357525 2.2348276338 0.0000000000
7.2160218100 0.6200000000 3.6540787323 0.8775628175 2.2357317457 0.0000000000
7.2245665316 0.6200000000 3.6541799814 0.8788265052 2.2366422171 0.0000000000
7.2331100026 0.6200000000 3.6542965109 0.8801343181 2.2376314603 0.0000000000
7.2416526652 0.6200000000 3.6544048953 0.8814789361 2.2386028451 0.0000000000
7.2501942042 0.6200000000 3.6545166188 0.8828657184 2.2396044519 0.0000000000
7.2587361169 0.6200000000 3.6546331907 0.8842353805 2.2406186045 0.0000000000
7.2672778660 0.6200000000 3.6547535351 0.8856095816 2.2416496624 0.0000000000
7.2758173502 0.6200000000 3.6548753392 0.8870683499 2.2427203864 0.0000000000
7.2843556690 0.6200000000 3.6549937830 0.8885707127 2.2437951066 0.0000000000
7.2928952241 0.6200000000 3.6551199572 0.8900245063 2.2448813209 0.0000000000
7.3014330550 0.6200000000 3.6552492884 0.8915385765 2.2460042738 0.0000000000
7.3099696633 0.6200000000 3.6553884290 0.8930899890 2.2471814010 0.0000000000
7.3185049941 0.6200000000 3.6555223289 0.8946872678 2.2483559120 0.0000000000
7.3270398767 0.6200000000 3.6556569594 0.8962992417 2.2495392237 0.0000000000
7.3355742427 0.6200000000 3.6558023856 0.8979224075 2.2507701948 0.0000000000
7.3441072433 0.6200000000 3.6559439108 0.8995918069 2.2520040554 0.0000000000
7.3526396860 0.6200000000 3.6560881815 0.9012775849 2.2532554496 0.0000000000
7.3611718441 0.6200000000 3.6562373590 0.9029696604 2.2545289897 0.0000000000
7.3697028010 0.6200000000 3.6563841780 0.9047004401 2.2558085775 0.0000000000
7.3782324166 0.6200000000 3.6565355640 0.9064690932 2.2571215829 0.0000000000
7.3867666896 0.6200000000 3.6566884341 0.9080911887 2.2583819015 0.0000000000
7.3952955573 0.6200000000 3.6568414849 0.9098824714 2.2597106178 0.0000000000
7.4038226361 0.6200000000 3.6570030637 0.9117208389 2.2610922800 0.0000000000
7.4123497224 0.6200000000 3.6571590962 0.9135616364 2.2624527288 0.0000000000
7.4208743704 0.6200000000 3.6573241653 0.9154677429 2.2638754479 0.0000000000
7.4293986442 0.6200000000 3.6574919502 0.9173826505 2.2653125506 0.0000000000
7.4379197483 0.6200000000 3.6576636834 0.9193816123 2.2667990679 0.0000000000
7.4464425902 0.6200000000 3.6578382981 0.9213321387 2.2682777374 0.0000000000
7.4549636686 0.6200000000 3.6580195437 0.9233264822 2.2698004574 0.0000000000
7.4634831861 0.6200000000 3.6581923166 0.9253666052 2.2713075980 0.0000000000
7.4720007701 0.6200000000 3.6583737490 0.9274523448 2.2728676236 0.0000000000
7.4805152788 0.6200000000 3.6585600840 0.9296118402 2.2744767615 0.0000000000
7.4890302241 0.6200000000 3.6587495993 0.9317600599 2.2760941105 0.0000000000
7.4975531494 0.6200000000 3.6589238246 0.9337063074 2.2775695108 0.0000000000
7.5060684127 0.6200000000 3.6591169699 0.9358434779 2.2791969601 0.0000000000
7.5145779851 0.6200000000 3.6593158222 0.9381150627 2.2809010034 0.0000000000
7.5230904109 0.6200000000 3.6595066800 0.9403229573 2.2825475926 0.0000000000
7.5315976831 0.6200000000 3.6597065171 0.9426475966 2.2842767965 0.0000000000
7.5401042285 0.6200000000 3.6599165769 0.9449823811 2.2860509495 0.0000000000
7.5486067524 0.6200000000 3.6601218029 0.9474100249 2.2878429110 0.0000000000
7.5571157696 0.6200000000 3.6603308293 0.9496887116 2.2895904914 0.0000000000
7.5656170658 0.6200000000 3.6605403623 0.9521405403 2.2914093549 0.0000000000
7.5741172499 0.6200000000 3.6607588765 0.9546111849 2.2932716694 0.0000000000
7.5826264556 0.6200000000 3.6609589218 0.9568878663 2.2949825234 0.0000000000
7.5911243925 0.6200000000 3.6611805481 0.9594056563 2.2968761444 0.0000000000
7.5996316090 0.6200000000 3.6613882447 0.9617269443 2.2986354460 0.0000000000
7.6081287119 0.6200000000 3.6616191433 0.9642550976 2.3005703016 0.0000000000
7.6166278424 0.6200000000 3.6618390306 0.9667469206 2.3024465803 0.0000000000
7.6251407933 0.6200000000 3.6620404506 0.9689360040 2.3041278936 0.0000000000
7.6336405131 0.6200000000 3.6622626395 0.9714155534 2.3060084687 0.0000000000
7.6421488283 0.6200000000 3.6624802568 0.9737026966 2.3077937953 0.0000000000
7.6506524103 0.6200000000 3.6626970964 0.9760984602 2.3096194592 0.0000000000
7.6591541225 0.6200000000 3.6629178208 0.9785346691 2.3114768403 0.0000000000
7.6676579588 0.6200000000 3.6631398682 0.9809235332 2.3133205757 0.0000000000
7.6761632264 0.6200000000 3.6633580123 0.9832826130 2.3151367841 0.0000000000
7.6846719159 0.6200000000 3.6635801600 0.9855600483 2.3169363490 0.0000000000
7.6931808775 0.6200000000 3.6637934673 0.9878374355 2.3187005329 0.0000000000
7.7016875794 0.6200000000 3.6640167222 0.9901615018 2.3205231788 0.0000000000
7.7101946965 0.6200000000 3.6642271656 0.9924828506 2.3222934923 0.0000000000
7.7187120078 0.6200000000 3.6644359518 0.9945581666 2.3239587634 0.0000000000
7.7272228937 0.6200000000 3.6646478505 0.9967889682 2.3256986788 0.0000000000
7.7357472373 0.6200000000 3.6648470452 0.9986834229 2.3272532396 0.0000000000
7.7442678041 0.6200000000 3.6650485990 1.0006786437 2.3288575429 0.0000000000
7.7527914182 0.6200000000 3.6652377020 1.0025987406 2.3303819938 0.0000000000
7.7613025220 0.6200000000 3.6654526286 1.0048225496 2.3321312236 0.0000000000
7.7698339542 0.6200000000 3.6656344000 1.0065153755 2.3335354399 0.0000000000
7.7783668435 0.6200000000 3.6658096680 1.0081677646 2.3348974673 0.0000000000
7.7869019972 0.6200000000 3.6659829676 1.0097419837 2.3362203536 0.0000000000
7.7954422558 0.6200000000 3.6661451519 1.0111456467 2.3374305558 0.0000000000
7.8039849433 0.6200000000 3.6662990492 1.0124599347 2.3385718603 0.0000000000
7.8125308637 0.6200000000 3.6664508182 1.0136374044 2.3396499239 0.0000000000
7.8210820490 0.6200000000 3.6665753393 1.0145675340 2.3405200603 0.0000000000
7.8296341117 0.6200000000 3.6667084133 1.0154324268 2.3413983136 0.0000000000
7.8381895274 0.6200000000 3.6668148623 1.0160975891 2.3420901744 0.0000000000
7.8467477099 0.6200000000 3.6669059493 1.0164911761 2.3426119572 0.0000000000
7.8553072699 0.6200000000 3.6669915519 1.0166530412 2.3430191138 0.0000000000
7.8638671531 0.6200000000 3.6670548011 1.0166293779 2.3432626451 0.0000000000
7.8724260171 0.6200000000 3.6670957417 1.0162630622 2.3432798813 0.0000000000
7.8809809291 0.6200000000 3.6671230930 1.0155153845 2.3430902154 0.0000000000
7.8895307093 0.6200000000 3.6671314968 1.0144577473 2.3427007755 0.0000000000
7.8980773690 0.6200000000 3.6671232090 1.0132437056 2.3421820077 0.0000000000
7.9066127152 0.6200000000 3.6670806301 1.0116273993 2.3413651696 0.0000000000
7.9151320832 0.6200000000 3.6670234996 1.0095473941 2.3403046455 0.0000000000
7.9236351373 0.6200000000 3.6669405959 1.0070892672 2.3389897799 0.0000000000
7.9321271173 0.6200000000 3.6668377359 1.0044061765 2.3375051039 0.0000000000
7.9405755296 0.6200000000 3.6666984592 1.0009782815 2.3355768389 0.0000000000
7.9489966815 0.6200000000 3.6665308847 0.9971625611 2.3333802529 0.0000000000
7.9573491145 0.6200000000 3.6663162412 0.9925294981 2.3306684536 0.0000000000
7.9656763321 0.6200000000 3.6660914780 0.9876047704 2.3277995096 0.0000000000
7.9739140166 0.6200000000 3.6658139234 0.9818551540 2.3243894446 0.0000000000
7.9820907731 0.6200000000 3.6655220721 0.9755677545 2.3207070799 0.0000000000
7.9901366350 0.6200000000 3.6651714843 0.9683356641 2.3164118923 0.0000000000
7.9981332103 0.6200000000 3.6648132157 0.9607763243 2.3119550819 0.0000000000
8.0059164923 0.6200000000 3.6644056888 0.9521593865 2.3068781994 0.0000000000
8.0136522742 0.6200000000 3.6639989307 0.9435514812 2.3018080047 0.0000000000
8.0213981443 0.6200000000 3.6636058406 0.9349170347 2.2967818659 0.0000000000
8.0289829972 0.6200000000 3.6631862274 0.9253855667 2.2912908258 0.0000000000
8.0362590254 0.6200000000 3.6626884168 0.9146933012 2.2850226770 0.0000000000
8.0433508921 0.6200000000 3.6621692333 0.9033275203 2.2783996307 0.0000000000
8.0498348354 0.6200000000 3.6615418414 0.8897780947 2.2704702928 0.0000000000
8.0556288338 0.6200000000 3.6608246667 0.8742880352 2.2614055703 0.0000000000
8.0612008901 0.6200000000 3.6601223608 0.8588076574 2.2524041955 0.0000000000
8.0660370351 0.6200000000 3.6593584258 0.8422089964 2.2427089914 0.0000000000
8.0714839323 0.6200000000 3.6587618763 0.8282271629 2.2347300600 0.0000000000
8.0761875900 0.6200000000 3.6580636816 0.8123593618 2.2255901605 0.0000000000
8.0790399013 0.6200000000 3.6571629188 0.7931291059 2.2142950072 0.0000000000
8.0808387090 0.6200000000 3.6562104825 0.7723499135 2.2021735851 0.0000000000
8.0824512882 0.6200000000 3.6552575092 0.7514681817 2.1900089991 0.0000000000
8.0838784380 0.6200000000 3.6543035288 0.7305026515 2.1778068653 0.0000000000
8.0851432029 0.6200000000 3.6533406229 0.7094744684 2.1655439686 0.0000000000
8.0862693898 0.6200000000 3.6523799240 0.6883964177 2.1532699524 0.0000000000
8.0872739068 0.6200000000 3.6514168394 0.6672806119 2.1409712919 0.0000000000
8.0881735443 0.6200000000 3.6504506069 0.6461361378 2.1286485723 0.0000000000
8.0889799855 0.6200000000 3.6494961895 0.6249648067 2.1163623702 0.0000000000
8.0897038605 0.6200000000 3.6485438562 0.6037743378 2.1040768495 0.0000000000
8.0903539987 0.6200000000 3.6475847783 0.5825707206 2.0917590910 0.0000000000
8.0909398314 0.6200000000 3.6466190065 0.5613572634 2.0794106208 0.0000000000
8.0914678237 0.6200000000 3.6456596482 0.5401324991 2.0670832818 0.0000000000
8.0919425214 0.6200000000 3.6446964698 0.5189009146 2.0547379345 0.0000000000
8.0923725341 0.6200000000 3.6437380422 0.4976620242 2.0424086679 0.0000000000
8.0927653229 0.6200000000 3.6427878202 0.4764163086 2.0301094939 0.0000000000
8.0931243538 0.6200000000 3.6418258691 0.4551704079 2.0177633289 0.0000000000
8.0934505144 0.6200000000 3.6409390336 0.4339005273 2.0057080349 0.0000000000
8.0937469531 0.6200000000 3.6400081623 0.4126396628 1.9934802038 0.0000000000
8.0940160173 0.6200000000 3.6390665156 0.3913795626 1.9812095768 0.0000000000
8.0942605104 0.6200000000 3.6381196981 0.3701189994 1.9689180818 0.0000000000
8.0944833970 0.6200000000 3.6371792770 0.3488551812 1.9566508698 0.0000000000
8.0946864773 0.6200000000 3.6362405828 0.3275896463 1.9443898794 0.0000000000
8.0948713243 0.6200000000 3.6353057899 0.3063220032 1.9321436502 0.0000000000
8.0950411555 0.6200000000 3.6343796466 0.2850512049 1.9199307577 0.0000000000
8.0951970660 0.6200000000 3.6334428429 0.2637826808 1.9076761333 0.0000000000
8.0953400086 0.6200000000 3.6325326188 0.2425064002 1.8955247246 0.0000000000
8.0954716912 0.6200000000 3.6315969010 0.2212365225 1.8832739024 0.0000000000
8.0955932246 0.6200000000 3.6306688067 0.1999641895 1.8710525922 0.0000000000
8.0957054704 0.6200000000 3.6297376882 0.1786923737 1.8588193918 0.0000000000
8.0958094061 0.6200000000 3.6288300233 0.1574139745 1.8466773726 0.0000000000
8.0959061874 0.6200000000 3.6279700954 0.1361232426 1.8347213681 0.0000000000
8.0959962431 0.6200000000 3.6270767807 0.1148409325 1.8226351852 0.0000000000
8.0960802632 0.6200000000 3.6261565085 0.0935654032 1.8104438849 0.0000000000
8.0961584888 0.6200000000 3.6252522214 0.0722853941 1.7983147328 0.0000000000
8.0962314509 0.6200000000 3.6243413302 0.0510070267 1.7861598208 0.0000000000
8.0962996448 0.6200000000 3.6234263688 0.0297296539 1.7739890262 0.0000000000
8.0963636050 0.6200000000 3.6225224066 0.0084492704 1.7618610239 0.0000000000
8.0964235595 0.6200000000 3.6216282584 -0.0128337603 1.7497712191 0.0000000000
8.0964797483 0.6200000000 3.6207251578 -0.0341145039 1.7376465193 0.0000000000
8.0965327624 0.6200000000 3.6198400000 -0.0554000000 1.7255916895 0.0000000000
8.0966009091 0.6200000000 3.6186200000 -0.0842500000 1.7091716895 0.0000000000
8.0973299311 0.6200000000 3.6047109172 -0.4206207961 1.5189870398 0.0000000000
8.0980589532 0.6200000000 3.6037008828 -0.4490745318 1.5035654081 0.0000000000
8.0987879752 0.6200000000 3.6069113208 -0.3742005332 1.5463567593 0.0000000000
8.0995169972 0.6200000000 3.6086055645 -0.3351297475 1.5687620484 0.0000000000
8.1002460193 0.6200000000 3.6100171576 -0.3028943598 1.5873025762 0.0000000000
8.1009750413 0.6200000000 3.6112444562 -0.2745578398 1.6035463782 0.0000000000
8.1017040633 0.6200000000 3.6123571673 -0.2486813130 1.6183478335 0.0000000000
8.1024330854 0.6200000000 3.6134066703 -0.2237014520 1.6325377897 0.0000000000
8.1031621074 0.6200000000 3.6144034921 -0.1995504224 1.6461854890 0.0000000000
8.1038911294 0.6200000000 3.6152373628 -0.1779641911 1.6581554643 0.0000000000
8.1046201514 0.6200000000 3.6159498865 -0.1608378093 1.6678561118 0.0000000000
8.1053491735 0.6200000000 3.6163843417 -0.1500850433 1.6738950389 0.0000000000
8.1060781955 0.6200000000 3.6166049440 -0.1444981995 1.6770121858 0.0000000000
8.1068072175 0.6200000000 3.6167385235 -0.1410135178 1.6789403763 0.0000000000
8.1075362396 0.6200000000 3.6166616343 -0.1425999366 1.6779982519 0.0000000000
8.1082652616 0.6200000000 3.6165823926 -0.1442430352 1.6770240459 0.0000000000
8.1089942836 0.6200000000 3.6164057532 -0.1483455862 1.6746764678 0.0000000000
8.1097233057 0.6200000000 3.6162110579 -0.1529040763 1.6720742907 0.0000000000
8.1104523277 0.6200000000 3.6160068307 -0.1577074234 1.6693360428 0.0000000000
8.1111813497 0.6200000000 3.6157569635 -0.1636831625 1.6659462784 0.0000000000
8.1119103717 0.6200000000 3.6155070963 -0.1696589017 1.6625565140 0.0000000000
8.1126393938 0.6200000000 3.6152572291 -0.1756346409 1.6591667496 0.0000000000
8.1133684158 0.6200000000 3.6150013904 -0.1822016306 1.6555165990 0.0000000000
8.1140974378 0.6200000000 3.6147445062 -0.1888721377 1.6518208594 0.0000000000
8.1148264599 0.6200000000 3.6144876220 -0.1955426448 1.6481251197 0.0000000000
8.1155554819 0.6200000000 3.6142307378 -0.2022131519 1.6444293801 0.0000000000
8.1162845039 0.6200000000 3.6139303582 -0.2096596829 1.6402492490 0.0000000000
8.1170135260 0.6200000000 3.6136134497 -0.2174011123 1.6358850433 0.0000000000
8.1177425480 0.6200000000 3.6132965412 -0.2251425418 1.6315208377 0.0000000000
8.1184715700 0.6200000000 3.6129795774 -0.2328851493 1.6271559395 0.0000000000
8.1192005920 0.6200000000 3.6126149195 -0.2416431733 1.6221940981 0.0000000000
8.1199296141 0.6200000000 3.6122502615 -0.2504011974 1.6172322567 0.0000000000
8.1206586361 0.6200000000 3.6118856036 -0.2591592214 1.6122704153 0.0000000000
8.1213876581 0.6200000000 3.6114890225 -0.2686226378 1.6068987244 0.0000000000
8.1221166802 0.6200000000 3.6110840917 -0.2782705531 1.6014198352 0.0000000000
8.1228457022 0.6200000000 3.6106791610 -0.2879184684 1.5959409461 0.0000000000
8.1235747242 0.6200000000 3.6102428228 -0.2983429508 1.5900258004 0.0000000000
8.1243037463 0.6200000000 3.6098049246 -0.3088060048 1.5840889860 0.0000000000
8.1250327683 0.6200000000 3.6093533081 -0.3195577518 1.5779818210 0.0000000000
8.1257617903 0.6200000000 3.6088785496 -0.3307965029 1.5715872867 0.0000000000
8.1264908123 0.6200000000 3.6084037911 -0.3420352540 1.5651927524 0.0000000000
8.1272198344 0.6200000000 3.6079072978 -0.3539946447 1.5584230227 0.0000000000
8.1279488564 0.6200000000 3.6074106294 -0.3659598362 1.5516502728 0.0000000000
8.1286778784 0.6200000000 3.6068857997 -0.3785135652 1.5445294623 0.0000000000
8.1294069005 0.6200000000 3.6063528996 -0.3912359548 1.5373089061 0.0000000000
8.1301359225 0.6200000000 3.6057961557 -0.4045364597 1.5297617284 0.0000000000
8.1308649445 0.6200000000 3.6052289141 -0.4180914908 1.5220707494 0.0000000000
8.1315939666 0.6200000000 3.6046349465 -0.4322651267 1.5140254249 0.0000000000
8.1323229886 0.6200000000 3.6040314653 -0.4466589703 1.5058539624 0.0000000000
8.1330520106 0.6200000000 3.6033892966 -0.4618000476 1.4972288567 0.0000000000
8.1337810326 0.6200000000 3.6027374448 -0.4771744542 1.4884716869 0.0000000000
8.1345100547 0.6200000000 3.6020589655 -0.4932959771 1.4793091607 0.0000000000
8.1352390767 0.6200000000 3.6013599376 -0.5098800823 1.4698794069 0.0000000000
8.1359680987 0.6200000000 3.6006426786 -0.5268745969 1.4602125652 0.0000000000
8.1366971208 0.6200000000 3.5998935089 -0.5447670944 1.4500588873 0.0000000000
8.1374261428 0.6200000000 3.5991229839 -0.5631628834 1.4396184719 0.0000000000
8.1381551648 0.6200000000 3.5983269267 -0.5821329016 1.4288462356 0.0000000000
8.1388841869 0.6200000000 3.5974882337 -0.6019290781 1.4175729931 0.0000000000
8.1396132089 0.6200000000 3.5966157833 -0.6225061908 1.4058523464 0.0000000000
8.1403422309 0.6200000000 3.5957159424 -0.6437751812 1.3937453868 0.0000000000
8.1410712529 0.6200000000 3.5947890648 -0.6657214470 1.3812593701 0.0000000000
8.1418002750 0.6200000000 3.5938297895 -0.6883490925 1.3683712105 0.0000000000
8.1425292970 0.6200000000 3.5928200302 -0.7118517695 1.3549311024 0.0000000000
8.1432583190 0.6200000000 3.5917779032 -0.7363083483 1.3409799630 0.0000000000
8.1439873411 0.6200000000 3.5906908531 -0.7617707824 1.3264467891 0.0000000000
8.1447163631 0.6200000000 3.5895583124 -0.7882477114 1.3113258544 0.0000000000
8.1454453851 0.6200000000 3.5883777516 -0.8157922779 1.2955857846 0.0000000000
8.1461744072 0.6200000000 3.5871501549 -0.8444463599 1.2792137652 0.0000000000
8.1469034292 0.6200000000 3.5858787687 -0.8742286196 1.2622153164 0.0000000000
8.1476324512 0.6200000000 3.5845481539 -0.9051297641 1.2445323993 0.0000000000
8.1483614732 0.6200000000 3.5831583299 -0.9371711728 1.2261565399 0.0000000000
8.1490904953 0.6200000000 3.5816271690 -0.9703779941 1.2067491679 0.0000000000
8.1498195173 0.6200000000 3.5800915259 -1.0047678437 1.1868506556 0.0000000000
8.1505485393 0.6200000000 3.5785606755 -1.0401155167 1.1665881849 0.0000000000
8.1512775614 0.6200000000 3.5769531673 -1.0767091283 1.1455207072 0.0000000000
8.1520065834 0.6200000000 3.5752707461 -1.1145829793 1.1236414822 0.0000000000
8.1527356054 0.6200000000 3.5735268144 -1.1537013893 1.1010183913 0.0000000000
8.1534646275 0.6200000000 3.5716245925 -1.1940883403 1.0772547233 0.0000000000
8.1541936495 0.6200000000 3.5697790017 -1.2358224629 1.0531787110 0.0000000000
8.1549226715 0.6200000000 3.5678284097 -1.2787749404 1.0281953523 0.0000000000
8.1556516935 0.6200000000 3.5657963246 -1.3230896603 1.0023411240 0.0000000000
8.1563807156 0.6200000000 3.5636148989 -1.3688073039 0.9753283633 0.0000000000
8.1571097376 0.6200000000 3.5614839259 -1.4160390233 0.9479117840 0.0000000000
8.1578387596 0.6200000000 3.5590820438 -1.4651374423 0.9186648877 0.0000000000
8.1585677817 0.6200000000 3.5566267619 -1.5169299522 0.8881267560 0.0000000000
8.1592968037 0.6200000000 3.5539287981 -1.5732985467 0.8547874634 0.0000000000
8.1600258257 0.6200000000 3.5508570202 -1.6370643465 0.8169940318 0.0000000000
8.1607548478 0.6200000000 3.5472134568 -1.7103128025 0.7731203955 0.0000000000
8.1614838698 0.6200000000 3.5427656074 -1.8002222147 0.7193652332 0.0000000000
8.1622128918 0.6200000000 3.5366186863 -1.9191506622 0.6472061696 0.0000000000
8.1629419138 0.6200000000 3.5287471865 -2.0695051912 0.5555783589 0.0000000000
8.1636709359 0.6200000000 3.5192027291 -2.2435269904 0.4477918097 0.0000000000
8.1643999579 0.6200000000 3.5090009511 -2.4259193645 0.3340277482 0.0000000000
8.1651289799 0.6200000000 3.4977416545 -2.6199345138 0.2113845021 0.0000000000
8.1658580020 0.6200000000 3.4870800315 -2.7991612727 0.0970473063 0.0000000000
8.1665870240 0.6200000000 3.4776944950 -2.9606998609 -0.0051102748 0.0000000000
8.1673160460 0.6200000000 3.4686547335 -3.1105671631 -0.1012162416 0.0000000000
8.1680450681 0.6200000000 3.4603127824 -3.2547878010 -0.1922723014 0.0000000000
8.1687740901 0.6200000000 3.4492600000 -3.4455750000 -0.3127983105 0.0000000000
