# logAge Mass logTe Mbol logg C/O
4.1665189175 0.5400000000 4.0306100000 1.1947500000 3.8087337598 0.0000000000
4.1750750226 0.5400000000 4.0306008786 1.1945885123 3.8086326791 0.0000000000
4.1836311429 0.5400000000 4.0305919086 1.1944283724 3.8085327434 0.0000000000
4.1921872781 0.5400000000 4.0305830967 1.1942696392 3.8084340022 0.0000000000
4.2007434277 0.5400000000 4.0305744492 1.1941123712 3.8083365049 0.0000000000
4.2092995916 0.5400000000 4.0305659726 1.1939566270 3.8082403012 0.0000000000
4.2178557694 0.5400000000 4.0305576736 1.1938024655 3.8081454405 0.0000000000
4.2264119608 0.5400000000 4.0305495586 1.1936499451 3.8080519724 0.0000000000
4.2349681654 0.5400000000 4.0305416342 1.1934991247 3.8079599463 0.0000000000
4.2435243829 0.5400000000 4.0305339067 1.1933500628 3.8078694119 0.0000000000
4.2520806131 0.5400000000 4.0305263828 1.1932028181 3.8077804185 0.0000000000
4.2606368555 0.5400000000 4.0305190690 1.1930574494 3.8076930157 0.0000000000
4.2691931099 0.5400000000 4.0305119718 1.1929140151 3.8076072530 0.0000000000
4.2777493759 0.5400000000 4.0305050976 1.1927725741 3.8075231800 0.0000000000
4.2863056533 0.5400000000 4.0304984531 1.1926331849 3.8074408461 0.0000000000
4.2948619416 0.5400000000 4.0304920447 1.1924959063 3.8073603010 0.0000000000
4.3034182407 0.5400000000 4.0304858788 1.1923607969 3.8072815940 0.0000000000
4.3119745501 0.5400000000 4.0304799622 1.1922279154 3.8072047746 0.0000000000
4.3205308695 0.5400000000 4.0304743011 1.1920973204 3.8071298926 0.0000000000
4.3290871986 0.5400000000 4.0304689023 1.1919690706 3.8070569972 0.0000000000
4.3376435371 0.5400000000 4.0304637721 1.1918432246 3.8069861381 0.0000000000
4.3461998847 0.5400000000 4.0304589171 1.1917198412 3.8069173647 0.0000000000
4.3547562411 0.5400000000 4.0304543438 1.1915989790 3.8068507267 0.0000000000
4.3633126058 0.5400000000 4.0304500587 1.1914806966 3.8067862734 0.0000000000
4.3718689787 0.5400000000 4.0304460684 1.1913650528 3.8067240544 0.0000000000
4.3804253594 0.5400000000 4.0304423792 1.1912521061 3.8066641192 0.0000000000
4.3889817475 0.5400000000 4.0304389979 1.1911419153 3.8066065174 0.0000000000
4.3975381427 0.5400000000 4.0304359308 1.1910345390 3.8065512984 0.0000000000
4.4060945448 0.5400000000 4.0304331844 1.1909300358 3.8064985118 0.0000000000
4.4146509534 0.5400000000 4.0304307654 1.1908284645 3.8064482071 0.0000000000
4.4232073681 0.5400000000 4.0304286801 1.1907298837 3.8064004338 0.0000000000
4.4317637887 0.5400000000 4.0304269352 1.1906343521 3.8063552413 0.0000000000
4.4403202148 0.5400000000 4.0304255371 1.1905419283 3.8063126793 0.0000000000
4.4488766461 0.5400000000 4.0304244923 1.1904526710 3.8062727973 0.0000000000
4.4574330823 0.5400000000 4.0304238073 1.1903666388 3.8062356447 0.0000000000
4.4659895231 0.5400000000 4.0304234888 1.1902838905 3.8062012711 0.0000000000
4.4745459681 0.5400000000 4.0304235431 1.1902044847 3.8061697259 0.0000000000
4.4831024171 0.5400000000 4.0304239767 1.1901284800 3.8061410588 0.0000000000
4.4916588696 0.5400000000 4.0304247963 1.1900559352 3.8061153192 0.0000000000
4.5002153254 0.5400000000 4.0304260083 1.1899869088 3.8060925566 0.0000000000
4.5087717842 0.5400000000 4.0304276192 1.1899214596 3.8060728206 0.0000000000
4.5173282456 0.5400000000 4.0304296356 1.1898596461 3.8060561606 0.0000000000
4.5258847093 0.5400000000 4.0304320639 1.1898015272 3.8060426262 0.0000000000
4.5344411751 0.5400000000 4.0304349106 1.1897471614 3.8060322669 0.0000000000
4.5429976424 0.5400000000 4.0304381824 1.1896966074 3.8060251322 0.0000000000
4.5515541112 0.5400000000 4.0304418856 1.1896499238 3.8060212716 0.0000000000
4.5601105809 0.5400000000 4.0304460268 1.1896071694 3.8060207347 0.0000000000
4.5686670514 0.5400000000 4.0304506125 1.1895684028 3.8060235709 0.0000000000
4.5772235222 0.5400000000 4.0304556492 1.1895336827 3.8060298297 0.0000000000
4.5857799932 0.5400000000 4.0304611435 1.1895030676 3.8060395608 0.0000000000
4.5943364638 0.5400000000 4.0304671018 1.1894766164 3.8060528136 0.0000000000
4.6028929339 0.5400000000 4.0304735307 1.1894543876 3.8060696375 0.0000000000
4.6114494030 0.5400000000 4.0304804366 1.1894364399 3.8060900822 0.0000000000
4.6200058710 0.5400000000 4.0304878261 1.1894228320 3.8061141972 0.0000000000
4.6285623374 0.5400000000 4.0304957058 1.1894136226 3.8061420319 0.0000000000
4.6371188019 0.5400000000 4.0305040820 1.1894088702 3.8061736359 0.0000000000
4.6456752642 0.5400000000 4.0305129613 1.1894086336 3.8062090586 0.0000000000
4.6542317240 0.5400000000 4.0305223503 1.1894129715 3.8062483497 0.0000000000
4.6627881810 0.5400000000 4.0305322554 1.1894219425 3.8062915586 0.0000000000
4.6713446349 0.5400000000 4.0305426832 1.1894356052 3.8063387348 0.0000000000
4.6799010852 0.5400000000 4.0305536402 1.1894540184 3.8063899279 0.0000000000
4.6884575318 0.5400000000 4.0305651328 1.1894772406 3.8064451873 0.0000000000
4.6970139742 0.5400000000 4.0305771676 1.1895053306 3.8065045626 0.0000000000
4.7055704122 0.5400000000 4.0305897512 1.1895383471 3.8065681033 0.0000000000
4.7141268454 0.5400000000 4.0306028899 1.1895763486 3.8066358589 0.0000000000
4.7226832736 0.5400000000 4.0306165904 1.1896193939 3.8067078789 0.0000000000
4.7312396963 0.5400000000 4.0306308591 1.1896675416 3.8067842129 0.0000000000
4.7397961133 0.5400000000 4.0306457026 1.1897208503 3.8068649103 0.0000000000
4.7483525243 0.5400000000 4.0306611273 1.1897793788 3.8069500207 0.0000000000
4.7569089289 0.5400000000 4.0306771361 1.1898431553 3.8070395662 0.0000000000
4.7654653268 0.5400000000 4.0306937192 1.1899121098 3.8071334807 0.0000000000
4.7740217178 0.5400000000 4.0307108648 1.1899861525 3.8072316800 0.0000000000
4.7825781017 0.5400000000 4.0307285608 1.1900651938 3.8073340804 0.0000000000
4.7911344780 0.5400000000 4.0307467951 1.1901491439 3.8074405978 0.0000000000
4.7996908466 0.5400000000 4.0307655558 1.1902379130 3.8075511482 0.0000000000
4.8082472072 0.5400000000 4.0307848308 1.1903314113 3.8076656477 0.0000000000
4.8168035595 0.5400000000 4.0308046082 1.1904295493 3.8077840122 0.0000000000
4.8253599032 0.5400000000 4.0308248758 1.1905322371 3.8079061579 0.0000000000
4.8339162381 0.5400000000 4.0308456218 1.1906393849 3.8080320008 0.0000000000
4.8424725638 0.5400000000 4.0308668339 1.1907509031 3.8081614568 0.0000000000
4.8510288801 0.5400000000 4.0308885004 1.1908667018 3.8082944421 0.0000000000
4.8595851867 0.5400000000 4.0309106091 1.1909866914 3.8084308726 0.0000000000
4.8681414834 0.5400000000 4.0309331479 1.1911107822 3.8085706644 0.0000000000
4.8766977699 0.5400000000 4.0309561050 1.1912388842 3.8087137335 0.0000000000
4.8852540458 0.5400000000 4.0309794682 1.1913709080 3.8088599959 0.0000000000
4.8938103109 0.5400000000 4.0310032256 1.1915067635 3.8090093676 0.0000000000
4.9023665650 0.5400000000 4.0310273651 1.1916463613 3.8091617648 0.0000000000
4.9109228078 0.5400000000 4.0310518747 1.1917896114 3.8093171033 0.0000000000
4.9194790389 0.5400000000 4.0310767425 1.1919364242 3.8094752993 0.0000000000
4.9280352582 0.5400000000 4.0311019563 1.1920867099 3.8096362688 0.0000000000
4.9365914654 0.5400000000 4.0311275048 1.1922403782 3.8097999304 0.0000000000
4.9451476607 0.5400000000 4.0311533791 1.1923973371 3.8099662113 0.0000000000
4.9537038445 0.5400000000 4.0311795706 1.1925574942 3.8101350400 0.0000000000
4.9622600170 0.5400000000 4.0312060707 1.1927207571 3.8103063455 0.0000000000
4.9708161785 0.5400000000 4.0312328708 1.1928870333 3.8104800564 0.0000000000
4.9793723293 0.5400000000 4.0312599623 1.1930562305 3.8106561014 0.0000000000
4.9879284696 0.5400000000 4.0312873367 1.1932282562 3.8108344093 0.0000000000
4.9964845997 0.5400000000 4.0313149854 1.1934030181 3.8110149088 0.0000000000
5.0050407200 0.5400000000 4.0313428998 1.1935804238 3.8111975287 0.0000000000
5.0135968307 0.5400000000 4.0313710714 1.1937603809 3.8113821976 0.0000000000
5.0221529320 0.5400000000 4.0313994914 1.1939427969 3.8115688444 0.0000000000
5.0307090243 0.5400000000 4.0314281515 1.1941275796 3.8117573977 0.0000000000
5.0392651078 0.5400000000 4.0314570430 1.1943146364 3.8119477863 0.0000000000
5.0478211829 0.5400000000 4.0314861573 1.1945038749 3.8121399389 0.0000000000
5.0563772497 0.5400000000 4.0315154858 1.1946952029 3.8123337843 0.0000000000
5.0649333086 0.5400000000 4.0315450200 1.1948885278 3.8125292511 0.0000000000
5.0734893598 0.5400000000 4.0315747514 1.1950837573 3.8127262682 0.0000000000
5.0820454037 0.5400000000 4.0316046712 1.1952807989 3.8129247642 0.0000000000
5.0906014405 0.5400000000 4.0316347715 1.1954795579 3.8131246690 0.0000000000
5.0991574706 0.5400000000 4.0316650455 1.1956799335 3.8133259153 0.0000000000
5.1077134945 0.5400000000 4.0316954867 1.1958818238 3.8135284362 0.0000000000
5.1162695125 0.5400000000 4.0317260885 1.1960851270 3.8137321648 0.0000000000
5.1248255249 0.5400000000 4.0317568445 1.1962897413 3.8139370343 0.0000000000
5.1333815323 0.5400000000 4.0317877480 1.1964955650 3.8141429778 0.0000000000
5.1419375350 0.5400000000 4.0318187925 1.1967024963 3.8143499283 0.0000000000
5.1504935334 0.5400000000 4.0318499715 1.1969104334 3.8145578191 0.0000000000
5.1590495278 0.5400000000 4.0318812784 1.1971192744 3.8147665832 0.0000000000
5.1676055188 0.5400000000 4.0319127067 1.1973289176 3.8149761538 0.0000000000
5.1761615066 0.5400000000 4.0319442499 1.1975392612 3.8151864640 0.0000000000
5.1847174917 0.5400000000 4.0319759014 1.1977502035 3.8153974468 0.0000000000
5.1932734745 0.5400000000 4.0320076547 1.1979616425 3.8156090355 0.0000000000
5.2018294554 0.5400000000 4.0320395032 1.1981734766 3.8158211632 0.0000000000
5.2103854347 0.5400000000 4.0320714404 1.1983856039 3.8160337629 0.0000000000
5.2189414129 0.5400000000 4.0321034597 1.1985979226 3.8162467678 0.0000000000
5.2274973902 0.5400000000 4.0321355549 1.1988103514 3.8164601200 0.0000000000
5.2360533669 0.5400000000 4.0321677201 1.1990228676 3.8166737874 0.0000000000
5.2446093430 0.5400000000 4.0321999498 1.1992354593 3.8168877426 0.0000000000
5.2531653185 0.5400000000 4.0322322381 1.1994481147 3.8171019582 0.0000000000
5.2617212935 0.5400000000 4.0322645796 1.1996608219 3.8173164069 0.0000000000
5.2702772682 0.5400000000 4.0322969685 1.1998735690 3.8175310613 0.0000000000
5.2788332426 0.5400000000 4.0323293991 1.2000863441 3.8177458940 0.0000000000
5.2873892168 0.5400000000 4.0323618659 1.2002991352 3.8179608776 0.0000000000
5.2959451908 0.5400000000 4.0323943632 1.2005119305 3.8181759848 0.0000000000
5.3045011648 0.5400000000 4.0324268853 1.2007247182 3.8183911881 0.0000000000
5.3130571387 0.5400000000 4.0324594265 1.2009374862 3.8186064602 0.0000000000
5.3216131128 0.5400000000 4.0324919812 1.2011502228 3.8188217737 0.0000000000
5.3301690871 0.5400000000 4.0325245438 1.2013629159 3.8190371012 0.0000000000
5.3387250616 0.5400000000 4.0325571085 1.2015755538 3.8192524154 0.0000000000
5.3472810365 0.5400000000 4.0325896697 1.2017881242 3.8194676883 0.0000000000
5.3558370119 0.5400000000 4.0326222132 1.2020005939 3.8196828500 0.0000000000
5.3643929882 0.5400000000 4.0326547104 1.2022128931 3.8198977586 0.0000000000
5.3729489658 0.5400000000 4.0326871315 1.2024249488 3.8201122653 0.0000000000
5.3815049450 0.5400000000 4.0327194466 1.2026366879 3.8203262212 0.0000000000
5.3900609263 0.5400000000 4.0327516257 1.2028480371 3.8205394773 0.0000000000
5.3986169100 0.5400000000 4.0327836389 1.2030589234 3.8207518849 0.0000000000
5.4071728965 0.5400000000 4.0328154564 1.2032692736 3.8209632951 0.0000000000
5.4157288861 0.5400000000 4.0328470483 1.2034790147 3.8211735589 0.0000000000
5.4242848794 0.5400000000 4.0328783846 1.2036880734 3.8213825275 0.0000000000
5.4328408766 0.5400000000 4.0329094354 1.2038963766 3.8215900521 0.0000000000
5.4413968781 0.5400000000 4.0329401708 1.2041038512 3.8217959837 0.0000000000
5.4499528844 0.5400000000 4.0329705610 1.2043104240 3.8220001735 0.0000000000
5.4585088957 0.5400000000 4.0330005760 1.2045160220 3.8222024726 0.0000000000
5.4670649126 0.5400000000 4.0330301862 1.2047205720 3.8224027332 0.0000000000
5.4756209352 0.5400000000 4.0330593768 1.2049240021 3.8226008680 0.0000000000
5.4841769638 0.5400000000 4.0330881559 1.2051262423 3.8227968802 0.0000000000
5.4927329985 0.5400000000 4.0331165329 1.2053272225 3.8229907803 0.0000000000
5.5012890395 0.5400000000 4.0331445175 1.2055268731 3.8231825792 0.0000000000
5.5098450871 0.5400000000 4.0331721195 1.2057251239 3.8233722874 0.0000000000
5.5184011412 0.5400000000 4.0331993484 1.2059219051 3.8235599156 0.0000000000
5.5269572023 0.5400000000 4.0332262140 1.2061171469 3.8237454745 0.0000000000
5.5355132703 0.5400000000 4.0332527258 1.2063107792 3.8239289748 0.0000000000
5.5440693455 0.5400000000 4.0332788936 1.2065027322 3.8241104270 0.0000000000
5.5526254281 0.5400000000 4.0333047269 1.2066929360 3.8242898419 0.0000000000
5.5611815182 0.5400000000 4.0333302355 1.2068813206 3.8244672302 0.0000000000
5.5697376160 0.5400000000 4.0333554290 1.2070678161 3.8246426024 0.0000000000
5.5782937217 0.5400000000 4.0333803171 1.2072523527 3.8248159694 0.0000000000
5.5868498355 0.5400000000 4.0334049009 1.2074348625 3.8249873085 0.0000000000
5.5954059574 0.5400000000 4.0334291488 1.2076152864 3.8251564696 0.0000000000
5.6039620876 0.5400000000 4.0334530213 1.2077935671 3.8253232718 0.0000000000
5.6125182263 0.5400000000 4.0334764789 1.2079696473 3.8254875344 0.0000000000
5.6210743734 0.5400000000 4.0334994822 1.2081434698 3.8256490764 0.0000000000
5.6296305293 0.5400000000 4.0335219916 1.2083149773 3.8258077170 0.0000000000
5.6381866939 0.5400000000 4.0335439676 1.2084841125 3.8259632754 0.0000000000
5.6467428675 0.5400000000 4.0335653709 1.2086508183 3.8261155706 0.0000000000
5.6552990500 0.5400000000 4.0335861618 1.2088150373 3.8262644219 0.0000000000
5.6638552417 0.5400000000 4.0336063009 1.2089767123 3.8264096484 0.0000000000
5.6724114427 0.5400000000 4.0336257487 1.2091357861 3.8265510691 0.0000000000
5.6809676531 0.5400000000 4.0336444657 1.2092922014 3.8266885034 0.0000000000
5.6895238730 0.5400000000 4.0336624125 1.2094459010 3.8268217704 0.0000000000
5.6980801024 0.5400000000 4.0336795680 1.2095968440 3.8269507695 0.0000000000
5.7066363411 0.5400000000 4.0336959602 1.2097450334 3.8270756140 0.0000000000
5.7151925889 0.5400000000 4.0337116252 1.2098904792 3.8271964524 0.0000000000
5.7237488454 0.5400000000 4.0337265992 1.2100331915 3.8273134330 0.0000000000
5.7323051104 0.5400000000 4.0337409181 1.2101731803 3.8274267044 0.0000000000
5.7408613837 0.5400000000 4.0337546182 1.2103104559 3.8275364151 0.0000000000
5.7494176648 0.5400000000 4.0337677356 1.2104450283 3.8276427135 0.0000000000
5.7579739536 0.5400000000 4.0337803063 1.2105769076 3.8277457480 0.0000000000
5.7665302498 0.5400000000 4.0337923665 1.2107061039 3.8278456672 0.0000000000
5.7750865532 0.5400000000 4.0338039522 1.2108326273 3.8279426195 0.0000000000
5.7836428633 0.5400000000 4.0338150996 1.2109564878 3.8280367534 0.0000000000
5.7921991800 0.5400000000 4.0338258448 1.2110776956 3.8281282174 0.0000000000
5.8007555031 0.5400000000 4.0338362213 1.2111962622 3.8282171498 0.0000000000
5.8093118321 0.5400000000 4.0338462230 1.2113122207 3.8283035402 0.0000000000
5.8178681671 0.5400000000 4.0338558141 1.2114256206 3.8283872645 0.0000000000
5.8264245076 0.5400000000 4.0338649578 1.2115365119 3.8284681958 0.0000000000
5.8349808537 0.5400000000 4.0338736175 1.2116449444 3.8285462075 0.0000000000
5.8435372049 0.5400000000 4.0338817563 1.2117509682 3.8286211725 0.0000000000
5.8520935612 0.5400000000 4.0338893377 1.2118546330 3.8286929640 0.0000000000
5.8606499223 0.5400000000 4.0338963250 1.2119559889 3.8287614552 0.0000000000
5.8692062880 0.5400000000 4.0339026813 1.2120550858 3.8288265193 0.0000000000
5.8777626581 0.5400000000 4.0339083700 1.2121519735 3.8288880293 0.0000000000
5.8863190325 0.5400000000 4.0339133545 1.2122467020 3.8289458585 0.0000000000
5.8948754108 0.5400000000 4.0339175979 1.2123393213 3.8289998799 0.0000000000
5.9034317929 0.5400000000 4.0339210644 1.2124298811 3.8290499700 0.0000000000
5.9119881787 0.5400000000 4.0339237673 1.2125184237 3.8290961986 0.0000000000
5.9205445679 0.5400000000 4.0339257963 1.2126049798 3.8291389368 0.0000000000
5.9291009604 0.5400000000 4.0339272474 1.2126895791 3.8291785811 0.0000000000
5.9376573561 0.5400000000 4.0339282170 1.2127722512 3.8292155284 0.0000000000
5.9462137548 0.5400000000 4.0339288013 1.2128530258 3.8292501755 0.0000000000
5.9547701563 0.5400000000 4.0339290966 1.2129319325 3.8292829191 0.0000000000
5.9633265607 0.5400000000 4.0339291990 1.2130090010 3.8293141561 0.0000000000
5.9718829675 0.5400000000 4.0339292048 1.2130842610 3.8293442833 0.0000000000
5.9804393769 0.5400000000 4.0339292102 1.2131577421 3.8293736973 0.0000000000
5.9889957885 0.5400000000 4.0339293114 1.2132294740 3.8294027950 0.0000000000
5.9975522023 0.5400000000 4.0339296047 1.2132994863 3.8294319732 0.0000000000
6.0061086180 0.5400000000 4.0339301859 1.2133678092 3.8294616272 0.0000000000
6.0146650356 0.5400000000 4.0339311072 1.2134345231 3.8294919980 0.0000000000
6.0232214549 0.5400000000 4.0339323392 1.2134998023 3.8295230376 0.0000000000
6.0317778756 0.5400000000 4.0339338434 1.2135638319 3.8295546662 0.0000000000
6.0403342974 0.5400000000 4.0339355813 1.2136267966 3.8295868037 0.0000000000
6.0488907204 0.5400000000 4.0339375145 1.2136888812 3.8296193704 0.0000000000
6.0574471441 0.5400000000 4.0339396046 1.2137502707 3.8296522864 0.0000000000
6.0660035685 0.5400000000 4.0339418130 1.2138111499 3.8296854718 0.0000000000
6.0745599933 0.5400000000 4.0339441014 1.2138717035 3.8297188467 0.0000000000
6.0831164183 0.5400000000 4.0339464312 1.2139321166 3.8297523313 0.0000000000
6.0916728433 0.5400000000 4.0339487641 1.2139925738 3.8297858456 0.0000000000
6.1002292681 0.5400000000 4.0339510620 1.2140532575 3.8298193108 0.0000000000
6.1087856926 0.5400000000 4.0339533013 1.2141142774 3.8298526759 0.0000000000
6.1173421168 0.5400000000 4.0339554737 1.2141756642 3.8298859205 0.0000000000
6.1258985405 0.5400000000 4.0339575720 1.2142374444 3.8299190255 0.0000000000
6.1344549638 0.5400000000 4.0339595886 1.2142996446 3.8299519722 0.0000000000
6.1430113866 0.5400000000 4.0339615163 1.2143622915 3.8299847415 0.0000000000
6.1515678089 0.5400000000 4.0339633475 1.2144254114 3.8300173145 0.0000000000
6.1601242305 0.5400000000 4.0339650750 1.2144890311 3.8300496723 0.0000000000
6.1686806516 0.5400000000 4.0339666913 1.2145531770 3.8300817959 0.0000000000
6.1772370720 0.5400000000 4.0339681891 1.2146178758 3.8301136665 0.0000000000
6.1857934916 0.5400000000 4.0339695609 1.2146831540 3.8301452651 0.0000000000
6.1943499106 0.5400000000 4.0339707994 1.2147490382 3.8301765728 0.0000000000
6.2029063287 0.5400000000 4.0339718972 1.2148155550 3.8302075707 0.0000000000
6.2114627459 0.5400000000 4.0339728469 1.2148827308 3.8302382397 0.0000000000
6.2200191623 0.5400000000 4.0339736411 1.2149505924 3.8302685611 0.0000000000
6.2285755778 0.5400000000 4.0339742724 1.2150191662 3.8302985159 0.0000000000
6.2371319923 0.5400000000 4.0339747334 1.2150884788 3.8303280851 0.0000000000
6.2456884057 0.5400000000 4.0339750168 1.2151585568 3.8303572498 0.0000000000
6.2542448181 0.5400000000 4.0339751151 1.2152294268 3.8303859911 0.0000000000
6.2628012294 0.5400000000 4.0339750210 1.2153011153 3.8304142901 0.0000000000
6.2713576396 0.5400000000 4.0339747271 1.2153736488 3.8304421278 0.0000000000
6.2799140485 0.5400000000 4.0339742260 1.2154470541 3.8304694854 0.0000000000
6.2884704563 0.5400000000 4.0339735102 1.2155213576 3.8304963438 0.0000000000
6.2970268627 0.5400000000 4.0339725725 1.2155965858 3.8305226842 0.0000000000
6.3055832678 0.5400000000 4.0339714054 1.2156727654 3.8305484876 0.0000000000
6.3141396716 0.5400000000 4.0339700015 1.2157499230 3.8305737351 0.0000000000
6.3226960740 0.5400000000 4.0339683478 1.2158279824 3.8305983439 0.0000000000
6.3312524759 0.5400000000 4.0339664083 1.2159064557 3.8306219753 0.0000000000
6.3398088778 0.5400000000 4.0339641414 1.2159847517 3.8306442262 0.0000000000
6.3483652806 0.5400000000 4.0339615055 1.2160622792 3.8306646936 0.0000000000
6.3569216850 0.5400000000 4.0339584590 1.2161384469 3.8306829744 0.0000000000
6.3654780919 0.5400000000 4.0339549601 1.2162126638 3.8306986657 0.0000000000
6.3740345019 0.5400000000 4.0339509673 1.2162843384 3.8307113643 0.0000000000
6.3825909156 0.5400000000 4.0339464419 1.2163529992 3.8307207270 0.0000000000
6.3911473324 0.5400000000 4.0339413690 1.2164191291 3.8307268874 0.0000000000
6.3997037510 0.5400000000 4.0339357452 1.2164836688 3.8307302080 0.0000000000
6.4082601701 0.5400000000 4.0339295669 1.2165475622 3.8307310525 0.0000000000
6.4168165884 0.5400000000 4.0339228310 1.2166117528 3.8307297849 0.0000000000
6.4253730046 0.5400000000 4.0339155338 1.2166771845 3.8307267689 0.0000000000
6.4339294174 0.5400000000 4.0339076729 1.2167447942 3.8307223691 0.0000000000
6.4424858263 0.5400000000 4.0338993123 1.2168149644 3.8307169946 0.0000000000
6.4510422323 0.5400000000 4.0338906326 1.2168871075 3.8307111334 0.0000000000
6.4595986366 0.5400000000 4.0338818265 1.2169605382 3.8307052810 0.0000000000
6.4681550402 0.5400000000 4.0338730862 1.2170345715 3.8306999334 0.0000000000
6.4767114444 0.5400000000 4.0338646044 1.2171085221 3.8306955861 0.0000000000
6.4852678501 0.5400000000 4.0338565661 1.2171817289 3.8306927160 0.0000000000
6.4938242571 0.5400000000 4.0338489294 1.2172543010 3.8306911979 0.0000000000
6.5023806635 0.5400000000 4.0338413824 1.2173272597 3.8306901932 0.0000000000
6.5109370675 0.5400000000 4.0338335976 1.2174016792 3.8306888220 0.0000000000
6.5194934669 0.5400000000 4.0338252478 1.2174786338 3.8306862047 0.0000000000
6.5280498600 0.5400000000 4.0338160133 1.2175591681 3.8306814802 0.0000000000
6.5366062467 0.5400000000 4.0338058442 1.2176432971 3.8306744553 0.0000000000
6.5451626292 0.5400000000 4.0337950249 1.2177297601 3.8306657635 0.0000000000
6.5537190099 0.5400000000 4.0337838606 1.2178172171 3.8306560892 0.0000000000
6.5622753912 0.5400000000 4.0337726566 1.2179043283 3.8306461173 0.0000000000
6.5708317754 0.5400000000 4.0337616629 1.2179898526 3.8306363523 0.0000000000
6.5793881626 0.5400000000 4.0337506677 1.2180733800 3.8306257828 0.0000000000
6.5879445521 0.5400000000 4.0337392282 1.2181549163 3.8306126392 0.0000000000
6.5965009431 0.5400000000 4.0337268996 1.2182344705 3.8305951464 0.0000000000
6.6050573350 0.5400000000 4.0337132540 1.2183120809 3.8305716082 0.0000000000
6.6136137264 0.5400000000 4.0336982878 1.2183885279 3.8305423224 0.0000000000
6.6221701159 0.5400000000 4.0336824438 1.2184653717 3.8305096835 0.0000000000
6.6307265017 0.5400000000 4.0336661856 1.2185442098 3.8304761860 0.0000000000
6.6392828824 0.5400000000 4.0336499646 1.2186265769 3.8304442491 0.0000000000
6.6478392570 0.5400000000 4.0336340605 1.2187131416 3.8304152583 0.0000000000
6.6563956255 0.5400000000 4.0336186272 1.2188039402 3.8303898446 0.0000000000
6.6649519876 0.5400000000 4.0336038160 1.2188989948 3.8303686216 0.0000000000
6.6735083432 0.5400000000 4.0335897112 1.2189981959 3.8303518829 0.0000000000
6.6820646937 0.5400000000 4.0335757820 1.2191002265 3.8303369784 0.0000000000
6.6906210415 0.5400000000 4.0335611668 1.2192031200 3.8303196751 0.0000000000
6.6991773888 0.5400000000 4.0335450067 1.2193049281 3.8302957578 0.0000000000
6.7077337345 0.5400000000 4.0335269105 1.2194056873 3.8302636768 0.0000000000
6.7162900720 0.5400000000 4.0335072889 1.2195088328 3.8302264484 0.0000000000
6.7248463942 0.5400000000 4.0334866313 1.2196181281 3.8301875362 0.0000000000
6.7334026990 0.5400000000 4.0334655642 1.2197351131 3.8301500619 0.0000000000
6.7419589977 0.5400000000 4.0334450553 1.2198557833 3.8301162943 0.0000000000
6.7505153033 0.5400000000 4.0334261198 1.2199753050 3.8300883610 0.0000000000
6.7590716185 0.5400000000 4.0334089561 1.2200924309 3.8300665564 0.0000000000
6.7676279238 0.5400000000 4.0333920115 1.2202136001 3.8300472460 0.0000000000
6.7761841970 0.5400000000 4.0333735228 1.2203461374 3.8300263062 0.0000000000
6.7847404338 0.5400000000 4.0333526234 1.2204910669 3.8300006801 0.0000000000
6.7932966573 0.5400000000 4.0333298286 1.2206397040 3.8299689558 0.0000000000
6.8018528914 0.5400000000 4.0333057917 1.2207831103 3.8299301708 0.0000000000
6.8104091374 0.5400000000 4.0332814802 1.2209214262 3.8298882511 0.0000000000
6.8189653792 0.5400000000 4.0332581117 1.2210620301 3.8298510187 0.0000000000
6.8275216076 0.5400000000 4.0332364715 1.2212092391 3.8298233414 0.0000000000
6.8360778381 0.5400000000 4.0332159746 1.2213571970 3.8298005371 0.0000000000
6.8446340868 0.5400000000 4.0331957686 1.2214994159 3.8297766008 0.0000000000
6.8531903288 0.5400000000 4.0331749878 1.2216431019 3.8297509518 0.0000000000
6.8617465157 0.5400000000 4.0331527705 1.2218033180 3.8297261692 0.0000000000
6.8703026294 0.5400000000 4.0331290651 1.2219858892 3.8297043758 0.0000000000
6.8788587009 0.5400000000 4.0331051335 1.2221814913 3.8296868904 0.0000000000
6.8874147649 0.5400000000 4.0330820025 1.2223795346 3.8296735837 0.0000000000
6.8959708490 0.5400000000 4.0330579041 1.2225703693 3.8296535238 0.0000000000
6.9045269718 0.5400000000 4.0330300844 1.2227466803 3.8296127695 0.0000000000
6.9130830929 0.5400000000 4.0329992498 1.2229207323 3.8295590520 0.0000000000
6.9216391479 0.5400000000 4.0329679457 1.2231130739 3.8295107722 0.0000000000
6.9301951837 0.5400000000 4.0329366003 1.2233110608 3.8294645854 0.0000000000
6.9387512906 0.5400000000 4.0329047503 1.2234888634 3.8294083063 0.0000000000
6.9473073981 0.5400000000 4.0328746022 1.2236673347 3.8293591026 0.0000000000
6.9558633815 0.5400000000 4.0328483901 1.2238821040 3.8293401617 0.0000000000
6.9644192518 0.5400000000 4.0328203683 1.2241242486 3.8293249323 0.0000000000
6.9729750771 0.5400000000 4.0327827722 1.2243675429 3.8292718657 0.0000000000
6.9815309495 0.5400000000 4.0327408968 1.2245951094 3.8291953909 0.0000000000
6.9900869242 0.5400000000 4.0327043215 1.2248039022 3.8291326068 0.0000000000
6.9986428419 0.5400000000 4.0326674857 1.2250255458 3.8290739211 0.0000000000
7.0071986195 0.5400000000 4.0326262819 1.2252752916 3.8290090039 0.0000000000
7.0157543783 0.5400000000 4.0325849972 1.2255292761 3.8289454592 0.0000000000
7.0243101170 0.5400000000 4.0325424789 1.2257855583 3.8288778987 0.0000000000
7.0328657736 0.5400000000 4.0324943773 1.2260530435 3.8287924865 0.0000000000
7.0414214958 0.5400000000 4.0324430934 1.2263023154 3.8286870596 0.0000000000
7.0499773288 0.5400000000 4.0323879642 1.2265216979 3.8285542959 0.0000000000
7.0585330901 0.5400000000 4.0323238268 1.2267436831 3.8283865404 0.0000000000
7.0670887659 0.5400000000 4.0322651639 1.2269922292 3.8282513072 0.0000000000
7.0756443772 0.5400000000 4.0322124618 1.2272634175 3.8281489739 0.0000000000
7.0841999278 0.5400000000 4.0321467372 1.2275285826 3.8279921416 0.0000000000
7.0927555166 0.5400000000 4.0320706671 1.2277674021 3.8277833890 0.0000000000
7.1013111330 0.5400000000 4.0319949881 1.2280002468 3.8275738110 0.0000000000
7.1098666928 0.5400000000 4.0319236374 1.2282541436 3.8273899668 0.0000000000
7.1184222323 0.5400000000 4.0318446367 1.2284973047 3.8271712287 0.0000000000
7.1269777124 0.5400000000 4.0317596009 1.2287423343 3.8269290970 0.0000000000
7.1355330793 0.5400000000 4.0316638579 1.2289854820 3.8266433841 0.0000000000
7.1440884025 0.5400000000 4.0315524875 1.2291955981 3.8262819490 0.0000000000
7.1526439193 0.5400000000 4.0314474777 1.2293738510 3.8259332109 0.0000000000
7.1611995428 0.5400000000 4.0313429225 1.2295232939 3.8255747676 0.0000000000
7.1697548903 0.5400000000 4.0312386825 1.2297452335 3.8252465834 0.0000000000
7.1783099981 0.5400000000 4.0311242613 1.2299949024 3.8248887662 0.0000000000
7.1868651355 0.5400000000 4.0309915619 1.2301739242 3.8244295770 0.0000000000
7.1954202889 0.5400000000 4.0308573916 1.2303380505 3.8239585464 0.0000000000
7.2039755186 0.5400000000 4.0307225545 1.2304718626 3.8234727228 0.0000000000
7.2125305972 0.5400000000 4.0305926402 1.2306759002 3.8230346806 0.0000000000
7.2210853684 0.5400000000 4.0304488308 1.2309059549 3.8225514649 0.0000000000
7.2296398921 0.5400000000 4.0302788087 1.2310628555 3.8219341370 0.0000000000
7.2381942937 0.5400000000 4.0300963675 1.2311761256 3.8212496801 0.0000000000
7.2467489885 0.5400000000 4.0299250982 1.2312503492 3.8205942925 0.0000000000
7.2553035899 0.5400000000 4.0297560096 1.2313840708 3.8199714267 0.0000000000
7.2638577056 0.5400000000 4.0295687503 1.2315715844 3.8192973946 0.0000000000
7.2724114478 0.5400000000 4.0293565397 1.2316437398 3.8184774146 0.0000000000
7.2809649872 0.5400000000 4.0291342781 1.2317016835 3.8176115455 0.0000000000
7.2895184139 0.5400000000 4.0289090044 1.2317880731 3.8167450065 0.0000000000
7.2980711633 0.5400000000 4.0286582721 1.2318475905 3.8157658843 0.0000000000
7.3066235597 0.5400000000 4.0283950143 1.2318563381 3.8147163522 0.0000000000
7.3151757449 0.5400000000 4.0281246474 1.2318354138 3.8136265149 0.0000000000
7.3237275963 0.5400000000 4.0278430080 1.2318217878 3.8124945068 0.0000000000
7.3322783412 0.5400000000 4.0275332778 1.2317338369 3.8112204059 0.0000000000
7.3408290758 0.5400000000 4.0272240175 1.2316103462 3.8099339684 0.0000000000
7.3493780384 0.5400000000 4.0268693690 1.2314902726 3.8084673450 0.0000000000
7.3579251969 0.5400000000 4.0264875362 1.2312070138 3.8068267103 0.0000000000
7.3664721844 0.5400000000 4.0261044554 1.2309020566 3.8051724039 0.0000000000
7.3750191376 0.5400000000 4.0257170141 1.2306230330 3.8035110293 0.0000000000
7.3835632257 0.5400000000 4.0252793479 1.2302803090 3.8016232751 0.0000000000
7.3921055670 0.5400000000 4.0248248526 1.2298137354 3.7996186643 0.0000000000
7.4006481030 0.5400000000 4.0243698263 1.2293759856 3.7976234592 0.0000000000
7.4091930018 0.5400000000 4.0239464172 1.2290364143 3.7957939945 0.0000000000
7.4177361677 0.5400000000 4.0235040976 1.2285914875 3.7938467451 0.0000000000
7.4262762791 0.5400000000 4.0230098242 1.2281264596 3.7916836403 0.0000000000
7.4348085000 0.5400000000 4.0224406134 1.2273760411 3.7891066297 0.0000000000
7.4433429971 0.5400000000 4.0219071052 1.2266207632 3.7866704859 0.0000000000
7.4518678453 0.5400000000 4.0212800484 1.2256892296 3.7837896451 0.0000000000
7.4603942662 0.5400000000 4.0206622880 1.2248071097 3.7809657557 0.0000000000
7.4689172828 0.5400000000 4.0200203123 1.2238496498 3.7780148689 0.0000000000
7.4774315587 0.5400000000 4.0193186124 1.2227033090 3.7747495332 0.0000000000
7.4859608186 0.5400000000 4.0187253153 1.2218569048 3.7720377829 0.0000000000
7.4944823002 0.5400000000 4.0180758142 1.2208099790 3.7690210082 0.0000000000
7.5029928323 0.5400000000 4.0173323308 1.2196102714 3.7655671917 0.0000000000
7.5114936181 0.5400000000 4.0165400119 1.2181979446 3.7618329854 0.0000000000
7.5199915863 0.5400000000 4.0157278246 1.2167543623 3.7580068030 0.0000000000
7.5284654181 0.5400000000 4.0147861637 1.2149999768 3.7535384052 0.0000000000
7.5369373427 0.5400000000 4.0138411311 1.2132116192 3.7490429320 0.0000000000
7.5454282544 0.5400000000 4.0129883012 1.2116498210 3.7450068931 0.0000000000
7.5538993313 0.5400000000 4.0120181441 1.2098641540 3.7404119977 0.0000000000
7.5623631492 0.5400000000 4.0110282691 1.2079340001 3.7356804361 0.0000000000
7.5708107776 0.5400000000 4.0099623344 1.2058234546 3.7305724794 0.0000000000
7.5792540081 0.5400000000 4.0088846260 1.2036402560 3.7253883661 0.0000000000
7.5876798077 0.5400000000 4.0077420615 1.2012537354 3.7198635002 0.0000000000
7.5960928935 0.5400000000 4.0065207214 1.1988339146 3.7140102111 0.0000000000
7.6044679038 0.5400000000 4.0051701686 1.1960438847 3.7074919879 0.0000000000
7.6128440998 0.5400000000 4.0038561385 1.1931656258 3.7010845640 0.0000000000
7.6212299111 0.5400000000 4.0025596266 1.1904161575 3.6947987291 0.0000000000
7.6295915323 0.5400000000 4.0011816912 1.1874636366 3.6881059791 0.0000000000
7.6379262448 0.5400000000 3.9997287905 1.1842674815 3.6810159145 0.0000000000
7.6462506337 0.5400000000 3.9982514075 1.1809753628 3.6737895350 0.0000000000
7.6545952416 0.5400000000 3.9968346577 1.1778395627 3.6668682156 0.0000000000
7.6628899203 0.5400000000 3.9952604394 1.1743684015 3.6591828781 0.0000000000
7.6711491961 0.5400000000 3.9935890853 1.1706601090 3.6510141445 0.0000000000
7.6794041843 0.5400000000 3.9919518973 1.1668004308 3.6429215214 0.0000000000
7.6876901086 0.5400000000 3.9903643204 1.1632413174 3.6351475685 0.0000000000
7.6958561529 0.5400000000 3.9884600184 1.1589818937 3.6258265911 0.0000000000
7.7040307870 0.5400000000 3.9865897600 1.1547337891 3.6166463155 0.0000000000
7.7121500534 0.5400000000 3.9846070098 1.1501547782 3.6068837102 0.0000000000
7.7202524624 0.5400000000 3.9825738880 1.1455340816 3.5969029445 0.0000000000
7.7283212257 0.5400000000 3.9804886798 1.1406864364 3.5866230534 0.0000000000
7.7363394794 0.5400000000 3.9783001526 1.1356124394 3.5758393460 0.0000000000
7.7442828269 0.5400000000 3.9759703520 1.1302000549 3.5643551899 0.0000000000
7.7522907955 0.5400000000 3.9737764973 1.1250424471 3.5535167279 0.0000000000
7.7602864900 0.5400000000 3.9715306407 1.1199154234 3.5424824920 0.0000000000
7.7680548300 0.5400000000 3.9689240473 1.1137855485 3.5296041683 0.0000000000
7.7759967943 0.5400000000 3.9666065651 1.1083483960 3.5181593786 0.0000000000
7.7837227474 0.5400000000 3.9639354170 1.1020296767 3.5049472985 0.0000000000
7.7914404953 0.5400000000 3.9612404617 1.0957133355 3.4916409407 0.0000000000
7.7991202148 0.5400000000 3.9584877123 1.0892751707 3.4780546774 0.0000000000
7.8069610919 0.5400000000 3.9559962967 1.0834272073 3.4657498297 0.0000000000
7.8146814272 0.5400000000 3.9533116371 1.0771023864 3.4524812626 0.0000000000
7.8221775906 0.5400000000 3.9503134552 1.0700617081 3.4376722639 0.0000000000
7.8297022059 0.5400000000 3.9473803656 1.0630989101 3.4231547863 0.0000000000
7.8373646013 0.5400000000 3.9446245087 1.0565771518 3.4095226554 0.0000000000
7.8446541497 0.5400000000 3.9413645552 1.0488881354 3.3934072347 0.0000000000
7.8521434109 0.5400000000 3.9383787157 1.0417720133 3.3786174280 0.0000000000
7.8594809411 0.5400000000 3.9351944033 1.0341903065 3.3628474954 0.0000000000
7.8668146445 0.5400000000 3.9320061330 1.0265869028 3.3470530529 0.0000000000
7.8743539188 0.5400000000 3.9291863555 1.0196311654 3.3329916480 0.0000000000
7.8817685807 0.5400000000 3.9262208823 1.0123921616 3.3182341538 0.0000000000
7.8888257029 0.5400000000 3.9227988244 1.0041438883 3.3012466127 0.0000000000
7.8959674813 0.5400000000 3.9195022785 0.9961613904 3.2848674299 0.0000000000
7.9030632017 0.5400000000 3.9162222089 0.9880262172 3.2684930822 0.0000000000
7.9104613810 0.5400000000 3.9134510284 0.9809685373 3.2545852882 0.0000000000
7.9175619493 0.5400000000 3.9102413493 0.9729854855 3.2385533511 0.0000000000
7.9246014125 0.5400000000 3.9070307765 0.9648398527 3.2224528069 0.0000000000
7.9315879429 0.5400000000 3.9038363963 0.9566705638 3.2064075706 0.0000000000
7.9387973603 0.5400000000 3.9011051552 0.9493153026 3.1925405015 0.0000000000
7.9458287978 0.5400000000 3.8980927874 0.9414840610 3.1773585340 0.0000000000
7.9527061286 0.5400000000 3.8950535362 0.9328455952 3.1617461429 0.0000000000
7.9595104709 0.5400000000 3.8919845585 0.9241510273 3.1459924046 0.0000000000
7.9660199656 0.5400000000 3.8886005128 0.9146030106 3.1286370154 0.0000000000
7.9728388669 0.5400000000 3.8857440039 0.9058715688 3.1137184029 0.0000000000
7.9798698031 0.5400000000 3.8830588542 0.8972296897 3.0995210523 0.0000000000
7.9864702894 0.5400000000 3.8803384730 0.8873820564 3.0847004745 0.0000000000
7.9931952003 0.5400000000 3.8780353021 0.8779349756 3.0717089585 0.0000000000
7.9996521746 0.5400000000 3.8755009245 0.8667704640 3.0571056436 0.0000000000
8.0063060916 0.5400000000 3.8733979066 0.8551687729 3.0440528952 0.0000000000
8.0118194177 0.5400000000 3.8710673518 0.8440429666 3.0302803538 0.0000000000
8.0168925177 0.5400000000 3.8693798799 0.8370383708 3.0207286276 0.0000000000
8.0214839917 0.5400000000 3.8673398453 0.8260432293 3.0081704329 0.0000000000
8.0260987576 0.5400000000 3.8660310777 0.8167169637 2.9992048560 0.0000000000
8.0304860805 0.5400000000 3.8656762897 0.8085375635 2.9945139440 0.0000000000
8.0346935154 0.5400000000 3.8648511466 0.7992215939 2.9874869837 0.0000000000
8.0379326458 0.5400000000 3.8648691273 0.7799455936 2.9798485065 0.0000000000
8.0409895903 0.5400000000 3.8666089827 0.7604533527 2.9790110318 0.0000000000
8.0434245965 0.5400000000 3.8677292537 0.7401567913 2.9753734912 0.0000000000
8.0452970567 0.5400000000 3.8677025758 0.7193085253 2.9669274731 0.0000000000
8.0466992855 0.5400000000 3.8663952802 0.6984819467 2.9533676592 0.0000000000
8.0477481842 0.5400000000 3.8639553660 0.6781602336 2.9354793171 0.0000000000
8.0485473264 0.5400000000 3.8606345969 0.6585556807 2.9143544197 0.0000000000
8.0491717334 0.5400000000 3.8566532676 0.6396907542 2.8908831317 0.0000000000
8.0496807156 0.5400000000 3.8522140386 0.6214503210 2.8658300425 0.0000000000
8.0501025637 0.5400000000 3.8473566559 0.6038733028 2.8393697044 0.0000000000
8.0504538398 0.5400000000 3.8421404011 0.5869408045 2.8117316860 0.0000000000
8.0507493944 0.5400000000 3.8366282209 0.5705978188 2.7831457710 0.0000000000
8.0510016516 0.5400000000 3.8308887339 0.5547462235 2.7538471847 0.0000000000
8.0512204750 0.5400000000 3.8249630094 0.5393256237 2.7239760471 0.0000000000
8.0514126015 0.5400000000 3.8188748393 0.5243031831 2.6936143901 0.0000000000
8.0515833136 0.5400000000 3.8126622288 0.5096010596 2.6628830990 0.0000000000
8.0517362924 0.5400000000 3.8063386885 0.4951958568 2.6318268567 0.0000000000
8.0518745547 0.5400000000 3.7999266136 0.4810363132 2.6005147393 0.0000000000
8.0520007512 0.5400000000 3.7934427565 0.4670818560 2.5689975282 0.0000000000
8.0521170739 0.5400000000 3.7869328751 0.4532027155 2.5374063465 0.0000000000
8.0522263517 0.5400000000 3.7804709191 0.4391843668 2.5059511828 0.0000000000
8.0523325361 0.5400000000 3.7742277304 0.4245614064 2.4751292442 0.0000000000
8.0524367677 0.5400000000 3.7683048644 0.4091276759 2.4452642876 0.0000000000
8.0525374253 0.5400000000 3.7626248636 0.3931327833 2.4161463277 0.0000000000
8.0526345239 0.5400000000 3.7572238310 0.3765439057 2.3879066461 0.0000000000
8.0527281694 0.5400000000 3.7521053525 0.3594070080 2.3605779731 0.0000000000
8.0528190914 0.5400000000 3.7473923843 0.3415576208 2.3345863455 0.0000000000
8.0529071484 0.5400000000 3.7431094154 0.3230448113 2.3100493458 0.0000000000
8.0529919175 0.5400000000 3.7393236211 0.3038613876 2.2872327991 0.0000000000
8.0530728243 0.5400000000 3.7358657862 0.2842969363 2.2655756792 0.0000000000
8.0531488833 0.5400000000 3.7325278639 0.2646011892 2.2443456910 0.0000000000
8.0532209522 0.5400000000 3.7294181445 0.2446746415 2.2239361945 0.0000000000
8.0532885719 0.5400000000 3.7264165389 0.2246437730 2.2039174245 0.0000000000
8.0533520534 0.5400000000 3.7234686541 0.2045641071 2.1840940192 0.0000000000
8.0534120115 0.5400000000 3.7207029894 0.1843218123 2.1649344424 0.0000000000
8.0534684067 0.5400000000 3.7179544923 0.1640648680 2.1458376764 0.0000000000
8.0535218012 0.5400000000 3.7153463211 0.1436923388 2.1272559797 0.0000000000
8.0535721447 0.5400000000 3.7128600000 0.1232250000 2.1091237598 0.0000000000
8.0536331409 0.5400000000 3.7098400000 0.0971000000 2.0865937598 0.0000000000
8.0543084425 0.5400000000 3.6806279440 -0.2304245019 1.8387357352 0.0000000000
8.0549837441 0.5400000000 3.6743300535 -0.3288413451 1.7741774356 0.0000000000
8.0556590457 0.5400000000 3.6795058625 -0.2593567362 1.8226745154 0.0000000000
8.0563343474 0.5400000000 3.6817943870 -0.2294205569 1.8438030850 0.0000000000
8.0570096490 0.5400000000 3.6832606831 -0.2114514978 1.8568558930 0.0000000000
8.0576849506 0.5400000000 3.6842459324 -0.1997887610 1.8654619852 0.0000000000
8.0583602522 0.5400000000 3.6848563487 -0.1928784767 1.8706677638 0.0000000000
8.0590355538 0.5400000000 3.6852006178 -0.1889087720 1.8736327224 0.0000000000
8.0597108555 0.5400000000 3.6853135411 -0.1874658642 1.8746615784 0.0000000000
8.0603861571 0.5400000000 3.6853125138 -0.1872981860 1.8747245405 0.0000000000
8.0610614587 0.5400000000 3.6852571537 -0.1877385500 1.8743269546 0.0000000000
8.0617367603 0.5400000000 3.6850810678 -0.1890391088 1.8731023874 0.0000000000
8.0624120619 0.5400000000 3.6848507789 -0.1907258738 1.8715065260 0.0000000000
8.0630873636 0.5400000000 3.6845654454 -0.1927706800 1.8695472694 0.0000000000
8.0637626652 0.5400000000 3.6840791238 -0.1961228253 1.8662611249 0.0000000000
8.0644379668 0.5400000000 3.6835928022 -0.1994749706 1.8629749803 0.0000000000
8.0651132684 0.5400000000 3.6829889142 -0.2041999008 1.8586694562 0.0000000000
8.0657885700 0.5400000000 3.6821529394 -0.2116348333 1.8523515841 0.0000000000
8.0664638717 0.5400000000 3.6813169646 -0.2190697657 1.8460337121 0.0000000000
8.0671391733 0.5400000000 3.6804809899 -0.2265046982 1.8397158400 0.0000000000
8.0678144749 0.5400000000 3.6795546002 -0.2367053622 1.8319300156 0.0000000000
8.0684897765 0.5400000000 3.6786185114 -0.2472027159 1.8239867190 0.0000000000
8.0691650781 0.5400000000 3.6776824226 -0.2577000695 1.8160434223 0.0000000000
8.0698403798 0.5400000000 3.6768076919 -0.2683102393 1.8083004316 0.0000000000
8.0705156814 0.5400000000 3.6759812848 -0.2790092593 1.8007151953 0.0000000000
8.0711909830 0.5400000000 3.6751768959 -0.2895876577 1.7932662804 0.0000000000
8.0718662846 0.5400000000 3.6744677898 -0.2996440717 1.7864072904 0.0000000000
8.0725415862 0.5400000000 3.6737586837 -0.3097004856 1.7795483004 0.0000000000
8.0732168878 0.5400000000 3.6730726805 -0.3197881584 1.7727692184 0.0000000000
8.0738921895 0.5400000000 3.6723904122 -0.3298808847 1.7660030547 0.0000000000
8.0745674911 0.5400000000 3.6716930154 -0.3402119763 1.7590810309 0.0000000000
8.0752427927 0.5400000000 3.6709713297 -0.3509257657 1.7519087723 0.0000000000
8.0759180943 0.5400000000 3.6702496440 -0.3616395551 1.7447365137 0.0000000000
8.0765933959 0.5400000000 3.6694916989 -0.3729995166 1.7371607487 0.0000000000
8.0772686976 0.5400000000 3.6687304872 -0.3844176925 1.7295486315 0.0000000000
8.0779439992 0.5400000000 3.6679559206 -0.3961990261 1.7217378317 0.0000000000
8.0786193008 0.5400000000 3.6671721543 -0.4082305255 1.7137901670 0.0000000000
8.0792946024 0.5400000000 3.6663771467 -0.4204713485 1.7057138071 0.0000000000
8.0799699040 0.5400000000 3.6655659851 -0.4330129682 1.6974525130 0.0000000000
8.0806452057 0.5400000000 3.6647568927 -0.4457465290 1.6891227188 0.0000000000
8.0813205073 0.5400000000 3.6639518303 -0.4588539502 1.6806595010 0.0000000000
8.0819958089 0.5400000000 3.6631394504 -0.4721616497 1.6720869015 0.0000000000
8.0826711105 0.5400000000 3.6623135884 -0.4858383448 1.6633127755 0.0000000000
8.0833464121 0.5400000000 3.6614643678 -0.4997666595 1.6543445673 0.0000000000
8.0840217138 0.5400000000 3.6605866864 -0.5140015544 1.6451398838 0.0000000000
8.0846970154 0.5400000000 3.6597150397 -0.5286127266 1.6358088279 0.0000000000
8.0853723170 0.5400000000 3.6588469709 -0.5434469945 1.6264028455 0.0000000000
8.0860476186 0.5400000000 3.6579475675 -0.5588167331 1.6166573366 0.0000000000
8.0867229202 0.5400000000 3.6570412050 -0.5743819323 1.6068058070 0.0000000000
8.0873982219 0.5400000000 3.6561242944 -0.5904433558 1.5967135953 0.0000000000
8.0880735235 0.5400000000 3.6551824517 -0.6068853218 1.5863694377 0.0000000000
8.0887488251 0.5400000000 3.6542224772 -0.6236205053 1.5758354666 0.0000000000
8.0894241267 0.5400000000 3.6532576502 -0.6409907425 1.5650280635 0.0000000000
8.0900994283 0.5400000000 3.6522686518 -0.6587289326 1.5539767939 0.0000000000
8.0907747300 0.5400000000 3.6512555018 -0.6768563308 1.5426732346 0.0000000000
8.0914500316 0.5400000000 3.6502133720 -0.6956182860 1.5309999333 0.0000000000
8.0921253332 0.5400000000 3.6491959822 -0.7147995200 1.5192578808 0.0000000000
8.0928006348 0.5400000000 3.6481546699 -0.7343246812 1.5072825670 0.0000000000
8.0934759364 0.5400000000 3.6470619888 -0.7542109492 1.4949573353 0.0000000000
8.0941512381 0.5400000000 3.6459827371 -0.7748040231 1.4824030991 0.0000000000
8.0948265397 0.5400000000 3.6448953593 -0.7960463596 1.4695566531 0.0000000000
8.0955018413 0.5400000000 3.6437423774 -0.8179170747 1.4561964397 0.0000000000
8.0961771429 0.5400000000 3.6425640460 -0.8404611139 1.4424654984 0.0000000000
8.0968524445 0.5400000000 3.6413894546 -0.8637069876 1.4284687834 0.0000000000
8.0975277461 0.5400000000 3.6401919590 -0.8876777433 1.4140904987 0.0000000000
8.0982030478 0.5400000000 3.6389658704 -0.9124228110 1.3992881169 0.0000000000
8.0988783494 0.5400000000 3.6376445581 -0.9379866102 1.3837773481 0.0000000000
8.0995536510 0.5400000000 3.6363604522 -0.9643480729 1.3680963393 0.0000000000
8.1002289526 0.5400000000 3.6350514315 -0.9915240060 1.3519898832 0.0000000000
8.1009042542 0.5400000000 3.6337016064 -1.0195338613 1.3353866410 0.0000000000
8.1015795559 0.5400000000 3.6323531858 -1.0482924972 1.3184895041 0.0000000000
8.1022548575 0.5400000000 3.6309688349 -1.0776627082 1.3012040161 0.0000000000
8.1029301591 0.5400000000 3.6295659537 -1.1077383468 1.2835622359 0.0000000000
8.1036054607 0.5400000000 3.6280858118 -1.1385888883 1.2653014518 0.0000000000
8.1042807623 0.5400000000 3.6265835344 -1.1702999656 1.2466079113 0.0000000000
8.1049560640 0.5400000000 3.6251098793 -1.2027561476 1.2277308178 0.0000000000
8.1056313656 0.5400000000 3.6236094179 -1.2359080753 1.2084682011 0.0000000000
8.1063066672 0.5400000000 3.6220842277 -1.2698480943 1.1887914330 0.0000000000
8.1069819688 0.5400000000 3.6205371222 -1.3044981725 1.1687429794 0.0000000000
8.1076572704 0.5400000000 3.6189664981 -1.3398325418 1.1483267356 0.0000000000
8.1083325721 0.5400000000 3.6173860472 -1.3759553216 1.1275558201 0.0000000000
8.1090078737 0.5400000000 3.6157874002 -1.4126983143 1.1064640348 0.0000000000
8.1096831753 0.5400000000 3.6142019145 -1.4502033229 1.0851200886 0.0000000000
8.1103584769 0.5400000000 3.6125701529 -1.4886316470 1.0632217127 0.0000000000
8.1110337785 0.5400000000 3.6108775022 -1.5283474826 1.0405647756 0.0000000000
8.1117090802 0.5400000000 3.6091133711 -1.5697119938 1.0169624469 0.0000000000
8.1123843818 0.5400000000 3.6072722515 -1.6139981924 0.9918834887 0.0000000000
8.1130596834 0.5400000000 3.6052196343 -1.6626752525 0.9642021960 0.0000000000
8.1137349850 0.5400000000 3.6029017857 -1.7189588634 0.9324173574 0.0000000000
8.1144102866 0.5400000000 3.6000632085 -1.7880338329 0.8934330605 0.0000000000
8.1150855883 0.5400000000 3.5963852053 -1.8751848553 0.8438606391 0.0000000000
8.1157608899 0.5400000000 3.5923321215 -1.9725128642 0.7887171001 0.0000000000
8.1164361915 0.5400000000 3.5880603672 -2.0768991496 0.7298755690 0.0000000000
8.1171114931 0.5400000000 3.5825963761 -2.2075431043 0.6557620226 0.0000000000
8.1177867947 0.5400000000 3.5772071241 -2.3375174830 0.5822152629 0.0000000000
8.1184620964 0.5400000000 3.5714687161 -2.4750178971 0.5042614655 0.0000000000
8.1191373980 0.5400000000 3.5659221883 -2.6107507623 0.4277822083 0.0000000000
8.1198126996 0.5400000000 3.5612558069 -2.7337119809 0.3599321949 0.0000000000
8.1204880012 0.5400000000 3.5517300000 -2.9673750000 0.2283637598 0.0000000000
