# logAge Mass logTe Mbol logg C/O
4.1860800861 0.6000000000 4.1763400000 1.0932750000 4.3968212504 0.0000000000
4.1939196969 0.6000000000 4.1763350486 1.0930911918 4.3967279216 0.0000000000
4.2017593375 0.6000000000 4.1763293844 1.0929091096 4.3966324317 0.0000000000
4.2095990068 0.6000000000 4.1763230126 1.0927286277 4.3965347519 0.0000000000
4.2174387034 0.6000000000 4.1763159387 1.0925496209 4.3964348535 0.0000000000
4.2252784262 0.6000000000 4.1763081680 1.0923719636 4.3963327078 0.0000000000
4.2331181739 0.6000000000 4.1762997059 1.0921955306 4.3962282862 0.0000000000
4.2409579454 0.6000000000 4.1762905577 1.0920201962 4.3961215598 0.0000000000
4.2487977393 0.6000000000 4.1762807289 1.0918458352 4.3960125000 0.0000000000
4.2566375546 0.6000000000 4.1762702247 1.0916723221 4.3959010781 0.0000000000
4.2644773899 0.6000000000 4.1762590506 1.0914995314 4.3957872653 0.0000000000
4.2723172441 0.6000000000 4.1762472119 1.0913273378 4.3956710331 0.0000000000
4.2801571159 0.6000000000 4.1762347140 1.0911556158 4.3955523526 0.0000000000
4.2879970041 0.6000000000 4.1762215622 1.0909842399 4.3954311951 0.0000000000
4.2958369075 0.6000000000 4.1762077619 1.0908130848 4.3953075321 0.0000000000
4.3036768249 0.6000000000 4.1761933186 1.0906420251 4.3951813346 0.0000000000
4.3115167550 0.6000000000 4.1761782374 1.0904709353 4.3950525741 0.0000000000
4.3193566967 0.6000000000 4.1761625239 1.0902996899 4.3949212219 0.0000000000
4.3271966487 0.6000000000 4.1761461833 1.0901281636 4.3947872491 0.0000000000
4.3350366098 0.6000000000 4.1761292211 1.0899562309 4.3946506272 0.0000000000
4.3428765787 0.6000000000 4.1761116426 1.0897837665 4.3945113274 0.0000000000
4.3507165543 0.6000000000 4.1760934532 1.0896106448 4.3943693210 0.0000000000
4.3585565354 0.6000000000 4.1760746582 1.0894367404 4.3942245794 0.0000000000
4.3663965207 0.6000000000 4.1760552630 1.0892619280 4.3940770737 0.0000000000
4.3742365089 0.6000000000 4.1760352730 1.0890860821 4.3939267753 0.0000000000
4.3820764990 0.6000000000 4.1760146935 1.0889090773 4.3937736555 0.0000000000
4.3899164896 0.6000000000 4.1759935300 1.0887307881 4.3936176855 0.0000000000
4.3977564796 0.6000000000 4.1759717877 1.0885510892 4.3934588368 0.0000000000
4.4055964677 0.6000000000 4.1759494720 1.0883698550 4.3932970805 0.0000000000
4.4134364526 0.6000000000 4.1759265884 1.0881869602 4.3931323880 0.0000000000
4.4212764333 0.6000000000 4.1759031421 1.0880022794 4.3929647305 0.0000000000
4.4291164084 0.6000000000 4.1758791385 1.0878156870 4.3927940793 0.0000000000
4.4369563768 0.6000000000 4.1758545831 1.0876270578 4.3926204059 0.0000000000
4.4447963372 0.6000000000 4.1758294811 1.0874362663 4.3924436813 0.0000000000
4.4526362885 0.6000000000 4.1758038380 1.0872431869 4.3922638770 0.0000000000
4.4604762293 0.6000000000 4.1757776590 1.0870476944 4.3920809642 0.0000000000
4.4683161584 0.6000000000 4.1757509496 1.0868496633 4.3918949142 0.0000000000
4.4761560748 0.6000000000 4.1757237152 1.0866489682 4.3917056983 0.0000000000
4.4839959770 0.6000000000 4.1756959610 1.0864454836 4.3915132879 0.0000000000
4.4918358640 0.6000000000 4.1756676925 1.0862390841 4.3913176541 0.0000000000
4.4996757344 0.6000000000 4.1756389151 1.0860296443 4.3911187683 0.0000000000
4.5075155872 0.6000000000 4.1756096340 1.0858170388 4.3909166018 0.0000000000
4.5153554209 0.6000000000 4.1755798547 1.0856011421 4.3907111259 0.0000000000
4.5231952346 0.6000000000 4.1755495825 1.0853818288 4.3905023119 0.0000000000
4.5310350268 0.6000000000 4.1755188228 1.0851589735 4.3902901310 0.0000000000
4.5388747964 0.6000000000 4.1754875810 1.0849324508 4.3900745546 0.0000000000
4.5467145422 0.6000000000 4.1754558624 1.0847021352 4.3898555540 0.0000000000
4.5545542630 0.6000000000 4.1754236724 1.0844679013 4.3896331004 0.0000000000
4.5623939575 0.6000000000 4.1753910163 1.0842296237 4.3894071651 0.0000000000
4.5702336245 0.6000000000 4.1753578996 1.0839871769 4.3891777195 0.0000000000
4.5780732628 0.6000000000 4.1753243275 1.0837404356 4.3889447348 0.0000000000
4.5859128712 0.6000000000 4.1752903056 1.0834892742 4.3887081823 0.0000000000
4.5937524485 0.6000000000 4.1752558390 1.0832335675 4.3884680334 0.0000000000
4.6015919934 0.6000000000 4.1752209332 1.0829731899 4.3882242592 0.0000000000
4.6094315047 0.6000000000 4.1751855936 1.0827080161 4.3879768312 0.0000000000
4.6172709812 0.6000000000 4.1751498255 1.0824379205 4.3877257206 0.0000000000
4.6251104217 0.6000000000 4.1751136343 1.0821627778 4.3874708987 0.0000000000
4.6329498250 0.6000000000 4.1750770253 1.0818824626 4.3872123367 0.0000000000
4.6407891898 0.6000000000 4.1750400040 1.0815968494 4.3869500060 0.0000000000
4.6486285150 0.6000000000 4.1750025756 1.0813058128 4.3866838779 0.0000000000
4.6564677992 0.6000000000 4.1749647456 1.0810092273 4.3864139237 0.0000000000
4.6643070414 0.6000000000 4.1749265193 1.0807069676 4.3861401147 0.0000000000
4.6721462402 0.6000000000 4.1748879021 1.0803989083 4.3858624221 0.0000000000
4.6799853945 0.6000000000 4.1748488993 1.0800849238 4.3855808172 0.0000000000
4.6878245029 0.6000000000 4.1748095164 1.0797648888 4.3852952714 0.0000000000
4.6956635644 0.6000000000 4.1747697586 1.0794386778 4.3850057559 0.0000000000
4.7035025777 0.6000000000 4.1747296314 1.0791061655 4.3847122421 0.0000000000
4.7113415416 0.6000000000 4.1746891401 1.0787672263 4.3844147012 0.0000000000
4.7191804548 0.6000000000 4.1746482900 1.0784217350 4.3841131045 0.0000000000
4.7270193162 0.6000000000 4.1746070866 1.0780695659 4.3838074233 0.0000000000
4.7348581244 0.6000000000 4.1745655353 1.0777105938 4.3834976289 0.0000000000
4.7426968784 0.6000000000 4.1745236413 1.0773446931 4.3831836927 0.0000000000
4.7505355768 0.6000000000 4.1744814100 1.0769717386 4.3828655858 0.0000000000
4.7583742185 0.6000000000 4.1744388468 1.0765916046 4.3825432796 0.0000000000
4.7662128023 0.6000000000 4.1743959572 1.0762041659 4.3822167454 0.0000000000
4.7740513271 0.6000000000 4.1743527474 1.0758093326 4.3818859732 0.0000000000
4.7818897936 0.6000000000 4.1743092310 1.0754072318 4.3815510671 0.0000000000
4.7897282030 0.6000000000 4.1742654237 1.0749980720 4.3812121739 0.0000000000
4.7975665566 0.6000000000 4.1742213414 1.0745820621 4.3808694407 0.0000000000
4.8054048554 0.6000000000 4.1741769999 1.0741594107 4.3805230144 0.0000000000
4.8132431009 0.6000000000 4.1741324153 1.0737303267 4.3801730421 0.0000000000
4.8210812941 0.6000000000 4.1740876032 1.0732950188 4.3798196707 0.0000000000
4.8289194363 0.6000000000 4.1740425797 1.0728536957 4.3794630473 0.0000000000
4.8367575287 0.6000000000 4.1739973605 1.0724065662 4.3791033188 0.0000000000
4.8445955725 0.6000000000 4.1739519615 1.0719538390 4.3787406322 0.0000000000
4.8524335689 0.6000000000 4.1739063987 1.0714957230 4.3783751345 0.0000000000
4.8602715192 0.6000000000 4.1738606879 1.0710324268 4.3780069727 0.0000000000
4.8681094245 0.6000000000 4.1738148449 1.0705641592 4.3776362938 0.0000000000
4.8759472862 0.6000000000 4.1737688857 1.0700911289 4.3772632449 0.0000000000
4.8837851053 0.6000000000 4.1737228261 1.0696135448 4.3768879728 0.0000000000
4.8916228831 0.6000000000 4.1736766820 1.0691316155 4.3765106246 0.0000000000
4.8994606208 0.6000000000 4.1736304692 1.0686455498 4.3761313473 0.0000000000
4.9072983196 0.6000000000 4.1735842037 1.0681555565 4.3757502879 0.0000000000
4.9151359808 0.6000000000 4.1735379013 1.0676618443 4.3753675933 0.0000000000
4.9229736056 0.6000000000 4.1734915778 1.0671646220 4.3749834106 0.0000000000
4.9308111951 0.6000000000 4.1734452492 1.0666640984 4.3745978867 0.0000000000
4.9386487507 0.6000000000 4.1733989314 1.0661604821 4.3742111687 0.0000000000
4.9464862734 0.6000000000 4.1733526401 1.0656539819 4.3738234035 0.0000000000
4.9543237649 0.6000000000 4.1733063921 1.0651448250 4.3734347488 0.0000000000
4.9621612287 0.6000000000 4.1732602079 1.0646333253 4.3730454119 0.0000000000
4.9699986687 0.6000000000 4.1732141090 1.0641198229 4.3726556155 0.0000000000
4.9778360889 0.6000000000 4.1731681171 1.0636046576 4.3722655818 0.0000000000
4.9856734933 0.6000000000 4.1731222538 1.0630881694 4.3718755334 0.0000000000
4.9935108858 0.6000000000 4.1730765408 1.0625706982 4.3714856926 0.0000000000
5.0013482704 0.6000000000 4.1730309995 1.0620525838 4.3710962820 0.0000000000
5.0091856511 0.6000000000 4.1729856517 1.0615341662 4.3707075237 0.0000000000
5.0170230319 0.6000000000 4.1729405190 1.0610157853 4.3703196405 0.0000000000
5.0248604167 0.6000000000 4.1728956229 1.0604977810 4.3699328545 0.0000000000
5.0326978096 0.6000000000 4.1728509852 1.0599804932 4.3695473884 0.0000000000
5.0405352145 0.6000000000 4.1728066273 1.0594642618 4.3691634644 0.0000000000
5.0483726353 0.6000000000 4.1727625710 1.0589494268 4.3687813050 0.0000000000
5.0562100761 0.6000000000 4.1727188378 1.0584363281 4.3684011327 0.0000000000
5.0640475408 0.6000000000 4.1726754493 1.0579253055 4.3680231698 0.0000000000
5.0718850335 0.6000000000 4.1726324272 1.0574166990 4.3676476388 0.0000000000
5.0797225580 0.6000000000 4.1725897931 1.0569108485 4.3672747621 0.0000000000
5.0875601184 0.6000000000 4.1725475686 1.0564080939 4.3669047622 0.0000000000
5.0953977186 0.6000000000 4.1725057752 1.0559087752 4.3665378614 0.0000000000
5.1032353626 0.6000000000 4.1724644346 1.0554132312 4.3661742814 0.0000000000
5.1110730533 0.6000000000 4.1724235649 1.0549217590 4.3658142137 0.0000000000
5.1189107921 0.6000000000 4.1723831794 1.0544345982 4.3654578072 0.0000000000
5.1267485802 0.6000000000 4.1723432911 1.0539519837 4.3651052082 0.0000000000
5.1345864191 0.6000000000 4.1723039130 1.0534741509 4.3647565629 0.0000000000
5.1424243099 0.6000000000 4.1722650583 1.0530013349 4.3644120174 0.0000000000
5.1502622540 0.6000000000 4.1722267398 1.0525337708 4.3640717178 0.0000000000
5.1581002526 0.6000000000 4.1721889706 1.0520716939 4.3637358104 0.0000000000
5.1659383072 0.6000000000 4.1721517638 1.0516153394 4.3634044412 0.0000000000
5.1737764190 0.6000000000 4.1721151323 1.0511649423 4.3630777564 0.0000000000
5.1816145892 0.6000000000 4.1720790891 1.0507207380 4.3627559022 0.0000000000
5.1894528193 0.6000000000 4.1720436474 1.0502829616 4.3624390247 0.0000000000
5.1972911104 0.6000000000 4.1720088201 1.0498518482 4.3621272701 0.0000000000
5.2051294639 0.6000000000 4.1719746202 1.0494276331 4.3618207845 0.0000000000
5.2129678811 0.6000000000 4.1719410608 1.0490105514 4.3615197141 0.0000000000
5.2208063634 0.6000000000 4.1719081548 1.0486008383 4.3612242050 0.0000000000
5.2286449119 0.6000000000 4.1718759154 1.0481987291 4.3609344035 0.0000000000
5.2364835280 0.6000000000 4.1718443554 1.0478044588 4.3606504556 0.0000000000
5.2443222127 0.6000000000 4.1718134870 1.0474182424 4.3603724952 0.0000000000
5.2521609654 0.6000000000 4.1717833157 1.0470401713 4.3601005818 0.0000000000
5.2599997845 0.6000000000 4.1717538450 1.0466702900 4.3598347462 0.0000000000
5.2678386689 0.6000000000 4.1717250780 1.0463086431 4.3595750196 0.0000000000
5.2756776171 0.6000000000 4.1716970181 1.0459552751 4.3593214330 0.0000000000
5.2835166277 0.6000000000 4.1716696687 1.0456102305 4.3590740173 0.0000000000
5.2913556995 0.6000000000 4.1716430329 1.0452735539 4.3588328036 0.0000000000
5.2991948309 0.6000000000 4.1716171141 1.0449452898 4.3585978229 0.0000000000
5.3070340208 0.6000000000 4.1715919157 1.0446254826 4.3583691061 0.0000000000
5.3148732676 0.6000000000 4.1715674408 1.0443141770 4.3581466845 0.0000000000
5.3227125701 0.6000000000 4.1715436929 1.0440114174 4.3579305888 0.0000000000
5.3305519268 0.6000000000 4.1715206751 1.0437172484 4.3577208502 0.0000000000
5.3383913365 0.6000000000 4.1714983909 1.0434317145 4.3575174997 0.0000000000
5.3462307977 0.6000000000 4.1714768434 1.0431548602 4.3573205682 0.0000000000
5.3540703092 0.6000000000 4.1714560361 1.0428867300 4.3571300869 0.0000000000
5.3619098694 0.6000000000 4.1714359722 1.0426273685 4.3569460866 0.0000000000
5.3697494771 0.6000000000 4.1714166538 1.0423768147 4.3567685916 0.0000000000
5.3775891305 0.6000000000 4.1713980709 1.0421350492 4.3565975536 0.0000000000
5.3854288278 0.6000000000 4.1713802059 1.0419020181 4.3564328813 0.0000000000
5.3932685672 0.6000000000 4.1713630413 1.0416776667 4.3562744824 0.0000000000
5.4011083468 0.6000000000 4.1713465596 1.0414619405 4.3561222650 0.0000000000
5.4089481647 0.6000000000 4.1713307432 1.0412547849 4.3559761371 0.0000000000
5.4167880191 0.6000000000 4.1713155745 1.0410561455 4.3558360066 0.0000000000
5.4246279081 0.6000000000 4.1713010360 1.0408659675 4.3557017814 0.0000000000
5.4324678299 0.6000000000 4.1712871101 1.0406841966 4.3555733695 0.0000000000
5.4403077826 0.6000000000 4.1712737793 1.0405107781 4.3554506789 0.0000000000
5.4481477643 0.6000000000 4.1712610261 1.0403456574 4.3553336176 0.0000000000
5.4559877733 0.6000000000 4.1712488327 1.0401887801 4.3552220934 0.0000000000
5.4638278076 0.6000000000 4.1712371818 1.0400400915 4.3551160144 0.0000000000
5.4716678654 0.6000000000 4.1712260558 1.0398995371 4.3550152884 0.0000000000
5.4795079448 0.6000000000 4.1712154370 1.0397670624 4.3549198235 0.0000000000
5.4873480441 0.6000000000 4.1712053079 1.0396426090 4.3548295255 0.0000000000
5.4951881615 0.6000000000 4.1711956464 1.0395260191 4.3547442436 0.0000000000
5.5030282960 0.6000000000 4.1711864261 1.0394170267 4.3546637655 0.0000000000
5.5108684463 0.6000000000 4.1711776204 1.0393153606 4.3545878761 0.0000000000
5.5187086112 0.6000000000 4.1711692024 1.0392207495 4.3545163599 0.0000000000
5.5265487895 0.6000000000 4.1711611456 1.0391329220 4.3544490018 0.0000000000
5.5343889800 0.6000000000 4.1711534233 1.0390516069 4.3543855864 0.0000000000
5.5422291815 0.6000000000 4.1711460087 1.0389765328 4.3543258984 0.0000000000
5.5500693927 0.6000000000 4.1711388752 1.0389074285 4.3542697227 0.0000000000
5.5579096125 0.6000000000 4.1711319961 1.0388440227 4.3542168438 0.0000000000
5.5657498396 0.6000000000 4.1711253446 1.0387860440 4.3541670466 0.0000000000
5.5735900729 0.6000000000 4.1711188942 1.0387332211 4.3541201156 0.0000000000
5.5814303111 0.6000000000 4.1711126181 1.0386852828 4.3540758358 0.0000000000
5.5892705530 0.6000000000 4.1711064896 1.0386419578 4.3540339917 0.0000000000
5.5971107974 0.6000000000 4.1711004820 1.0386029747 4.3539943681 0.0000000000
5.6049510433 0.6000000000 4.1710945677 1.0385680594 4.3539567450 0.0000000000
5.6127912903 0.6000000000 4.1710887147 1.0385369229 4.3539208785 0.0000000000
5.6206315382 0.6000000000 4.1710828895 1.0385092716 4.3538865171 0.0000000000
5.6284717871 0.6000000000 4.1710770585 1.0384848119 4.3538534091 0.0000000000
5.6363120367 0.6000000000 4.1710711882 1.0384632501 4.3538213031 0.0000000000
5.6441522869 0.6000000000 4.1710652450 1.0384442926 4.3537899475 0.0000000000
5.6519925376 0.6000000000 4.1710591955 1.0384276458 4.3537590906 0.0000000000
5.6598327888 0.6000000000 4.1710530061 1.0384130160 4.3537284811 0.0000000000
5.6676730403 0.6000000000 4.1710466433 1.0384001096 4.3536978673 0.0000000000
5.6755132919 0.6000000000 4.1710400735 1.0383886329 4.3536669976 0.0000000000
5.6833535436 0.6000000000 4.1710332633 1.0383782924 4.3536356205 0.0000000000
5.6911937953 0.6000000000 4.1710261791 1.0383687944 4.3536034845 0.0000000000
5.6990340468 0.6000000000 4.1710187874 1.0383598453 4.3535703380 0.0000000000
5.7068742980 0.6000000000 4.1710110546 1.0383511514 4.3535359295 0.0000000000
5.7147145488 0.6000000000 4.1710029521 1.0383424385 4.3535000342 0.0000000000
5.7225547992 0.6000000000 4.1709944795 1.0383335483 4.3534625876 0.0000000000
5.7303950492 0.6000000000 4.1709856470 1.0383243655 4.3534235847 0.0000000000
5.7382352987 0.6000000000 4.1709764651 1.0383147748 4.3533830206 0.0000000000
5.7460755477 0.6000000000 4.1709669438 1.0383046610 4.3533408901 0.0000000000
5.7539157962 0.6000000000 4.1709570936 1.0382939087 4.3532971885 0.0000000000
5.7617560442 0.6000000000 4.1709469248 1.0382824029 4.3532519106 0.0000000000
5.7695962916 0.6000000000 4.1709364475 1.0382700281 4.3532050515 0.0000000000
5.7774365385 0.6000000000 4.1709256721 1.0382566691 4.3531566063 0.0000000000
5.7852767847 0.6000000000 4.1709146088 1.0382422107 4.3531065699 0.0000000000
5.7931170304 0.6000000000 4.1709032680 1.0382265376 4.3530549374 0.0000000000
5.8009572755 0.6000000000 4.1708916599 1.0382095346 4.3530017038 0.0000000000
5.8087975199 0.6000000000 4.1708797948 1.0381910863 4.3529468641 0.0000000000
5.8166377637 0.6000000000 4.1708676829 1.0381710776 4.3528904131 0.0000000000
5.8244780067 0.6000000000 4.1708553158 1.0381494119 4.3528322784 0.0000000000
5.8323182486 0.6000000000 4.1708426422 1.0381260355 4.3527722334 0.0000000000
5.8401584891 0.6000000000 4.1708296049 1.0381009004 4.3527100301 0.0000000000
5.8479987280 0.6000000000 4.1708161466 1.0380739588 4.3526454204 0.0000000000
5.8558389648 0.6000000000 4.1708022102 1.0380451629 4.3525781562 0.0000000000
5.8636791993 0.6000000000 4.1707877383 1.0380144649 4.3525079894 0.0000000000
5.8715194311 0.6000000000 4.1707726737 1.0379818168 4.3524346719 0.0000000000
5.8793596598 0.6000000000 4.1707569593 1.0379471708 4.3523579557 0.0000000000
5.8871998853 0.6000000000 4.1707405377 1.0379104791 4.3522775927 0.0000000000
5.8950401071 0.6000000000 4.1707233517 1.0378716939 4.3521933347 0.0000000000
5.9028803250 0.6000000000 4.1707053441 1.0378307672 4.3521049337 0.0000000000
5.9107205385 0.6000000000 4.1706864577 1.0377876513 4.3520121416 0.0000000000
5.9185607475 0.6000000000 4.1706666353 1.0377422984 4.3519147111 0.0000000000
5.9264009517 0.6000000000 4.1706458765 1.0376946853 4.3518126304 0.0000000000
5.9342411516 0.6000000000 4.1706243191 1.0376448491 4.3517064664 0.0000000000
5.9420813476 0.6000000000 4.1706021220 1.0375928360 4.3515968729 0.0000000000
5.9499215402 0.6000000000 4.1705794441 1.0375386924 4.3514845039 0.0000000000
5.9577617298 0.6000000000 4.1705564442 1.0374824643 4.3513700131 0.0000000000
5.9656019170 0.6000000000 4.1705332812 1.0374241981 4.3512540545 0.0000000000
5.9734421021 0.6000000000 4.1705101139 1.0373639400 4.3511372820 0.0000000000
5.9812822857 0.6000000000 4.1704871011 1.0373017361 4.3510203494 0.0000000000
5.9891224681 0.6000000000 4.1704644018 1.0372376328 4.3509039106 0.0000000000
5.9969626499 0.6000000000 4.1704421747 1.0371716762 4.3507886196 0.0000000000
6.0048028316 0.6000000000 4.1704205787 1.0371039125 4.3506751300 0.0000000000
6.0126430136 0.6000000000 4.1703997726 1.0370343880 4.3505640960 0.0000000000
6.0204831963 0.6000000000 4.1703799080 1.0369631742 4.3504561521 0.0000000000
6.0283233803 0.6000000000 4.1703609793 1.0368908855 4.3503515216 0.0000000000
6.0361635663 0.6000000000 4.1703428293 1.0368186593 4.3502500313 0.0000000000
6.0440037550 0.6000000000 4.1703252948 1.0367476546 4.3501514916 0.0000000000
6.0518439469 0.6000000000 4.1703082127 1.0366790299 4.3500557132 0.0000000000
6.0596841427 0.6000000000 4.1702914197 1.0366139442 4.3499625067 0.0000000000
6.0675243431 0.6000000000 4.1702747525 1.0365535561 4.3498716826 0.0000000000
6.0753645487 0.6000000000 4.1702580479 1.0364990244 4.3497830517 0.0000000000
6.0832047602 0.6000000000 4.1702411427 1.0364515079 4.3496964244 0.0000000000
6.0910449782 0.6000000000 4.1702238749 1.0364121425 4.3496116069 0.0000000000
6.0988852024 0.6000000000 4.1702061432 1.0363808606 4.3495281673 0.0000000000
6.1067254311 0.6000000000 4.1701879362 1.0363558184 4.3494453224 0.0000000000
6.1145656625 0.6000000000 4.1701692497 1.0363350293 4.3493622609 0.0000000000
6.1224058948 0.6000000000 4.1701500796 1.0363165067 4.3492781715 0.0000000000
6.1302461261 0.6000000000 4.1701304217 1.0362982641 4.3491922427 0.0000000000
6.1380863547 0.6000000000 4.1701102718 1.0362783147 4.3491036633 0.0000000000
6.1459265788 0.6000000000 4.1700896257 1.0362546721 4.3490116218 0.0000000000
6.1537667966 0.6000000000 4.1700684792 1.0362253496 4.3489153070 0.0000000000
6.1616070061 0.6000000000 4.1700468282 1.0361883607 4.3488139075 0.0000000000
6.1694472060 0.6000000000 4.1700246747 1.0361419864 4.3487067436 0.0000000000
6.1772873974 0.6000000000 4.1700020867 1.0360873762 4.3485945476 0.0000000000
6.1851275834 0.6000000000 4.1699791725 1.0360274208 4.3484789086 0.0000000000
6.1929677670 0.6000000000 4.1699560409 1.0359650352 4.3483614279 0.0000000000
6.2008079511 0.6000000000 4.1699328006 1.0359031347 4.3482437068 0.0000000000
6.2086481388 0.6000000000 4.1699095606 1.0358446344 4.3481273464 0.0000000000
6.2164883331 0.6000000000 4.1698864292 1.0357924461 4.3480139458 0.0000000000
6.2243285353 0.6000000000 4.1698634112 1.0357481446 4.3479041529 0.0000000000
6.2321687429 0.6000000000 4.1698402472 1.0357099142 4.3477962050 0.0000000000
6.2400089525 0.6000000000 4.1698166372 1.0356754102 4.3476879631 0.0000000000
6.2478491607 0.6000000000 4.1697922807 1.0356422876 4.3475772882 0.0000000000
6.2556893644 0.6000000000 4.1697668775 1.0356082018 4.3474620411 0.0000000000
6.2635295602 0.6000000000 4.1697401273 1.0355708079 4.3473400828 0.0000000000
6.2713697448 0.6000000000 4.1697117299 1.0355277611 4.3472092743 0.0000000000
6.2792099153 0.6000000000 4.1696814555 1.0354770996 4.3470679123 0.0000000000
6.2870500712 0.6000000000 4.1696494119 1.0354186904 4.3469163742 0.0000000000
6.2948902125 0.6000000000 4.1696158072 1.0353529458 4.3467556577 0.0000000000
6.3027303395 0.6000000000 4.1695808497 1.0352802779 4.3465867605 0.0000000000
6.3105704520 0.6000000000 4.1695447476 1.0352010992 4.3464106804 0.0000000000
6.3184105503 0.6000000000 4.1695077090 1.0351158218 4.3462284153 0.0000000000
6.3262506344 0.6000000000 4.1694699423 1.0350248580 4.3460409628 0.0000000000
6.3340907043 0.6000000000 4.1694315833 1.0349286340 4.3458490373 0.0000000000
6.3419307599 0.6000000000 4.1693924805 1.0348276307 4.3456522248 0.0000000000
6.3497708009 0.6000000000 4.1693524107 1.0347223430 4.3454498303 0.0000000000
6.3576108269 0.6000000000 4.1693111506 1.0346132655 4.3452411590 0.0000000000
6.3654508378 0.6000000000 4.1692684771 1.0345008929 4.3450255159 0.0000000000
6.3732908333 0.6000000000 4.1692241669 1.0343857201 4.3448022060 0.0000000000
6.3811308131 0.6000000000 4.1691780653 1.0342680944 4.3445707494 0.0000000000
6.3889707768 0.6000000000 4.1691303789 1.0341475853 4.3443318001 0.0000000000
6.3968107239 0.6000000000 4.1690814329 1.0340235067 4.3440863847 0.0000000000
6.4046506539 0.6000000000 4.1690315528 1.0338951722 4.3438355304 0.0000000000
6.4124905664 0.6000000000 4.1689810639 1.0337618957 4.3435802641 0.0000000000
6.4203304609 0.6000000000 4.1689302907 1.0336229928 4.3433216101 0.0000000000
6.4281703371 0.6000000000 4.1688793377 1.0334782699 4.3430599093 0.0000000000
6.4360101951 0.6000000000 4.1688278067 1.0333286559 4.3427939395 0.0000000000
6.4438500348 0.6000000000 4.1687752291 1.0331752360 4.3425222612 0.0000000000
6.4516898563 0.6000000000 4.1687211365 1.0330190952 4.3422434346 0.0000000000
6.4595296597 0.6000000000 4.1686650606 1.0328613182 4.3419560203 0.0000000000
6.4673694431 0.6000000000 4.1686067132 1.0327021595 4.3416589668 0.0000000000
6.4752091990 0.6000000000 4.1685463625 1.0325393062 4.3413524229 0.0000000000
6.4830489184 0.6000000000 4.1684843844 1.0323699508 4.3410367684 0.0000000000
6.4908885926 0.6000000000 4.1684211546 1.0321912860 4.3407123830 0.0000000000
6.4987282133 0.6000000000 4.1683570339 1.0320006539 4.3403796474 0.0000000000
6.5065677826 0.6000000000 4.1682920637 1.0317986387 4.3400389606 0.0000000000
6.5144073123 0.6000000000 4.1682259760 1.0315889615 4.3396907390 0.0000000000
6.5222468149 0.6000000000 4.1681584902 1.0313754717 4.3393353999 0.0000000000
6.5300863027 0.6000000000 4.1680893286 1.0311619896 4.3389733605 0.0000000000
6.5379257805 0.6000000000 4.1680184413 1.0309500169 4.3386050225 0.0000000000
6.5457652407 0.6000000000 4.1679461694 1.0307370833 4.3382307615 0.0000000000
6.5536046745 0.6000000000 4.1678728922 1.0305203287 4.3378509506 0.0000000000
6.5614440728 0.6000000000 4.1677989888 1.0302968928 4.3374659628 0.0000000000
6.5692834259 0.6000000000 4.1677245937 1.0300644039 4.3370753869 0.0000000000
6.5771227208 0.6000000000 4.1676489008 1.0298223652 4.3366757995 0.0000000000
6.5849619436 0.6000000000 4.1675708781 1.0295707299 4.3362630547 0.0000000000
6.5928010805 0.6000000000 4.1674894990 1.0293094552 4.3358330284 0.0000000000
6.6006401275 0.6000000000 4.1674043624 1.0290390006 4.3353843001 0.0000000000
6.6084790999 0.6000000000 4.1673162911 1.0287608076 4.3349207378 0.0000000000
6.6163180153 0.6000000000 4.1672262498 1.0284764318 4.3344468225 0.0000000000
6.6241568889 0.6000000000 4.1671350628 1.0281872693 4.3339664095 0.0000000000
6.6319957196 0.6000000000 4.1670425838 1.0278936155 4.3334790316 0.0000000000
6.6398344998 0.6000000000 4.1669482562 1.0275953010 4.3329823957 0.0000000000
6.6476732218 0.6000000000 4.1668515812 1.0272920954 4.3324744132 0.0000000000
6.6555118822 0.6000000000 4.1667529346 1.0269828870 4.3319561435 0.0000000000
6.6633504807 0.6000000000 4.1666533639 1.0266658879 4.3314310611 0.0000000000
6.6711890177 0.6000000000 4.1665538700 1.0263394960 4.3309025286 0.0000000000
6.6790275040 0.6000000000 4.1664543533 1.0260056160 4.3303709099 0.0000000000
6.6868659599 0.6000000000 4.1663537849 1.0256691149 4.3298340360 0.0000000000
6.6947044031 0.6000000000 4.1662511368 1.0253345805 4.3292896298 0.0000000000
6.7025428139 0.6000000000 4.1661458863 1.0250003269 4.3287349265 0.0000000000
6.7103811407 0.6000000000 4.1660379315 1.0246594490 4.3281667560 0.0000000000
6.7182193320 0.6000000000 4.1659271731 1.0243050523 4.3275819637 0.0000000000
6.7260573616 0.6000000000 4.1658132534 1.0239346662 4.3269781306 0.0000000000
6.7338952300 0.6000000000 4.1656955377 1.0235505582 4.3263536246 0.0000000000
6.7417329419 0.6000000000 4.1655735532 1.0231551333 4.3257075165 0.0000000000
6.7495705177 0.6000000000 4.1654478654 1.0227502364 4.3250428067 0.0000000000
6.7574079832 0.6000000000 4.1653194153 1.0223374831 4.3243639049 0.0000000000
6.7652453532 0.6000000000 4.1651889234 1.0219175078 4.3236739471 0.0000000000
6.7730826278 0.6000000000 4.1650568167 1.0214896429 4.3229743744 0.0000000000
6.7809198096 0.6000000000 4.1649234477 1.0210536661 4.3222665078 0.0000000000
6.7887569154 0.6000000000 4.1647889662 1.0206113469 4.3215516539 0.0000000000
6.7965939625 0.6000000000 4.1646534090 1.0201647197 4.3208307741 0.0000000000
6.8044309326 0.6000000000 4.1645159632 1.0197132479 4.3201004023 0.0000000000
6.8122677819 0.6000000000 4.1643752241 1.0192545526 4.3193539679 0.0000000000
6.8201044220 0.6000000000 4.1642297790 1.0187827066 4.3185834489 0.0000000000
6.8279406923 0.6000000000 4.1640782221 1.0182860677 4.3177785659 0.0000000000
6.8357765278 0.6000000000 4.1639205155 1.0177593680 4.3169370596 0.0000000000
6.8436121879 0.6000000000 4.1637609785 1.0172193324 4.3160828974 0.0000000000
6.8514478878 0.6000000000 4.1636026644 1.0166808727 4.3152342570 0.0000000000
6.8592834750 0.6000000000 4.1634414314 1.0161380257 4.3143721862 0.0000000000
6.8671188217 0.6000000000 4.1632742485 1.0155847171 4.3134821312 0.0000000000
6.8749540920 0.6000000000 4.1631055970 1.0150271347 4.3125844924 0.0000000000
6.8827893863 0.6000000000 4.1629384377 1.0144688731 4.3116925505 0.0000000000
6.8906244458 0.6000000000 4.1627668950 1.0138987541 4.3107783322 0.0000000000
6.8984590263 0.6000000000 4.1625863842 1.0133049407 4.3098187634 0.0000000000
6.9062931117 0.6000000000 4.1624004279 1.0126816345 4.3088256157 0.0000000000
6.9141268339 0.6000000000 4.1622124666 1.0120341617 4.3078147813 0.0000000000
6.9219605058 0.6000000000 4.1620230937 1.0113852363 4.3067977198 0.0000000000
6.9297940499 0.6000000000 4.1618299112 1.0107339033 4.3057644566 0.0000000000
6.9376270912 0.6000000000 4.1616289492 1.0100600510 4.3046910677 0.0000000000
6.9454596379 0.6000000000 4.1614214737 1.0093625250 4.3035821553 0.0000000000
6.9532917770 0.6000000000 4.1612100026 1.0086443124 4.3024489856 0.0000000000
6.9611233172 0.6000000000 4.1609937102 1.0078953193 4.3012842190 0.0000000000
6.9689545112 0.6000000000 4.1607741083 1.0071295899 4.3000995197 0.0000000000
6.9767858299 0.6000000000 4.1605538378 1.0063731117 4.2989158465 0.0000000000
6.9846168843 0.6000000000 4.1603297799 1.0056068009 4.2977130902 0.0000000000
6.9924475118 0.6000000000 4.1601009848 1.0048219396 4.2964839655 0.0000000000
7.0002779238 0.6000000000 4.1598694283 1.0040286741 4.2952404331 0.0000000000
7.0081077032 0.6000000000 4.1596311898 1.0032093976 4.2939597685 0.0000000000
7.0159364706 0.6000000000 4.1593836168 1.0023478183 4.2926248449 0.0000000000
7.0237642546 0.6000000000 4.1591281291 1.0014459369 4.2912421415 0.0000000000
7.0315914891 0.6000000000 4.1588661859 1.0005260329 4.2898264070 0.0000000000
7.0394185104 0.6000000000 4.1586030421 0.9995968722 4.2884021678 0.0000000000
7.0472451388 0.6000000000 4.1583369066 0.9986525341 4.2869598904 0.0000000000
7.0550706013 0.6000000000 4.1580516505 0.9976830172 4.2854310593 0.0000000000
7.0628950812 0.6000000000 4.1577668618 0.9966644702 4.2838844858 0.0000000000
7.0707189692 0.6000000000 4.1574802669 0.9956209421 4.2823206947 0.0000000000
7.0785423996 0.6000000000 4.1571799723 0.9945799212 4.2807031082 0.0000000000
7.0863653506 0.6000000000 4.1568817908 0.9935129936 4.2790836109 0.0000000000
7.0941876496 0.6000000000 4.1565800590 0.9924225034 4.2774404878 0.0000000000
7.1020085336 0.6000000000 4.1562577176 0.9913059193 4.2757044887 0.0000000000
7.1098278167 0.6000000000 4.1559291023 0.9901323711 4.2739206081 0.0000000000
7.1176464263 0.6000000000 4.1556038530 0.9889250988 4.2721367021 0.0000000000
7.1254647623 0.6000000000 4.1552700278 0.9877214667 4.2703199483 0.0000000000
7.1332819759 0.6000000000 4.1549281617 0.9864867849 4.2684586111 0.0000000000
7.1410980860 0.6000000000 4.1545723189 0.9852332424 4.2665338228 0.0000000000
7.1489128693 0.6000000000 4.1542115114 0.9839375187 4.2645723033 0.0000000000
7.1567252827 0.6000000000 4.1538331400 0.9825851046 4.2625178523 0.0000000000
7.1645390629 0.6000000000 4.1534780287 0.9812427923 4.2605604821 0.0000000000
7.1723540239 0.6000000000 4.1531205087 0.9799472897 4.2586122010 0.0000000000
7.1801648728 0.6000000000 4.1527261505 0.9785684134 4.2564832179 0.0000000000
7.1879721438 0.6000000000 4.1523146310 0.9770956679 4.2542480416 0.0000000000
7.1957799316 0.6000000000 4.1519307553 0.9755941690 4.2521119390 0.0000000000
7.2035895970 0.6000000000 4.1515327295 0.9741795780 4.2499539995 0.0000000000
7.2113963417 0.6000000000 4.1511136313 0.9727036326 4.2476872287 0.0000000000
7.2191988435 0.6000000000 4.1506815047 0.9711148351 4.2453232034 0.0000000000
7.2269996404 0.6000000000 4.1502411320 0.9694883831 4.2429111315 0.0000000000
7.2347987577 0.6000000000 4.1497836854 0.9678411934 4.2404224692 0.0000000000
7.2425933097 0.6000000000 4.1493045833 0.9661002874 4.2378096984 0.0000000000
7.2503848263 0.6000000000 4.1488265779 0.9642748929 4.2351675193 0.0000000000
7.2581802007 0.6000000000 4.1483680196 0.9625225427 4.2326323457 0.0000000000
7.2659719412 0.6000000000 4.1478680126 0.9607395957 4.2299191390 0.0000000000
7.2737549019 0.6000000000 4.1473400428 0.9587790857 4.2270230558 0.0000000000
7.2815376733 0.6000000000 4.1468164099 0.9568078705 4.2241400383 0.0000000000
7.2893388130 0.6000000000 4.1463746957 0.9552095727 4.2217338621 0.0000000000
7.2971320334 0.6000000000 4.1459079329 0.9534357213 4.2191572705 0.0000000000
7.3049332915 0.6000000000 4.1454374584 0.9518817453 4.2166537821 0.0000000000
7.3127217736 0.6000000000 4.1449228155 0.9500359791 4.2138569040 0.0000000000
7.3205036926 0.6000000000 4.1443947438 0.9480474538 4.2109492069 0.0000000000
7.3282811346 0.6000000000 4.1438433995 0.9459909934 4.2079212456 0.0000000000
7.3360544363 0.6000000000 4.1432797066 0.9438583084 4.2048134001 0.0000000000
7.3438235123 0.6000000000 4.1426920732 0.9416708151 4.2015878692 0.0000000000
7.3515903866 0.6000000000 4.1421035905 0.9394347580 4.1983395154 0.0000000000
7.3593564209 0.6000000000 4.1415114727 0.9371961883 4.1950756165 0.0000000000
7.3671154655 0.6000000000 4.1408895569 0.9348530740 4.1916507076 0.0000000000
7.3748235122 0.6000000000 4.1401387464 0.9318523556 4.1874471783 0.0000000000
7.3826035054 0.6000000000 4.1395904320 0.9298133484 4.1844383177 0.0000000000
7.3903636770 0.6000000000 4.1389603116 0.9275056518 4.1809947573 0.0000000000
7.3981069004 0.6000000000 4.1382799658 0.9249465371 4.1772497283 0.0000000000
7.4058466438 0.6000000000 4.1375928383 0.9223317457 4.1734553018 0.0000000000
7.4135799746 0.6000000000 4.1368892460 0.9196279917 4.1695594312 0.0000000000
7.4213042558 0.6000000000 4.1361415451 0.9168383968 4.1654527895 0.0000000000
7.4290181846 0.6000000000 4.1353792748 0.9138972410 4.1612272461 0.0000000000
7.4367272534 0.6000000000 4.1345948213 0.9109139062 4.1568960979 0.0000000000
7.4444190321 0.6000000000 4.1337668015 0.9077315270 4.1523110672 0.0000000000
7.4521057510 0.6000000000 4.1329194931 0.9045048282 4.1476311539 0.0000000000
7.4597883832 0.6000000000 4.1320746728 0.9012138577 4.1429354845 0.0000000000
7.4674906933 0.6000000000 4.1312944436 0.8981196007 4.1385768652 0.0000000000
7.4751859013 0.6000000000 4.1304449454 0.8950316061 4.1339436743 0.0000000000
7.4828343594 0.6000000000 4.1294961673 0.8914341736 4.1287095889 0.0000000000
7.4904749092 0.6000000000 4.1285453390 0.8877365377 4.1234272214 0.0000000000
7.4981192913 0.6000000000 4.1276075076 0.8840679642 4.1182084667 0.0000000000
7.5057752516 0.6000000000 4.1266936478 0.8805142784 4.1131315530 0.0000000000
7.5134085713 0.6000000000 4.1257030331 0.8767915571 4.1076800057 0.0000000000
7.5210528353 0.6000000000 4.1247761221 0.8731135703 4.1025011668 0.0000000000
7.5286884342 0.6000000000 4.1237929833 0.8694071798 4.0970860554 0.0000000000
7.5362999892 0.6000000000 4.1227687586 0.8654666350 4.0914129386 0.0000000000
7.5438912421 0.6000000000 4.1217068119 0.8613519380 4.0855192731 0.0000000000
7.5515165716 0.6000000000 4.1207382972 0.8574932750 4.0801017493 0.0000000000
7.5591101649 0.6000000000 4.1196586073 0.8534334341 4.0741590532 0.0000000000
7.5666669651 0.6000000000 4.1185288353 0.8490417452 4.0678832895 0.0000000000
7.5742120161 0.6000000000 4.1173683270 0.8445760722 4.0614549872 0.0000000000
7.5817871104 0.6000000000 4.1162611987 0.8403483998 4.0553354051 0.0000000000
7.5893359589 0.6000000000 4.1151055671 0.8359161048 4.0489399605 0.0000000000
7.5967962175 0.6000000000 4.1137845278 0.8308759967 4.0416397601 0.0000000000
7.6042524274 0.6000000000 4.1124668003 0.8257913235 4.0343349809 0.0000000000
7.6117203827 0.6000000000 4.1111604008 0.8207962127 4.0271113385 0.0000000000
7.6192045218 0.6000000000 4.1098916955 0.8158924268 4.0200750031 0.0000000000
7.6266757349 0.6000000000 4.1085964332 0.8109089231 4.0129005526 0.0000000000
7.6341739985 0.6000000000 4.1073549766 0.8061084217 4.0060145254 0.0000000000
7.6415542285 0.6000000000 4.1058917039 0.8005996580 3.9979579292 0.0000000000
7.6489221030 0.6000000000 4.1044243146 0.7949926269 3.9898455595 0.0000000000
7.6562699588 0.6000000000 4.1029212494 0.7892818598 3.9815489920 0.0000000000
7.6636224315 0.6000000000 4.1014338717 0.7835822559 3.9733196395 0.0000000000
7.6709975036 0.6000000000 4.0999935782 0.7780011427 3.9653260203 0.0000000000
7.6783660816 0.6000000000 4.0985233662 0.7724246329 3.9572145682 0.0000000000
7.6855798790 0.6000000000 4.0968273228 0.7660256309 3.9478707941 0.0000000000
7.6927900701 0.6000000000 4.0951312637 0.7596003071 3.9385164282 0.0000000000
7.7000192576 0.6000000000 4.0934718676 0.7532493563 3.9293384635 0.0000000000
7.7072300878 0.6000000000 4.0917847162 0.7468137416 3.9200156118 0.0000000000
7.7145057889 0.6000000000 4.0902073784 0.7407127335 3.9112658575 0.0000000000
7.7217071513 0.6000000000 4.0885025828 0.7342694302 3.9018693537 0.0000000000
7.7288123628 0.6000000000 4.0866926088 0.7273295051 3.8918534877 0.0000000000
7.7359177888 0.6000000000 4.0848767549 0.7204010901 3.8818187059 0.0000000000
7.7430435107 0.6000000000 4.0830951787 0.7135458711 3.8719503136 0.0000000000
7.7501697231 0.6000000000 4.0813195628 0.7066844283 3.8621032728 0.0000000000
7.7573248624 0.6000000000 4.0795896614 0.6999390732 3.8524855253 0.0000000000
7.7644936979 0.6000000000 4.0779072480 0.6932149470 3.8430662211 0.0000000000
7.7713677051 0.6000000000 4.0758258344 0.6853587799 3.8315980998 0.0000000000
7.7783829277 0.6000000000 4.0739526733 0.6779711925 3.8211504208 0.0000000000
7.7854343115 0.6000000000 4.0721152323 0.6707408064 3.8109085022 0.0000000000
7.7925670626 0.6000000000 4.0704462095 0.6639047113 3.8014979730 0.0000000000
7.7995236373 0.6000000000 4.0685270878 0.6562833324 3.7907729346 0.0000000000
7.8063448808 0.6000000000 4.0664792700 0.6481266948 3.7793190081 0.0000000000
7.8133683766 0.6000000000 4.0646690702 0.6407334637 3.7691209167 0.0000000000
7.8201759725 0.6000000000 4.0626909972 0.6325299262 3.7579272095 0.0000000000
7.8269624504 0.6000000000 4.0607278509 0.6242627417 3.7467677508 0.0000000000
7.8338236676 0.6000000000 4.0589032670 0.6165433597 3.7363816622 0.0000000000
7.8404982516 0.6000000000 4.0568833823 0.6081019709 3.7249255678 0.0000000000
7.8471961171 0.6000000000 4.0550170856 0.5996626050 3.7140846348 0.0000000000
7.8540372142 0.6000000000 4.0538577129 0.5933068582 3.7069048451 0.0000000000
7.8607964215 0.6000000000 4.0521389613 0.5851161409 3.6967535521 0.0000000000
7.8674740136 0.6000000000 4.0504355251 0.5766309181 3.6865457180 0.0000000000
7.8741022230 0.6000000000 4.0487185012 0.5678641123 3.6761709000 0.0000000000
7.8808840813 0.6000000000 4.0473400881 0.5599908593 3.6675079464 0.0000000000
7.8875838697 0.6000000000 4.0459511602 0.5518505943 3.6586961288 0.0000000000
7.8941809538 0.6000000000 4.0445551496 0.5425657550 3.6493981507 0.0000000000
7.9006586563 0.6000000000 4.0432733879 0.5324689127 3.6402323671 0.0000000000
7.9063737069 0.6000000000 4.0420814792 0.5242450705 3.6321751955 0.0000000000
7.9119013826 0.6000000000 4.0406292032 0.5142224434 3.6223570405 0.0000000000
7.9175957299 0.6000000000 4.0398202745 0.5054007122 3.6155926331 0.0000000000
7.9231113207 0.6000000000 4.0393164824 0.4969198024 3.6101851011 0.0000000000
7.9286264057 0.6000000000 4.0385732877 0.4888363684 3.6039789483 0.0000000000
7.9328217654 0.6000000000 4.0392597772 0.4725110133 3.6001947644 0.0000000000
7.9369199192 0.6000000000 4.0424085760 0.4578209651 3.6069139404 0.0000000000
7.9402129363 0.6000000000 4.0465489761 0.4433846273 3.6177010057 0.0000000000
7.9426679281 0.6000000000 4.0508657044 0.4282387378 3.6289095629 0.0000000000
7.9443926788 0.6000000000 4.0547006362 0.4117048499 3.6376357350 0.0000000000
7.9455678763 0.6000000000 4.0573247554 0.3935299829 3.6408622652 0.0000000000
7.9463054747 0.6000000000 4.0581942115 0.3741645384 3.6365939116 0.0000000000
7.9467940270 0.6000000000 4.0577888985 0.3546446478 3.6271647035 0.0000000000
7.9471355098 0.6000000000 4.0564343754 0.3353661903 3.6140352280 0.0000000000
7.9473892703 0.6000000000 4.0543860047 0.3164618465 3.5982800079 0.0000000000
7.9475847354 0.6000000000 4.0517739750 0.2979905507 3.5804433705 0.0000000000
7.9477407911 0.6000000000 4.0487094781 0.2799561457 3.5609716211 0.0000000000
7.9478684212 0.6000000000 4.0452641310 0.2623544520 3.5401495551 0.0000000000
7.9479734353 0.6000000000 4.0414760163 0.2451968929 3.5181340729 0.0000000000
7.9480634920 0.6000000000 4.0374200000 0.2284250000 3.4952012504 0.0000000000
7.9481327491 0.6000000000 4.0337200000 0.2141500000 3.4746912504 0.0000000000
7.9484717202 0.6000000000 4.0061839730 0.1245340817 3.3287007752 0.0000000000
7.9487367938 0.6000000000 3.9762400570 0.0398193893 3.1750392341 0.0000000000
7.9490416051 0.6000000000 3.9450754638 -0.0421183105 3.0176057813 0.0000000000
7.9503938045 0.6000000000 3.9330275334 -0.0569004486 2.9635012044 0.0000000000
7.9518770406 0.6000000000 3.8930636059 -0.1096628587 2.7825405304 0.0000000000
7.9533818496 0.6000000000 3.8525141271 -0.1595921467 2.6003709002 0.0000000000
7.9548241855 0.6000000000 3.8115639789 -0.2074466477 2.4174285071 0.0000000000
7.9563245981 0.6000000000 3.7709349081 -0.2568136657 2.2351654166 0.0000000000
7.9587441159 0.6000000000 3.7442531640 -0.3453526919 2.0930228298 0.0000000000
7.9612744135 0.6000000000 3.7320322543 -0.4539067461 2.0007175690 0.0000000000
7.9645314265 0.6000000000 3.7244993156 -0.5650707131 1.9261202275 0.0000000000
7.9691734441 0.6000000000 3.7190929452 -0.6767209045 1.8598346692 0.0000000000
7.9737800884 0.6000000000 3.7146609657 -0.7886516544 1.7973344516 0.0000000000
7.9780213117 0.6000000000 3.7108161877 -0.9008083582 1.7370926579 0.0000000000
7.9817991901 0.6000000000 3.7073171303 -1.0131393451 1.6781640334 0.0000000000
7.9851456977 0.6000000000 3.7041064911 -1.1256099091 1.6203332513 0.0000000000
7.9880865604 0.6000000000 3.7010245424 -1.2381737776 1.5629799088 0.0000000000
7.9906814884 0.6000000000 3.6981556904 -1.3508260801 1.5064435798 0.0000000000
7.9930427361 0.6000000000 3.6953124378 -1.4635147472 1.4499951025 0.0000000000
7.9952254818 0.6000000000 3.6925454800 -1.5762378430 1.3938380333 0.0000000000
7.9972773212 0.6000000000 3.6898577530 -1.6889883224 1.3379869334 0.0000000000
7.9992533829 0.6000000000 3.6872069638 -1.8017527069 1.2822780228 0.0000000000
8.0012249306 0.6000000000 3.6845881713 -1.9145222757 1.2266950255 0.0000000000
8.0033788624 0.6000000000 3.6820239155 -2.0272782486 1.1713356129 0.0000000000
8.0055481506 0.6000000000 3.6794665631 -2.1400285731 1.1160060737 0.0000000000
8.0064636801 0.6000000000 3.6768147542 -2.2528778136 1.0602591419 0.0000000000
8.0072257147 0.6000000000 3.6742359644 -2.3657429610 1.0047979236 0.0000000000
8.0082619823 0.6000000000 3.6716358343 -2.4787337013 0.9492011069 0.0000000000
8.0085528047 0.6000000000 3.6703629139 -2.5337810028 0.9220905050 0.0000000000
8.0086488641 0.6000000000 3.6693629209 -2.5747574151 0.9016999678 0.0000000000
8.0087311092 0.6000000000 3.6665933593 -2.6875787299 0.8454931957 0.0000000000
8.0088773135 0.6000000000 3.6657188129 -2.7256663138 0.8267599766 0.0000000000
8.0088935921 0.6000000000 3.6687834965 -2.6128967043 0.8841265546 0.0000000000
8.0088944603 0.6000000000 3.6716341391 -2.5000554439 0.9406656291 0.0000000000
8.0088950163 0.6000000000 3.6743716466 -2.3871959250 0.9967594667 0.0000000000
8.0088954592 0.6000000000 3.6770214260 -2.2743231691 1.0525076867 0.0000000000
8.0088958338 0.6000000000 3.6796118879 -2.1614418670 1.1080220551 0.0000000000
8.0088961552 0.6000000000 3.6820923065 -2.0485450838 1.1631024427 0.0000000000
8.0088964364 0.6000000000 3.6845100945 -1.9356399212 1.2179356601 0.0000000000
8.0088966894 0.6000000000 3.6868448600 -1.8227239160 1.2724411239 0.0000000000
8.0088969236 0.6000000000 3.6890714594 -1.7097940518 1.3265194671 0.0000000000
8.0088971565 0.6000000000 3.6911591392 -1.5968581779 1.3800445361 0.0000000000
8.0088973740 0.6000000000 3.6932007158 -1.4794997418 1.4351542168 0.0000000000
8.0088978135 0.6000000000 3.6900684656 -1.5863639388 1.3798795374 0.0000000000
8.0088979004 0.6000000000 3.6876721238 -1.6992473226 1.3251408166 0.0000000000
8.0088979762 0.6000000000 3.6852617336 -1.8121534936 1.2703367872 0.0000000000
8.0088980417 0.6000000000 3.6828431356 -1.9250586590 1.2155003292 0.0000000000
8.0088981011 0.6000000000 3.6804335709 -2.0379650423 1.1606995171 0.0000000000
8.0088981575 0.6000000000 3.6779955246 -2.1508675981 1.1057863096 0.0000000000
8.0088982124 0.6000000000 3.6754558958 -2.2637561519 1.0504723729 0.0000000000
8.0088982672 0.6000000000 3.6729323558 -2.3766466924 0.9952219967 0.0000000000
8.0088983235 0.6000000000 3.6703975916 -2.4895359378 0.9399272417 0.0000000000
8.0088983833 0.6000000000 3.6677858900 -2.6024141862 0.8843291358 0.0000000000
8.0088984485 0.6000000000 3.6651310317 -2.7152861128 0.8285609323 0.0000000000
8.0088985223 0.6000000000 3.6624152959 -2.8281489868 0.7725528391 0.0000000000
8.0088986101 0.6000000000 3.6596404472 -2.9410028383 0.7163119039 0.0000000000
8.0088987224 0.6000000000 3.6568338995 -3.0538517934 0.6599461312 0.0000000000
8.0088988826 0.6000000000 3.6539319959 -3.1666857067 0.6032049515 0.0000000000
8.0088991612 0.6000000000 3.6510113431 -3.2795166045 0.5463899811 0.0000000000
8.0089008701 0.6000000000 3.6482743101 -3.3824869512 0.4942537101 0.0000000000
8.0089037205 0.6000000000 3.6514140026 -3.2699797363 0.5518153661 0.0000000000
8.0089060289 0.6000000000 3.6544715834 -3.1571715363 0.6091689694 0.0000000000
8.0089084346 0.6000000000 3.6574980403 -3.0443582788 0.6664001000 0.0000000000
8.0089110773 0.6000000000 3.6604679896 -2.9315356797 0.7234089369 0.0000000000
8.0089140781 0.6000000000 3.6634116675 -2.8187086779 0.7803144491 0.0000000000
8.0089175836 0.6000000000 3.6662960544 -2.7058725131 0.8369864627 0.0000000000
8.0089218308 0.6000000000 3.6691166118 -2.5930258623 0.8934073527 0.0000000000
8.0089271962 0.6000000000 3.6718920870 -2.4801725006 0.9496505980 0.0000000000
8.0089312571 0.6000000000 3.6747234719 -2.3673299174 1.0061131709 0.0000000000
8.0089324859 0.6000000000 3.6774054111 -2.2544628146 1.0619877688 0.0000000000
8.0089332217 0.6000000000 3.6799723272 -2.1415782949 1.1174092414 0.0000000000
8.0089338008 0.6000000000 3.6823984830 -2.0286741140 1.1722755369 0.0000000000
8.0089343397 0.6000000000 3.6846848745 -1.9157197806 1.2266028360 0.0000000000
8.0089353977 0.6000000000 3.6851367664 -1.8610046125 1.2502964711 0.0000000000
8.0089356346 0.6000000000 3.6826304205 -1.9715588776 1.1960493813 0.0000000000
8.0089358429 0.6000000000 3.6800894326 -2.0844642459 1.1407232823 0.0000000000
8.0089360130 0.6000000000 3.6775526233 -2.1973532146 1.0854204576 0.0000000000
8.0089361680 0.6000000000 3.6749863985 -2.3102379024 1.0300016836 0.0000000000
8.0089363204 0.6000000000 3.6723907510 -2.4231184533 0.9744668729 0.0000000000
8.0089364795 0.6000000000 3.6697936565 -2.5359988293 0.9189263446 0.0000000000
8.0089366580 0.6000000000 3.6671497872 -2.6488724346 0.8632014255 0.0000000000
8.0089368745 0.6000000000 3.6644266934 -2.7617342030 0.8071643429 0.0000000000
8.0089371616 0.6000000000 3.6616374142 -2.8745857181 0.7508666200 0.0000000000
8.0089376122 0.6000000000 3.6587916691 -2.9874284672 0.6943465398 0.0000000000
8.0089388375 0.6000000000 3.6559429721 -3.0999625367 0.6379381240 0.0000000000
8.0089437836 0.6000000000 3.6585157728 -3.0051729702 0.6861451537 0.0000000000
8.0089470685 0.6000000000 3.6614638487 -2.8923451063 0.7430686027 0.0000000000
8.0089505974 0.6000000000 3.6644200873 -2.7795200044 0.8000235979 0.0000000000
8.0089546839 0.6000000000 3.6672787431 -2.6666792304 0.8565945308 0.0000000000
8.0089599310 0.6000000000 3.6700907080 -2.5538310272 0.9129816714 0.0000000000
8.0089693607 0.6000000000 3.6728488182 -2.4409741488 0.9691568636 0.0000000000
8.0090407254 0.6000000000 3.6729839900 -2.4358474629 0.9717482252 0.0000000000
8.0091076613 0.6000000000 3.6702319380 -2.5487047667 0.9155970956 0.0000000000
8.0091619650 0.6000000000 3.6674684768 -2.6615601501 0.8594010977 0.0000000000
8.0092193356 0.6000000000 3.6646709828 -2.7744102120 0.8030710967 0.0000000000
8.0092879604 0.6000000000 3.6617697239 -2.8872439622 0.7463325613 0.0000000000
8.0093815135 0.6000000000 3.6589132482 -3.0000840534 0.6897706217 0.0000000000
8.0095292847 0.6000000000 3.6560002751 -3.1129150759 0.6329863205 0.0000000000
8.0097685652 0.6000000000 3.6566500000 -3.0961750000 0.6422812504 0.0000000000
