# logAge Mass logTe Mbol logg C/O
4.1860800861 0.5050000000 4.1621600000 1.6438500000 4.4854713781 0.0000000000
4.1945552840 0.5050000000 4.1621582031 1.6438050909 4.4854462269 0.0000000000
4.2030304818 0.5050000000 4.1621564115 1.6437596830 4.4854208974 0.0000000000
4.2115056795 0.5050000000 4.1621546252 1.6437137997 4.4853953990 0.0000000000
4.2199808771 0.5050000000 4.1621528443 1.6436674647 4.4853697413 0.0000000000
4.2284560745 0.5050000000 4.1621510687 1.6436207015 4.4853439337 0.0000000000
4.2369312719 0.5050000000 4.1621492985 1.6435735336 4.4853179857 0.0000000000
4.2454064692 0.5050000000 4.1621475337 1.6435259846 4.4852919069 0.0000000000
4.2538816664 0.5050000000 4.1621457743 1.6434780780 4.4852657066 0.0000000000
4.2623568635 0.5050000000 4.1621440204 1.6434298373 4.4852393945 0.0000000000
4.2708320607 0.5050000000 4.1621422718 1.6433812861 4.4852129799 0.0000000000
4.2793072577 0.5050000000 4.1621405288 1.6433324480 4.4851864724 0.0000000000
4.2877824548 0.5050000000 4.1621387912 1.6432833465 4.4851598815 0.0000000000
4.2962576518 0.5050000000 4.1621370591 1.6432340051 4.4851332167 0.0000000000
4.3047328489 0.5050000000 4.1621353326 1.6431844473 4.4851064874 0.0000000000
4.3132080460 0.5050000000 4.1621336116 1.6431346968 4.4850797032 0.0000000000
4.3216832430 0.5050000000 4.1621318961 1.6430847771 4.4850528734 0.0000000000
4.3301584402 0.5050000000 4.1621301863 1.6430347116 4.4850260078 0.0000000000
4.3386336373 0.5050000000 4.1621284820 1.6429845240 4.4849991156 0.0000000000
4.3471088346 0.5050000000 4.1621267833 1.6429342378 4.4849722065 0.0000000000
4.3555840319 0.5050000000 4.1621250903 1.6428838765 4.4849452898 0.0000000000
4.3640592293 0.5050000000 4.1621234029 1.6428334637 4.4849183751 0.0000000000
4.3725344267 0.5050000000 4.1621217212 1.6427830229 4.4848914720 0.0000000000
4.3810096243 0.5050000000 4.1621200451 1.6427325777 4.4848645898 0.0000000000
4.3894848220 0.5050000000 4.1621183748 1.6426821516 4.4848377380 0.0000000000
4.3979600199 0.5050000000 4.1621167102 1.6426317682 4.4848109262 0.0000000000
4.4064352178 0.5050000000 4.1621150514 1.6425814509 4.4847841639 0.0000000000
4.4149104160 0.5050000000 4.1621133983 1.6425312234 4.4847574605 0.0000000000
4.4233856143 0.5050000000 4.1621117509 1.6424811091 4.4847308255 0.0000000000
4.4318608127 0.5050000000 4.1621101094 1.6424311317 4.4847042684 0.0000000000
4.4403360114 0.5050000000 4.1621084737 1.6423813147 4.4846777988 0.0000000000
4.4488112103 0.5050000000 4.1621068438 1.6423316815 4.4846514260 0.0000000000
4.4572864093 0.5050000000 4.1621052198 1.6422822559 4.4846251597 0.0000000000
4.4657616086 0.5050000000 4.1621036017 1.6422330612 4.4845990092 0.0000000000
4.4742368081 0.5050000000 4.1621019894 1.6421841211 4.4845729841 0.0000000000
4.4827120079 0.5050000000 4.1621003830 1.6421354590 4.4845470938 0.0000000000
4.4911872079 0.5050000000 4.1620987826 1.6420870986 4.4845213480 0.0000000000
4.4996624082 0.5050000000 4.1620971881 1.6420390634 4.4844957559 0.0000000000
4.5081376088 0.5050000000 4.1620955996 1.6419913768 4.4844703272 0.0000000000
4.5166128097 0.5050000000 4.1620940170 1.6419440626 4.4844450713 0.0000000000
4.5250880109 0.5050000000 4.1620924405 1.6418971441 4.4844199978 0.0000000000
4.5335632124 0.5050000000 4.1620908700 1.6418506450 4.4843951160 0.0000000000
4.5420384142 0.5050000000 4.1620893055 1.6418045888 4.4843704356 0.0000000000
4.5505136164 0.5050000000 4.1620877471 1.6417589990 4.4843459659 0.0000000000
4.5589888189 0.5050000000 4.1620861947 1.6417138992 4.4843217166 0.0000000000
4.5674640217 0.5050000000 4.1620846484 1.6416693130 4.4842976970 0.0000000000
4.5759392250 0.5050000000 4.1620831083 1.6416252637 4.4842739166 0.0000000000
4.5844144286 0.5050000000 4.1620815742 1.6415817751 4.4842503850 0.0000000000
4.5928896327 0.5050000000 4.1620800463 1.6415388707 4.4842271117 0.0000000000
4.6013648371 0.5050000000 4.1620785246 1.6414965739 4.4842041061 0.0000000000
4.6098400420 0.5050000000 4.1620770091 1.6414549084 4.4841813778 0.0000000000
4.6183152473 0.5050000000 4.1620754997 1.6414138977 4.4841589361 0.0000000000
4.6267904530 0.5050000000 4.1620739966 1.6413735653 4.4841367907 0.0000000000
4.6352656592 0.5050000000 4.1620724997 1.6413339348 4.4841149509 0.0000000000
4.6437408659 0.5050000000 4.1620710091 1.6412950297 4.4840934264 0.0000000000
4.6522160730 0.5050000000 4.1620695247 1.6412568735 4.4840722265 0.0000000000
4.6606912807 0.5050000000 4.1620680467 1.6412194898 4.4840513608 0.0000000000
4.6691664888 0.5050000000 4.1620665749 1.6411829022 4.4840308388 0.0000000000
4.6776416974 0.5050000000 4.1620651095 1.6411471342 4.4840106699 0.0000000000
4.6861169066 0.5050000000 4.1620636505 1.6411122093 4.4839908637 0.0000000000
4.6945921163 0.5050000000 4.1620621978 1.6410781511 4.4839714296 0.0000000000
4.7030673266 0.5050000000 4.1620607515 1.6410449831 4.4839523772 0.0000000000
4.7115425374 0.5050000000 4.1620593115 1.6410127289 4.4839337158 0.0000000000
4.7200177488 0.5050000000 4.1620578781 1.6409814120 4.4839154551 0.0000000000
4.7284929608 0.5050000000 4.1620564510 1.6409510559 4.4838976045 0.0000000000
4.7369681734 0.5050000000 4.1620550304 1.6409216842 4.4838801735 0.0000000000
4.7454433866 0.5050000000 4.1620536163 1.6408933205 4.4838631715 0.0000000000
4.7539186004 0.5050000000 4.1620522087 1.6408659882 4.4838466081 0.0000000000
4.7623938148 0.5050000000 4.1620508076 1.6408397109 4.4838304928 0.0000000000
4.7708690299 0.5050000000 4.1620494131 1.6408145123 4.4838148353 0.0000000000
4.7793442456 0.5050000000 4.1620480274 1.6407904156 4.4837996540 0.0000000000
4.7878194619 0.5050000000 4.1620466555 1.6407674442 4.4837849780 0.0000000000
4.7962946788 0.5050000000 4.1620453025 1.6407456214 4.4837708368 0.0000000000
4.8047698962 0.5050000000 4.1620439735 1.6407249705 4.4837572603 0.0000000000
4.8132451141 0.5050000000 4.1620426735 1.6407055149 4.4837442780 0.0000000000
4.8217203325 0.5050000000 4.1620414076 1.6406872776 4.4837319197 0.0000000000
4.8301955513 0.5050000000 4.1620401810 1.6406702822 4.4837202150 0.0000000000
4.8386707705 0.5050000000 4.1620389987 1.6406545519 4.4837091936 0.0000000000
4.8471459901 0.5050000000 4.1620378658 1.6406401099 4.4836988852 0.0000000000
4.8556212100 0.5050000000 4.1620367874 1.6406269796 4.4836893194 0.0000000000
4.8640964302 0.5050000000 4.1620357685 1.6406151843 4.4836805260 0.0000000000
4.8725716506 0.5050000000 4.1620348144 1.6406047472 4.4836725346 0.0000000000
4.8810468713 0.5050000000 4.1620339300 1.6405956917 4.4836653750 0.0000000000
4.8895220922 0.5050000000 4.1620331205 1.6405880410 4.4836590767 0.0000000000
4.8979973132 0.5050000000 4.1620323910 1.6405818185 4.4836536694 0.0000000000
4.9064725344 0.5050000000 4.1620317465 1.6405770474 4.4836491829 0.0000000000
4.9149477556 0.5050000000 4.1620311921 1.6405737511 4.4836456468 0.0000000000
4.9234229769 0.5050000000 4.1620307329 1.6405719528 4.4836430908 0.0000000000
4.9318981983 0.5050000000 4.1620303740 1.6405716758 4.4836415446 0.0000000000
4.9403734196 0.5050000000 4.1620301206 1.6405729435 4.4836410379 0.0000000000
4.9488486409 0.5050000000 4.1620299776 1.6405757791 4.4836416001 0.0000000000
4.9573238620 0.5050000000 4.1620299466 1.6405802007 4.4836432447 0.0000000000
4.9657990831 0.5050000000 4.1620300217 1.6405862161 4.4836459513 0.0000000000
4.9742743040 0.5050000000 4.1620301961 1.6405938317 4.4836496951 0.0000000000
4.9827495246 0.5050000000 4.1620304630 1.6406030537 4.4836544517 0.0000000000
4.9912247449 0.5050000000 4.1620308157 1.6406138886 4.4836601963 0.0000000000
4.9996999649 0.5050000000 4.1620312473 1.6406263427 4.4836669044 0.0000000000
5.0081751845 0.5050000000 4.1620317511 1.6406404225 4.4836745514 0.0000000000
5.0166504037 0.5050000000 4.1620323202 1.6406561342 4.4836831126 0.0000000000
5.0251256223 0.5050000000 4.1620329479 1.6406734842 4.4836925634 0.0000000000
5.0336008404 0.5050000000 4.1620336274 1.6406924789 4.4837028792 0.0000000000
5.0420760579 0.5050000000 4.1620343519 1.6407131247 4.4837140355 0.0000000000
5.0505512748 0.5050000000 4.1620351146 1.6407354279 4.4837260075 0.0000000000
5.0590264909 0.5050000000 4.1620359087 1.6407593950 4.4837387707 0.0000000000
5.0675017062 0.5050000000 4.1620367274 1.6407850321 4.4837523005 0.0000000000
5.0759769208 0.5050000000 4.1620375639 1.6408123459 4.4837665722 0.0000000000
5.0844521345 0.5050000000 4.1620384115 1.6408413425 4.4837815613 0.0000000000
5.0929273472 0.5050000000 4.1620392634 1.6408720284 4.4837972430 0.0000000000
5.1014025590 0.5050000000 4.1620401127 1.6409044099 4.4838135929 0.0000000000
5.1098777698 0.5050000000 4.1620409569 1.6409384977 4.4838306047 0.0000000000
5.1183529794 0.5050000000 4.1620418044 1.6409743140 4.4838483213 0.0000000000
5.1268281879 0.5050000000 4.1620426657 1.6410118827 4.4838667941 0.0000000000
5.1353033950 0.5050000000 4.1620435513 1.6410512279 4.4838860744 0.0000000000
5.1437786007 0.5050000000 4.1620444715 1.6410923737 4.4839062135 0.0000000000
5.1522538049 0.5050000000 4.1620454367 1.6411353441 4.4839272627 0.0000000000
5.1607290076 0.5050000000 4.1620464575 1.6411801632 4.4839492733 0.0000000000
5.1692042085 0.5050000000 4.1620475441 1.6412268551 4.4839722966 0.0000000000
5.1776794077 0.5050000000 4.1620487071 1.6412754437 4.4839963839 0.0000000000
5.1861546051 0.5050000000 4.1620499568 1.6413259532 4.4840215865 0.0000000000
5.1946298005 0.5050000000 4.1620513036 1.6413784076 4.4840479556 0.0000000000
5.2031049938 0.5050000000 4.1620527580 1.6414328310 4.4840755426 0.0000000000
5.2115801850 0.5050000000 4.1620543304 1.6414892474 4.4841043988 0.0000000000
5.2200553739 0.5050000000 4.1620560313 1.6415476809 4.4841345755 0.0000000000
5.2285305605 0.5050000000 4.1620578709 1.6416081555 4.4841661240 0.0000000000
5.2370057448 0.5050000000 4.1620598598 1.6416706953 4.4841990956 0.0000000000
5.2454809265 0.5050000000 4.1620620048 1.6417353183 4.4842335248 0.0000000000
5.2539561056 0.5050000000 4.1620642952 1.6418020128 4.4842693639 0.0000000000
5.2624312821 0.5050000000 4.1620667146 1.6418707584 4.4843065400 0.0000000000
5.2709064560 0.5050000000 4.1620692472 1.6419415342 4.4843449805 0.0000000000
5.2793816271 0.5050000000 4.1620718766 1.6420143197 4.4843846123 0.0000000000
5.2878567955 0.5050000000 4.1620745867 1.6420890942 4.4844253626 0.0000000000
5.2963319610 0.5050000000 4.1620773614 1.6421658370 4.4844671586 0.0000000000
5.3048071237 0.5050000000 4.1620801846 1.6422445274 4.4845099275 0.0000000000
5.3132822835 0.5050000000 4.1620830401 1.6423251449 4.4845535964 0.0000000000
5.3217574404 0.5050000000 4.1620859117 1.6424076688 4.4845980924 0.0000000000
5.3302325942 0.5050000000 4.1620887833 1.6424920784 4.4846433428 0.0000000000
5.3387077449 0.5050000000 4.1620916388 1.6425783530 4.4846892746 0.0000000000
5.3471828926 0.5050000000 4.1620944620 1.6426664720 4.4847358150 0.0000000000
5.3556580371 0.5050000000 4.1620972368 1.6427564148 4.4847828912 0.0000000000
5.3641331784 0.5050000000 4.1620999470 1.6428481607 4.4848304302 0.0000000000
5.3726083164 0.5050000000 4.1621025784 1.6429416740 4.4848783613 0.0000000000
5.3810834514 0.5050000000 4.1621051251 1.6430368558 4.4849266210 0.0000000000
5.3895585836 0.5050000000 4.1621075836 1.6431335901 4.4849751484 0.0000000000
5.3980337132 0.5050000000 4.1621099500 1.6432317609 4.4850238824 0.0000000000
5.4065088403 0.5050000000 4.1621122207 1.6433312524 4.4850727618 0.0000000000
5.4149839652 0.5050000000 4.1621143920 1.6434319487 4.4851217256 0.0000000000
5.4234590881 0.5050000000 4.1621164602 1.6435337337 4.4851707126 0.0000000000
5.4319342093 0.5050000000 4.1621184218 1.6436364917 4.4852196618 0.0000000000
5.4404093289 0.5050000000 4.1621202728 1.6437401067 4.4852685122 0.0000000000
5.4488844471 0.5050000000 4.1621220098 1.6438444628 4.4853172025 0.0000000000
5.4573595642 0.5050000000 4.1621236290 1.6439494440 4.4853656717 0.0000000000
5.4658346803 0.5050000000 4.1621251267 1.6440549345 4.4854138587 0.0000000000
5.4743097957 0.5050000000 4.1621264993 1.6441608183 4.4854617025 0.0000000000
5.4827849106 0.5050000000 4.1621277430 1.6442669795 4.4855091418 0.0000000000
5.4912600252 0.5050000000 4.1621288542 1.6443733022 4.4855561157 0.0000000000
5.4997351397 0.5050000000 4.1621298292 1.6444796705 4.4856025630 0.0000000000
5.5082102544 0.5050000000 4.1621306643 1.6445859684 4.4856484226 0.0000000000
5.5166853693 0.5050000000 4.1621313558 1.6446920801 4.4856936335 0.0000000000
5.5251604848 0.5050000000 4.1621319001 1.6447978897 4.4857381346 0.0000000000
5.5336356011 0.5050000000 4.1621322935 1.6449032811 4.4857818647 0.0000000000
5.5421107183 0.5050000000 4.1621325323 1.6450081386 4.4858247627 0.0000000000
5.5505858368 0.5050000000 4.1621326128 1.6451123461 4.4858667676 0.0000000000
5.5590609566 0.5050000000 4.1621325313 1.6452157878 4.4859078183 0.0000000000
5.5675360780 0.5050000000 4.1621322841 1.6453183477 4.4859478537 0.0000000000
5.5760112012 0.5050000000 4.1621318676 1.6454199100 4.4859868127 0.0000000000
5.5844863265 0.5050000000 4.1621312781 1.6455203587 4.4860246341 0.0000000000
5.5929614540 0.5050000000 4.1621305119 1.6456195778 4.4860612570 0.0000000000
5.6014365839 0.5050000000 4.1621295653 1.6457174550 4.4860966214 0.0000000000
5.6099117163 0.5050000000 4.1621284336 1.6458139859 4.4861307071 0.0000000000
5.6183868510 0.5050000000 4.1621271112 1.6459092942 4.4861635405 0.0000000000
5.6268619876 0.5050000000 4.1621255921 1.6460035113 4.4861951510 0.0000000000
5.6353371259 0.5050000000 4.1621238706 1.6460967684 4.4862255677 0.0000000000
5.6438122658 0.5050000000 4.1621219408 1.6461891966 4.4862548199 0.0000000000
5.6522874069 0.5050000000 4.1621197970 1.6462809271 4.4862829368 0.0000000000
5.6607625491 0.5050000000 4.1621174333 1.6463720912 4.4863099476 0.0000000000
5.6692376921 0.5050000000 4.1621148439 1.6464628202 4.4863358816 0.0000000000
5.6777128356 0.5050000000 4.1621120230 1.6465532451 4.4863607681 0.0000000000
5.6861879794 0.5050000000 4.1621089648 1.6466434973 4.4863846362 0.0000000000
5.6946631233 0.5050000000 4.1621056635 1.6467337079 4.4864075151 0.0000000000
5.7031382671 0.5050000000 4.1621021132 1.6468240081 4.4864294342 0.0000000000
5.7116134104 0.5050000000 4.1620983082 1.6469145246 4.4864504209 0.0000000000
5.7200885534 0.5050000000 4.1620942440 1.6470052366 4.4864704489 0.0000000000
5.7285636962 0.5050000000 4.1620899176 1.6470959493 4.4864894282 0.0000000000
5.7370388392 0.5050000000 4.1620853259 1.6471864583 4.4865072650 0.0000000000
5.7455139827 0.5050000000 4.1620804660 1.6472765586 4.4865238656 0.0000000000
5.7539891269 0.5050000000 4.1620753350 1.6473660456 4.4865391364 0.0000000000
5.7624642721 0.5050000000 4.1620699299 1.6474547146 4.4865529837 0.0000000000
5.7709394187 0.5050000000 4.1620642478 1.6475423609 4.4865653137 0.0000000000
5.7794145670 0.5050000000 4.1620582857 1.6476287799 4.4865760328 0.0000000000
5.7878897171 0.5050000000 4.1620520406 1.6477137667 4.4865850473 0.0000000000
5.7963648695 0.5050000000 4.1620455097 1.6477971167 4.4865922634 0.0000000000
5.8048400243 0.5050000000 4.1620386899 1.6478786251 4.4865975876 0.0000000000
5.8133151820 0.5050000000 4.1620315782 1.6479580874 4.4866009260 0.0000000000
5.8217903427 0.5050000000 4.1620241729 1.6480353243 4.4866021996 0.0000000000
5.8302655064 0.5050000000 4.1620164807 1.6481103563 4.4866014432 0.0000000000
5.8387406729 0.5050000000 4.1620085120 1.6481832974 4.4865987451 0.0000000000
5.8472158420 0.5050000000 4.1620002777 1.6482542622 4.4865941938 0.0000000000
5.8556910135 0.5050000000 4.1619917884 1.6483233653 4.4865878779 0.0000000000
5.8641661872 0.5050000000 4.1619830548 1.6483907212 4.4865798859 0.0000000000
5.8726413630 0.5050000000 4.1619740876 1.6484564447 4.4865703064 0.0000000000
5.8811165405 0.5050000000 4.1619648974 1.6485206502 4.4865592280 0.0000000000
5.8895917197 0.5050000000 4.1619554950 1.6485834523 4.4865467391 0.0000000000
5.8980669003 0.5050000000 4.1619458910 1.6486449656 4.4865329285 0.0000000000
5.9065420822 0.5050000000 4.1619360961 1.6487053047 4.4865178846 0.0000000000
5.9150172650 0.5050000000 4.1619261210 1.6487645843 4.4865016960 0.0000000000
5.9234924488 0.5050000000 4.1619159758 1.6488229169 4.4864844481 0.0000000000
5.9319676332 0.5050000000 4.1619056470 1.6488803416 4.4864661027 0.0000000000
5.9404428183 0.5050000000 4.1618950901 1.6489367998 4.4864464583 0.0000000000
5.9489180040 0.5050000000 4.1618842584 1.6489922266 4.4864253022 0.0000000000
5.9573931902 0.5050000000 4.1618731053 1.6490465568 4.4864024220 0.0000000000
5.9658683770 0.5050000000 4.1618615842 1.6490997254 4.4863776050 0.0000000000
5.9743435643 0.5050000000 4.1618496484 1.6491516673 4.4863506387 0.0000000000
5.9828187519 0.5050000000 4.1618372513 1.6492023174 4.4863213104 0.0000000000
5.9912939400 0.5050000000 4.1618243463 1.6492516107 4.4862894076 0.0000000000
5.9997691284 0.5050000000 4.1618108867 1.6492994821 4.4862547178 0.0000000000
6.0082443171 0.5050000000 4.1617968259 1.6493458666 4.4862170282 0.0000000000
6.0167195060 0.5050000000 4.1617821172 1.6493906991 4.4861761264 0.0000000000
6.0251946951 0.5050000000 4.1617667141 1.6494339144 4.4861318003 0.0000000000
6.0336698844 0.5050000000 4.1617505943 1.6494754481 4.4860839344 0.0000000000
6.0421450739 0.5050000000 4.1617337875 1.6495152370 4.4860326230 0.0000000000
6.0506202635 0.5050000000 4.1617163307 1.6495532177 4.4859779879 0.0000000000
6.0590954532 0.5050000000 4.1616982605 1.6495893271 4.4859201510 0.0000000000
6.0675706431 0.5050000000 4.1616796138 1.6496235021 4.4858592342 0.0000000000
6.0760458332 0.5050000000 4.1616604274 1.6496556795 4.4857953593 0.0000000000
6.0845210234 0.5050000000 4.1616407379 1.6496857961 4.4857286482 0.0000000000
6.0929962137 0.5050000000 4.1616205823 1.6497137888 4.4856592228 0.0000000000
6.1014714042 0.5050000000 4.1615999973 1.6497395944 4.4855872049 0.0000000000
6.1099465948 0.5050000000 4.1615790196 1.6497631497 4.4855127164 0.0000000000
6.1184217856 0.5050000000 4.1615576861 1.6497843915 4.4854358790 0.0000000000
6.1268969764 0.5050000000 4.1615360334 1.6498032568 4.4853568145 0.0000000000
6.1353721674 0.5050000000 4.1615140762 1.6498197054 4.4852755649 0.0000000000
6.1438473581 0.5050000000 4.1614917769 1.6498337508 4.4851919862 0.0000000000
6.1523225484 0.5050000000 4.1614690909 1.6498454141 4.4851059074 0.0000000000
6.1607977379 0.5050000000 4.1614459733 1.6498547166 4.4850171578 0.0000000000
6.1692729264 0.5050000000 4.1614223792 1.6498616793 4.4849255666 0.0000000000
6.1777481135 0.5050000000 4.1613982638 1.6498663237 4.4848309629 0.0000000000
6.1862232991 0.5050000000 4.1613735824 1.6498686707 4.4847331760 0.0000000000
6.1946984829 0.5050000000 4.1613482900 1.6498687416 4.4846320349 0.0000000000
6.2031736645 0.5050000000 4.1613223420 1.6498665576 4.4845273690 0.0000000000
6.2116488437 0.5050000000 4.1612956933 1.6498621398 4.4844190073 0.0000000000
6.2201240203 0.5050000000 4.1612682993 1.6498555095 4.4843067791 0.0000000000
6.2285991939 0.5050000000 4.1612401154 1.6498466876 4.4841905149 0.0000000000
6.2370743643 0.5050000000 4.1612111177 1.6498356830 4.4840701222 0.0000000000
6.2455495314 0.5050000000 4.1611813126 1.6498224863 4.4839456231 0.0000000000
6.2540246952 0.5050000000 4.1611507090 1.6498070867 4.4838170489 0.0000000000
6.2624998554 0.5050000000 4.1611193159 1.6497894736 4.4836844313 0.0000000000
6.2709750120 0.5050000000 4.1610871422 1.6497696361 4.4835478015 0.0000000000
6.2794501649 0.5050000000 4.1610541969 1.6497475634 4.4834071911 0.0000000000
6.2879253139 0.5050000000 4.1610204889 1.6497232448 4.4832626315 0.0000000000
6.2964004590 0.5050000000 4.1609860271 1.6496966695 4.4831141542 0.0000000000
6.3048756000 0.5050000000 4.1609508205 1.6496678267 4.4829617906 0.0000000000
6.3133507369 0.5050000000 4.1609148772 1.6496367028 4.4828055681 0.0000000000
6.3218258691 0.5050000000 4.1608781800 1.6496031847 4.4826453721 0.0000000000
6.3303009960 0.5050000000 4.1608406798 1.6495670361 4.4824809119 0.0000000000
6.3387761169 0.5050000000 4.1608023257 1.6495280129 4.4823118859 0.0000000000
6.3472512310 0.5050000000 4.1607630665 1.6494858713 4.4821379928 0.0000000000
6.3557263374 0.5050000000 4.1607228514 1.6494403672 4.4819589308 0.0000000000
6.3642014355 0.5050000000 4.1606816294 1.6493912567 4.4817743985 0.0000000000
6.3726765246 0.5050000000 4.1606393495 1.6493382959 4.4815840944 0.0000000000
6.3811516038 0.5050000000 4.1605959611 1.6492812427 4.4813877196 0.0000000000
6.3896266726 0.5050000000 4.1605514456 1.6492199895 4.4811851562 0.0000000000
6.3981017309 0.5050000000 4.1605058351 1.6491546439 4.4809765762 0.0000000000
6.4065767787 0.5050000000 4.1604591666 1.6490853329 4.4807621777 0.0000000000
6.4150518159 0.5050000000 4.1604114768 1.6490121835 4.4805421586 0.0000000000
6.4235268422 0.5050000000 4.1603628025 1.6489353227 4.4803167172 0.0000000000
6.4320018578 0.5050000000 4.1603131806 1.6488548773 4.4800860514 0.0000000000
6.4404768624 0.5050000000 4.1602626472 1.6487709747 4.4798503567 0.0000000000
6.4489518559 0.5050000000 4.1602111993 1.6486837556 4.4796096774 0.0000000000
6.4574268380 0.5050000000 4.1601587746 1.6485933810 4.4793638289 0.0000000000
6.4659018082 0.5050000000 4.1601053059 1.6485000139 4.4791126073 0.0000000000
6.4743767663 0.5050000000 4.1600507260 1.6484038171 4.4788558088 0.0000000000
6.4828517118 0.5050000000 4.1599949675 1.6483049535 4.4785932296 0.0000000000
6.4913266444 0.5050000000 4.1599379635 1.6482035847 4.4783246659 0.0000000000
6.4998015634 0.5050000000 4.1598796738 1.6480996489 4.4780499328 0.0000000000
6.5082764674 0.5050000000 4.1598201171 1.6479925982 4.4777688860 0.0000000000
6.5167513549 0.5050000000 4.1597593200 1.6478818209 4.4774813866 0.0000000000
6.5252262243 0.5050000000 4.1596973089 1.6477667051 4.4771872956 0.0000000000
6.5337010741 0.5050000000 4.1596341101 1.6476466393 4.4768864743 0.0000000000
6.5421759028 0.5050000000 4.1595697413 1.6475210205 4.4765787517 0.0000000000
6.5506507073 0.5050000000 4.1595040987 1.6473893673 4.4762635197 0.0000000000
6.5591254840 0.5050000000 4.1594369903 1.6472512863 4.4759398538 0.0000000000
6.5676002289 0.5050000000 4.1593682225 1.6471063858 4.4756068224 0.0000000000
6.5760749382 0.5050000000 4.1592976015 1.6469542745 4.4752634939 0.0000000000
6.5845496081 0.5050000000 4.1592249347 1.6467945634 4.4749089423 0.0000000000
6.5930242352 0.5050000000 4.1591500923 1.6466270169 4.4745425540 0.0000000000
6.6014988173 0.5050000000 4.1590730397 1.6464516315 4.4741641896 0.0000000000
6.6099733519 0.5050000000 4.1589937505 1.6462684232 4.4737737494 0.0000000000
6.6184478369 0.5050000000 4.1589121980 1.6460774078 4.4733711334 0.0000000000
6.6269222705 0.5050000000 4.1588283864 1.6458786498 4.4729563838 0.0000000000
6.6353966566 0.5050000000 4.1587426029 1.6456726601 4.4725308537 0.0000000000
6.6438710020 0.5050000000 4.1586552874 1.6454601908 4.4720966042 0.0000000000
6.6523453137 0.5050000000 4.1585668816 1.6452419966 4.4716557032 0.0000000000
6.6608195979 0.5050000000 4.1584777915 1.6450187644 4.4712100497 0.0000000000
6.6692938498 0.5050000000 4.1583878600 1.6447901078 4.4707588612 0.0000000000
6.6777680559 0.5050000000 4.1582964796 1.6445547816 4.4702992092 0.0000000000
6.6862422025 0.5050000000 4.1582030301 1.6443115165 4.4698281051 0.0000000000
6.6947162766 0.5050000000 4.1581069199 1.6440591538 4.4693427191 0.0000000000
6.7031902750 0.5050000000 4.1580079077 1.6437978851 4.4688421630 0.0000000000
6.7116642010 0.5050000000 4.1579059868 1.6435288059 4.4683268478 0.0000000000
6.7201380579 0.5050000000 4.1578011548 1.6432530284 4.4677972086 0.0000000000
6.7286118462 0.5050000000 4.1576934233 1.6429710986 4.4672535107 0.0000000000
6.7370855541 0.5050000000 4.1575828630 1.6426812231 4.4666953192 0.0000000000
6.7455591666 0.5050000000 4.1574695596 1.6423810042 4.4661220180 0.0000000000
6.7540326704 0.5050000000 4.1573536299 1.6420682662 4.4655332041 0.0000000000
6.7625060735 0.5050000000 4.1572355651 1.6417435129 4.4649310436 0.0000000000
6.7709793978 0.5050000000 4.1571161047 1.6414090255 4.4643194069 0.0000000000
6.7794526647 0.5050000000 4.1569959404 1.6410670997 4.4637019795 0.0000000000
6.7879258800 0.5050000000 4.1568747302 1.6407196948 4.4630781767 0.0000000000
6.7963990352 0.5050000000 4.1567511823 1.6403684609 4.4624434918 0.0000000000
6.8048721217 0.5050000000 4.1566240337 1.6400149588 4.4617934963 0.0000000000
6.8133451370 0.5050000000 4.1564929986 1.6396595587 4.4611271959 0.0000000000
6.8218180836 0.5050000000 4.1563585568 1.6393016982 4.4604462847 0.0000000000
6.8302909616 0.5050000000 4.1562212297 1.6389404102 4.4597524612 0.0000000000
6.8387637478 0.5050000000 4.1560817444 1.6385710348 4.4590467696 0.0000000000
6.8472364054 0.5050000000 4.1559409437 1.6381868326 4.4583298859 0.0000000000
6.8557088965 0.5050000000 4.1557992661 1.6377819203 4.4576012108 0.0000000000
6.8641811729 0.5050000000 4.1556539605 1.6373573273 4.4568501512 0.0000000000
6.8726531818 0.5050000000 4.1555007797 1.6369173435 4.4560614341 0.0000000000
6.8811249124 0.5050000000 4.1553385215 1.6364643569 4.4552312070 0.0000000000
6.8895964517 0.5050000000 4.1551730793 1.6359962928 4.4543822126 0.0000000000
6.8980678894 0.5050000000 4.1550103239 1.6355113445 4.4535372114 0.0000000000
6.9065392338 0.5050000000 4.1548485011 1.6350143890 4.4526911381 0.0000000000
6.9150104572 0.5050000000 4.1546826063 1.6345130285 4.4518270149 0.0000000000
6.9234815495 0.5050000000 4.1545113458 1.6340090367 4.4509403759 0.0000000000
6.9319525169 0.5050000000 4.1543369321 1.6334986864 4.4500385810 0.0000000000
6.9404233544 0.5050000000 4.1541603249 1.6329797186 4.4491245650 0.0000000000
6.9488940341 0.5050000000 4.1539797524 1.6324531813 4.4481916601 0.0000000000
6.9573645143 0.5050000000 4.1537934015 1.6319190145 4.4472325899 0.0000000000
6.9658347015 0.5050000000 4.1536007569 1.6313701529 4.4462424670 0.0000000000
6.9743045044 0.5050000000 4.1534020254 1.6307983241 4.4452188092 0.0000000000
6.9827739811 0.5050000000 4.1532004680 1.6302028227 4.4441743793 0.0000000000
6.9912432551 0.5050000000 4.1530000387 1.6295874574 4.4431265158 0.0000000000
6.9997123273 0.5050000000 4.1527967090 1.6289607059 4.4420624966 0.0000000000
7.0081811099 0.5050000000 4.1525834400 1.6283294537 4.4409569195 0.0000000000
7.0166493406 0.5050000000 4.1523608142 1.6276733217 4.4398039637 0.0000000000
7.0251167663 0.5050000000 4.1521322765 1.6269673716 4.4386074329 0.0000000000
7.0335837035 0.5050000000 4.1518988841 1.6262342948 4.4373806325 0.0000000000
7.0420505241 0.5050000000 4.1516605861 1.6255030745 4.4361349522 0.0000000000
7.0505170343 0.5050000000 4.1514170602 1.6247603961 4.4348637775 0.0000000000
7.0589830558 0.5050000000 4.1511683702 1.6239937725 4.4335623679 0.0000000000
7.0674485830 0.5050000000 4.1509151260 1.6232029371 4.4322330568 0.0000000000
7.0759138285 0.5050000000 4.1506580234 1.6224009078 4.4308838349 0.0000000000
7.0843788803 0.5050000000 4.1503963598 1.6215952322 4.4295149101 0.0000000000
7.0928431520 0.5050000000 4.1501256560 1.6207581312 4.4280972546 0.0000000000
7.1013064590 0.5050000000 4.1498454176 1.6198801074 4.4266250915 0.0000000000
7.1097691481 0.5050000000 4.1495597768 1.6189763631 4.4251210307 0.0000000000
7.1182315541 0.5050000000 4.1492720226 1.6180602762 4.4236035789 0.0000000000
7.1266934315 0.5050000000 4.1489782009 1.6171259635 4.4220545671 0.0000000000
7.1351540378 0.5050000000 4.1486704522 1.6161483749 4.4204325367 0.0000000000
7.1436131044 0.5050000000 4.1483552958 1.6151049483 4.4187545408 0.0000000000
7.1520709963 0.5050000000 4.1480347686 1.6140130707 4.4170356809 0.0000000000
7.1605286307 0.5050000000 4.1477071361 1.6129220908 4.4152887587 0.0000000000
7.1689866300 0.5050000000 4.1473789326 1.6118497093 4.4135469921 0.0000000000
7.1774434166 0.5050000000 4.1470390445 1.6107416731 4.4117442255 0.0000000000
7.1858983956 0.5050000000 4.1466871593 1.6095717076 4.4098686983 0.0000000000
7.1943527759 0.5050000000 4.1463350715 1.6083757719 4.4079819727 0.0000000000
7.2028072133 0.5050000000 4.1459777907 1.6071917494 4.4060792408 0.0000000000
7.2112596394 0.5050000000 4.1455994883 1.6059603537 4.4040734726 0.0000000000
7.2197094756 0.5050000000 4.1452036777 1.6046538093 4.4019676127 0.0000000000
7.2281580893 0.5050000000 4.1448128481 1.6032901416 4.3998588271 0.0000000000
7.2366063773 0.5050000000 4.1444224584 1.6019133274 4.3977465426 0.0000000000
7.2450534428 0.5050000000 4.1440044404 1.6005399919 4.3955251364 0.0000000000
7.2534989880 0.5050000000 4.1435916326 1.5991001136 4.3932979541 0.0000000000
7.2619445376 0.5050000000 4.1431701852 1.5976761459 4.3910425772 0.0000000000
7.2703881694 0.5050000000 4.1427355382 1.5962063978 4.3887160899 0.0000000000
7.2788284846 0.5050000000 4.1422905467 1.5946404510 4.3863097452 0.0000000000
7.2872680087 0.5050000000 4.1418310380 1.5930737452 4.3838450283 0.0000000000
7.2957051202 0.5050000000 4.1413561168 1.5914559922 4.3812982423 0.0000000000
7.3041397723 0.5050000000 4.1408801888 1.5897610757 4.3787165636 0.0000000000
7.3125736078 0.5050000000 4.1403952509 1.5880571507 4.3760952419 0.0000000000
7.3210065202 0.5050000000 4.1398956155 1.5863508590 4.3734141837 0.0000000000
7.3294356872 0.5050000000 4.1393809080 1.5845595066 4.3706388127 0.0000000000
7.3378601040 0.5050000000 4.1388442918 1.5826705464 4.3677367638 0.0000000000
7.3462902576 0.5050000000 4.1383503640 1.5808718336 4.3650415674 0.0000000000
7.3547171859 0.5050000000 4.1378151452 1.5790519659 4.3621727453 0.0000000000
7.3631384167 0.5050000000 4.1372636697 1.5771025100 4.3591870609 0.0000000000
7.3715564618 0.5050000000 4.1366923145 1.5751037128 4.3561021214 0.0000000000
7.3799690646 0.5050000000 4.1361006665 1.5730005369 4.3528942588 0.0000000000
7.3883779969 0.5050000000 4.1354933887 1.5708360316 4.3495993454 0.0000000000
7.3967786380 0.5050000000 4.1348584101 1.5685232072 4.3461343014 0.0000000000
7.4051865433 0.5050000000 4.1342675666 1.5663053975 4.3428838034 0.0000000000
7.4135927821 0.5050000000 4.1336364472 1.5641172746 4.3394840767 0.0000000000
7.4219838574 0.5050000000 4.1329599834 1.5616659357 4.3357976860 0.0000000000
7.4303683118 0.5050000000 4.1322665824 1.5591047771 4.3319996184 0.0000000000
7.4387579789 0.5050000000 4.1315814394 1.5566383604 4.3282724801 0.0000000000
7.4471366435 0.5050000000 4.1308545516 1.5540180792 4.3243168161 0.0000000000
7.4555082042 0.5050000000 4.1301221520 1.5512679900 4.3202871819 0.0000000000
7.4638864060 0.5050000000 4.1293898739 1.5486473932 4.3163098312 0.0000000000
7.4722570847 0.5050000000 4.1286278071 1.5459312948 4.3121751246 0.0000000000
7.4806189889 0.5050000000 4.1278560315 1.5430678649 4.3079426500 0.0000000000
7.4889905905 0.5050000000 4.1271250973 1.5403160632 4.3039181926 0.0000000000
7.4973665878 0.5050000000 4.1264005352 1.5376381914 4.2999487956 0.0000000000
7.5057264928 0.5050000000 4.1256001025 1.5347882675 4.2956070951 0.0000000000
7.5140730169 0.5050000000 4.1247557827 1.5317761544 4.2910249705 0.0000000000
7.5224132875 0.5050000000 4.1239187230 1.5286454029 4.2864244314 0.0000000000
7.5307487803 0.5050000000 4.1230480381 1.5254923138 4.2816804559 0.0000000000
7.5390788725 0.5050000000 4.1221825993 1.5222424079 4.2769187386 0.0000000000
7.5474057577 0.5050000000 4.1212859596 1.5189940415 4.2720328332 0.0000000000
7.5557171780 0.5050000000 4.1203539519 1.5155653947 4.2669333435 0.0000000000
7.5640251599 0.5050000000 4.1194294728 1.5120724473 4.2618382481 0.0000000000
7.5723270717 0.5050000000 4.1184717355 1.5085470462 4.2565971385 0.0000000000
7.5806163823 0.5050000000 4.1174900494 1.5048792155 4.2512032620 0.0000000000
7.5888907665 0.5050000000 4.1164660866 1.5010759081 4.2455860878 0.0000000000
7.5971561059 0.5050000000 4.1154336969 1.4971647970 4.2398920847 0.0000000000
7.6054205471 0.5050000000 4.1143946186 1.4932527914 4.2341709693 0.0000000000
7.6136892615 0.5050000000 4.1133695602 1.4893741178 4.2285192661 0.0000000000
7.6219672015 0.5050000000 4.1123584082 1.4855977056 4.2229640930 0.0000000000
7.6302193446 0.5050000000 4.1112864814 1.4815815830 4.2170699371 0.0000000000
7.6384352505 0.5050000000 4.1101163335 1.4772824128 4.2106696773 0.0000000000
7.6466143281 0.5050000000 4.1088952331 1.4726446437 4.2039301682 0.0000000000
7.6548013791 0.5050000000 4.1077079089 1.4680400185 4.1973390212 0.0000000000
7.6630163125 0.5050000000 4.1065602719 1.4636975495 4.1910114855 0.0000000000
7.6712182163 0.5050000000 4.1053840240 1.4592450769 4.1845255051 0.0000000000
7.6793717088 0.5050000000 4.1041073139 1.4544233246 4.1774899637 0.0000000000
7.6875494431 0.5050000000 4.1028890922 1.4497667734 4.1707544564 0.0000000000
7.6956856164 0.5050000000 4.1015860940 1.4448082622 4.1635590589 0.0000000000
7.7037857381 0.5050000000 4.1002256120 1.4395849240 4.1560277958 0.0000000000
7.7118763597 0.5050000000 4.0988580864 1.4342832031 4.1484370049 0.0000000000
7.7199763359 0.5050000000 4.0974959637 1.4290647309 4.1409011254 0.0000000000
7.7280190724 0.5050000000 4.0960440867 1.4234554709 4.1328499133 0.0000000000
7.7360619004 0.5050000000 4.0945922019 1.4178467469 4.1247988846 0.0000000000
7.7441358855 0.5050000000 4.0931958492 1.4124374353 4.1170497490 0.0000000000
7.7521926345 0.5050000000 4.0917661098 1.4069219911 4.1091246137 0.0000000000
7.7601621822 0.5050000000 4.0902062004 1.4008607381 4.1004604752 0.0000000000
7.7681211189 0.5050000000 4.0886364608 1.3947277665 4.0917283281 0.0000000000
7.7760994401 0.5050000000 4.0870901512 1.3887160150 4.0831383888 0.0000000000
7.7840457255 0.5050000000 4.0854967766 1.3825196563 4.0742863472 0.0000000000
7.7919484918 0.5050000000 4.0838448680 1.3760744975 4.0651006493 0.0000000000
7.7997808966 0.5050000000 4.0820985626 1.3692593837 4.0553893821 0.0000000000
7.8075686822 0.5050000000 4.0803128708 1.3621926183 4.0454199088 0.0000000000
7.8154044570 0.5050000000 4.0785876123 1.3553689666 4.0357894140 0.0000000000
7.8232558218 0.5050000000 4.0768758065 1.3486522730 4.0262555131 0.0000000000
7.8309524267 0.5050000000 4.0749759935 1.3411604901 4.0156595483 0.0000000000
7.8386922147 0.5050000000 4.0731423301 1.3338553613 4.0054028432 0.0000000000
7.8465012841 0.5050000000 4.0713793973 1.3269208880 3.9955773225 0.0000000000
7.8541394980 0.5050000000 4.0694251497 1.3191471415 3.9846508336 0.0000000000
7.8618845226 0.5050000000 4.0676423842 1.3118173435 3.9745878524 0.0000000000
7.8695739213 0.5050000000 4.0657349807 1.3042938748 3.9639488508 0.0000000000
7.8771995256 0.5050000000 4.0637951922 1.2964235468 3.9530415657 0.0000000000
7.8847527035 0.5050000000 4.0617977840 1.2882456392 3.9417807698 0.0000000000
7.8921357211 0.5050000000 4.0596066296 1.2794045212 3.9294797048 0.0000000000
7.8995752852 0.5050000000 4.0575093743 1.2707146366 3.9176147301 0.0000000000
7.9070154863 0.5050000000 4.0554233969 1.2620112452 3.9057894638 0.0000000000
7.9144605276 0.5050000000 4.0533546217 1.2533076858 3.8940329391 0.0000000000
7.9219274927 0.5050000000 4.0513238170 1.2446721537 3.8824555078 0.0000000000
7.9293305128 0.5050000000 4.0492357312 1.2357776339 3.8705453566 0.0000000000
7.9366832465 0.5050000000 4.0471456801 1.2266283614 3.8585254429 0.0000000000
7.9441203082 0.5050000000 4.0451437280 1.2178222265 3.8469951809 0.0000000000
7.9513614395 0.5050000000 4.0429977692 1.2082433920 3.8345798117 0.0000000000
7.9585950878 0.5050000000 4.0408971104 1.1985362567 3.8222943223 0.0000000000
7.9658671843 0.5050000000 4.0388922624 1.1888826949 3.8104135057 0.0000000000
7.9730568910 0.5050000000 4.0368320210 1.1789239298 3.7981890342 0.0000000000
7.9803885281 0.5050000000 4.0349829172 1.1693536921 3.7869645237 0.0000000000
7.9877536239 0.5050000000 4.0332058731 1.1598674760 3.7760618607 0.0000000000
7.9950451115 0.5050000000 4.0314248242 1.1500068470 3.7649934138 0.0000000000
8.0024216457 0.5050000000 4.0310901747 1.1449503699 3.7616322250 0.0000000000
8.0092598657 0.5050000000 4.0295219326 1.1352773277 3.7514900397 0.0000000000
8.0159628817 0.5050000000 4.0280639068 1.1252023946 3.7416279632 0.0000000000
8.0228083274 0.5050000000 4.0269729587 1.1158844564 3.7335369955 0.0000000000
8.0296571912 0.5050000000 4.0261698137 1.1067983058 3.7266899551 0.0000000000
8.0362707431 0.5050000000 4.0254148850 1.0990356394 3.7205651738 0.0000000000
8.0426486778 0.5050000000 4.0244140483 1.0908233407 3.7132769075 0.0000000000
8.0496089731 0.5050000000 4.0238802789 1.0789268650 3.7063832397 0.0000000000
8.0559769392 0.5050000000 4.0232371979 1.0663776446 3.6987912276 0.0000000000
8.0608835429 0.5050000000 4.0227781082 1.0580589032 3.6936273721 0.0000000000
8.0657947962 0.5050000000 4.0227259779 1.0502973840 3.6903142435 0.0000000000
8.0705805011 0.5050000000 4.0235547859 1.0448141180 3.6914361690 0.0000000000
8.0748691509 0.5050000000 4.0238490051 1.0353176786 3.6888144698 0.0000000000
8.0790409597 0.5050000000 4.0245432691 1.0267858521 3.6881787954 0.0000000000
8.0830487191 0.5050000000 4.0254574306 1.0190184657 3.6887284868 0.0000000000
8.0864222249 0.5050000000 4.0296528504 1.0034499599 3.6992827636 0.0000000000
8.0894577749 0.5050000000 4.0358279738 0.9910979514 3.7190424539 0.0000000000
8.0919616155 0.5050000000 4.0424282384 0.9793802660 3.7407564379 0.0000000000
8.0940099576 0.5050000000 4.0491538372 0.9675528756 3.7629278771 0.0000000000
8.0956708837 0.5050000000 4.0557010921 0.9547662895 3.7840022623 0.0000000000
8.0969942358 0.5050000000 4.0617270564 0.9402624631 3.8023045891 0.0000000000
8.0980305657 0.5050000000 4.0670400652 0.9239720298 3.8170404507 0.0000000000
8.0988275695 0.5050000000 4.0712004577 0.9056586258 3.8263566593 0.0000000000
8.0994115718 0.5050000000 4.0739093631 0.8856554161 3.8291909969 0.0000000000
8.0998441693 0.5050000000 4.0754459013 0.8648580243 3.8270181933 0.0000000000
8.1001730384 0.5050000000 4.0760469504 0.8437454012 3.8209773403 0.0000000000
8.1004305202 0.5050000000 4.0758943656 0.8225742525 3.8118985417 0.0000000000
8.1006375343 0.5050000000 4.0751401596 0.8014786405 3.8004434726 0.0000000000
8.1008085884 0.5050000000 4.0739007264 0.7805246580 3.7871041469 0.0000000000
8.1009523558 0.5050000000 4.0722592749 0.7597417645 3.7722251837 0.0000000000
8.1010757980 0.5050000000 4.0702629069 0.7391530498 3.7560042255 0.0000000000
8.1011832773 0.5050000000 4.0679680633 0.7187588563 3.7386671737 0.0000000000
8.1012779956 0.5050000000 4.0654021111 0.6985670858 3.7203266567 0.0000000000
8.1013623913 0.5050000000 4.0625967803 0.6785749333 3.7011084726 0.0000000000
8.1014379566 0.5050000000 4.0595523433 0.6588023878 3.6810217064 0.0000000000
8.1015062451 0.5050000000 4.0563107307 0.6392263904 3.6602248570 0.0000000000
8.1015682494 0.5050000000 4.0528676414 0.6198665082 3.6387085469 0.0000000000
8.1016249239 0.5050000000 4.0492529705 0.6007030270 3.6165844709 0.0000000000
8.1016770015 0.5050000000 4.0454627500 0.5817524970 3.5938433770 0.0000000000
8.1017251259 0.5050000000 4.0415177772 0.5630004583 3.5705626704 0.0000000000
8.1017698678 0.5050000000 4.0374185386 0.5444561814 3.5467480050 0.0000000000
8.1018116418 0.5050000000 4.0331748637 0.5261159747 3.5224372228 0.0000000000
8.1018507524 0.5050000000 4.0287919141 0.5079816788 3.4976517062 0.0000000000
8.1018876515 0.5050000000 4.0242865833 0.4900357965 3.4724520297 0.0000000000
8.1019225883 0.5050000000 4.0196500000 0.4723000000 3.4468113781 0.0000000000
8.1019661285 0.5050000000 4.0133500000 0.4492000000 3.4123713781 0.0000000000
8.1020373578 0.5050000000 4.0016922257 0.4091119582 3.3497050642 0.0000000000
8.1021028002 0.5050000000 3.9894817821 0.3700655744 3.2852447361 0.0000000000
8.1021640447 0.5050000000 3.9767383715 0.3320984559 3.2190842465 0.0000000000
8.1022217392 0.5050000000 3.9635307521 0.2951340319 3.1514679993 0.0000000000
8.1022784016 0.5050000000 3.9498874353 0.2591743223 3.0825108484 0.0000000000
8.1023337928 0.5050000000 3.9357791537 0.2243532466 3.0121492915 0.0000000000
8.1023881127 0.5050000000 3.9212402118 0.1906576344 2.9405152789 0.0000000000
8.1024417516 0.5050000000 3.9063003097 0.1580765720 2.8677232456 0.0000000000
8.1024951377 0.5050000000 3.8909735584 0.1266381952 2.7938408897 0.0000000000
8.1025485144 0.5050000000 3.8752994859 0.0962889538 2.7190049030 0.0000000000
8.1026021900 0.5050000000 3.8593062382 0.0669983267 2.6433156615 0.0000000000
8.1026568494 0.5050000000 3.8430547953 0.0386090033 2.5669541604 0.0000000000
8.1027134946 0.5050000000 3.8265536591 0.0111337469 2.4899595134 0.0000000000
8.1027743180 0.5050000000 3.8098875115 -0.0157118314 2.4125566916 0.0000000000
8.1028429619 0.5050000000 3.7931102283 -0.0421212702 2.3348837834 0.0000000000
8.1029312268 0.5050000000 3.7763708196 -0.0686795479 2.2573028372 0.0000000000
8.1031838542 0.5050000000 3.7710796052 -0.0847008285 2.2297294676 0.0000000000
8.1033459580 0.5050000000 3.7888894038 -0.0639439500 2.3092714132 0.0000000000
8.1034644302 0.5050000000 3.8062370241 -0.0399584962 2.3882560762 0.0000000000
8.1035993770 0.5050000000 3.8230414175 -0.0136720713 2.4659882194 0.0000000000
8.1039132369 0.5050000000 3.8387145728 0.0165542134 2.5407713549 0.0000000000
8.1047826371 0.5050000000 3.8543346966 0.0469041919 2.6153918413 0.0000000000
8.1076189893 0.5050000000 3.8604685317 0.0690164958 2.6487721033 0.0000000000
8.1097622679 0.5050000000 3.8438267473 0.0428267686 2.5717290749 0.0000000000
8.1118088317 0.5050000000 3.8260548010 0.0219485169 2.4922899887 0.0000000000
8.1133708180 0.5050000000 3.8067682526 0.0111847422 2.4108382852 0.0000000000
8.1144509512 0.5050000000 3.7877425609 -0.0024600065 2.3292776193 0.0000000000
8.1155022041 0.5050000000 3.7690843511 -0.0189935493 2.2480313626 0.0000000000
8.1167487763 0.5050000000 3.7509884887 -0.0389439742 2.1676677431 0.0000000000
8.1185543780 0.5050000000 3.7345353140 -0.0660642360 2.0910069398 0.0000000000
8.1208714070 0.5050000000 3.7204262925 -0.1003244978 2.0208667492 0.0000000000
8.1233644918 0.5050000000 3.7086248567 -0.1395716233 1.9579621556 0.0000000000
8.1259700873 0.5050000000 3.7001041849 -0.1838355394 1.9061739021 0.0000000000
8.1284726049 0.5050000000 3.6926145369 -0.2292939007 1.8580319653 0.0000000000
8.1308829676 0.5050000000 3.6859963550 -0.2756238965 1.8130272394 0.0000000000
8.1331831510 0.5050000000 3.6799591742 -0.3224815772 1.7701354439 0.0000000000
8.1353717788 0.5050000000 3.6744931623 -0.3698093671 1.7293402805 0.0000000000
8.1374802772 0.5050000000 3.6695447711 -0.4175157193 1.6904641748 0.0000000000
8.1394738408 0.5050000000 3.6648772929 -0.4654295633 1.6526287242 0.0000000000
8.1413516140 0.5050000000 3.6607170533 -0.5136627120 1.6166945065 0.0000000000
8.1431103323 0.5050000000 3.6565883773 -0.5619401507 1.5808688269 0.0000000000
8.1447603433 0.5050000000 3.6527766730 -0.6104045608 1.5462362457 0.0000000000
8.1463090529 0.5050000000 3.6491025278 -0.6589570771 1.5121186583 0.0000000000
8.1477732594 0.5050000000 3.6456313197 -0.7076192838 1.4787689436 0.0000000000
8.1491719161 0.5050000000 3.6423447772 -0.7563728719 1.4461213381 0.0000000000
8.1504982054 0.5050000000 3.6391942220 -0.8051958981 1.4139899068 0.0000000000
8.1517601935 0.5050000000 3.6361106525 -0.8540562300 1.3821114961 0.0000000000
8.1529657596 0.5050000000 3.6331881561 -0.9029876039 1.3508489611 0.0000000000
8.1541205786 0.5050000000 3.6303228810 -0.9519476761 1.3198038318 0.0000000000
8.1552306618 0.5050000000 3.6275295094 -1.0009402063 1.2890333330 0.0000000000
8.1563017154 0.5050000000 3.6248810302 -1.0499878585 1.2588203557 0.0000000000
8.1573404978 0.5050000000 3.6222979129 -1.0990621275 1.2288581788 0.0000000000
8.1583418605 0.5050000000 3.6197229337 -1.1481439912 1.1989255164 0.0000000000
8.1593021249 0.5050000000 3.6172240246 -1.1972556840 1.1692852028 0.0000000000
8.1602154285 0.5050000000 3.6149033252 -1.2464268418 1.1403339423 0.0000000000
8.1610710208 0.5050000000 3.6125125240 -1.2955840011 1.1111078739 0.0000000000
8.1618566832 0.5050000000 3.6101812165 -1.3447663912 1.0821096877 0.0000000000
8.1625589273 0.5050000000 3.6079328743 -1.3939807830 1.0534305622 0.0000000000
8.1631716229 0.5050000000 3.6056572303 -1.4431948165 1.0246423728 0.0000000000
8.1636988583 0.5050000000 3.6033804778 -1.4924147257 0.9958473988 0.0000000000
8.1641543437 0.5050000000 3.6012299896 -1.5416744408 0.9675415600 0.0000000000
8.1645547045 0.5050000000 3.5989520193 -1.5909015092 0.9387388517 0.0000000000
8.1649145229 0.5050000000 3.5967436314 -1.6401502249 0.9102058136 0.0000000000
8.1652448047 0.5050000000 3.5945078724 -1.6893927267 0.8815657771 0.0000000000
8.1655541163 0.5050000000 3.5924120209 -1.7386739093 0.8534698979 0.0000000000
8.1658483375 0.5050000000 3.5901878953 -1.7879211245 0.8248745094 0.0000000000
8.1661342853 0.5050000000 3.5880081107 -1.8371806286 0.7964515693 0.0000000000
8.1664195679 0.5050000000 3.5858979796 -1.8864593930 0.7682995392 0.0000000000
8.1667125944 0.5050000000 3.5838085901 -1.9357434107 0.7402283740 0.0000000000
8.1670164844 0.5050000000 3.5817725776 -1.9850409853 0.7123652945 0.0000000000
8.1673203104 0.5050000000 3.5797782623 -2.0343491907 0.6846647510 0.0000000000
8.1675996570 0.5050000000 3.5777189616 -2.0836414666 0.6567106377 0.0000000000
8.1678569985 0.5050000000 3.5757035729 -2.1329458186 0.6289273425 0.0000000000
8.1681144861 0.5050000000 3.5738362253 -2.1822866737 0.6017216097 0.0000000000
8.1683683099 0.5050000000 3.5718825139 -2.2316067295 0.5741787420 0.0000000000
8.1686178173 0.5050000000 3.5700052131 -2.2809449942 0.5469342330 0.0000000000
8.1688708336 0.5050000000 3.5681923031 -2.3302983833 0.5199412373 0.0000000000
8.1691250631 0.5050000000 3.5665539201 -2.3796899520 0.4936310778 0.0000000000
8.1693922455 0.5050000000 3.5649525871 -2.4290875258 0.4674667163 0.0000000000
8.1696638883 0.5050000000 3.5635631463 -2.4785263276 0.4421334325 0.0000000000
8.1699440652 0.5050000000 3.5623346043 -2.5279910207 0.4174333871 0.0000000000
8.1702335428 0.5050000000 3.5613487147 -2.5774895587 0.3936904135 0.0000000000
8.1705277890 0.5050000000 3.5605946273 -2.6270125591 0.3708648635 0.0000000000
8.1706327750 0.5050000000 3.5588196681 -2.6765110501 0.3439656303 0.0000000000
8.1707295425 0.5050000000 3.5596844468 -2.6733926146 0.3486721195 0.0000000000
8.1707487281 0.5050000000 3.5624265145 -2.6238169061 0.3794706738 0.0000000000
8.1707627932 0.5050000000 3.5651096904 -2.5748144303 0.4098043675 0.0000000000
8.1707767925 0.5050000000 3.5679042398 -2.5234928797 0.4415111854 0.0000000000
8.1708091349 0.5050000000 3.5659713502 -2.5626732222 0.4181074899 0.0000000000
8.1708273586 0.5050000000 3.5634796279 -2.6120049654 0.3884079034 0.0000000000
8.1708436377 0.5050000000 3.5609823913 -2.6611917170 0.3587442565 0.0000000000
8.1708614231 0.5050000000 3.5585478206 -2.7103830908 0.3293294243 0.0000000000
8.1708822436 0.5050000000 3.5561740626 -2.7595880286 0.3001524172 0.0000000000
8.1709084915 0.5050000000 3.5538663048 -2.8087244360 0.2712668229 0.0000000000
8.1709465055 0.5050000000 3.5517034565 -2.8575340629 0.2430915791 0.0000000000
8.1710125954 0.5050000000 3.5532086220 -2.8411705466 0.2556576475 0.0000000000
8.1710249057 0.5050000000 3.5559020705 -2.7918525260 0.2861586498 0.0000000000
8.1710300348 0.5050000000 3.5585719660 -2.7427251441 0.3164891846 0.0000000000
8.1710328167 0.5050000000 3.5613700000 -2.7028000000 0.3436513781 0.0000000000
