# logAge Mass logTe Mbol logg C/O
3.9052830563 0.5700000000 3.8960200000 0.9395500000 3.1917748557 0.0000000000
3.9141770113 0.5700000000 3.8959866052 0.9393714357 3.1915698508 0.0000000000
3.9230709276 0.5700000000 3.8959522107 0.9391847148 3.1913575844 0.0000000000
3.9319648063 0.5700000000 3.8959168589 0.9389900756 3.1911383215 0.0000000000
3.9408586487 0.5700000000 3.8958805923 0.9387877559 3.1909123271 0.0000000000
3.9497524558 0.5700000000 3.8958434532 0.9385779939 3.1906798661 0.0000000000
3.9586462290 0.5700000000 3.8958054842 0.9383610277 3.1904412036 0.0000000000
3.9675399693 0.5700000000 3.8957667277 0.9381370952 3.1901966046 0.0000000000
3.9764336779 0.5700000000 3.8957272261 0.9379064345 3.1899463339 0.0000000000
3.9853273561 0.5700000000 3.8956870219 0.9376692838 3.1896906567 0.0000000000
3.9942210051 0.5700000000 3.8956461574 0.9374258810 3.1894298378 0.0000000000
4.0031146259 0.5700000000 3.8956046753 0.9371764642 3.1891641424 0.0000000000
4.0120082197 0.5700000000 3.8955626178 0.9369212714 3.1888938353 0.0000000000
4.0209017879 0.5700000000 3.8955200274 0.9366605408 3.1886191816 0.0000000000
4.0297953315 0.5700000000 3.8954769466 0.9363945103 3.1883404463 0.0000000000
4.0386888517 0.5700000000 3.8954334178 0.9361234180 3.1880578943 0.0000000000
4.0475823497 0.5700000000 3.8953894835 0.9358475021 3.1877717906 0.0000000000
4.0564758267 0.5700000000 3.8953451861 0.9355670004 3.1874824002 0.0000000000
4.0653692839 0.5700000000 3.8953005680 0.9352821512 3.1871899882 0.0000000000
4.0742627224 0.5700000000 3.8952556717 0.9349931924 3.1868948195 0.0000000000
4.0831561434 0.5700000000 3.8952105396 0.9347003620 3.1865971590 0.0000000000
4.0920495482 0.5700000000 3.8951652142 0.9344038983 3.1862972718 0.0000000000
4.1009429378 0.5700000000 3.8951197379 0.9341040391 3.1859954229 0.0000000000
4.1098363136 0.5700000000 3.8950741531 0.9338010226 3.1856918772 0.0000000000
4.1187296765 0.5700000000 3.8950285023 0.9334950869 3.1853868998 0.0000000000
4.1276230280 0.5700000000 3.8949828280 0.9331864699 3.1850807556 0.0000000000
4.1365163690 0.5700000000 3.8949371725 0.9328754097 3.1847737096 0.0000000000
4.1454097008 0.5700000000 3.8948915784 0.9325621444 3.1844660268 0.0000000000
4.1543030247 0.5700000000 3.8948460879 0.9322469121 3.1841579723 0.0000000000
4.1631963417 0.5700000000 3.8948007437 0.9319299507 3.1838498108 0.0000000000
4.1720896530 0.5700000000 3.8947555881 0.9316114984 3.1835418076 0.0000000000
4.1809829599 0.5700000000 3.8947106636 0.9312917932 3.1832342275 0.0000000000
4.1898762634 0.5700000000 3.8946660127 0.9309710732 3.1829273356 0.0000000000
4.1987695649 0.5700000000 3.8946216776 0.9306495764 3.1826213968 0.0000000000
4.2076628655 0.5700000000 3.8945777010 0.9303275408 3.1823166761 0.0000000000
4.2165561663 0.5700000000 3.8945341253 0.9300052046 3.1820134386 0.0000000000
4.2254494685 0.5700000000 3.8944909928 0.9296828058 3.1817119491 0.0000000000
4.2343427733 0.5700000000 3.8944483460 0.9293605824 3.1814124727 0.0000000000
4.2432360820 0.5700000000 3.8944062274 0.9290387725 3.1811152744 0.0000000000
4.2521293956 0.5700000000 3.8943646795 0.9287176141 3.1808206192 0.0000000000
4.2610227154 0.5700000000 3.8943237446 0.9283973453 3.1805287720 0.0000000000
4.2699160425 0.5700000000 3.8942834651 0.9280782042 3.1802399979 0.0000000000
4.2788093782 0.5700000000 3.8942438836 0.9277604288 3.1799545618 0.0000000000
4.2877027236 0.5700000000 3.8942050425 0.9274442572 3.1796727287 0.0000000000
4.2965960798 0.5700000000 3.8941669842 0.9271299274 3.1793947636 0.0000000000
4.3054894482 0.5700000000 3.8941297512 0.9268176775 3.1791209315 0.0000000000
4.3143828298 0.5700000000 3.8940933859 0.9265077455 3.1788514974 0.0000000000
4.3232762258 0.5700000000 3.8940579307 0.9262003695 3.1785867263 0.0000000000
4.3321696374 0.5700000000 3.8940234281 0.9258957876 3.1783268831 0.0000000000
4.3410630659 0.5700000000 3.8939899205 0.9255942377 3.1780722329 0.0000000000
4.3499565123 0.5700000000 3.8939574504 0.9252959580 3.1778230406 0.0000000000
4.3588499778 0.5700000000 3.8939260602 0.9250011866 3.1775795713 0.0000000000
4.3677434638 0.5700000000 3.8938957924 0.9247101613 3.1773420898 0.0000000000
4.3766369712 0.5700000000 3.8938666894 0.9244231204 3.1771108613 0.0000000000
4.3855305013 0.5700000000 3.8938387935 0.9241403019 3.1768861506 0.0000000000
4.3944240554 0.5700000000 3.8938121474 0.9238619438 3.1766682229 0.0000000000
4.4033176345 0.5700000000 3.8937867934 0.9235882842 3.1764573430 0.0000000000
4.4122112398 0.5700000000 3.8937627739 0.9233195612 3.1762537759 0.0000000000
4.4211048726 0.5700000000 3.8937401315 0.9230560127 3.1760577867 0.0000000000
4.4299985340 0.5700000000 3.8937189085 0.9227978769 3.1758696404 0.0000000000
4.4388922252 0.5700000000 3.8936991474 0.9225453918 3.1756896018 0.0000000000
4.4477859474 0.5700000000 3.8936808906 0.9222987954 3.1755179361 0.0000000000
4.4566797017 0.5700000000 3.8936641805 0.9220583259 3.1753549081 0.0000000000
4.4655734893 0.5700000000 3.8936490597 0.9218242212 3.1752007830 0.0000000000
4.4744673115 0.5700000000 3.8936355705 0.9215967195 3.1750558256 0.0000000000
4.4833611694 0.5700000000 3.8936237555 0.9213760588 3.1749203010 0.0000000000
4.4922550641 0.5700000000 3.8936136555 0.9211624753 3.1747944679 0.0000000000
4.5011489948 0.5700000000 3.8936052944 0.9209561840 3.1746785068 0.0000000000
4.5100429597 0.5700000000 3.8935986840 0.9207573847 3.1745725455 0.0000000000
4.5189369570 0.5700000000 3.8935938359 0.9205662775 3.1744767104 0.0000000000
4.5278309848 0.5700000000 3.8935907619 0.9203830622 3.1743911283 0.0000000000
4.5367250412 0.5700000000 3.8935894736 0.9202079384 3.1743159256 0.0000000000
4.5456191243 0.5700000000 3.8935899827 0.9200411062 3.1742512290 0.0000000000
4.5545132324 0.5700000000 3.8935923008 0.9198827653 3.1741971650 0.0000000000
4.5634073635 0.5700000000 3.8935964396 0.9197331156 3.1741538603 0.0000000000
4.5723015157 0.5700000000 3.8936024108 0.9195923569 3.1741214415 0.0000000000
4.5811956872 0.5700000000 3.8936102260 0.9194606890 3.1741000351 0.0000000000
4.5900898761 0.5700000000 3.8936198969 0.9193383117 3.1740897678 0.0000000000
4.5989840806 0.5700000000 3.8936314351 0.9192254250 3.1740907662 0.0000000000
4.6078782988 0.5700000000 3.8936448524 0.9191222286 3.1741031567 0.0000000000
4.6167725288 0.5700000000 3.8936601604 0.9190289223 3.1741270661 0.0000000000
4.6256667688 0.5700000000 3.8936773707 0.9189457060 3.1741626210 0.0000000000
4.6345610168 0.5700000000 3.8936964951 0.9188727795 3.1742099478 0.0000000000
4.6434552711 0.5700000000 3.8937175451 0.9188103427 3.1742691733 0.0000000000
4.6523495297 0.5700000000 3.8937405325 0.9187585954 3.1743404240 0.0000000000
4.6612437908 0.5700000000 3.8937654690 0.9187177374 3.1744238265 0.0000000000
4.6701380525 0.5700000000 3.8937923652 0.9186879630 3.1745195018 0.0000000000
4.6790323129 0.5700000000 3.8938212071 0.9186693062 3.1746274067 0.0000000000
4.6879265701 0.5700000000 3.8938519521 0.9186616182 3.1747473112 0.0000000000
4.6968208221 0.5700000000 3.8938845558 0.9186647404 3.1748789752 0.0000000000
4.7057150670 0.5700000000 3.8939189743 0.9186785140 3.1750221586 0.0000000000
4.7146093027 0.5700000000 3.8939551633 0.9187027807 3.1751766212 0.0000000000
4.7235035275 0.5700000000 3.8939930787 0.9187373816 3.1753421230 0.0000000000
4.7323977393 0.5700000000 3.8940326762 0.9187821581 3.1755184237 0.0000000000
4.7412919361 0.5700000000 3.8940739118 0.9188369517 3.1757052834 0.0000000000
4.7501861161 0.5700000000 3.8941167412 0.9189016037 3.1759024619 0.0000000000
4.7590802772 0.5700000000 3.8941611203 0.9189759555 3.1761097190 0.0000000000
4.7679744176 0.5700000000 3.8942070049 0.9190598485 3.1763268147 0.0000000000
4.7768685352 0.5700000000 3.8942543509 0.9191531240 3.1765535089 0.0000000000
4.7857626282 0.5700000000 3.8943031141 0.9192556234 3.1767895613 0.0000000000
4.7946566945 0.5700000000 3.8943532503 0.9193671881 3.1770347320 0.0000000000
4.8035507323 0.5700000000 3.8944047153 0.9194876594 3.1772887807 0.0000000000
4.8124447395 0.5700000000 3.8944574651 0.9196168787 3.1775514674 0.0000000000
4.8213387143 0.5700000000 3.8945114553 0.9197546871 3.1778225516 0.0000000000
4.8302326556 0.5700000000 3.8945666296 0.9199008658 3.1781017205 0.0000000000
4.8391265646 0.5700000000 3.8946229057 0.9200550658 3.1783885047 0.0000000000
4.8480204428 0.5700000000 3.8946801976 0.9202169213 3.1786824146 0.0000000000
4.8569142916 0.5700000000 3.8947384194 0.9203860666 3.1789829601 0.0000000000
4.8658081123 0.5700000000 3.8947974854 0.9205621359 3.1792896515 0.0000000000
4.8747019065 0.5700000000 3.8948573095 0.9207447632 3.1796019989 0.0000000000
4.8835956755 0.5700000000 3.8949178059 0.9209335828 3.1799195126 0.0000000000
4.8924894207 0.5700000000 3.8949788888 0.9211282289 3.1802417026 0.0000000000
4.9013831437 0.5700000000 3.8950404723 0.9213283357 3.1805680792 0.0000000000
4.9102768457 0.5700000000 3.8951024705 0.9215335372 3.1808981524 0.0000000000
4.9191705283 0.5700000000 3.8951647974 0.9217434678 3.1812314326 0.0000000000
4.9280641928 0.5700000000 3.8952273674 0.9219577616 3.1815674297 0.0000000000
4.9369578408 0.5700000000 3.8952900943 0.9221760527 3.1819056541 0.0000000000
4.9458514735 0.5700000000 3.8953528925 0.9223979755 3.1822456158 0.0000000000
4.9547450925 0.5700000000 3.8954156759 0.9226231639 3.1825868250 0.0000000000
4.9636386991 0.5700000000 3.8954783636 0.9228512564 3.1829288126 0.0000000000
4.9725322950 0.5700000000 3.8955409128 0.9230819248 3.1832712766 0.0000000000
4.9814258816 0.5700000000 3.8956032995 0.9233148570 3.1836139963 0.0000000000
4.9903194606 0.5700000000 3.8956654998 0.9235497413 3.1839567515 0.0000000000
4.9992130334 0.5700000000 3.8957274900 0.9237862657 3.1842993219 0.0000000000
5.0081066017 0.5700000000 3.8957892460 0.9240241185 3.1846414873 0.0000000000
5.0170001671 0.5700000000 3.8958507442 0.9242629877 3.1849830274 0.0000000000
5.0258937311 0.5700000000 3.8959119605 0.9245025615 3.1853237222 0.0000000000
5.0347872953 0.5700000000 3.8959728711 0.9247425280 3.1856633512 0.0000000000
5.0436808612 0.5700000000 3.8960334521 0.9249825755 3.1860016944 0.0000000000
5.0525744304 0.5700000000 3.8960936798 0.9252223919 3.1863385315 0.0000000000
5.0614680045 0.5700000000 3.8961535301 0.9254616655 3.1866736422 0.0000000000
5.0703615851 0.5700000000 3.8962129792 0.9257000845 3.1870068063 0.0000000000
5.0792551737 0.5700000000 3.8962720033 0.9259373369 3.1873378037 0.0000000000
5.0881487719 0.5700000000 3.8963305788 0.9261731172 3.1876664177 0.0000000000
5.0970423804 0.5700000000 3.8963886878 0.9264072510 3.1879925074 0.0000000000
5.1059359995 0.5700000000 3.8964463182 0.9266396873 3.1883160033 0.0000000000
5.1148296293 0.5700000000 3.8965034577 0.9268703800 3.1886368384 0.0000000000
5.1237232699 0.5700000000 3.8965600943 0.9270992829 3.1889549459 0.0000000000
5.1326169214 0.5700000000 3.8966162158 0.9273263497 3.1892702589 0.0000000000
5.1415105840 0.5700000000 3.8966718103 0.9275515343 3.1895827106 0.0000000000
5.1504042578 0.5700000000 3.8967268655 0.9277747906 3.1898922340 0.0000000000
5.1592979429 0.5700000000 3.8967813695 0.9279960723 3.1901987624 0.0000000000
5.1681916395 0.5700000000 3.8968353100 0.9282153332 3.1905022289 0.0000000000
5.1770853477 0.5700000000 3.8968886750 0.9284325273 3.1908025666 0.0000000000
5.1859790676 0.5700000000 3.8969414524 0.9286476083 3.1910997086 0.0000000000
5.1948727994 0.5700000000 3.8969936301 0.9288605300 3.1913935881 0.0000000000
5.2037665431 0.5700000000 3.8970451960 0.9290712462 3.1916841383 0.0000000000
5.2126602989 0.5700000000 3.8970961426 0.9292797171 3.1919713129 0.0000000000
5.2215540667 0.5700000000 3.8971464758 0.9294859206 3.1922551273 0.0000000000
5.2304478463 0.5700000000 3.8971962042 0.9296898384 3.1925356078 0.0000000000
5.2393416377 0.5700000000 3.8972453361 0.9298914520 3.1928127811 0.0000000000
5.2482354406 0.5700000000 3.8972938802 0.9300907430 3.1930866735 0.0000000000
5.2571292549 0.5700000000 3.8973418447 0.9302876928 3.1933573115 0.0000000000
5.2660230806 0.5700000000 3.8973892382 0.9304822831 3.1936247217 0.0000000000
5.2749169175 0.5700000000 3.8974360692 0.9306744953 3.1938889305 0.0000000000
5.2838107654 0.5700000000 3.8974823461 0.9308643110 3.1941499644 0.0000000000
5.2927046243 0.5700000000 3.8975280774 0.9310517118 3.1944078500 0.0000000000
5.3015984940 0.5700000000 3.8975732716 0.9312366791 3.1946626136 0.0000000000
5.3104923743 0.5700000000 3.8976179371 0.9314191946 3.1949142818 0.0000000000
5.3193862652 0.5700000000 3.8976620824 0.9315992400 3.1951628812 0.0000000000
5.3282801665 0.5700000000 3.8977057174 0.9317768212 3.1954084539 0.0000000000
5.3371740777 0.5700000000 3.8977488547 0.9319519881 3.1956510697 0.0000000000
5.3460679988 0.5700000000 3.8977915070 0.9321247949 3.1958908015 0.0000000000
5.3549619292 0.5700000000 3.8978336870 0.9322952961 3.1961277222 0.0000000000
5.3638558688 0.5700000000 3.8978754076 0.9324635461 3.1963619047 0.0000000000
5.3727498171 0.5700000000 3.8979166816 0.9326295992 3.1965934217 0.0000000000
5.3816437739 0.5700000000 3.8979575217 0.9327935098 3.1968223463 0.0000000000
5.3905377388 0.5700000000 3.8979979406 0.9329553323 3.1970487511 0.0000000000
5.3994317116 0.5700000000 3.8980379513 0.9331151211 3.1972727092 0.0000000000
5.4083256919 0.5700000000 3.8980775663 0.9332729306 3.1974942933 0.0000000000
5.4172196793 0.5700000000 3.8981167986 0.9334288151 3.1977135763 0.0000000000
5.4261136737 0.5700000000 3.8981556609 0.9335828291 3.1979306311 0.0000000000
5.4350076747 0.5700000000 3.8981941605 0.9337350158 3.1981455041 0.0000000000
5.4439016823 0.5700000000 3.8982322738 0.9338853564 3.1983580934 0.0000000000
5.4527956968 0.5700000000 3.8982699664 0.9340338102 3.1985682454 0.0000000000
5.4616897181 0.5700000000 3.8983072040 0.9341803368 3.1987758065 0.0000000000
5.4705837466 0.5700000000 3.8983439522 0.9343248954 3.1989806228 0.0000000000
5.4794777823 0.5700000000 3.8983801767 0.9344674456 3.1991825408 0.0000000000
5.4883718253 0.5700000000 3.8984158431 0.9346079467 3.1993814067 0.0000000000
5.4972658758 0.5700000000 3.8984509170 0.9347463581 3.1995770669 0.0000000000
5.5061599340 0.5700000000 3.8984853641 0.9348826393 3.1997693677 0.0000000000
5.5150540000 0.5700000000 3.8985191500 0.9350167496 3.1999581554 0.0000000000
5.5239480738 0.5700000000 3.8985522403 0.9351486485 3.2001432763 0.0000000000
5.5328421558 0.5700000000 3.8985846007 0.9352782953 3.2003245767 0.0000000000
5.5417362459 0.5700000000 3.8986161993 0.9354056526 3.2005019140 0.0000000000
5.5506303442 0.5700000000 3.8986470206 0.9355307036 3.2006752196 0.0000000000
5.5595244504 0.5700000000 3.8986770559 0.9356534402 3.2008444554 0.0000000000
5.5684185644 0.5700000000 3.8987062965 0.9357738542 3.2010095834 0.0000000000
5.5773126861 0.5700000000 3.8987347337 0.9358919375 3.2011705655 0.0000000000
5.5862068153 0.5700000000 3.8987623588 0.9360076819 3.2013273636 0.0000000000
5.5951009519 0.5700000000 3.8987891631 0.9361210793 3.2014799397 0.0000000000
5.6039950957 0.5700000000 3.8988151379 0.9362321215 3.2016282558 0.0000000000
5.6128892466 0.5700000000 3.8988402745 0.9363408004 3.2017722738 0.0000000000
5.6217834045 0.5700000000 3.8988645642 0.9364471078 3.2019119556 0.0000000000
5.6306775691 0.5700000000 3.8988879984 0.9365510355 3.2020472633 0.0000000000
5.6395717404 0.5700000000 3.8989105682 0.9366525755 3.2021781588 0.0000000000
5.6484659182 0.5700000000 3.8989322678 0.9367517180 3.2023046140 0.0000000000
5.6573601023 0.5700000000 3.8989531007 0.9368484479 3.2024266378 0.0000000000
5.6662542925 0.5700000000 3.8989730731 0.9369427487 3.2025442475 0.0000000000
5.6751484887 0.5700000000 3.8989921908 0.9370346040 3.2026574606 0.0000000000
5.6840426907 0.5700000000 3.8990104600 0.9371239972 3.2027662945 0.0000000000
5.6929368983 0.5700000000 3.8990278865 0.9372109120 3.2028707666 0.0000000000
5.7018311113 0.5700000000 3.8990444765 0.9372953318 3.2029708942 0.0000000000
5.7107253296 0.5700000000 3.8990602358 0.9373772402 3.2030666949 0.0000000000
5.7196195529 0.5700000000 3.8990751705 0.9374566208 3.2031581859 0.0000000000
5.7285137812 0.5700000000 3.8990892866 0.9375334570 3.2032453847 0.0000000000
5.7374080142 0.5700000000 3.8991025900 0.9376077324 3.2033283088 0.0000000000
5.7463022517 0.5700000000 3.8991150868 0.9376794308 3.2034069753 0.0000000000
5.7551964936 0.5700000000 3.8991267808 0.9377485440 3.2034813967 0.0000000000
5.7640907396 0.5700000000 3.8991376735 0.9378150742 3.2035515793 0.0000000000
5.7729849896 0.5700000000 3.8991477660 0.9378790241 3.2036175292 0.0000000000
5.7818792435 0.5700000000 3.8991570595 0.9379403964 3.2036792523 0.0000000000
5.7907735009 0.5700000000 3.8991655553 0.9379991938 3.2037367545 0.0000000000
5.7996677617 0.5700000000 3.8991732547 0.9380554191 3.2037900420 0.0000000000
5.8085620257 0.5700000000 3.8991801587 0.9381090750 3.2038391205 0.0000000000
5.8174562927 0.5700000000 3.8991862687 0.9381601641 3.2038839962 0.0000000000
5.8263505625 0.5700000000 3.8991915859 0.9382086893 3.2039246751 0.0000000000
5.8352448350 0.5700000000 3.8991961115 0.9382546533 3.2039611630 0.0000000000
5.8441391099 0.5700000000 3.8991998467 0.9382980587 3.2039934659 0.0000000000
5.8530333871 0.5700000000 3.8992027945 0.9383389156 3.2040215999 0.0000000000
5.8619276662 0.5700000000 3.8992049661 0.9383772674 3.2040456271 0.0000000000
5.8708219472 0.5700000000 3.8992063750 0.9384131672 3.2040656226 0.0000000000
5.8797162298 0.5700000000 3.8992070347 0.9384466681 3.2040816618 0.0000000000
5.8886105137 0.5700000000 3.8992069588 0.9384778229 3.2040938200 0.0000000000
5.8975047988 0.5700000000 3.8992061607 0.9385066848 3.2041021723 0.0000000000
5.9063990848 0.5700000000 3.8992046539 0.9385333069 3.2041067941 0.0000000000
5.9152933715 0.5700000000 3.8992024520 0.9385577421 3.2041077607 0.0000000000
5.9241876586 0.5700000000 3.8991995686 0.9385800435 3.2041051473 0.0000000000
5.9330819461 0.5700000000 3.8991960170 0.9386002642 3.2040990292 0.0000000000
5.9419762335 0.5700000000 3.8991918108 0.9386184571 3.2040894817 0.0000000000
5.9508705208 0.5700000000 3.8991869683 0.9386346798 3.2040766009 0.0000000000
5.9597648079 0.5700000000 3.8991815768 0.9386490526 3.2040607838 0.0000000000
5.9686590951 0.5700000000 3.8991757747 0.9386617434 3.2040426518 0.0000000000
5.9775533823 0.5700000000 3.8991697020 0.9386729209 3.2040228319 0.0000000000
5.9864476699 0.5700000000 3.8991634985 0.9386827538 3.2040019513 0.0000000000
5.9953419580 0.5700000000 3.8991573042 0.9386914111 3.2039806369 0.0000000000
6.0042362467 0.5700000000 3.8991512589 0.9386990616 3.2039595157 0.0000000000
6.0131305362 0.5700000000 3.8991455024 0.9387058739 3.2039392147 0.0000000000
6.0220248267 0.5700000000 3.8991401746 0.9387120170 3.2039203610 0.0000000000
6.0309191184 0.5700000000 3.8991354155 0.9387176597 3.2039035816 0.0000000000
6.0398134113 0.5700000000 3.8991313649 0.9387229707 3.2038895034 0.0000000000
6.0487077057 0.5700000000 3.8991281517 0.9387281033 3.2038787039 0.0000000000
6.0576020015 0.5700000000 3.8991257479 0.9387329845 3.2038710412 0.0000000000
6.0664962982 0.5700000000 3.8991240067 0.9387373707 3.2038658307 0.0000000000
6.0753905957 0.5700000000 3.8991227783 0.9387410140 3.2038623745 0.0000000000
6.0842848935 0.5700000000 3.8991219131 0.9387436668 3.2038599748 0.0000000000
6.0931791914 0.5700000000 3.8991212614 0.9387450810 3.2038579336 0.0000000000
6.1020734890 0.5700000000 3.8991206735 0.9387450091 3.2038555531 0.0000000000
6.1109677861 0.5700000000 3.8991199996 0.9387432031 3.2038521355 0.0000000000
6.1198620823 0.5700000000 3.8991190903 0.9387394153 3.2038469828 0.0000000000
6.1287563773 0.5700000000 3.8991177956 0.9387333979 3.2038393972 0.0000000000
6.1376506708 0.5700000000 3.8991159660 0.9387249030 3.2038286808 0.0000000000
6.1465449625 0.5700000000 3.8991134518 0.9387136828 3.2038141358 0.0000000000
6.1554392519 0.5700000000 3.8991101032 0.9386994896 3.2037950642 0.0000000000
6.1643335390 0.5700000000 3.8991057706 0.9386820756 3.2037707683 0.0000000000
6.1732278232 0.5700000000 3.8991003043 0.9386611929 3.2037405500 0.0000000000
6.1821221043 0.5700000000 3.8990935546 0.9386365937 3.2037037116 0.0000000000
6.1910163820 0.5700000000 3.8990853719 0.9386080303 3.2036595552 0.0000000000
6.1999106560 0.5700000000 3.8990756063 0.9385752549 3.2036073829 0.0000000000
6.2088049259 0.5700000000 3.8990641083 0.9385380195 3.2035464969 0.0000000000
6.2176991915 0.5700000000 3.8990507849 0.9384961805 3.2034764674 0.0000000000
6.2265934540 0.5700000000 3.8990361774 0.9384507583 3.2033998686 0.0000000000
6.2354877150 0.5700000000 3.8990212256 0.9384035041 3.2033211596 0.0000000000
6.2443819764 0.5700000000 3.8990068752 0.9383561803 3.2032448286 0.0000000000
6.2532762400 0.5700000000 3.8989940720 0.9383105493 3.2031753636 0.0000000000
6.2621705077 0.5700000000 3.8989837619 0.9382683736 3.2031172528 0.0000000000
6.2710647811 0.5700000000 3.8989768534 0.9382313562 3.2030748119 0.0000000000
6.2799590607 0.5700000000 3.8989734870 0.9381999716 3.2030487922 0.0000000000
6.2888533451 0.5700000000 3.8989730801 0.9381735387 3.2030365917 0.0000000000
6.2977476333 0.5700000000 3.8989750224 0.9381513315 3.2030354780 0.0000000000
6.3066419240 0.5700000000 3.8989787034 0.9381326239 3.2030427188 0.0000000000
6.3155362160 0.5700000000 3.8989835126 0.9381166900 3.2030555820 0.0000000000
6.3244305081 0.5700000000 3.8989888395 0.9381028037 3.2030713350 0.0000000000
6.3333247993 0.5700000000 3.8989941228 0.9380902683 3.2030874541 0.0000000000
6.3422190893 0.5700000000 3.8989991839 0.9380786154 3.2031030375 0.0000000000
6.3511133785 0.5700000000 3.8990040238 0.9380674837 3.2031179444 0.0000000000
6.3600076671 0.5700000000 3.8990086444 0.9380565124 3.2031320384 0.0000000000
6.3689019555 0.5700000000 3.8990130477 0.9380453409 3.2031451830 0.0000000000
6.3777962438 0.5700000000 3.8990172357 0.9380336083 3.2031572418 0.0000000000
6.3866905325 0.5700000000 3.8990212120 0.9380209587 3.2031680872 0.0000000000
6.3955848214 0.5700000000 3.8990251040 0.9380073657 3.2031782178 0.0000000000
6.4044791105 0.5700000000 3.8990292428 0.9379933468 3.2031891656 0.0000000000
6.4133733994 0.5700000000 3.8990339787 0.9379794705 3.2032025587 0.0000000000
6.4222676877 0.5700000000 3.8990396620 0.9379663049 3.2032200255 0.0000000000
6.4311619753 0.5700000000 3.8990466428 0.9379544185 3.2032431944 0.0000000000
6.4400562618 0.5700000000 3.8990552563 0.9379443605 3.2032736251 0.0000000000
6.4489505469 0.5700000000 3.8990655966 0.9379363762 3.2033117927 0.0000000000
6.4578448305 0.5700000000 3.8990775653 0.9379304681 3.2033573040 0.0000000000
6.4667391122 0.5700000000 3.8990910583 0.9379266316 3.2034097416 0.0000000000
6.4756333918 0.5700000000 3.8991059719 0.9379248624 3.2034686884 0.0000000000
6.4845276690 0.5700000000 3.8991222023 0.9379251560 3.2035337272 0.0000000000
6.4934219437 0.5700000000 3.8991396803 0.9379274876 3.2036045720 0.0000000000
6.5023162155 0.5700000000 3.8991584316 0.9379317775 3.2036812932 0.0000000000
6.5112104842 0.5700000000 3.8991784976 0.9379379366 3.2037640205 0.0000000000
6.5201047495 0.5700000000 3.8991999195 0.9379458757 3.2038528841 0.0000000000
6.5289990112 0.5700000000 3.8992227439 0.9379554986 3.2039480306 0.0000000000
6.5378932685 0.5700000000 3.8992471073 0.9379665742 3.2040499147 0.0000000000
6.5467875207 0.5700000000 3.8992732260 0.9379787536 3.2041592610 0.0000000000
6.5556817666 0.5700000000 3.8993013185 0.9379916837 3.2042768031 0.0000000000
6.5645760054 0.5700000000 3.8993315991 0.9380050298 3.2044032639 0.0000000000
6.5734702365 0.5700000000 3.8993640767 0.9380192837 3.2045388758 0.0000000000
6.5823644595 0.5700000000 3.8993984747 0.9380360870 3.2046831893 0.0000000000
6.5912586743 0.5700000000 3.8994344956 0.9380571660 3.2048357046 0.0000000000
6.6001528807 0.5700000000 3.8994718460 0.9380842305 3.2049959318 0.0000000000
6.6090470779 0.5700000000 3.8995105206 0.9381178309 3.2051640704 0.0000000000
6.6179412642 0.5700000000 3.8995509853 0.9381566244 3.2053414466 0.0000000000
6.6268354376 0.5700000000 3.8995937494 0.9381990932 3.2055294907 0.0000000000
6.6357295962 0.5700000000 3.8996393184 0.9382437766 3.2057296400 0.0000000000
6.6446237361 0.5700000000 3.8996880618 0.9382912303 3.2059435948 0.0000000000
6.6535178502 0.5700000000 3.8997401793 0.9383445237 3.2061733823 0.0000000000
6.6624119314 0.5700000000 3.8997958601 0.9384068817 3.2064210488 0.0000000000
6.6713059779 0.5700000000 3.8998550410 0.9384790667 3.2066866464 0.0000000000
6.6802000033 0.5700000000 3.8999169143 0.9385545711 3.2069643413 0.0000000000
6.6890940239 0.5700000000 3.8999805355 0.9386255520 3.2072472185 0.0000000000
6.6979880481 0.5700000000 3.9000453416 0.9386877520 3.2075313230 0.0000000000
6.7068820535 0.5700000000 3.9001122579 0.9387508999 3.2078242471 0.0000000000
6.7157760102 0.5700000000 3.9001825723 0.9388281344 3.2081363986 0.0000000000
6.7246698943 0.5700000000 3.9002574812 0.9389282977 3.2084760997 0.0000000000
6.7335637043 0.5700000000 3.9003378514 0.9390447820 3.2088441739 0.0000000000
6.7424574435 0.5700000000 3.9004244753 0.9391675079 3.2092397598 0.0000000000
6.7513511165 0.5700000000 3.9005176571 0.9392889044 3.2096610458 0.0000000000
6.7602447320 0.5700000000 3.9006153528 0.9394134624 3.2101016516 0.0000000000
6.7691383002 0.5700000000 3.9007148501 0.9395491994 3.2105539358 0.0000000000
6.7780318210 0.5700000000 3.9008154171 0.9396990841 3.2110161578 0.0000000000
6.7869252792 0.5700000000 3.9009192600 0.9398585930 3.2114953329 0.0000000000
6.7958186563 0.5700000000 3.9010285741 0.9400239477 3.2119987311 0.0000000000
6.8047119228 0.5700000000 3.9011442065 0.9401986970 3.2125311604 0.0000000000
6.8136050470 0.5700000000 3.9012665076 0.9403886137 3.2130963314 0.0000000000
6.8224980418 0.5700000000 3.9013946283 0.9405923598 3.2136903127 0.0000000000
6.8313909710 0.5700000000 3.9015263733 0.9408006096 3.2143005928 0.0000000000
6.8402838625 0.5700000000 3.9016607027 0.9410085348 3.2149210806 0.0000000000
6.8491766393 0.5700000000 3.9017999826 0.9412249727 3.2155647753 0.0000000000
6.8580692451 0.5700000000 3.9019459590 0.9414567296 3.2162413835 0.0000000000
6.8669617807 0.5700000000 3.9020955509 0.9416930741 3.2169342888 0.0000000000
6.8758543173 0.5700000000 3.9022464707 0.9419256726 3.2176310075 0.0000000000
6.8847466234 0.5700000000 3.9024051784 0.9421758547 3.2183659110 0.0000000000
6.8936384644 0.5700000000 3.9025782012 0.9424658758 3.2191740107 0.0000000000
6.9025300199 0.5700000000 3.9027599130 0.9427804239 3.2200266771 0.0000000000
6.9114215595 0.5700000000 3.9029420230 0.9430958016 3.2208812683 0.0000000000
6.9203129967 0.5700000000 3.9031264477 0.9434186876 3.2217481213 0.0000000000
6.9292042022 0.5700000000 3.9033172409 0.9437583516 3.2226471598 0.0000000000
6.9380955707 0.5700000000 3.9035071641 0.9440746431 3.2235333694 0.0000000000
6.9469871448 0.5700000000 3.9036956447 0.9443603177 3.2244015617 0.0000000000
6.9558780420 0.5700000000 3.9039002602 0.9446947766 3.2253538069 0.0000000000
6.9647679991 0.5700000000 3.9041256899 0.9451017376 3.2264183103 0.0000000000
6.9736575240 0.5700000000 3.9043607135 0.9455352564 3.2275318123 0.0000000000
6.9825469474 0.5700000000 3.9045984295 0.9459679523 3.2286557548 0.0000000000
6.9914363363 0.5700000000 3.9048378552 0.9463995186 3.2297860840 0.0000000000
7.0003257200 0.5700000000 3.9050769485 0.9468338405 3.2309161858 0.0000000000
7.0092149329 0.5700000000 3.9053196058 0.9472770545 3.2320641006 0.0000000000
7.0181035885 0.5700000000 3.9055769386 0.9477380417 3.2332778269 0.0000000000
7.0269915875 0.5700000000 3.9058471407 0.9482315765 3.2345560492 0.0000000000
7.0358788687 0.5700000000 3.9061268326 0.9487705740 3.2358904156 0.0000000000
7.0447652922 0.5700000000 3.9064193901 0.9493539091 3.2372939797 0.0000000000
7.0536520442 0.5700000000 3.9067074653 0.9499175694 3.2386717447 0.0000000000
7.0625395676 0.5700000000 3.9069858093 0.9504357480 3.2399923919 0.0000000000
7.0714260421 0.5700000000 3.9072843026 0.9509945805 3.2414098983 0.0000000000
7.0803112515 0.5700000000 3.9076011600 0.9516130462 3.2429247143 0.0000000000
7.0891953600 0.5700000000 3.9079311119 0.9522847645 3.2445132092 0.0000000000
7.0980788587 0.5700000000 3.9082675923 0.9529859149 3.2461395906 0.0000000000
7.1069628487 0.5700000000 3.9085949405 0.9536751531 3.2477246790 0.0000000000
7.1158461986 0.5700000000 3.9089329980 0.9543828365 3.2493599824 0.0000000000
7.1247288756 0.5700000000 3.9092830723 0.9551076929 3.2510502219 0.0000000000
7.1336108035 0.5700000000 3.9096411349 0.9558637103 3.2527848794 0.0000000000
7.1424919572 0.5700000000 3.9100016835 0.9566683120 3.2545489145 0.0000000000
7.1513734461 0.5700000000 3.9103531849 0.9574745898 3.2562774313 0.0000000000
7.1602550644 0.5700000000 3.9107132297 0.9582478527 3.2580269157 0.0000000000
7.1691374009 0.5700000000 3.9110698148 0.9589783805 3.2597454670 0.0000000000
7.1780162699 0.5700000000 3.9114604409 0.9598487775 3.2616561301 0.0000000000
7.1868937088 0.5700000000 3.9118621158 0.9607799681 3.2636353063 0.0000000000
7.1957726224 0.5700000000 3.9122472821 0.9616630607 3.2655292083 0.0000000000
7.2046506964 0.5700000000 3.9126384532 0.9625818511 3.2674614090 0.0000000000
7.2135274176 0.5700000000 3.9130420474 0.9635488769 3.2694625960 0.0000000000
7.2224063214 0.5700000000 3.9134314965 0.9644213575 3.2713693845 0.0000000000
7.2312829714 0.5700000000 3.9138351500 0.9653895076 3.2733712586 0.0000000000
7.2401592407 0.5700000000 3.9142392977 0.9663805288 3.2753842579 0.0000000000
7.2490377227 0.5700000000 3.9146249961 0.9672901131 3.2772908851 0.0000000000
7.2579117159 0.5700000000 3.9150507907 0.9683479910 3.2794172147 0.0000000000
7.2667850881 0.5700000000 3.9154706727 0.9694533708 3.2815388947 0.0000000000
7.2756612466 0.5700000000 3.9158588829 0.9704885462 3.2835058058 0.0000000000
7.2845377965 0.5700000000 3.9162446807 0.9715077765 3.2854566891 0.0000000000
7.2934109461 0.5700000000 3.9166582190 0.9726398017 3.2875636524 0.0000000000
7.3022869870 0.5700000000 3.9170443388 0.9736845970 3.2895260495 0.0000000000
7.3111621130 0.5700000000 3.9174330522 0.9747728481 3.2915162039 0.0000000000
7.3200363695 0.5700000000 3.9178245525 0.9758981365 3.2935323202 0.0000000000
7.3289121284 0.5700000000 3.9181823536 0.9770177959 3.2954113882 0.0000000000
7.3377923581 0.5700000000 3.9184972934 0.9779883416 3.2970593658 0.0000000000
7.3466694657 0.5700000000 3.9188466112 0.9790586268 3.2988847511 0.0000000000
7.3555480614 0.5700000000 3.9191521858 0.9801353799 3.3005377507 0.0000000000
7.3644320629 0.5700000000 3.9194040671 0.9810055722 3.3018933531 0.0000000000
7.3733089538 0.5700000000 3.9197571619 0.9820507739 3.3037238129 0.0000000000
7.3821846473 0.5700000000 3.9201217553 0.9831605602 3.3056261011 0.0000000000
7.3910678320 0.5700000000 3.9203671137 0.9840681279 3.3069705616 0.0000000000
7.3999503638 0.5700000000 3.9205910269 0.9850324283 3.3082519345 0.0000000000
7.4088364122 0.5700000000 3.9207601621 0.9858499968 3.3092555029 0.0000000000
7.4177234621 0.5700000000 3.9209165267 0.9865582851 3.3101642764 0.0000000000
7.4266076769 0.5700000000 3.9211216032 0.9874303382 3.3113334037 0.0000000000
7.4354955356 0.5700000000 3.9212437328 0.9881671703 3.3121166549 0.0000000000
7.4443868896 0.5700000000 3.9213103993 0.9886641797 3.3125821246 0.0000000000
7.4532733393 0.5700000000 3.9214394351 0.9894395335 3.3134084093 0.0000000000
7.4621630781 0.5700000000 3.9214558157 0.9899843999 3.3136918784 0.0000000000
7.4710540421 0.5700000000 3.9214309562 0.9904124160 3.3137636469 0.0000000000
7.4799430602 0.5700000000 3.9214409723 0.9909355578 3.3140129680 0.0000000000
7.4888342063 0.5700000000 3.9212053209 0.9911044478 3.3131379184 0.0000000000
7.4977263246 0.5700000000 3.9212219381 0.9916695167 3.3134304148 0.0000000000
7.5066193115 0.5700000000 3.9211560742 0.9920212999 3.3133076724 0.0000000000
7.5155122902 0.5700000000 3.9209849337 0.9922666879 3.3127212655 0.0000000000
7.5243808413 0.5700000000 3.9204247791 0.9917666989 3.3102806518 0.0000000000
7.5332741942 0.5700000000 3.9202815596 0.9922166564 3.3098877566 0.0000000000
7.5421579904 0.5700000000 3.9198606542 0.9919712986 3.3081059918 0.0000000000
7.5510390103 0.5700000000 3.9193960729 0.9916274687 3.3061101347 0.0000000000
7.5599158454 0.5700000000 3.9188673545 0.9911943025 3.3038219946 0.0000000000
7.5687854785 0.5700000000 3.9182624443 0.9905233619 3.3011339778 0.0000000000
7.5776633006 0.5700000000 3.9177630449 0.9900226301 3.2989360874 0.0000000000
7.5865283600 0.5700000000 3.9171028070 0.9893003337 3.2960062170 0.0000000000
7.5953792491 0.5700000000 3.9163118061 0.9883577179 3.2924651671 0.0000000000
7.6042118726 0.5700000000 3.9153719042 0.9872210511 3.2882508931 0.0000000000
7.6130423683 0.5700000000 3.9144448446 0.9859200292 3.2840222459 0.0000000000
7.6218641175 0.5700000000 3.9134576224 0.9845348865 3.2795193000 0.0000000000
7.6306562623 0.5700000000 3.9122790199 0.9829317654 3.2741636414 0.0000000000
7.6394314085 0.5700000000 3.9110269951 0.9811084871 3.2684262310 0.0000000000
7.6482154465 0.5700000000 3.9098221695 0.9793534904 3.2629049299 0.0000000000
7.6569400696 0.5700000000 3.9083330041 0.9771638933 3.2560724294 0.0000000000
7.6656545063 0.5700000000 3.9068310154 0.9747826732 3.2491119866 0.0000000000
7.6743420720 0.5700000000 3.9052113637 0.9722713119 3.2416288351 0.0000000000
7.6830115210 0.5700000000 3.9035373904 0.9696117985 3.2338691368 0.0000000000
7.6916372010 0.5700000000 3.9017098662 0.9666902701 3.2253904284 0.0000000000
7.7002375047 0.5700000000 3.8998165493 0.9635700288 3.2165690644 0.0000000000
7.7087951299 0.5700000000 3.8977929216 0.9602418315 3.2071432745 0.0000000000
7.7173449000 0.5700000000 3.8957707046 0.9567842050 3.1976713561 0.0000000000
7.7258264939 0.5700000000 3.8935354987 0.9531150524 3.1872628712 0.0000000000
7.7342104626 0.5700000000 3.8910638069 0.9490025925 3.1757311202 0.0000000000
7.7426070815 0.5700000000 3.8886267157 0.9449277806 3.1643528309 0.0000000000
7.7509478743 0.5700000000 3.8860744673 0.9405814009 3.1524052853 0.0000000000
7.7592078726 0.5700000000 3.8833401059 0.9359751845 3.1396253531 0.0000000000
7.7673838621 0.5700000000 3.8804390282 0.9310867164 3.1260656551 0.0000000000
7.7754386653 0.5700000000 3.8773247923 0.9257664749 3.1114806149 0.0000000000
7.7834691999 0.5700000000 3.8741674092 0.9203777195 3.0966955802 0.0000000000
7.7916258870 0.5700000000 3.8712856390 0.9152793178 3.0831291388 0.0000000000
7.7995943569 0.5700000000 3.8680343458 0.9097069504 3.0678950189 0.0000000000
7.8075225137 0.5700000000 3.8647225574 0.9040173602 3.0523720294 0.0000000000
7.8152644291 0.5700000000 3.8611212839 0.8977996404 3.0354798474 0.0000000000
7.8230088945 0.5700000000 3.8575227404 0.8915630336 3.0185910305 0.0000000000
7.8309304801 0.5700000000 3.8542689987 0.8857917651 3.0032675565 0.0000000000
7.8385543407 0.5700000000 3.8505184907 0.8792455719 2.9856470473 0.0000000000
7.8460734439 0.5700000000 3.8466348337 0.8724278735 2.9673853398 0.0000000000
7.8533837378 0.5700000000 3.8425008328 0.8652162152 2.9479646731 0.0000000000
7.8605401085 0.5700000000 3.8381807113 0.8576295233 2.9276495101 0.0000000000
7.8676679787 0.5700000000 3.8338448256 0.8499221414 2.9072230147 0.0000000000
7.8749112028 0.5700000000 3.8296617415 0.8423890911 2.8874774583 0.0000000000
7.8821393629 0.5700000000 3.8254768523 0.8347778438 2.8676934024 0.0000000000
7.8893810244 0.5700000000 3.8214723474 0.8271157418 2.8486105420 0.0000000000
7.8960372326 0.5700000000 3.8167278663 0.8185888115 2.8262218454 0.0000000000
7.9030060033 0.5700000000 3.8123432776 0.8101871511 2.8053228264 0.0000000000
7.9099660497 0.5700000000 3.8079876938 0.8016426903 2.7844827069 0.0000000000
7.9168627142 0.5700000000 3.8036718162 0.7928042170 2.7636838072 0.0000000000
7.9242087112 0.5700000000 3.8008525503 0.7859713899 2.7496736128 0.0000000000
7.9310983362 0.5700000000 3.7968356824 0.7774892087 2.7302132686 0.0000000000
7.9379837883 0.5700000000 3.7930375374 0.7686440942 2.7114826431 0.0000000000
7.9451168753 0.5700000000 3.7897750962 0.7601143561 2.6950209831 0.0000000000
7.9521573941 0.5700000000 3.7866155186 0.7510431113 2.6787541747 0.0000000000
7.9593622380 0.5700000000 3.7839335907 0.7417707060 2.6643175010 0.0000000000
7.9662911373 0.5700000000 3.7811666361 0.7310437593 2.6489589038 0.0000000000
7.9728052498 0.5700000000 3.7781117838 0.7184931114 2.6317192353 0.0000000000
7.9791287072 0.5700000000 3.7751078710 0.7050985658 2.6143457658 0.0000000000
7.9853997244 0.5700000000 3.7736430765 0.6937765456 2.6039577801 0.0000000000
7.9908543860 0.5700000000 3.7718157594 0.6838079367 2.5926610679 0.0000000000
7.9962982181 0.5700000000 3.7700569971 0.6721863157 2.5809773704 0.0000000000
8.0013784159 0.5700000000 3.7683636653 0.6600401599 2.5693455807 0.0000000000
8.0050757826 0.5700000000 3.7660651672 0.6429139226 2.5533010934 0.0000000000
8.0079906474 0.5700000000 3.7642333238 0.6224202238 2.5377762404 0.0000000000
8.0104071735 0.5700000000 3.7623628483 0.6015424547 2.5219432306 0.0000000000
8.0123661202 0.5700000000 3.7602855186 0.5804859930 2.5052113272 0.0000000000
8.0139498409 0.5700000000 3.7580843163 0.5593109133 2.4879364862 0.0000000000
8.0152061896 0.5700000000 3.7557544953 0.5380837149 2.4701263228 0.0000000000
8.0162147659 0.5700000000 3.7533366260 0.5168361944 2.4519558376 0.0000000000
8.0170390726 0.5700000000 3.7508527917 0.4955871702 2.4335208904 0.0000000000
8.0177270931 0.5700000000 3.7483602343 0.4743124746 2.4150407827 0.0000000000
8.0183099241 0.5700000000 3.7458421088 0.4530365765 2.3964579217 0.0000000000
8.0188155832 0.5700000000 3.7433905010 0.4316997144 2.3781167454 0.0000000000
8.0192509169 0.5700000000 3.7409256947 0.4103626571 2.3597226971 0.0000000000
8.0196261962 0.5700000000 3.7384533244 0.3890239608 2.3412977375 0.0000000000
8.0199489566 0.5700000000 3.7360356109 0.3676407454 2.3230735974 0.0000000000
8.0202300823 0.5700000000 3.7336069055 0.3462618813 2.3048072304 0.0000000000
8.0204779007 0.5700000000 3.7312626907 0.3248216049 2.2868542605 0.0000000000
8.0206977490 0.5700000000 3.7289699745 0.3033448224 2.2690926827 0.0000000000
8.0208940771 0.5700000000 3.7266880488 0.2818594076 2.2513708139 0.0000000000
8.0210710478 0.5700000000 3.7245023466 0.2603100598 2.2340082661 0.0000000000
8.0212304881 0.5700000000 3.7223700494 0.2387292905 2.2168467696 0.0000000000
8.0213749881 0.5700000000 3.7202310844 0.2171495798 2.1996590254 0.0000000000
8.0215060857 0.5700000000 3.7181302827 0.1955455603 2.1826142106 0.0000000000
8.0216255625 0.5700000000 3.7161631680 0.1738625610 2.1660725521 0.0000000000
8.0217344893 0.5700000000 3.7141980687 0.1521781139 2.1495383762 0.0000000000
8.0218339985 0.5700000000 3.7122612538 0.1304775489 2.1331108903 0.0000000000
8.0219249711 0.5700000000 3.7103632403 0.1087553417 2.1168299534 0.0000000000
8.0220083300 0.5700000000 3.7085063499 0.0870107751 2.1007045654 0.0000000000
8.0220849466 0.5700000000 3.7066987623 0.0652405881 2.0847661403 0.0000000000
8.0221555581 0.5700000000 3.7049397110 0.0434453413 2.0690118362 0.0000000000
8.0222205011 0.5700000000 3.7032050304 0.0216372295 2.0533498690 0.0000000000
8.0222807070 0.5700000000 3.7015300000 -0.0002000000 2.0379148557 0.0000000000
8.0223432353 0.5700000000 3.6996900000 -0.0243750000 2.0208848557 0.0000000000
8.0229900872 0.5700000000 3.6805101810 -0.3200218332 1.8259068462 0.0000000000
8.0236369391 0.5700000000 3.6741891047 -0.4384037894 1.7532697587 0.0000000000
8.0242837910 0.5700000000 3.6778861022 -0.3765133591 1.7928139207 0.0000000000
8.0249306429 0.5700000000 3.6796822650 -0.3460526280 1.8121828644 0.0000000000
8.0255774948 0.5700000000 3.6807543168 -0.3283389581 1.8235565397 0.0000000000
8.0262243467 0.5700000000 3.6815237847 -0.3159289904 1.8315983984 0.0000000000
8.0268711986 0.5700000000 3.6820438004 -0.3078939085 1.8368924939 0.0000000000
8.0275180505 0.5700000000 3.6823740809 -0.3028323854 1.8402382253 0.0000000000
8.0281649024 0.5700000000 3.6825068288 -0.3007808282 1.8415898394 0.0000000000
8.0288117543 0.5700000000 3.6825539302 -0.2999867354 1.8420958822 0.0000000000
8.0294586062 0.5700000000 3.6824958417 -0.3007370450 1.8415634044 0.0000000000
8.0301054581 0.5700000000 3.6823863301 -0.3021051988 1.8405780968 0.0000000000
8.0307523099 0.5700000000 3.6821939713 -0.3044687571 1.8388632379 0.0000000000
8.0313991618 0.5700000000 3.6820016124 -0.3068323155 1.8371483791 0.0000000000
8.0320460137 0.5700000000 3.6816854283 -0.3102944898 1.8344987728 0.0000000000
8.0326928656 0.5700000000 3.6813612887 -0.3138272468 1.8317891117 0.0000000000
8.0333397175 0.5700000000 3.6809860014 -0.3180800639 1.8285868355 0.0000000000
8.0339865694 0.5700000000 3.6803980784 -0.3253263730 1.8233366199 0.0000000000
8.0346334213 0.5700000000 3.6798101553 -0.3325726821 1.8180864042 0.0000000000
8.0352802732 0.5700000000 3.6792159102 -0.3399474302 1.8127595245 0.0000000000
8.0359271251 0.5700000000 3.6784187918 -0.3514437201 1.8049725347 0.0000000000
8.0365739770 0.5700000000 3.6776216733 -0.3629400101 1.7971855449 0.0000000000
8.0372208289 0.5700000000 3.6768245549 -0.3744363001 1.7893985551 0.0000000000
8.0378676808 0.5700000000 3.6760423924 -0.3866125283 1.7813994138 0.0000000000
8.0385145327 0.5700000000 3.6752622427 -0.3988802663 1.7733717200 0.0000000000
8.0391613845 0.5700000000 3.6745785640 -0.4104413235 1.7660125824 0.0000000000
8.0398082364 0.5700000000 3.6739333146 -0.4217208740 1.7589197646 0.0000000000
8.0404550883 0.5700000000 3.6733056126 -0.4325546384 1.7520754506 0.0000000000
8.0411019402 0.5700000000 3.6726859833 -0.4431833163 1.7453454622 0.0000000000
8.0417487921 0.5700000000 3.6720749359 -0.4538899802 1.7386186072 0.0000000000
8.0423956440 0.5700000000 3.6714734155 -0.4646832179 1.7318952306 0.0000000000
8.0430424959 0.5700000000 3.6708706986 -0.4755569792 1.7251348586 0.0000000000
8.0436893478 0.5700000000 3.6702599634 -0.4869703652 1.7181265631 0.0000000000
8.0443361997 0.5700000000 3.6696492281 -0.4983837513 1.7111182676 0.0000000000
8.0449830516 0.5700000000 3.6689941605 -0.5103912772 1.7036949866 0.0000000000
8.0456299035 0.5700000000 3.6683294372 -0.5225282067 1.6961813219 0.0000000000
8.0462767554 0.5700000000 3.6676444241 -0.5350870675 1.6884177251 0.0000000000
8.0469236073 0.5700000000 3.6669479878 -0.5478834768 1.6805134160 0.0000000000
8.0475704591 0.5700000000 3.6662507284 -0.5610218793 1.6724690177 0.0000000000
8.0482173110 0.5700000000 3.6655528889 -0.5744014134 1.6643258459 0.0000000000
8.0488641629 0.5700000000 3.6648549581 -0.5881337216 1.6560411993 0.0000000000
8.0495110148 0.5700000000 3.6641569754 -0.6020665300 1.6476761452 0.0000000000
8.0501578667 0.5700000000 3.6634108767 -0.6164085039 1.6389549609 0.0000000000
8.0508047186 0.5700000000 3.6626508170 -0.6308691988 1.6301304441 0.0000000000
8.0514515705 0.5700000000 3.6618795674 -0.6459120118 1.6210283206 0.0000000000
8.0520984224 0.5700000000 3.6611046895 -0.6611193649 1.6118458677 0.0000000000
8.0527452743 0.5700000000 3.6603200290 -0.6767673062 1.6024480492 0.0000000000
8.0533921262 0.5700000000 3.6595056881 -0.6927423720 1.5928006593 0.0000000000
8.0540389781 0.5700000000 3.6586719205 -0.7089361199 1.5829880898 0.0000000000
8.0546858300 0.5700000000 3.6578341000 -0.7256438207 1.5729537272 0.0000000000
8.0553326819 0.5700000000 3.6569966262 -0.7425248263 1.5628514298 0.0000000000
8.0559795337 0.5700000000 3.6561595435 -0.7596013120 1.5526725050 0.0000000000
8.0566263856 0.5700000000 3.6553441500 -0.7772712819 1.5423429431 0.0000000000
8.0572732375 0.5700000000 3.6544742669 -0.7953305126 1.5316397183 0.0000000000
8.0579200894 0.5700000000 3.6535519962 -0.8138125780 1.5205578093 0.0000000000
8.0585669413 0.5700000000 3.6526224788 -0.8329008822 1.5092044179 0.0000000000
8.0592137932 0.5700000000 3.6516784102 -0.8525236976 1.4975790176 0.0000000000
8.0598606451 0.5700000000 3.6507419613 -0.8726605183 1.4857784937 0.0000000000
8.0605074970 0.5700000000 3.6497967772 -0.8933559690 1.4737195768 0.0000000000
8.0611543489 0.5700000000 3.6487428689 -0.9146605602 1.4609821072 0.0000000000
8.0618012008 0.5700000000 3.6477506710 -0.9367445017 1.4481797389 0.0000000000
8.0624480527 0.5700000000 3.6466947274 -0.9594790613 1.4348621408 0.0000000000
8.0630949046 0.5700000000 3.6455973386 -0.9829006049 1.4211039679 0.0000000000
8.0637417565 0.5700000000 3.6445094024 -1.0070443957 1.4070947072 0.0000000000
8.0643886083 0.5700000000 3.6433620236 -1.0319490248 1.3925433402 0.0000000000
8.0650354602 0.5700000000 3.6421869869 -1.0575468614 1.3776040587 0.0000000000
8.0656823121 0.5700000000 3.6410379986 -1.0837850318 1.3625128374 0.0000000000
8.0663291640 0.5700000000 3.6398070748 -1.1107672960 1.3467962364 0.0000000000
8.0669760159 0.5700000000 3.6385436382 -1.1385681415 1.3306221517 0.0000000000
8.0676228678 0.5700000000 3.6373102428 -1.1672069010 1.3142330665 0.0000000000
8.0682697197 0.5700000000 3.6360469054 -1.1966914085 1.2973859139 0.0000000000
8.0689165716 0.5700000000 3.6346526856 -1.2269718502 1.2796968578 0.0000000000
8.0695634235 0.5700000000 3.6333198615 -1.2581373020 1.2618993808 0.0000000000
8.0702102754 0.5700000000 3.6319717693 -1.2900371580 1.2437470696 0.0000000000
8.0708571273 0.5700000000 3.6305014195 -1.3226755237 1.2248103243 0.0000000000
8.0715039792 0.5700000000 3.6290667265 -1.3561310036 1.2056893601 0.0000000000
8.0721508311 0.5700000000 3.6276286802 -1.3902002784 1.1863094651 0.0000000000
8.0727976829 0.5700000000 3.6261920450 -1.4247593456 1.1667392974 0.0000000000
8.0734445348 0.5700000000 3.6247098767 -1.4600758024 1.1466840415 0.0000000000
8.0740913867 0.5700000000 3.6231397589 -1.4959896901 1.1260380152 0.0000000000
8.0747382386 0.5700000000 3.6216116964 -1.5325540057 1.1053000390 0.0000000000
8.0753850905 0.5700000000 3.6200796287 -1.5697830711 1.0842801420 0.0000000000
8.0760319424 0.5700000000 3.6185315508 -1.6076363119 1.0629465342 0.0000000000
8.0766787943 0.5700000000 3.6169034530 -1.6462823216 1.0409757389 0.0000000000
8.0773256462 0.5700000000 3.6152681468 -1.6857849655 1.0186334565 0.0000000000
8.0779724981 0.5700000000 3.6136378277 -1.7265455898 0.9958079307 0.0000000000
8.0786193500 0.5700000000 3.6119304772 -1.7692932286 0.9718794731 0.0000000000
8.0792662019 0.5700000000 3.6100849875 -1.8151157310 0.9461685131 0.0000000000
8.0799130538 0.5700000000 3.6079944894 -1.8665297130 0.9172409282 0.0000000000
8.0805599057 0.5700000000 3.6055252331 -1.9279804800 0.8827835962 0.0000000000
8.0812067576 0.5700000000 3.6026129528 -2.0012722440 0.8418177693 0.0000000000
8.0818536094 0.5700000000 3.5992437547 -2.0857047578 0.7945679712 0.0000000000
8.0825004613 0.5700000000 3.5949691512 -2.1916716382 0.7350828053 0.0000000000
8.0831473132 0.5700000000 3.5903748041 -2.3080526156 0.6701530258 0.0000000000
8.0837941651 0.5700000000 3.5853700718 -2.4332782121 0.6000438580 0.0000000000
8.0844410170 0.5700000000 3.5800885786 -2.5650055494 0.5262269505 0.0000000000
8.0850878689 0.5700000000 3.5747569860 -2.6990576073 0.4512797569 0.0000000000
8.0857347208 0.5700000000 3.5681743486 -2.8585825205 0.3611392420 0.0000000000
8.0863815727 0.5700000000 3.5605700000 -3.0461750000 0.2556848557 0.0000000000
