# logAge Mass logTe Mbol logg C/O
1.2903685556 0.3500000000 3.5851900000 1.6563750000 2.0233780444 0.0000000000
1.3307805290 0.3500000000 3.5851906450 1.6567851921 2.0235447012 0.0000000000
1.3711926611 0.3500000000 3.5851936719 1.6572063442 2.0237252698 0.0000000000
1.4116048972 0.3500000000 3.5851988539 1.6576467779 2.0239221712 0.0000000000
1.4520171825 0.3500000000 3.5852059641 1.6581148149 2.0241378266 0.0000000000
1.4924294622 0.3500000000 3.5852147755 1.6586187767 2.0243746572 0.0000000000
1.5328416816 0.3500000000 3.5852250615 1.6591669850 2.0246350842 0.0000000000
1.5732537861 0.3500000000 3.5852365950 1.6597677613 2.0249215288 0.0000000000
1.6136657208 0.3500000000 3.5852491492 1.6604294272 2.0252364122 0.0000000000
1.6540774310 0.3500000000 3.5852624973 1.6611603044 2.0255821555 0.0000000000
1.6944888620 0.3500000000 3.5852764125 1.6619687144 2.0259611799 0.0000000000
1.7348999590 0.3500000000 3.5852906677 1.6628629789 2.0263759067 0.0000000000
1.7753106672 0.3500000000 3.5853050362 1.6638514193 2.0268287570 0.0000000000
1.8157209320 0.3500000000 3.5853192912 1.6649423575 2.0273221520 0.0000000000
1.8561307039 0.3500000000 3.5853335654 1.6661426663 2.0278593724 0.0000000000
1.8965399572 0.3500000000 3.5853496651 1.6674524812 2.0284476971 0.0000000000
1.9369486738 0.3500000000 3.5853698825 1.6688699801 2.0290955665 0.0000000000
1.9773568341 0.3500000000 3.5853964965 1.6703934398 2.0298114064 0.0000000000
2.0177642563 0.3500000000 3.5854295021 1.6720377575 2.0306011557 0.0000000000
2.0581704150 0.3500000000 3.5854640688 1.6738529487 2.0314654989 0.0000000000
2.0985747418 0.3500000000 3.5854947673 1.6758933899 2.0324044695 0.0000000000
2.1389769572 0.3500000000 3.5855206324 1.6781818198 2.0334233019 0.0000000000
2.1793774788 0.3500000000 3.5855514897 1.6806644981 2.0345398025 0.0000000000
2.2197767534 0.3500000000 3.5855979834 1.6832824978 2.0357729769 0.0000000000
2.2601738727 0.3500000000 3.5856564868 1.6860892711 2.0371297002 0.0000000000
2.3005667486 0.3500000000 3.5857109487 1.6892360862 2.0386062736 0.0000000000
2.3409543475 0.3500000000 3.5857554317 1.6927897124 2.0402056563 0.0000000000
2.3813379300 0.3500000000 3.5858060900 1.6966327929 2.0419455215 0.0000000000
2.4217179827 0.3500000000 3.5858745443 1.7006948809 2.0438441740 0.0000000000
2.4620918692 0.3500000000 3.5859509193 1.7051115098 2.0459163253 0.0000000000
2.5024571033 0.3500000000 3.5860262962 1.7100037350 2.0481747230 0.0000000000
2.5428130817 0.3500000000 3.5861045441 1.7153563964 2.0506287794 0.0000000000
2.5831588848 0.3500000000 3.5861900302 1.7211645330 2.0532939782 0.0000000000
2.6234925419 0.3500000000 3.5862844755 1.7274767720 2.0561966551 0.0000000000
2.6638118002 0.3500000000 3.5863890747 1.7343401987 2.0593604228 0.0000000000
2.7041142023 0.3500000000 3.5865043099 1.7417961881 2.0628037591 0.0000000000
2.7443970163 0.3500000000 3.5866280768 1.7498855439 2.0665345692 0.0000000000
2.7846573292 0.3500000000 3.5867576410 1.7586469303 2.0705573803 0.0000000000
2.8248919391 0.3500000000 3.5868917969 1.7681178300 2.0748823638 0.0000000000
2.8650964737 0.3500000000 3.5870389968 1.7783543276 2.0795657626 0.0000000000
2.9052660747 0.3500000000 3.5872035828 1.7894138675 2.0846479227 0.0000000000
2.9453960876 0.3500000000 3.5873745156 1.8013369864 2.0901009012 0.0000000000
2.9854819361 0.3500000000 3.5875544250 1.8141553904 2.0959479004 0.0000000000
3.0255171828 0.3500000000 3.5877478102 1.8279249288 2.1022292566 0.0000000000
3.0654934853 0.3500000000 3.5879527122 1.8427249745 2.1089688829 0.0000000000
3.1054064441 0.3500000000 3.5881739841 1.8585578553 2.1161871230 0.0000000000
3.1452480783 0.3500000000 3.5884094587 1.8754731300 2.1238951310 0.0000000000
3.1850078002 0.3500000000 3.5886545005 1.8935527157 2.1321071327 0.0000000000
3.2246783579 0.3500000000 3.5889136005 1.9128158426 2.1408487834 0.0000000000
3.2642512647 0.3500000000 3.5891793301 1.9332953928 2.1501035217 0.0000000000
3.3037146301 0.3500000000 3.5894589896 1.9550533185 2.1599253300 0.0000000000
3.3430638833 0.3500000000 3.5897484766 1.9780674801 2.1702889430 0.0000000000
3.3822843542 0.3500000000 3.5900478667 2.0024134418 2.1812248879 0.0000000000
3.4213721293 0.3500000000 3.5903680739 2.0280589100 2.1927639040 0.0000000000
3.4603148054 0.3500000000 3.5906818262 2.0550474262 2.2048143198 0.0000000000
3.4991070445 0.3500000000 3.5910182337 2.0833565147 2.2174835851 0.0000000000
3.5377377215 0.3500000000 3.5913450976 2.1130147699 2.2306543428 0.0000000000
3.5762012256 0.3500000000 3.5916914202 2.1439996319 2.2444335781 0.0000000000
3.6144921463 0.3500000000 3.5920264880 2.1762936467 2.2586914550 0.0000000000
3.6526062429 0.3500000000 3.5923771095 2.2098681605 2.2735237465 0.0000000000
3.6905356404 0.3500000000 3.5927164349 2.2447266303 2.2888244362 0.0000000000
3.7282782849 0.3500000000 3.5930669033 2.2808284733 2.3046670470 0.0000000000
3.7658422253 0.3500000000 3.5934041709 2.3180785302 2.3209161399 0.0000000000
3.8032080998 0.3500000000 3.5937411117 2.3565534207 2.3376538596 0.0000000000
3.8403889204 0.3500000000 3.5940754751 2.3961324336 2.3548229182 0.0000000000
3.8773844477 0.3500000000 3.5943915143 2.4367837940 2.3723476193 0.0000000000
3.9141880513 0.3500000000 3.5947121608 2.4785096427 2.3903205445 0.0000000000
3.9508093325 0.3500000000 3.5950038262 2.5212273821 2.4085743019 0.0000000000
3.9872500708 0.3500000000 3.5952975723 2.5648995996 2.4272181733 0.0000000000
4.0235060210 0.3500000000 3.5955665045 2.6095234592 2.4461434459 0.0000000000
4.0595895556 0.3500000000 3.5958227077 2.6550125857 2.4653639096 0.0000000000
4.0955012715 0.3500000000 3.5960582917 2.7013446349 2.4848390652 0.0000000000
4.1312410939 0.3500000000 3.5962707420 2.7485009948 2.5045514102 0.0000000000
4.1668057187 0.3500000000 3.5964477391 2.7964791580 2.5244506638 0.0000000000
4.2022149975 0.3500000000 3.5966031199 2.8451703310 2.5445486563 0.0000000000
4.2374719646 0.3500000000 3.5967406352 2.8945478355 2.5648497194 0.0000000000
4.2725843576 0.3500000000 3.5968462652 2.9445658034 2.5852794267 0.0000000000
4.3075467118 0.3500000000 3.5969266038 2.9952366600 2.6058691234 0.0000000000
4.3423761095 0.3500000000 3.5969705736 3.0464766752 2.6265410088 0.0000000000
4.3770723264 0.3500000000 3.5969898589 3.0982787719 2.6473389886 0.0000000000
4.4116410724 0.3500000000 3.5969757266 3.1506107245 2.6682152404 0.0000000000
4.4460907002 0.3500000000 3.5969290361 3.2034311668 2.6891566554 0.0000000000
4.4804267354 0.3500000000 3.5968513997 3.2567117031 2.7101583245 0.0000000000
4.5146533389 0.3500000000 3.5967458224 3.3104301983 2.7312234134 0.0000000000
4.5487711352 0.3500000000 3.5966090940 3.3645792455 2.7523361183 0.0000000000
4.5827834100 0.3500000000 3.5964317800 3.4191406924 2.7734514413 0.0000000000
4.6167041404 0.3500000000 3.5962221503 3.4740565477 2.7945792647 0.0000000000
4.6505376384 0.3500000000 3.5959719398 3.5293067416 2.8156785001 0.0000000000
4.6842883686 0.3500000000 3.5956931622 3.5848715576 2.8367893163 0.0000000000
4.7179737480 0.3500000000 3.5953734276 3.6406822937 2.8578346723 0.0000000000
4.7516063591 0.3500000000 3.5950236765 3.6966905383 2.8788389659 0.0000000000
4.7852002009 0.3500000000 3.5946342825 3.7528423444 2.8997421122 0.0000000000
4.8187987020 0.3500000000 3.5942132869 3.8089753336 2.9205113253 0.0000000000
4.8524248187 0.3500000000 3.5937635666 3.8650033991 2.9411236702 0.0000000000
4.8861444052 0.3500000000 3.5932741876 3.9206770930 2.9614356321 0.0000000000
4.9200520330 0.3500000000 3.5927750608 3.9756311979 2.9814207668 0.0000000000
4.9542454299 0.3500000000 3.5922599880 4.0294651718 3.0008940652 0.0000000000
4.9888805004 0.3500000000 3.5917362850 4.0815025709 3.0196142129 0.0000000000
5.0240791827 0.3500000000 3.5911907349 4.1311138032 3.0372765053 0.0000000000
5.0600435810 0.3500000000 3.5906566540 4.1771606292 3.0535589118 0.0000000000
5.0969303328 0.3500000000 3.5901486203 4.2183858097 3.0680168494 0.0000000000
5.1347801003 0.3500000000 3.5896920925 4.2537347346 3.0803303081 0.0000000000
5.1734854112 0.3500000000 3.5893030692 4.2827346487 3.0903741805 0.0000000000
5.2128259810 0.3500000000 3.5889814066 4.3058090654 3.0983172969 0.0000000000
5.2525630467 0.3500000000 3.5887305298 4.3241735730 3.1046595929 0.0000000000
5.2925196525 0.3500000000 3.5885096309 4.3392888470 3.1098221069 0.0000000000
5.3325743062 0.3500000000 3.5883107430 4.3526977603 3.1143901205 0.0000000000
5.3726532058 0.3500000000 3.5881227663 4.3656470047 3.1188179114 0.0000000000
5.4127021828 0.3500000000 3.5879183445 4.3791610157 3.1234058285 0.0000000000
5.4526687740 0.3500000000 3.5876959342 4.3941167318 3.1284984738 0.0000000000
5.4924883986 0.3500000000 3.5874313311 4.4113473833 3.1343323221 0.0000000000
5.5320687115 0.3500000000 3.5871113058 4.4317276295 3.1412043192 0.0000000000
5.5712611989 0.3500000000 3.5867167485 4.4563442281 3.1494727294 0.0000000000
5.6098320266 0.3500000000 3.5862160245 4.4864648433 3.1595180796 0.0000000000
5.6473642625 0.3500000000 3.5855819738 4.5238592534 3.1719396411 0.0000000000
5.6831935099 0.3500000000 3.5847650310 4.5704849821 3.1873221613 0.0000000000
5.7163332703 0.3500000000 3.5837079344 4.6281470499 3.2061586019 0.0000000000
5.7457872796 0.3500000000 3.5823822139 4.6971390226 3.2284525088 0.0000000000
5.7712261912 0.3500000000 3.5808085559 4.7754727039 3.2534913495 0.0000000000
5.7933598754 0.3500000000 3.5790342881 4.8598611479 3.2801496558 0.0000000000
5.8136932192 0.3500000000 3.5771124136 4.9470371897 3.3073325745 0.0000000000
5.8337802995 0.3500000000 3.5750958260 5.0345590305 3.3342749607 0.0000000000
5.8544096152 0.3500000000 3.5730055688 5.1212765973 3.3606009583 0.0000000000
5.8757205027 0.3500000000 3.5708315942 5.2069449371 3.3861723960 0.0000000000
5.8976602887 0.3500000000 3.5685786980 5.2916028440 3.4110239738 0.0000000000
5.9201766520 0.3500000000 3.5662466956 5.3752957943 3.4351731443 0.0000000000
5.9432411623 0.3500000000 3.5638519677 5.4580394317 3.4586916879 0.0000000000
5.9668468450 0.3500000000 3.5614060106 5.5398140401 3.4816177030 0.0000000000
5.9910934851 0.3500000000 3.5589627077 5.6204076024 3.5040819159 0.0000000000
6.0162458981 0.3500000000 3.5566707005 5.6992757293 3.5264611382 0.0000000000
6.0420603545 0.3500000000 3.5544400551 5.7768065548 3.5485508868 0.0000000000
6.0685147001 0.3500000000 3.5522829621 5.8529904800 3.5703960849 0.0000000000
6.0954739130 0.3500000000 3.5501529813 5.9280661872 3.5919064446 0.0000000000
6.1228697718 0.3500000000 3.5480480483 6.0021520058 3.6131210399 0.0000000000
6.1506725218 0.3500000000 3.5459695648 6.0752889056 3.6340618660 0.0000000000
6.1788839598 0.3500000000 3.5439266891 6.1474476614 3.6547538653 0.0000000000
6.2074939769 0.3500000000 3.5419291559 6.2186269693 3.6752354557 0.0000000000
6.2364656920 0.3500000000 3.5399678031 6.2888922509 3.6954961572 0.0000000000
6.2657905854 0.3500000000 3.5380694016 6.3582470490 3.7156444704 0.0000000000
6.2954667576 0.3500000000 3.5362203139 6.4266697246 3.7356171898 0.0000000000
6.3255348242 0.3500000000 3.5344573544 6.4940286472 3.7555089208 0.0000000000
6.3561332425 0.3500000000 3.5328653916 6.5599035128 3.7754910159 0.0000000000
6.3872382473 0.3500000000 3.5314412305 6.6243043412 3.7955547028 0.0000000000
6.4187960909 0.3500000000 3.5301807123 6.6873352192 3.8157249814 0.0000000000
6.4507295686 0.3500000000 3.5290579186 6.7491891999 3.8359753986 0.0000000000
6.4830287047 0.3500000000 3.5280803675 6.8098606346 3.8563337681 0.0000000000
6.5156514246 0.3500000000 3.5272296972 6.8694524063 3.8767677955 0.0000000000
6.5485742201 0.3500000000 3.5265236152 6.9280157910 3.8973688216 0.0000000000
6.5817921363 0.3500000000 3.5259668311 6.9855388460 3.9181509070 0.0000000000
6.6153026845 0.3500000000 3.5255634963 7.0419993575 3.9391217724 0.0000000000
6.6490967662 0.3500000000 3.5253140679 7.0973989442 3.9602838938 0.0000000000
6.6831654232 0.3500000000 3.5252356991 7.1517409606 3.9817072250 0.0000000000
6.7173822124 0.3500000000 3.5252532404 7.2054990219 4.0032806149 0.0000000000
6.7515726701 0.3500000000 3.5252789648 7.2593619765 4.0249286943 0.0000000000
6.7857917157 0.3500000000 3.5253493951 7.3131110712 4.0467100531 0.0000000000
6.8200253607 0.3500000000 3.5254462027 7.3668017787 4.0685735666 0.0000000000
6.8542840387 0.3500000000 3.5255808855 7.4203920950 4.0905484242 0.0000000000
6.8885585387 0.3500000000 3.5257431414 7.4739186563 4.1126080726 0.0000000000
6.9228460665 0.3500000000 3.5259428763 7.5273922323 4.1347964423 0.0000000000
6.9571480396 0.3500000000 3.5261734373 7.5808071345 4.1570846472 0.0000000000
6.9914588194 0.3500000000 3.5264336960 7.6341857980 4.1794771476 0.0000000000
7.0257792689 0.3500000000 3.5267100167 7.6875251010 4.2019181517 0.0000000000
7.0601088507 0.3500000000 3.5270239599 7.7408263585 4.2244944272 0.0000000000
7.0944546511 0.3500000000 3.5273632609 7.7940613059 4.2471456102 0.0000000000
7.1288049247 0.3500000000 3.5277378211 7.8472767247 4.2699300187 0.0000000000
7.1631665559 0.3500000000 3.5281324715 7.9004453688 4.2927760777 0.0000000000
7.1975301480 0.3500000000 3.5285490633 7.9536050606 4.3157063217 0.0000000000
7.2318978806 0.3500000000 3.5289827036 8.0067471754 4.3386977289 0.0000000000
7.2662642449 0.3500000000 3.5294407107 8.0598935448 4.3617883053 0.0000000000
7.3006436104 0.3500000000 3.5299251360 8.1129858725 4.3849629373 0.0000000000
7.3350436705 0.3500000000 3.5304350021 8.1659928481 4.4082051920 0.0000000000
7.3694696722 0.3500000000 3.5309692982 8.2188929391 4.4315024128 0.0000000000
7.4039323710 0.3500000000 3.5315285423 8.2716418565 4.4548389560 0.0000000000
7.4384200116 0.3500000000 3.5321011679 8.3242879076 4.4781878790 0.0000000000
7.4728974242 0.3500000000 3.5326697383 8.3769760892 4.5015374334 0.0000000000
7.5073333711 0.3500000000 3.5332012074 8.4298358542 4.5248072155 0.0000000000
7.5418366361 0.3500000000 3.5337515978 8.4824192071 4.5480421185 0.0000000000
7.5764186497 0.3500000000 3.5343140862 8.5346775095 4.5711953929 0.0000000000
7.6110980011 0.3500000000 3.5349163636 8.5865281744 4.5943447685 0.0000000000
7.6458911083 0.3500000000 3.5355315246 8.6378993303 4.6173538748 0.0000000000
7.6808130949 0.3500000000 3.5361876288 8.6887176812 4.6403056321 0.0000000000
7.7158798947 0.3500000000 3.5368657470 8.7389071015 4.6630938730 0.0000000000
7.7511136486 0.3500000000 3.5375775970 8.7883571463 4.6857212909 0.0000000000
7.7865392726 0.3500000000 3.5383109699 8.8369407560 4.7080882265 0.0000000000
7.8221732431 0.3500000000 3.5390893028 8.8845579267 4.7302484262 0.0000000000
7.8580542693 0.3500000000 3.5398864744 8.9309988266 4.7520134726 0.0000000000
7.8942053772 0.3500000000 3.5407080419 8.9761085013 4.7733436126 0.0000000000
7.9306595552 0.3500000000 3.5415481162 9.0196644492 4.7941262889 0.0000000000
7.9674250208 0.3500000000 3.5423814253 9.0615533342 4.8142150792 0.0000000000
8.0045459994 0.3500000000 3.5431955008 9.1014360697 4.8334244753 0.0000000000
8.0420286126 0.3500000000 3.5439716636 9.1391499213 4.8516146672 0.0000000000
8.0798764859 0.3500000000 3.5446797868 9.1745199238 4.8685951611 0.0000000000
8.1180851606 0.3500000000 3.5452770645 9.2073893175 4.8841320292 0.0000000000
8.1566470829 0.3500000000 3.5457341561 9.2375860412 4.8980390854 0.0000000000
8.1955456152 0.3500000000 3.5460430706 9.2649630177 4.9102255340 0.0000000000
8.2347647382 0.3500000000 3.5461907365 9.2893248558 4.9205609325 0.0000000000
8.2742973466 0.3500000000 3.5461965663 9.3102840002 4.9289679097 0.0000000000
8.3141197000 0.3500000000 3.5460919486 9.3274753817 4.9354259914 0.0000000000
8.3541875031 0.3500000000 3.5459155638 9.3406197932 4.9399782167 0.0000000000
8.3944301020 0.3500000000 3.5457000000 9.3498500000 4.9428080444 0.0000000000
8.4679877481 0.3500000000 3.5453400000 9.3579250000 4.9445980444 0.0000000000
8.4765160804 0.3500000000 3.5453023312 9.3582899127 4.9445933344 0.0000000000
8.4850447331 0.3500000000 3.5452659259 9.3585621338 4.9445566015 0.0000000000
8.4935736344 0.3500000000 3.5452306115 9.3587475225 4.9444894995 0.0000000000
8.5021027128 0.3500000000 3.5451962156 9.3588519384 4.9443936823 0.0000000000
8.5106318966 0.3500000000 3.5451625658 9.3588812409 4.9442708038 0.0000000000
8.5191611140 0.3500000000 3.5451294895 9.3588412892 4.9441225179 0.0000000000
8.5276902935 0.3500000000 3.5450968143 9.3587379429 4.9439504786 0.0000000000
8.5362193634 0.3500000000 3.5450643677 9.3585770613 4.9437563396 0.0000000000
8.5447482521 0.3500000000 3.5450319773 9.3583645039 4.9435417550 0.0000000000
8.5532768990 0.3500000000 3.5449995192 9.3581058580 4.9433084644 0.0000000000
8.5618052980 0.3500000000 3.5449671033 9.3578054050 4.9430586197 0.0000000000
8.5703334590 0.3500000000 3.5449349097 9.3574670340 4.9427944967 0.0000000000
8.5788613919 0.3500000000 3.5449031182 9.3570946342 4.9425183710 0.0000000000
8.5873891067 0.3500000000 3.5448719084 9.3566920893 4.9422325138 0.0000000000
8.5959166125 0.3500000000 3.5448413998 9.3562626726 4.9419387127 0.0000000000
8.6044439168 0.3500000000 3.5448115992 9.3558085090 4.9416378448 0.0000000000
8.6129710268 0.3500000000 3.5447825009 9.3553315965 4.9413306866 0.0000000000
8.6214979499 0.3500000000 3.5447540993 9.3548339328 4.9410180145 0.0000000000
8.6300246934 0.3500000000 3.5447263848 9.3543175172 4.9407005903 0.0000000000
8.6385512703 0.3500000000 3.5446992577 9.3537843792 4.9403788268 0.0000000000
8.6470776987 0.3500000000 3.5446725267 9.3532365792 4.9400527827 0.0000000000
8.6556039970 0.3500000000 3.5446459963 9.3526761790 4.9397225011 0.0000000000
8.6641301837 0.3500000000 3.5446194711 9.3521052403 4.9393880248 0.0000000000
8.6726562769 0.3500000000 3.5445927745 9.3515257744 4.9390494520 0.0000000000
8.6811822903 0.3500000000 3.5445659678 9.3509391545 4.9387075773 0.0000000000
8.6897082350 0.3500000000 3.5445392753 9.3503463171 4.9383636722 0.0000000000
8.6982341216 0.3500000000 3.5445129243 9.3497481900 4.9380190174 0.0000000000
8.7067599610 0.3500000000 3.5444871422 9.3491457012 4.9376748936 0.0000000000
8.7152857630 0.3500000000 3.5444621280 9.3485396891 4.9373324319 0.0000000000
8.7238115266 0.3500000000 3.5444378040 9.3479301246 4.9369913102 0.0000000000
8.7323372445 0.3500000000 3.5444139372 9.3473164907 4.9366503892 0.0000000000
8.7408629096 0.3500000000 3.5443902926 9.3466982649 4.9363085207 0.0000000000
8.7493885147 0.3500000000 3.5443666355 9.3460749247 4.9359645563 0.0000000000
8.7579140541 0.3500000000 3.5443427589 9.3454460557 4.9356175024 0.0000000000
8.7664395350 0.3500000000 3.5443187237 9.3448122794 4.9352678508 0.0000000000
8.7749649721 0.3500000000 3.5442947398 9.3441747951 4.9349169214 0.0000000000
8.7834903803 0.3500000000 3.5442710188 9.3435348082 4.9345660428 0.0000000000
8.7920157743 0.3500000000 3.5442477724 9.3428935243 4.9342165438 0.0000000000
8.8005411682 0.3500000000 3.5442251942 9.3422521035 4.9338696626 0.0000000000
8.8090665695 0.3500000000 3.5442032616 9.3416111644 4.9335255567 0.0000000000
8.8175919807 0.3500000000 3.5441818101 9.3409709691 4.9331836723 0.0000000000
8.8261174047 0.3500000000 3.5441606724 9.3403317738 4.9328434434 0.0000000000
8.8346428440 0.3500000000 3.5441396814 9.3396938345 4.9325043039 0.0000000000
8.8431683013 0.3500000000 3.5441186744 9.3390573970 4.9321657009 0.0000000000
8.8516937770 0.3500000000 3.5440975721 9.3384225118 4.9318273376 0.0000000000
8.8602192694 0.3500000000 3.5440763709 9.3377890525 4.9314891490 0.0000000000
8.8687447769 0.3500000000 3.5440550698 9.3371568863 4.9311510783 0.0000000000
8.8772702980 0.3500000000 3.5440336680 9.3365258805 4.9308130685 0.0000000000
8.8857958310 0.3500000000 3.5440121657 9.3358959043 4.9304750689 0.0000000000
8.8943213756 0.3500000000 3.5439906263 9.3352669199 4.9301373175 0.0000000000
8.9028469332 0.3500000000 3.5439692030 9.3346390227 4.9298004656 0.0000000000
8.9113725056 0.3500000000 3.5439480561 9.3340123182 4.9294651960 0.0000000000
8.9198980944 0.3500000000 3.5439273456 9.3333869120 4.9291321915 0.0000000000
8.9284237012 0.3500000000 3.5439072316 9.3327629099 4.9288021346 0.0000000000
8.9369493287 0.3500000000 3.5438877793 9.3321405359 4.9284753760 0.0000000000
8.9454749826 0.3500000000 3.5438688035 9.3315203273 4.9281513893 0.0000000000
8.9540006689 0.3500000000 3.5438500778 9.3309028724 4.9278295043 0.0000000000
8.9625263937 0.3500000000 3.5438313757 9.3302887599 4.9275090510 0.0000000000
8.9710521630 0.3500000000 3.5438124709 9.3296785780 4.9271893591 0.0000000000
8.9795779816 0.3500000000 3.5437931976 9.3290727865 4.9268699493 0.0000000000
8.9881038462 0.3500000000 3.5437737482 9.3284710823 4.9265514699 0.0000000000
8.9966297509 0.3500000000 3.5437544464 9.3278728826 4.9262349830 0.0000000000
9.0051556894 0.3500000000 3.5437356162 9.3272776046 4.9259215509 0.0000000000
9.0136816558 0.3500000000 3.5437175815 9.3266846651 4.9256122362 0.0000000000
9.0222076444 0.3500000000 3.5437006484 9.3260935154 4.9253080442 0.0000000000
9.0307336553 0.3500000000 3.5436848120 9.3255042055 4.9250089744 0.0000000000
9.0392596942 0.3500000000 3.5436698016 9.3249172966 4.9247141693 0.0000000000
9.0477857666 0.3500000000 3.5436553383 9.3243333659 4.9244227441 0.0000000000
9.0563118783 0.3500000000 3.5436411432 9.3237529907 4.9241338136 0.0000000000
9.0648380348 0.3500000000 3.5436269378 9.3231767476 4.9238464945 0.0000000000
9.0733642403 0.3500000000 3.5436125247 9.3226050681 4.9235601705 0.0000000000
9.0818904956 0.3500000000 3.5435978811 9.3220380727 4.9232747980 0.0000000000
9.0904168010 0.3500000000 3.5435830065 9.3214758419 4.9229904071 0.0000000000
9.0989431570 0.3500000000 3.5435679003 9.3209184563 4.9227070282 0.0000000000
9.1074695639 0.3500000000 3.5435525622 9.3203659965 4.9224246915 0.0000000000
9.1159960220 0.3500000000 3.5435370180 9.3198185267 4.9221435271 0.0000000000
9.1245225307 0.3500000000 3.5435214701 9.3192760046 4.9218643265 0.0000000000
9.1330490891 0.3500000000 3.5435061920 9.3187383445 4.9215881501 0.0000000000
9.1415756963 0.3500000000 3.5434914577 9.3182054605 4.9213160592 0.0000000000
9.1501023514 0.3500000000 3.5434775411 9.3176772666 4.9210491152 0.0000000000
9.1586290536 0.3500000000 3.5434647082 9.3171536795 4.9207883490 0.0000000000
9.1671558023 0.3500000000 3.5434529599 9.3166346990 4.9205337635 0.0000000000
9.1756825978 0.3500000000 3.5434419730 9.3161204267 4.9202841071 0.0000000000
9.1842094403 0.3500000000 3.5434314049 9.3156109703 4.9200380519 0.0000000000
9.1927363300 0.3500000000 3.5434209127 9.3151064375 4.9197942700 0.0000000000
9.2012632670 0.3500000000 3.5434101537 9.3146069359 4.9195514335 0.0000000000
9.2097902522 0.3500000000 3.5433988949 9.3141126300 4.9193086759 0.0000000000
9.2183172886 0.3500000000 3.5433873607 9.3136239199 4.9190670550 0.0000000000
9.2268443801 0.3500000000 3.5433758947 9.3131412676 4.9188281301 0.0000000000
9.2353715303 0.3500000000 3.5433648406 9.3126651346 4.9185934606 0.0000000000
9.2438987430 0.3500000000 3.5433545421 9.3121959829 4.9183646059 0.0000000000
9.2524260218 0.3500000000 3.5433453274 9.3117342573 4.9181430568 0.0000000000
9.2609533667 0.3500000000 3.5433372060 9.3112800509 4.9179288889 0.0000000000
9.2694807743 0.3500000000 3.5433298878 9.3108331264 4.9177208462 0.0000000000
9.2780082412 0.3500000000 3.5433230709 9.3103932334 4.9175176212 0.0000000000
9.2865357638 0.3500000000 3.5433164533 9.3099601218 4.9173179063 0.0000000000
9.2950633386 0.3500000000 3.5433097333 9.3095335413 4.9171203939 0.0000000000
9.3035909622 0.3500000000 3.5433026901 9.3091131992 4.9169240843 0.0000000000
9.3121186306 0.3500000000 3.5432953922 9.3086986523 4.9167290742 0.0000000000
9.3206463401 0.3500000000 3.5432879725 9.3082894238 4.9165357038 0.0000000000
9.3291740868 0.3500000000 3.5432805637 9.3078850368 4.9163443137 0.0000000000
9.3377018668 0.3500000000 3.5432732985 9.3074850145 4.9161552442 0.0000000000
9.3462296764 0.3500000000 3.5432663097 9.3070888991 4.9159688426 0.0000000000
9.3547575147 0.3500000000 3.5432597262 9.3066966040 4.9157855908 0.0000000000
9.3632853830 0.3500000000 3.5432536741 9.3063083827 4.9156060939 0.0000000000
9.3718132827 0.3500000000 3.5432482792 9.3059245014 4.9154309616 0.0000000000
9.3803412155 0.3500000000 3.5432436672 9.3055452259 4.9152608034 0.0000000000
9.3888691827 0.3500000000 3.5432399639 9.3051708224 4.9150962290 0.0000000000
9.3973971849 0.3500000000 3.5432372247 9.3048013979 4.9149375025 0.0000000000
9.4059252182 0.3500000000 3.5432352323 9.3044364444 4.9147835515 0.0000000000
9.4144532781 0.3500000000 3.5432337035 9.3040753055 4.9146329805 0.0000000000
9.4229813598 0.3500000000 3.5432323550 9.3037173246 4.9144843943 0.0000000000
9.4315094587 0.3500000000 3.5432309037 9.3033618452 4.9143363973 0.0000000000
9.4400375700 0.3500000000 3.5432290740 9.3030082251 4.9141876303 0.0000000000
9.4485656918 0.3500000000 3.5432267900 9.3026561978 4.9140376836 0.0000000000
9.4570938250 0.3500000000 3.5432241911 9.3023059008 4.9138871691 0.0000000000
9.4656219703 0.3500000000 3.5432214270 9.3019574917 4.9137367488 0.0000000000
9.4741501288 0.3500000000 3.5432186474 9.3016111279 4.9135870851 0.0000000000
9.4826783013 0.3500000000 3.5432160022 9.3012669670 4.9134388399 0.0000000000
9.4912064888 0.3500000000 3.5432136411 9.3009251666 4.9132926756 0.0000000000
9.4997346921 0.3500000000 3.5432117141 9.3005858840 4.9131492542 0.0000000000
9.5082629122 0.3500000000 3.5432103707 9.3002492769 4.9130092379 0.0000000000
9.5167911501 0.3500000000 3.5432097609 9.2999155026 4.9128732890 0.0000000000
9.5253194066 0.3500000000 3.5432100344 9.2995847189 4.9127420694 0.0000000000
9.5338476816 0.3500000000 3.5432112604 9.2992569313 4.9126158586 0.0000000000
9.5423759720 0.3500000000 3.5432132278 9.2989316173 4.9124936026 0.0000000000
9.5509042737 0.3500000000 3.5432156644 9.2986081396 4.9123739577 0.0000000000
9.5594325826 0.3500000000 3.5432182979 9.2982858608 4.9122555804 0.0000000000
9.5679608947 0.3500000000 3.5432208588 9.2979641481 4.9121371389 0.0000000000
9.5764892079 0.3500000000 3.5432232176 9.2976426324 4.9120179678 0.0000000000
9.5850175223 0.3500000000 3.5432254558 9.2973213411 4.9118984039 0.0000000000
9.5935458387 0.3500000000 3.5432276721 9.2970003341 4.9117788665 0.0000000000
9.6020741576 0.3500000000 3.5432299655 9.2966796714 4.9116597750 0.0000000000
9.6106024761 0.3500000000 3.5432324046 9.2963588754 4.9115412130 0.0000000000
9.6191307770 0.3500000000 3.5432349320 9.2960352222 4.9114218614 0.0000000000
9.6276590397 0.3500000000 3.5432374574 9.2957054009 4.9113000343 0.0000000000
9.6361872431 0.3500000000 3.5432398904 9.2953661011 4.9111740462 0.0000000000
9.6447153782 0.3500000000 3.5432421952 9.2950158966 4.9110431838 0.0000000000
9.6532434896 0.3500000000 3.5432445877 9.2946620327 4.9109112082 0.0000000000
9.6617716374 0.3500000000 3.5432473559 9.2943142471 4.9107831667 0.0000000000
9.6702998816 0.3500000000 3.5432507878 9.2939822448 4.9106640933 0.0000000000
9.6788282439 0.3500000000 3.5432551642 9.2936694921 4.9105564980 0.0000000000
9.6873566626 0.3500000000 3.5432607506 9.2933658979 4.9104574058 0.0000000000
9.6958850653 0.3500000000 3.5432678102 9.2930595915 4.9103631218 0.0000000000
9.7044133850 0.3500000000 3.5432765149 9.2927396308 4.9102699561 0.0000000000
9.7129416058 0.3500000000 3.5432861844 9.2924037118 4.9101742668 0.0000000000
9.7214697400 0.3500000000 3.5432956760 9.2920542233 4.9100724379 0.0000000000
9.7299977997 0.3500000000 3.5433038837 9.2916935892 4.9099610146 0.0000000000
9.7385257979 0.3500000000 3.5433106550 9.2913239626 4.9098402494 0.0000000000
9.7470537482 0.3500000000 3.5433167928 9.2909472256 4.9097141058 0.0000000000
9.7555816625 0.3500000000 3.5433231235 9.2905650599 4.9095865623 0.0000000000
9.7641095149 0.3500000000 3.5433300277 9.2901744211 4.9094579236 0.0000000000
9.7726372397 0.3500000000 3.5433374190 9.2897673151 4.9093246465 0.0000000000
9.7811647824 0.3500000000 3.5433451683 9.2893371287 4.9091835691 0.0000000000
9.7896922407 0.3500000000 3.5433529026 9.2888962628 4.9090381599 0.0000000000
9.7982198119 0.3500000000 3.5433600901 9.2884695028 4.9088962057 0.0000000000
9.8067476090 0.3500000000 3.5433667275 9.2880711708 4.9087634225 0.0000000000
9.8152754145 0.3500000000 3.5433748538 9.2876745625 4.9086372844 0.0000000000
9.8238029432 0.3500000000 3.5433868025 9.2872445081 4.9085130576 0.0000000000
9.8323301456 0.3500000000 3.5434008413 9.2867746638 4.9083812749 0.0000000000
9.8408571939 0.3500000000 3.5434114118 9.2862858500 4.9082280317 0.0000000000
9.8493841636 0.3500000000 3.5434160369 9.2857885284 4.9080476032 0.0000000000
9.8579108817 0.3500000000 3.5434198335 9.2852663119 4.9078539031 0.0000000000
9.8664372062 0.3500000000 3.5434276746 9.2847055379 4.9076609578 0.0000000000
9.8749632877 0.3500000000 3.5434385903 9.2841213479 4.9074709448 0.0000000000
9.8834893219 0.3500000000 3.5434499985 9.2835332523 4.9072813391 0.0000000000
9.8920153021 0.3500000000 3.5434592359 9.2829404853 4.9070811821 0.0000000000
9.9005411345 0.3500000000 3.5434646110 9.2823340900 4.9068601242 0.0000000000
9.9090666455 0.3500000000 3.5434700009 9.2816999201 4.9066280160 0.0000000000
9.9175918179 0.3500000000 3.5434797796 9.2810375869 4.9064021974 0.0000000000
9.9261173691 0.3500000000 3.5434926027 9.2804086391 4.9062019108 0.0000000000
9.9346435797 0.3500000000 3.5435051074 9.2798365972 4.9060231127 0.0000000000
9.9431693570 0.3500000000 3.5435128692 9.2792265964 4.9058101599 0.0000000000
9.9516942808 0.3500000000 3.5435185187 9.2785441927 4.9055597961 0.0000000000
9.9602188156 0.3500000000 3.5435303394 9.2778330469 4.9053226208 0.0000000000
9.9687431507 0.3500000000 3.5435426805 9.2771075092 4.9050817699 0.0000000000
9.9772671620 0.3500000000 3.5435490718 9.2763578759 4.9048074821 0.0000000000
9.9857904618 0.3500000000 3.5435523875 9.2755599333 4.9045015677 0.0000000000
9.9943132582 0.3500000000 3.5435552530 9.2747282455 4.9041803547 0.0000000000
10.0028360724 0.3500000000 3.5435596545 9.2738975980 4.9038657015 0.0000000000
10.0113592517 0.3500000000 3.5435668432 9.2730912165 4.9035719039 0.0000000000
10.0198823537 0.3500000000 3.5435747486 9.2722798371 4.9032789735 0.0000000000
10.0284054019 0.3500000000 3.5435825386 9.2714648922 4.9029841555 0.0000000000
10.0369285832 0.3500000000 3.5435906761 9.2706587093 4.9026942323 0.0000000000
10.0454516085 0.3500000000 3.5435990454 9.2698423043 4.9024011478 0.0000000000
10.0539745070 0.3500000000 3.5436076744 9.2690176795 4.9021058138 0.0000000000
10.0624973307 0.3500000000 3.5436166509 9.2681882972 4.9018099669 0.0000000000
10.0710200045 0.3500000000 3.5436258949 9.2673493269 4.9015113545 0.0000000000
10.0795424473 0.3500000000 3.5436352891 9.2664955445 4.9012074187 0.0000000000
10.0880654372 0.3500000000 3.5436455353 9.2656773772 4.9009211362 0.0000000000
10.0965885742 0.3500000000 3.5436542834 9.2648682840 4.9006324915 0.0000000000
10.1051113796 0.3500000000 3.5436720468 9.2640386304 4.9003716837 0.0000000000
10.1136342794 0.3500000000 3.5436874241 9.2632148162 4.9001036674 0.0000000000
10.1221572220 0.3500000000 3.5436978906 9.2623931553 4.8998168688 0.0000000000
10.1306802763 0.3500000000 3.5437095909 9.2615788944 4.8995379658 0.0000000000
10.1392029655 0.3500000000 3.5437215712 9.2607411186 4.8992507767 0.0000000000
10.1477258488 0.3500000000 3.5437340810 9.2599158301 4.8989707003 0.0000000000
10.1562486179 0.3500000000 3.5437462788 9.2590832186 4.8986864471 0.0000000000
10.1647713520 0.3500000000 3.5437700000 9.2582500000 4.8984480444 0.0000000000
10.1771965980 0.3500000000 3.5437900000 9.2570250000 4.8980380444 0.0000000000
10.1786664038 0.3500000000 3.5437899413 9.2568753874 4.8979779647 0.0000000000
10.1801362410 0.3500000000 3.5437917923 9.2567280654 4.8979264396 0.0000000000
10.1816061028 0.3500000000 3.5437951346 9.2565825460 4.8978816013 0.0000000000
10.1830759826 0.3500000000 3.5437995503 9.2564383413 4.8978415821 0.0000000000
10.1845458738 0.3500000000 3.5438046211 9.2562949635 4.8978045143 0.0000000000
10.1860157698 0.3500000000 3.5438099290 9.2561519247 4.8977685302 0.0000000000
10.1874856639 0.3500000000 3.5438150557 9.2560087370 4.8977317620 0.0000000000
10.1889555495 0.3500000000 3.5438195832 9.2558649125 4.8976923420 0.0000000000
10.1904254211 0.3500000000 3.5438231737 9.2557200464 4.8976487576 0.0000000000
10.1918952792 0.3500000000 3.5438259288 9.2555741878 4.8976014347 0.0000000000
10.1933651264 0.3500000000 3.5438280995 9.2554275401 4.8975514585 0.0000000000
10.1948349651 0.3500000000 3.5438299369 9.2552803068 4.8974999147 0.0000000000
10.1963047967 0.3500000000 3.5438317134 9.2551326155 4.8974479443 0.0000000000
10.1977746167 0.3500000000 3.5438337972 9.2549842555 4.8973969354 0.0000000000
10.1992444189 0.3500000000 3.5438365829 9.2548349222 4.8973483448 0.0000000000
10.2007141974 0.3500000000 3.5438404650 9.2546843108 4.8973036287 0.0000000000
10.2021839516 0.3500000000 3.5438455741 9.2545324180 4.8972633081 0.0000000000
10.2036536976 0.3500000000 3.5438512653 9.2543801248 4.8972251556 0.0000000000
10.2051234546 0.3500000000 3.5438567519 9.2542284741 4.8971864415 0.0000000000
10.2065932415 0.3500000000 3.5438612538 9.2540784983 4.8971444589 0.0000000000
10.2080630641 0.3500000000 3.5438644687 9.2539304957 4.8970981174 0.0000000000
10.2095329061 0.3500000000 3.5438668785 9.2537835580 4.8970489817 0.0000000000
10.2110027497 0.3500000000 3.5438690383 9.2536366649 4.8969988634 0.0000000000
10.2124725774 0.3500000000 3.5438714750 9.2534888393 4.8969494799 0.0000000000
10.2139423845 0.3500000000 3.5438742672 9.2533397986 4.8969010326 0.0000000000
10.2154121761 0.3500000000 3.5438771313 9.2531898216 4.8968524982 0.0000000000
10.2168819580 0.3500000000 3.5438797733 9.2530392030 4.8968028186 0.0000000000
10.2183517346 0.3500000000 3.5438820123 9.2528881934 4.8967513708 0.0000000000
10.2198215049 0.3500000000 3.5438842689 9.2527368100 4.8966998441 0.0000000000
10.2212912663 0.3500000000 3.5438871628 9.2525849927 4.8966506925 0.0000000000
10.2227610159 0.3500000000 3.5438913080 9.2524326814 4.8966063489 0.0000000000
10.2242307528 0.3500000000 3.5438968065 9.2522798330 4.8965672037 0.0000000000
10.2257004790 0.3500000000 3.5439028373 9.2521264349 4.8965299677 0.0000000000
10.2271701969 0.3500000000 3.5439084828 9.2519724774 4.8964909663 0.0000000000
10.2286399089 0.3500000000 3.5439129004 9.2518179583 4.8964468292 0.0000000000
10.2301096163 0.3500000000 3.5439160462 9.2516629532 4.8963974105 0.0000000000
10.2315793200 0.3500000000 3.5439183571 9.2515075843 4.8963445065 0.0000000000
10.2330490208 0.3500000000 3.5439202765 9.2513519742 4.8962899400 0.0000000000
10.2345187169 0.3500000000 3.5439222599 9.2511960949 4.8962355221 0.0000000000
10.2359883997 0.3500000000 3.5439247947 9.2510395285 4.8961830344 0.0000000000
10.2374580595 0.3500000000 3.5439283728 9.2508817947 4.8961342536 0.0000000000
10.2389276886 0.3500000000 3.5439334198 9.2507225152 4.8960907298 0.0000000000
10.2403973037 0.3500000000 3.5439395115 9.2505626060 4.8960511327 0.0000000000
10.2418669388 0.3500000000 3.5439456387 9.2504038740 4.8960121488 0.0000000000
10.2433366278 0.3500000000 3.5439507825 9.2502481393 4.8959704301 0.0000000000
10.2448063806 0.3500000000 3.5439543866 9.2500958793 4.8959239426 0.0000000000
10.2462761485 0.3500000000 3.5439570047 9.2499443519 4.8958738038 0.0000000000
10.2477458744 0.3500000000 3.5439593533 9.2497903419 4.8958215944 0.0000000000
10.2492155094 0.3500000000 3.5439620746 9.2496311034 4.8957687841 0.0000000000
10.2506850784 0.3500000000 3.5439651463 9.2494680685 4.8957158568 0.0000000000
10.2521546450 0.3500000000 3.5439681977 9.2493048607 4.8956627796 0.0000000000
10.2536242722 0.3500000000 3.5439708634 9.2491450714 4.8956095266 0.0000000000
10.2550939731 0.3500000000 3.5439732155 9.2489894943 4.8955567042 0.0000000000
10.2565636868 0.3500000000 3.5439759802 9.2488347463 4.8955058635 0.0000000000
10.2580333460 0.3500000000 3.5439799367 9.2486771032 4.8954586325 0.0000000000
10.2595029042 0.3500000000 3.5439855554 9.2485139744 4.8954158559 0.0000000000
10.2609724012 0.3500000000 3.5439920202 9.2483474845 4.8953751190 0.0000000000
10.2624418992 0.3500000000 3.5439981804 9.2481809845 4.8953331597 0.0000000000
10.2639114561 0.3500000000 3.5440029674 9.2480175917 4.8952869506 0.0000000000
10.2653810780 0.3500000000 3.5440062895 9.2478576422 4.8952362591 0.0000000000
10.2668507375 0.3500000000 3.5440086961 9.2476996466 4.8951826873 0.0000000000
10.2683204063 0.3500000000 3.5440107480 9.2475420840 4.8951278700 0.0000000000
10.2697900561 0.3500000000 3.5440130175 9.2473834513 4.8950734949 0.0000000000
10.2712596579 0.3500000000 3.5440160928 9.2472222704 4.8950213238 0.0000000000
10.2727291826 0.3500000000 3.5440205631 9.2470570659 4.8949731230 0.0000000000
10.2741986215 0.3500000000 3.5440266170 9.2468873946 4.8949294702 0.0000000000
10.2756680240 0.3500000000 3.5440332781 9.2467158162 4.8948874832 0.0000000000
10.2771374501 0.3500000000 3.5440393590 9.2465454335 4.8948436539 0.0000000000
10.2786069488 0.3500000000 3.5440438740 9.2463787662 4.8947950466 0.0000000000
10.2800765040 0.3500000000 3.5440469998 9.2462149665 4.8947420301 0.0000000000
10.2815460767 0.3500000000 3.5440493298 9.2460519811 4.8946861560 0.0000000000
10.2830156301 0.3500000000 3.5440514608 9.2458878928 4.8946290445 0.0000000000
10.2844851551 0.3500000000 3.5440540213 9.2457223037 4.8945730511 0.0000000000
10.2859546592 0.3500000000 3.5440576599 9.2455557558 4.8945209863 0.0000000000
10.2874241502 0.3500000000 3.5440629806 9.2453887891 4.8944754825 0.0000000000
10.2888936328 0.3500000000 3.5440696355 9.2452215958 4.8944352247 0.0000000000
10.2903631085 0.3500000000 3.5440763639 9.2450540353 4.8943951139 0.0000000000
10.2918325785 0.3500000000 3.5440818861 9.2448859554 4.8943499711 0.0000000000
10.2933020433 0.3500000000 3.5440857048 9.2447172829 4.8942977767 0.0000000000
10.2947715015 0.3500000000 3.5440883913 9.2445480529 4.8942408309 0.0000000000
10.2962409519 0.3500000000 3.5440905945 9.2443783080 4.8941817457 0.0000000000
10.2977103926 0.3500000000 3.5440929821 9.2442080707 4.8941232012 0.0000000000
10.2991798209 0.3500000000 3.5440962564 9.2440373270 4.8940680009 0.0000000000
10.3006492342 0.3500000000 3.5441011206 9.2438660588 4.8940189504 0.0000000000
10.3021186318 0.3500000000 3.5441076820 9.2436942579 4.8939764757 0.0000000000
10.3035880182 0.3500000000 3.5441147108 9.2435219369 4.8939356622 0.0000000000
10.3050573982 0.3500000000 3.5441207959 9.2433491115 4.8938908726 0.0000000000
10.3065267748 0.3500000000 3.5441250583 9.2431757793 4.8938385891 0.0000000000
10.3079961453 0.3500000000 3.5441279866 9.2430018924 4.8937807478 0.0000000000
10.3094655065 0.3500000000 3.5441302869 9.2428273955 4.8937201503 0.0000000000
10.3109348558 0.3500000000 3.5441326796 9.2426522930 4.8936596801 0.0000000000
10.3124041940 0.3500000000 3.5441359246 9.2424767523 4.8936024436 0.0000000000
10.3138735219 0.3500000000 3.5441407874 9.2423009677 4.8935515808 0.0000000000
10.3153428382 0.3500000000 3.5441474745 9.2421249076 4.8935079054 0.0000000000
10.3168121351 0.3500000000 3.5441546992 9.2419479366 4.8934660157 0.0000000000
10.3182814040 0.3500000000 3.5441609298 9.2417693222 4.8934194925 0.0000000000
10.3197506515 0.3500000000 3.5441652428 9.2415892584 4.8933647190 0.0000000000
10.3212199226 0.3500000000 3.5441681869 9.2414101822 4.8933048649 0.0000000000
10.3226892673 0.3500000000 3.5441705295 9.2412348486 4.8932441018 0.0000000000
10.3241586938 0.3500000000 3.5441730564 9.2410638287 4.8931858016 0.0000000000
10.3256281247 0.3500000000 3.5441765912 9.2408932328 4.8931317025 0.0000000000
10.3270974728 0.3500000000 3.5441819487 9.2407186658 4.8930833055 0.0000000000
10.3285667045 0.3500000000 3.5441890487 9.2405383627 4.8930395841 0.0000000000
10.3300358726 0.3500000000 3.5441963689 9.2403547964 4.8929954384 0.0000000000
10.3315050365 0.3500000000 3.5442022891 9.2401707748 4.8929455108 0.0000000000
10.3329742213 0.3500000000 3.5442062567 9.2399875017 4.8928880718 0.0000000000
10.3344434106 0.3500000000 3.5442089966 9.2398042604 4.8928257349 0.0000000000
10.3359125863 0.3500000000 3.5442113157 9.2396202597 4.8927614111 0.0000000000
10.3373817426 0.3500000000 3.5442141304 9.2394353635 4.8926987111 0.0000000000
10.3388508838 0.3500000000 3.5442184484 9.2392499831 4.8926418313 0.0000000000
10.3403200138 0.3500000000 3.5442250706 9.2390644607 4.8925941109 0.0000000000
10.3417891272 0.3500000000 3.5442328447 9.2388783371 4.8925507581 0.0000000000
10.3432582143 0.3500000000 3.5442395584 9.2386907181 4.8925025653 0.0000000000
10.3447272734 0.3500000000 3.5442435969 9.2385012299 4.8924429240 0.0000000000
10.3461963456 0.3500000000 3.5442464720 9.2383121971 4.8923788113 0.0000000000
10.3476654862 0.3500000000 3.5442506957 9.2381268059 4.8923215494 0.0000000000
10.3491347153 0.3500000000 3.5442576373 9.2379463159 4.8922771198 0.0000000000
10.3506039582 0.3500000000 3.5442655246 9.2377666899 4.8922368188 0.0000000000
10.3520731249 0.3500000000 3.5442720765 9.2375830461 4.8921895690 0.0000000000
10.3535421778 0.3500000000 3.5442763069 9.2373933577 4.8921306152 0.0000000000
10.3550111556 0.3500000000 3.5442790969 9.2371997149 4.8920643179 0.0000000000
10.3564801028 0.3500000000 3.5442814763 9.2370045329 4.8919957625 0.0000000000
10.3579490663 0.3500000000 3.5442845230 9.2368102973 4.8919302552 0.0000000000
10.3594180947 0.3500000000 3.5442893505 9.2366195451 4.8918732645 0.0000000000
10.3608872191 0.3500000000 3.5442966386 9.2364338935 4.8918281560 0.0000000000
10.3623563751 0.3500000000 3.5443046871 9.2362499149 4.8917867585 0.0000000000
10.3638254660 0.3500000000 3.5443109924 9.2360624739 4.8917370036 0.0000000000
10.3652944353 0.3500000000 3.5443145554 9.2358686694 4.8916737338 0.0000000000
10.3667633176 0.3500000000 3.5443177586 9.2356706235 4.8916073280 0.0000000000
10.3682321598 0.3500000000 3.5443233175 9.2354711176 4.8915497615 0.0000000000
10.3697010085 0.3500000000 3.5443312659 9.2352723919 4.8915020646 0.0000000000
10.3711699101 0.3500000000 3.5443390954 9.2350761739 4.8914548953 0.0000000000
10.3726389020 0.3500000000 3.5443446045 9.2348838120 4.8913999872 0.0000000000
10.3741079665 0.3500000000 3.5443480406 9.2346944948 4.8913380045 0.0000000000
10.3755770654 0.3500000000 3.5443505628 9.2345066034 4.8912729370 0.0000000000
10.3770461485 0.3500000000 3.5443533610 9.2343179760 4.8912086788 0.0000000000
10.3785151400 0.3500000000 3.5443576836 9.2341253445 4.8911489165 0.0000000000
10.3799839707 0.3500000000 3.5443646255 9.2339257088 4.8910968300 0.0000000000
10.3814527015 0.3500000000 3.5443730408 9.2337216944 4.8910488853 0.0000000000
10.3829214892 0.3500000000 3.5443801383 9.2335200563 4.8909966201 0.0000000000
10.3843904350 0.3500000000 3.5443841713 9.2333251785 4.8909348010 0.0000000000
10.3858594267 0.3500000000 3.5443874100 9.2331322906 4.8908706008 0.0000000000
10.3873283060 0.3500000000 3.5443929619 9.2329346528 4.8908137532 0.0000000000
10.3887970224 0.3500000000 3.5444011805 9.2327300113 4.8907647710 0.0000000000
10.3902656476 0.3500000000 3.5444093000 9.2325211936 4.8907137217 0.0000000000
10.3917342592 0.3500000000 3.5444148994 9.2323113467 4.8906521806 0.0000000000
10.3932029311 0.3500000000 3.5444183415 9.2321038638 4.8905829558 0.0000000000
10.3946717339 0.3500000000 3.5444209292 9.2319021297 4.8905126132 0.0000000000
10.3961406392 0.3500000000 3.5444240125 9.2317050989 4.8904461338 0.0000000000
10.3976094774 0.3500000000 3.5444290065 9.2315054208 4.8903862387 0.0000000000
10.3990781087 0.3500000000 3.5444368549 9.2312970013 4.8903342647 0.0000000000
10.4005466501 0.3500000000 3.5444455038 9.2310846758 4.8902839299 0.0000000000
10.4020153146 0.3500000000 3.5444517894 9.2308773791 4.8902261535 0.0000000000
10.4034841455 0.3500000000 3.5444552336 9.2306769861 4.8901597732 0.0000000000
10.4049529381 0.3500000000 3.5444592863 9.2304750417 4.8900952063 0.0000000000
10.4064215164 0.3500000000 3.5444668382 9.2302642603 4.8900411013 0.0000000000
10.4078899844 0.3500000000 3.5444757538 9.2300488336 4.8899905929 0.0000000000
10.4093585425 0.3500000000 3.5444821949 9.2298369140 4.8899315894 0.0000000000
10.4108272603 0.3500000000 3.5444856818 9.2296314850 4.8898633655 0.0000000000
10.4122960461 0.3500000000 3.5444898787 9.2294291506 4.8897992193 0.0000000000
10.4137648037 0.3500000000 3.5444975464 9.2292261732 4.8897486994 0.0000000000
10.4152334605 0.3500000000 3.5445065153 9.2290190365 4.8897017203 0.0000000000
10.4167019565 0.3500000000 3.5445134490 9.2288045864 4.8896436750 0.0000000000
10.4181703474 0.3500000000 3.5445175893 9.2285850907 4.8895724378 0.0000000000
10.4196387878 0.3500000000 3.5445204008 9.2283674858 4.8894966419 0.0000000000
10.4211073743 0.3500000000 3.5445234500 9.2281562062 4.8894243269 0.0000000000
10.4225760455 0.3500000000 3.5445283777 9.2279488867 4.8893611098 0.0000000000
10.4240447150 0.3500000000 3.5445364359 9.2277420213 4.8893105966 0.0000000000
10.4255132957 0.3500000000 3.5445455412 9.2275315484 4.8892628286 0.0000000000
10.4269817028 0.3500000000 3.5445520358 9.2273132701 4.8892014955 0.0000000000
10.4284499734 0.3500000000 3.5445555791 9.2270886896 4.8891258365 0.0000000000
10.4299183053 0.3500000000 3.5445602461 9.2268668736 4.8890557780 0.0000000000
10.4313868228 0.3500000000 3.5445687492 9.2266535448 4.8890044593 0.0000000000
10.4328553460 0.3500000000 3.5445778397 9.2264406007 4.8889556435 0.0000000000
10.4343236566 0.3500000000 3.5445834574 9.2262181600 4.8888891378 0.0000000000
10.4357918375 0.3500000000 3.5445869307 9.2259899001 4.8888117274 0.0000000000
10.4372601454 0.3500000000 3.5445926950 9.2257672949 4.8887457424 0.0000000000
10.4387286235 0.3500000000 3.5446017921 9.2255523672 4.8886961595 0.0000000000
10.4401970181 0.3500000000 3.5446105283 9.2253339670 4.8886437444 0.0000000000
10.4416651695 0.3500000000 3.5446160579 9.2251049796 4.8885742678 0.0000000000
10.4431332937 0.3500000000 3.5446193887 9.2248744268 4.8884953698 0.0000000000
10.4446016345 0.3500000000 3.5446223147 9.2246526441 4.8884183608 0.0000000000
10.4460700632 0.3500000000 3.5446267080 9.2244347499 4.8883487762 0.0000000000
10.4475382877 0.3500000000 3.5446343419 9.2242091718 4.8882890806 0.0000000000
10.4490063003 0.3500000000 3.5446439725 9.2239753369 4.8882340692 0.0000000000
10.4504743721 0.3500000000 3.5446514144 9.2237434841 4.8881710954 0.0000000000
10.4519426526 0.3500000000 3.5446552988 9.2235194226 4.8880970086 0.0000000000
10.4534110298 0.3500000000 3.5446600189 9.2232993911 4.8880278764 0.0000000000
10.4548793697 0.3500000000 3.5446688939 9.2230785814 4.8879750525 0.0000000000
10.4563475740 0.3500000000 3.5446783310 9.2228524394 4.8879223442 0.0000000000
10.4578155758 0.3500000000 3.5446838443 9.2226175403 4.8878504378 0.0000000000
10.4592834955 0.3500000000 3.5446875576 9.2223790522 4.8877698957 0.0000000000
10.4607515341 0.3500000000 3.5446944855 9.2221458628 4.8877043313 0.0000000000
10.4622197268 0.3500000000 3.5447043525 9.2219193043 4.8876531762 0.0000000000
10.4636879662 0.3500000000 3.5447123873 9.2216942264 4.8875952841 0.0000000000
10.4651561594 0.3500000000 3.5447168789 9.2214666547 4.8875222220 0.0000000000
10.4666242418 0.3500000000 3.5447207718 9.2212346284 4.8874449828 0.0000000000
10.4680921509 0.3500000000 3.5447273755 9.2209963445 4.8873760843 0.0000000000
10.4695598243 0.3500000000 3.5447400000 9.2207500000 4.8873280444 0.0000000000
