# logAge Mass logTe Mbol logg C/O
2.1860800861 0.5400000000 3.6589400000 0.9556250000 2.2264037598 0.0000000000
2.1988824058 0.5400000000 3.6589410578 0.9556548138 2.2264199166 0.0000000000
2.2116847260 0.5400000000 3.6589420451 0.9556826078 2.2264349834 0.0000000000
2.2244870468 0.5400000000 3.6589429640 0.9557084387 2.2264489913 0.0000000000
2.2372893681 0.5400000000 3.6589438165 0.9557323632 2.2264619713 0.0000000000
2.2500916899 0.5400000000 3.6589446049 0.9557544380 2.2264739544 0.0000000000
2.2628940122 0.5400000000 3.6589453310 0.9557747198 2.2264849719 0.0000000000
2.2756963349 0.5400000000 3.6589459972 0.9557932654 2.2264950546 0.0000000000
2.2884986581 0.5400000000 3.6589466053 0.9558101315 2.2265042337 0.0000000000
2.3013009817 0.5400000000 3.6589471576 0.9558253747 2.2265125403 0.0000000000
2.3141033058 0.5400000000 3.6589476562 0.9558390519 2.2265200053 0.0000000000
2.3269056303 0.5400000000 3.6589481030 0.9558512196 2.2265266598 0.0000000000
2.3397079552 0.5400000000 3.6589485003 0.9558619347 2.2265325349 0.0000000000
2.3525102805 0.5400000000 3.6589488501 0.9558712538 2.2265376617 0.0000000000
2.3653126061 0.5400000000 3.6589491545 0.9558792337 2.2265420712 0.0000000000
2.3781149322 0.5400000000 3.6589494155 0.9558859311 2.2265457945 0.0000000000
2.3909172585 0.5400000000 3.6589496354 0.9558914026 2.2265488625 0.0000000000
2.4037195852 0.5400000000 3.6589498162 0.9558957051 2.2265513065 0.0000000000
2.4165219122 0.5400000000 3.6589499599 0.9558988951 2.2265531574 0.0000000000
2.4293242396 0.5400000000 3.6589500687 0.9559010295 2.2265544463 0.0000000000
2.4421265672 0.5400000000 3.6589501446 0.9559021650 2.2265552042 0.0000000000
2.4549288951 0.5400000000 3.6589501898 0.9559023582 2.2265554623 0.0000000000
2.4677312232 0.5400000000 3.6589502063 0.9559016659 2.2265552515 0.0000000000
2.4805335516 0.5400000000 3.6589501963 0.9559001448 2.2265546030 0.0000000000
2.4933358803 0.5400000000 3.6589501618 0.9558978516 2.2265535477 0.0000000000
2.5061382091 0.5400000000 3.6589501049 0.9558948430 2.2265521168 0.0000000000
2.5189405382 0.5400000000 3.6589500278 0.9558911757 2.2265503413 0.0000000000
2.5317428675 0.5400000000 3.6589499324 0.9558869065 2.2265482522 0.0000000000
2.5445451969 0.5400000000 3.6589498210 0.9558820921 2.2265458807 0.0000000000
2.5573475265 0.5400000000 3.6589496955 0.9558767892 2.2265432577 0.0000000000
2.5701498563 0.5400000000 3.6589495582 0.9558710545 2.2265404143 0.0000000000
2.5829521862 0.5400000000 3.6589494110 0.9558649446 2.2265373817 0.0000000000
2.5957545163 0.5400000000 3.6589492561 0.9558585164 2.2265341908 0.0000000000
2.6085568464 0.5400000000 3.6589490955 0.9558518266 2.2265308727 0.0000000000
2.6213591767 0.5400000000 3.6589489315 0.9558449318 2.2265274584 0.0000000000
2.6341615070 0.5400000000 3.6589487659 0.9558378888 2.2265239791 0.0000000000
2.6469638374 0.5400000000 3.6589486010 0.9558307543 2.2265204657 0.0000000000
2.6597661679 0.5400000000 3.6589484389 0.9558235850 2.2265169494 0.0000000000
2.6725684984 0.5400000000 3.6589482816 0.9558164376 2.2265134611 0.0000000000
2.6853708289 0.5400000000 3.6589481312 0.9558093688 2.2265100321 0.0000000000
2.6981731594 0.5400000000 3.6589479898 0.9558024354 2.2265066932 0.0000000000
2.7109754900 0.5400000000 3.6589478595 0.9557956940 2.2265034756 0.0000000000
2.7237778205 0.5400000000 3.6589477425 0.9557892015 2.2265004103 0.0000000000
2.7365801510 0.5400000000 3.6589476407 0.9557830144 2.2264975283 0.0000000000
2.7493824815 0.5400000000 3.6589475563 0.9557771896 2.2264948608 0.0000000000
2.7621848119 0.5400000000 3.6589474914 0.9557717836 2.2264924389 0.0000000000
2.7749871423 0.5400000000 3.6589474481 0.9557668533 2.2264902934 0.0000000000
2.7877894725 0.5400000000 3.6589474284 0.9557624554 2.2264884556 0.0000000000
2.8005918027 0.5400000000 3.6589474345 0.9557586466 2.2264869564 0.0000000000
2.8133941328 0.5400000000 3.6589474684 0.9557554835 2.2264858270 0.0000000000
2.8261964627 0.5400000000 3.6589475323 0.9557530229 2.2264850983 0.0000000000
2.8389987925 0.5400000000 3.6589476283 0.9557513216 2.2264848015 0.0000000000
2.8518011222 0.5400000000 3.6589477583 0.9557504361 2.2264849676 0.0000000000
2.8646034517 0.5400000000 3.6589479246 0.9557504234 2.2264856276 0.0000000000
2.8774057810 0.5400000000 3.6589481292 0.9557513399 2.2264868126 0.0000000000
2.8902081101 0.5400000000 3.6589483742 0.9557532426 2.2264885537 0.0000000000
2.9030104390 0.5400000000 3.6589486617 0.9557561881 2.2264908820 0.0000000000
2.9158127677 0.5400000000 3.6589489938 0.9557602330 2.2264938284 0.0000000000
2.9286150962 0.5400000000 3.6589493726 0.9557654342 2.2264974241 0.0000000000
2.9414174244 0.5400000000 3.6589498002 0.9557718483 2.2265017000 0.0000000000
2.9542197523 0.5400000000 3.6589502787 0.9557795321 2.2265066873 0.0000000000
2.9670220800 0.5400000000 3.6589508101 0.9557885423 2.2265124171 0.0000000000
2.9798244074 0.5400000000 3.6589513966 0.9557989355 2.2265189203 0.0000000000
2.9926267345 0.5400000000 3.6589520402 0.9558107685 2.2265262280 0.0000000000
3.0054290612 0.5400000000 3.6589527431 0.9558240981 2.2265343713 0.0000000000
3.0182313877 0.5400000000 3.6589535073 0.9558389808 2.2265433813 0.0000000000
3.0310337138 0.5400000000 3.6589543349 0.9558554736 2.2265532890 0.0000000000
3.0438360395 0.5400000000 3.6589552281 0.9558736329 2.2265641254 0.0000000000
3.0566383649 0.5400000000 3.6589561889 0.9558935157 2.2265759217 0.0000000000
3.0694406899 0.5400000000 3.6589572194 0.9559151785 2.2265887088 0.0000000000
3.0822430144 0.5400000000 3.6589583217 0.9559386782 2.2266025178 0.0000000000
3.0950453386 0.5400000000 3.6589594979 0.9559640713 2.2266173799 0.0000000000
3.1078476623 0.5400000000 3.6589607504 0.9559914245 2.2266333311 0.0000000000
3.1206499854 0.5400000000 3.6589620862 0.9560209564 2.2266504872 0.0000000000
3.1334523076 0.5400000000 3.6589635161 0.9560530052 2.2266690264 0.0000000000
3.1462546285 0.5400000000 3.6589650510 0.9560879123 2.2266891286 0.0000000000
3.1590569479 0.5400000000 3.6589667016 0.9561260194 2.2267109738 0.0000000000
3.1718592654 0.5400000000 3.6589684787 0.9561676677 2.2267347419 0.0000000000
3.1846615807 0.5400000000 3.6589703933 0.9562131990 2.2267606127 0.0000000000
3.1974638934 0.5400000000 3.6589724562 0.9562629545 2.2267887663 0.0000000000
3.2102662034 0.5400000000 3.6589746781 0.9563172759 2.2268193825 0.0000000000
3.2230685102 0.5400000000 3.6589770699 0.9563765046 2.2268526414 0.0000000000
3.2358708135 0.5400000000 3.6589796425 0.9564409821 2.2268887227 0.0000000000
3.2486731130 0.5400000000 3.6589824081 0.9565110639 2.2269278178 0.0000000000
3.2614754075 0.5400000000 3.6589853876 0.9565871898 2.2269701863 0.0000000000
3.2742776957 0.5400000000 3.6589886052 0.9566698311 2.2270161129 0.0000000000
3.2870799761 0.5400000000 3.6589920848 0.9567594589 2.2270658824 0.0000000000
3.2998822476 0.5400000000 3.6589958506 0.9568565442 2.2271197798 0.0000000000
3.3126845087 0.5400000000 3.6589999267 0.9569615583 2.2271780899 0.0000000000
3.3254867581 0.5400000000 3.6590043372 0.9570749724 2.2272410975 0.0000000000
3.3382889945 0.5400000000 3.6590091061 0.9571972576 2.2273090874 0.0000000000
3.3510912165 0.5400000000 3.6590142577 0.9573288850 2.2273823446 0.0000000000
3.3638934227 0.5400000000 3.6590198159 0.9574703258 2.2274611538 0.0000000000
3.3766956115 0.5400000000 3.6590257983 0.9576220451 2.2275457709 0.0000000000
3.3894977803 0.5400000000 3.6590321929 0.9577844810 2.2276363238 0.0000000000
3.4022999259 0.5400000000 3.6590389800 0.9579580640 2.2277329054 0.0000000000
3.4151020452 0.5400000000 3.6590461397 0.9581432249 2.2278356085 0.0000000000
3.4279041352 0.5400000000 3.6590536521 0.9583403943 2.2279445258 0.0000000000
3.4407061927 0.5400000000 3.6590614973 0.9585500029 2.2280597502 0.0000000000
3.4535082148 0.5400000000 3.6590696556 0.9587724814 2.2281813746 0.0000000000
3.4663101983 0.5400000000 3.6590781069 0.9590082603 2.2283094917 0.0000000000
3.4791121402 0.5400000000 3.6590868316 0.9592577705 2.2284441943 0.0000000000
3.4919140374 0.5400000000 3.6590958107 0.9595214141 2.2285855682 0.0000000000
3.5047158876 0.5400000000 3.6591050392 0.9597992351 2.2287336106 0.0000000000
3.5175176886 0.5400000000 3.6591145213 0.9600910315 2.2288882577 0.0000000000
3.5303194385 0.5400000000 3.6591242615 0.9603965967 2.2290494445 0.0000000000
3.5431211354 0.5400000000 3.6591342642 0.9607157242 2.2292171063 0.0000000000
3.5559227771 0.5400000000 3.6591445339 0.9610482072 2.2293911781 0.0000000000
3.5687243617 0.5400000000 3.6591550749 0.9613938392 2.2295715950 0.0000000000
3.5815258872 0.5400000000 3.6591658917 0.9617524136 2.2297582922 0.0000000000
3.5943273517 0.5400000000 3.6591769888 0.9621237236 2.2299512046 0.0000000000
3.6071287537 0.5400000000 3.6591883654 0.9625074585 2.2301502049 0.0000000000
3.6199300991 0.5400000000 3.6591999727 0.9629023483 2.2303545899 0.0000000000
3.6327313973 0.5400000000 3.6592117359 0.9633066053 2.2305633456 0.0000000000
3.6455326576 0.5400000000 3.6592235801 0.9637184367 2.2307754549 0.0000000000
3.6583338897 0.5400000000 3.6592354303 0.9641360499 2.2309899010 0.0000000000
3.6711351029 0.5400000000 3.6592472115 0.9645576521 2.2312056667 0.0000000000
3.6839363067 0.5400000000 3.6592588488 0.9649814506 2.2314217351 0.0000000000
3.6967375106 0.5400000000 3.6592702671 0.9654056528 2.2316370893 0.0000000000
3.7095387241 0.5400000000 3.6592813915 0.9658284655 2.2318507120 0.0000000000
3.7223399573 0.5400000000 3.6592921417 0.9662478417 2.2320614635 0.0000000000
3.7351412226 0.5400000000 3.6593024231 0.9666610365 2.2322678666 0.0000000000
3.7479425325 0.5400000000 3.6593121382 0.9670651857 2.2324683871 0.0000000000
3.7607438998 0.5400000000 3.6593211901 0.9674574256 2.2326614903 0.0000000000
3.7735453370 0.5400000000 3.6593294813 0.9678348923 2.2328456420 0.0000000000
3.7863468568 0.5400000000 3.6593369148 0.9681947217 2.2330193077 0.0000000000
3.7991484719 0.5400000000 3.6593433933 0.9685340500 2.2331809529 0.0000000000
3.8119501948 0.5400000000 3.6593488195 0.9688500132 2.2333290432 0.0000000000
3.8247520364 0.5400000000 3.6593530970 0.9691397561 2.2334620502 0.0000000000
3.8375539921 0.5400000000 3.6593561350 0.9694004987 2.2335784991 0.0000000000
3.8503560494 0.5400000000 3.6593578457 0.9696294998 2.2336769424 0.0000000000
3.8631581955 0.5400000000 3.6593581414 0.9698240185 2.2337559328 0.0000000000
3.8759604177 0.5400000000 3.6593569344 0.9699813138 2.2338140229 0.0000000000
3.8887627035 0.5400000000 3.6593541370 0.9700986448 2.2338497656 0.0000000000
3.9015650401 0.5400000000 3.6593496614 0.9701732706 2.2338617137 0.0000000000
3.9143674150 0.5400000000 3.6593434199 0.9702024504 2.2338484197 0.0000000000
3.9271698144 0.5400000000 3.6593353260 0.9701834843 2.2338084577 0.0000000000
3.9399722084 0.5400000000 3.6593253154 0.9701144345 2.2337407951 0.0000000000
3.9527745521 0.5400000000 3.6593133430 0.9699940342 2.2336447454 0.0000000000
3.9655768003 0.5400000000 3.6592993647 0.9698210394 2.2335196343 0.0000000000
3.9783789077 0.5400000000 3.6592833362 0.9695942063 2.2333647873 0.0000000000
3.9911808290 0.5400000000 3.6592652134 0.9693122912 2.2331795299 0.0000000000
4.0039825191 0.5400000000 3.6592449520 0.9689740501 2.2329631879 0.0000000000
4.0167839325 0.5400000000 3.6592225078 0.9685782391 2.2327150867 0.0000000000
4.0295850245 0.5400000000 3.6591978392 0.9681236686 2.2324345840 0.0000000000
4.0423857592 0.5400000000 3.6591709705 0.9676105045 2.2321218435 0.0000000000
4.0551861104 0.5400000000 3.6591419952 0.9670403355 2.2317778746 0.0000000000
4.0679860523 0.5400000000 3.6591110099 0.9664148177 2.2314037267 0.0000000000
4.0807855589 0.5400000000 3.6590781116 0.9657356069 2.2310004490 0.0000000000
4.0935846046 0.5400000000 3.6590433969 0.9650043591 2.2305690909 0.0000000000
4.1063831635 0.5400000000 3.6590069625 0.9642227304 2.2301107019 0.0000000000
4.1191812098 0.5400000000 3.6589689052 0.9633923766 2.2296263311 0.0000000000
4.1319787194 0.5400000000 3.6589293245 0.9625150145 2.2291170638 0.0000000000
4.1447757030 0.5400000000 3.6588883801 0.9615936508 2.2285847407 0.0000000000
4.1575722051 0.5400000000 3.6588462889 0.9606325234 2.2280319247 0.0000000000
4.1703682712 0.5400000000 3.6588032699 0.9596359194 2.2274612071 0.0000000000
4.1831639471 0.5400000000 3.6587595424 0.9586081259 2.2268751796 0.0000000000
4.1959592783 0.5400000000 3.6587153255 0.9575534301 2.2262764337 0.0000000000
4.2087543106 0.5400000000 3.6586708383 0.9564761191 2.2256675608 0.0000000000
4.2215490895 0.5400000000 3.6586263002 0.9553804800 2.2250511525 0.0000000000
4.2343436624 0.5400000000 3.6585819260 0.9542708569 2.2244298067 0.0000000000
4.2471380975 0.5400000000 3.6585378771 0.9531523401 2.2238062042 0.0000000000
4.2599324783 0.5400000000 3.6584942766 0.9520305468 2.2231830848 0.0000000000
4.2727268884 0.5400000000 3.6584512469 0.9509111048 2.2225631892 0.0000000000
4.2855214113 0.5400000000 3.6584089104 0.9497996422 2.2219492583 0.0000000000
4.2983161306 0.5400000000 3.6583673896 0.9487017869 2.2213440330 0.0000000000
4.3111111301 0.5400000000 3.6583268068 0.9476231669 2.2207502539 0.0000000000
4.3239064932 0.5400000000 3.6582872845 0.9465694102 2.2201706620 0.0000000000
4.3367022978 0.5400000000 3.6582489621 0.9455460740 2.2196080380 0.0000000000
4.3494985802 0.5400000000 3.6582121002 0.9445582120 2.2190654453 0.0000000000
4.3622953590 0.5400000000 3.6581770116 0.9436106606 2.2185460703 0.0000000000
4.3750926525 0.5400000000 3.6581440094 0.9427082549 2.2180530994 0.0000000000
4.3878904790 0.5400000000 3.6581134068 0.9418558303 2.2175897191 0.0000000000
4.4006888571 0.5400000000 3.6580855169 0.9410582220 2.2171591162 0.0000000000
4.4134878050 0.5400000000 3.6580606528 0.9403202654 2.2167644771 0.0000000000
4.4262873412 0.5400000000 3.6580391276 0.9396467956 2.2164089884 0.0000000000
4.4390874672 0.5400000000 3.6580211587 0.9390417376 2.2160950895 0.0000000000
4.4518881249 0.5400000000 3.6580066277 0.9385058244 2.2158226003 0.0000000000
4.4646892437 0.5400000000 3.6579953428 0.9380390896 2.2155907667 0.0000000000
4.4774907525 0.5400000000 3.6579871120 0.9376415672 2.2153988348 0.0000000000
4.4902925806 0.5400000000 3.6579817436 0.9373132908 2.2152460504 0.0000000000
4.5030946569 0.5400000000 3.6579790455 0.9370542942 2.2151316596 0.0000000000
4.5158969108 0.5400000000 3.6579788260 0.9368646112 2.2150549084 0.0000000000
4.5286992713 0.5400000000 3.6579808940 0.9367442579 2.2150150390 0.0000000000
4.5415016797 0.5400000000 3.6579851141 0.9366920539 2.2150110378 0.0000000000
4.5543040961 0.5400000000 3.6579914410 0.9367048865 2.2150414784 0.0000000000
4.5671064824 0.5400000000 3.6579998375 0.9367794668 2.2151048967 0.0000000000
4.5799088006 0.5400000000 3.6580102666 0.9369125063 2.2151998286 0.0000000000
4.5927110125 0.5400000000 3.6580226909 0.9371007162 2.2153248099 0.0000000000
4.6055130801 0.5400000000 3.6580370734 0.9373408077 2.2154783765 0.0000000000
4.6183149652 0.5400000000 3.6580533769 0.9376294922 2.2156590645 0.0000000000
4.6311166326 0.5400000000 3.6580715536 0.9379633762 2.2158653248 0.0000000000
4.6439180851 0.5400000000 3.6580914093 0.9383376364 2.2160944514 0.0000000000
4.6567193530 0.5400000000 3.6581126440 0.9387464159 2.2163429021 0.0000000000
4.6695204674 0.5400000000 3.6581349555 0.9391838350 2.2166071157 0.0000000000
4.6823214591 0.5400000000 3.6581580415 0.9396440138 2.2168835312 0.0000000000
4.6951223591 0.5400000000 3.6581815997 0.9401210725 2.2171685877 0.0000000000
4.7079231984 0.5400000000 3.6582053279 0.9406091311 2.2174587240 0.0000000000
4.7207240081 0.5400000000 3.6582289238 0.9411023100 2.2177503791 0.0000000000
4.7335248164 0.5400000000 3.6582521174 0.9415952471 2.2180403281 0.0000000000
4.7463256402 0.5400000000 3.6582747864 0.9420849591 2.2183268892 0.0000000000
4.7591264927 0.5400000000 3.6582968514 0.9425691445 2.2186088233 0.0000000000
4.7719273874 0.5400000000 3.6583182327 0.9430455024 2.2188848914 0.0000000000
4.7847283376 0.5400000000 3.6583388505 0.9435117316 2.2191538544 0.0000000000
4.7975293567 0.5400000000 3.6583586253 0.9439655308 2.2194144732 0.0000000000
4.8103304581 0.5400000000 3.6583774774 0.9444045989 2.2196655089 0.0000000000
4.8231316550 0.5400000000 3.6583953279 0.9448266471 2.2199057303 0.0000000000
4.8359329537 0.5400000000 3.6584121549 0.9452303037 2.2201345007 0.0000000000
4.8487343485 0.5400000000 3.6584280315 0.9456157324 2.2203521787 0.0000000000
4.8615358329 0.5400000000 3.6584430401 0.9459832432 2.2205592174 0.0000000000
4.8743374002 0.5400000000 3.6584572629 0.9463331460 2.2207560700 0.0000000000
4.8871390437 0.5400000000 3.6584707824 0.9466657509 2.2209431897 0.0000000000
4.8999407566 0.5400000000 3.6584836807 0.9469813679 2.2211210298 0.0000000000
4.9127425324 0.5400000000 3.6584960402 0.9472803069 2.2212900435 0.0000000000
4.9255443645 0.5400000000 3.6585079400 0.9475629122 2.2214506845 0.0000000000
4.9383462475 0.5400000000 3.6585194211 0.9478299190 2.2216034120 0.0000000000
4.9511481768 0.5400000000 3.6585305010 0.9480823120 2.2217486885 0.0000000000
4.9639501479 0.5400000000 3.6585411962 0.9483210800 2.2218869767 0.0000000000
4.9767521561 0.5400000000 3.6585515237 0.9485472115 2.2220187393 0.0000000000
4.9895541969 0.5400000000 3.6585615003 0.9487616952 2.2221444389 0.0000000000
5.0023562658 0.5400000000 3.6585711427 0.9489655198 2.2222645384 0.0000000000
5.0151583581 0.5400000000 3.6585804677 0.9491596739 2.2223795002 0.0000000000
5.0279604698 0.5400000000 3.6585894858 0.9493451030 2.2224897443 0.0000000000
5.0407625987 0.5400000000 3.6585981855 0.9495226044 2.2225955437 0.0000000000
5.0535647430 0.5400000000 3.6586065506 0.9496929435 2.2226971397 0.0000000000
5.0663669009 0.5400000000 3.6586145649 0.9498568858 2.2227947737 0.0000000000
5.0791690706 0.5400000000 3.6586222122 0.9500151965 2.2228886873 0.0000000000
5.0919712503 0.5400000000 3.6586294764 0.9501686413 2.2229791218 0.0000000000
5.1047734381 0.5400000000 3.6586363411 0.9503179855 2.2230663186 0.0000000000
5.1175756324 0.5400000000 3.6586427913 0.9504639788 2.2231505165 0.0000000000
5.1303778323 0.5400000000 3.6586488393 0.9506068862 2.2232318715 0.0000000000
5.1431800381 0.5400000000 3.6586545302 0.9507464068 2.2233104432 0.0000000000
5.1559822501 0.5400000000 3.6586599107 0.9508822074 2.2233862856 0.0000000000
5.1687844688 0.5400000000 3.6586650277 0.9510139550 2.2234594528 0.0000000000
5.1815866945 0.5400000000 3.6586699281 0.9511413167 2.2235299989 0.0000000000
5.1943889275 0.5400000000 3.6586746586 0.9512639594 2.2235979780 0.0000000000
5.2071911683 0.5400000000 3.6586792661 0.9513815501 2.2236634441 0.0000000000
5.2199934171 0.5400000000 3.6586837892 0.9514937756 2.2237264269 0.0000000000
5.2327956738 0.5400000000 3.6586882140 0.9516004520 2.2237867968 0.0000000000
5.2455979381 0.5400000000 3.6586925053 0.9517014475 2.2238443600 0.0000000000
5.2584002097 0.5400000000 3.6586966277 0.9517966303 2.2238989226 0.0000000000
5.2712024883 0.5400000000 3.6587005459 0.9518858686 2.2239502909 0.0000000000
5.2840047736 0.5400000000 3.6587042247 0.9519690309 2.2239982710 0.0000000000
5.2968070652 0.5400000000 3.6587076287 0.9520459852 2.2240426689 0.0000000000
5.3096093630 0.5400000000 3.6587107228 0.9521165998 2.2240832907 0.0000000000
5.3224116664 0.5400000000 3.6587134689 0.9521807281 2.2241199268 0.0000000000
5.3352139749 0.5400000000 3.6587158247 0.9522381949 2.2241523365 0.0000000000
5.3480162882 0.5400000000 3.6587177468 0.9522888214 2.2241802754 0.0000000000
5.3608186055 0.5400000000 3.6587191920 0.9523324287 2.2242034992 0.0000000000
5.3736209264 0.5400000000 3.6587201171 0.9523688383 2.2242217635 0.0000000000
5.3864232504 0.5400000000 3.6587204790 0.9523978712 2.2242348242 0.0000000000
5.3992255769 0.5400000000 3.6587202344 0.9524193488 2.2242424368 0.0000000000
5.4120279054 0.5400000000 3.6587193453 0.9524330916 2.2242443778 0.0000000000
5.4248302350 0.5400000000 3.6587178384 0.9524389121 2.2242406781 0.0000000000
5.4376325649 0.5400000000 3.6587157831 0.9524366169 2.2242315389 0.0000000000
5.4504348940 0.5400000000 3.6587132498 0.9524260129 2.2242171643 0.0000000000
5.4632372214 0.5400000000 3.6587103090 0.9524069068 2.2241977584 0.0000000000
5.4760395461 0.5400000000 3.6587070309 0.9523791054 2.2241735255 0.0000000000
5.4888418671 0.5400000000 3.6587034859 0.9523424155 2.2241446697 0.0000000000
5.5016441836 0.5400000000 3.6586997444 0.9522966436 2.2241113951 0.0000000000
5.5144464944 0.5400000000 3.6586958421 0.9522416180 2.2240737754 0.0000000000
5.5272487983 0.5400000000 3.6586917007 0.9521772360 2.2240314572 0.0000000000
5.5400510940 0.5400000000 3.6586872191 0.9521034094 2.2239839998 0.0000000000
5.5528533802 0.5400000000 3.6586822957 0.9520200499 2.2239309626 0.0000000000
5.5656556555 0.5400000000 3.6586768293 0.9519270691 2.2238719047 0.0000000000
5.5784579188 0.5400000000 3.6586707185 0.9518243789 2.2238063854 0.0000000000
5.5912601686 0.5400000000 3.6586638620 0.9517118909 2.2237339642 0.0000000000
5.6040624038 0.5400000000 3.6586561614 0.9515895157 2.2236542119 0.0000000000
5.6168646227 0.5400000000 3.6586475940 0.9514571351 2.2235669897 0.0000000000
5.6296668236 0.5400000000 3.6586382152 0.9513146009 2.2234724612 0.0000000000
5.6424690050 0.5400000000 3.6586280847 0.9511617637 2.2233708041 0.0000000000
5.6552711650 0.5400000000 3.6586172617 0.9509984739 2.2232621961 0.0000000000
5.6680733019 0.5400000000 3.6586058056 0.9508245818 2.2231468150 0.0000000000
5.6808754142 0.5400000000 3.6585937758 0.9506399381 2.2230248384 0.0000000000
5.6936775000 0.5400000000 3.6585812318 0.9504443932 2.2228964441 0.0000000000
5.7064795576 0.5400000000 3.6585682256 0.9502378148 2.2227617883 0.0000000000
5.7192815855 0.5400000000 3.6585547714 0.9500201638 2.2226209110 0.0000000000
5.7320835822 0.5400000000 3.6585408704 0.9497914318 2.2224738140 0.0000000000
5.7448855461 0.5400000000 3.6585265238 0.9495516106 2.2223204991 0.0000000000
5.7576874756 0.5400000000 3.6585117328 0.9493006917 2.2221609678 0.0000000000
5.7704893693 0.5400000000 3.6584964988 0.9490386668 2.2219952220 0.0000000000
5.7832912255 0.5400000000 3.6584808230 0.9487655278 2.2218232631 0.0000000000
5.7960930426 0.5400000000 3.6584647063 0.9484812653 2.2216450911 0.0000000000
5.8088948189 0.5400000000 3.6584481254 0.9481858126 2.2214605866 0.0000000000
5.8216965518 0.5400000000 3.6584310192 0.9478790122 2.2212694417 0.0000000000
5.8344982386 0.5400000000 3.6584133231 0.9475606983 2.2210713317 0.0000000000
5.8472998770 0.5400000000 3.6583949725 0.9472307053 2.2208659321 0.0000000000
5.8601014642 0.5400000000 3.6583759028 0.9468888675 2.2206529181 0.0000000000
5.8729029978 0.5400000000 3.6583560494 0.9465350191 2.2204319652 0.0000000000
5.8857044752 0.5400000000 3.6583353478 0.9461689945 2.2202027488 0.0000000000
5.8985058939 0.5400000000 3.6583137461 0.9457906379 2.2199649994 0.0000000000
5.9113072518 0.5400000000 3.6582913048 0.9453998804 2.2197189313 0.0000000000
5.9241085471 0.5400000000 3.6582681424 0.9449966982 2.2194650088 0.0000000000
5.9369097778 0.5400000000 3.6582443778 0.9445810675 2.2192036981 0.0000000000
5.9497109421 0.5400000000 3.6582201300 0.9441529649 2.2189354657 0.0000000000
5.9625120381 0.5400000000 3.6581955178 0.9437123667 2.2186607778 0.0000000000
5.9753130640 0.5400000000 3.6581706603 0.9432592494 2.2183801009 0.0000000000
5.9881140178 0.5400000000 3.6581456762 0.9427935892 2.2180939003 0.0000000000
6.0009148975 0.5400000000 3.6581206167 0.9423153468 2.2178023654 0.0000000000
6.0137157002 0.5400000000 3.6580953708 0.9418244443 2.2175050206 0.0000000000
6.0265164227 0.5400000000 3.6580698033 0.9413207981 2.2172012923 0.0000000000
6.0393170623 0.5400000000 3.6580437793 0.9408043249 2.2168906069 0.0000000000
6.0521176158 0.5400000000 3.6580171636 0.9402749411 2.2165723907 0.0000000000
6.0649180803 0.5400000000 3.6579898212 0.9397325634 2.2162460701 0.0000000000
6.0777184528 0.5400000000 3.6579616171 0.9391771081 2.2159110714 0.0000000000
6.0905187305 0.5400000000 3.6579324261 0.9386085075 2.2155668671 0.0000000000
6.1033189127 0.5400000000 3.6579022737 0.9380269295 2.2152136266 0.0000000000
6.1161190004 0.5400000000 3.6578713022 0.9374327247 2.2148520583 0.0000000000
6.1289189949 0.5400000000 3.6578396565 0.9368262483 2.2144828851 0.0000000000
6.1417188971 0.5400000000 3.6578074819 0.9362078556 2.2141068297 0.0000000000
6.1545187083 0.5400000000 3.6577749235 0.9355779020 2.2137246146 0.0000000000
6.1673184295 0.5400000000 3.6577421265 0.9349367426 2.2133369628 0.0000000000
6.1801180618 0.5400000000 3.6577092360 0.9342847329 2.2129445968 0.0000000000
6.1929176072 0.5400000000 3.6576763656 0.9336222956 2.2125481404 0.0000000000
6.2057170705 0.5400000000 3.6576435115 0.9329501060 2.2121478481 0.0000000000
6.2185164573 0.5400000000 3.6576106423 0.9322688979 2.2117438883 0.0000000000
6.2313157732 0.5400000000 3.6575777269 0.9315794053 2.2113364296 0.0000000000
6.2441150238 0.5400000000 3.6575447339 0.9308823620 2.2109256402 0.0000000000
6.2569142147 0.5400000000 3.6575116320 0.9301785021 2.2105116886 0.0000000000
6.2697133515 0.5400000000 3.6574783899 0.9294685594 2.2100947432 0.0000000000
6.2825124397 0.5400000000 3.6574449805 0.9287532617 2.2096749866 0.0000000000
6.2953114839 0.5400000000 3.6574114994 0.9280331551 2.2092530195 0.0000000000
6.3081104878 0.5400000000 3.6573781824 0.9273085778 2.2088299205 0.0000000000
6.3209094548 0.5400000000 3.6573452729 0.9265798568 2.2084067942 0.0000000000
6.3337083885 0.5400000000 3.6573130145 0.9258473190 2.2079847452 0.0000000000
6.3465072923 0.5400000000 3.6572816505 0.9251112913 2.2075648784 0.0000000000
6.3593061698 0.5400000000 3.6572514245 0.9243721008 2.2071482982 0.0000000000
6.3721050245 0.5400000000 3.6572225786 0.9236300787 2.2067361058 0.0000000000
6.3849038639 0.5400000000 3.6571952083 0.9228860332 2.2063290064 0.0000000000
6.3977027032 0.5400000000 3.6571691340 0.9221416670 2.2059269625 0.0000000000
6.4105015582 0.5400000000 3.6571441455 0.9213987816 2.2055298545 0.0000000000
6.4233004448 0.5400000000 3.6571200329 0.9206591787 2.2051375629 0.0000000000
6.4360993789 0.5400000000 3.6570965862 0.9199246598 2.2047499684 0.0000000000
6.4488983763 0.5400000000 3.6570735983 0.9191970232 2.2043669621 0.0000000000
6.4616974507 0.5400000000 3.6570511352 0.9184777836 2.2039894141 0.0000000000
6.4744966112 0.5400000000 3.6570297516 0.9177679484 2.2036199455 0.0000000000
6.4872958669 0.5400000000 3.6570100527 0.9170684719 2.2032613595 0.0000000000
6.5000952266 0.5400000000 3.6569926439 0.9163803087 2.2029164590 0.0000000000
6.5128946993 0.5400000000 3.6569781301 0.9157044151 2.2025880461 0.0000000000
6.5256942986 0.5400000000 3.6569668960 0.9150426995 2.2022784236 0.0000000000
6.5384940505 0.5400000000 3.6569587488 0.9143995702 2.2019885830 0.0000000000
6.5512939831 0.5400000000 3.6569534018 0.9137798410 2.2017193035 0.0000000000
6.5640941246 0.5400000000 3.6569505685 0.9131883257 2.2014713641 0.0000000000
6.5768945021 0.5400000000 3.6569499774 0.9126297304 2.2012455616 0.0000000000
6.5896951206 0.5400000000 3.6569517214 0.9121061853 2.2010431195 0.0000000000
6.6024959625 0.5400000000 3.6569562656 0.9116171883 2.2008656976 0.0000000000
6.6152970091 0.5400000000 3.6569640920 0.9111621182 2.2007149750 0.0000000000
6.6280982422 0.5400000000 3.6569756848 0.9107404443 2.2005926766 0.0000000000
6.6408996494 0.5400000000 3.6569915970 0.9103543361 2.2005018821 0.0000000000
6.6537012255 0.5400000000 3.6570124605 0.9100090599 2.2004472257 0.0000000000
6.6665029658 0.5400000000 3.6570389115 0.9097100526 2.2004334270 0.0000000000
6.6793048615 0.5400000000 3.6570713639 0.9094612166 2.2004637019 0.0000000000
6.6921068859 0.5400000000 3.6571092373 0.9092595997 2.2005345490 0.0000000000
6.7049090072 0.5400000000 3.6571516743 0.9091003365 2.2006405917 0.0000000000
6.7177111932 0.5400000000 3.6571979509 0.9089802242 2.2007776531 0.0000000000
6.7305134074 0.5400000000 3.6572482868 0.9089078116 2.2009500318 0.0000000000
6.7433156118 0.5400000000 3.6573033086 0.9088967100 2.2011656783 0.0000000000
6.7561177676 0.5400000000 3.6573637550 0.9089576321 2.2014318325 0.0000000000
6.7689198330 0.5400000000 3.6574309922 0.9090847318 2.2017516215 0.0000000000
6.7817217647 0.5400000000 3.6575066079 0.9092663306 2.2021267236 0.0000000000
6.7945235134 0.5400000000 3.6575914827 0.9094949381 2.2025576657 0.0000000000
6.8073250012 0.5400000000 3.6576832883 0.9097821038 2.2030397544 0.0000000000
6.8201261446 0.5400000000 3.6577789351 0.9101439710 2.2035670887 0.0000000000
6.8329269108 0.5400000000 3.6578786283 0.9105788287 2.2041398043 0.0000000000
6.8457273164 0.5400000000 3.6579857864 0.9110675494 2.2047639250 0.0000000000
6.8585273543 0.5400000000 3.6581022754 0.9115992275 2.2054425525 0.0000000000
6.8713269644 0.5400000000 3.6582265239 0.9121811939 2.2061723330 0.0000000000
6.8841260738 0.5400000000 3.6583567537 0.9128220653 2.2069496006 0.0000000000
6.8969245873 0.5400000000 3.6584919123 0.9135272586 2.2077723126 0.0000000000
6.9097224408 0.5400000000 3.6586315492 0.9142978667 2.2086391034 0.0000000000
6.9225197827 0.5400000000 3.6587778720 0.9151133091 2.2095505714 0.0000000000
6.9353167562 0.5400000000 3.6589329330 0.9159543735 2.2105072411 0.0000000000
6.9481131557 0.5400000000 3.6590940511 0.9168408472 2.2115063030 0.0000000000
6.9609087712 0.5400000000 3.6592580480 0.9177929280 2.2125431228 0.0000000000
6.9737035807 0.5400000000 3.6594234449 0.9188095608 2.2136113636 0.0000000000
6.9864975117 0.5400000000 3.6595951153 0.9198866022 2.2147288618 0.0000000000
6.9992903762 0.5400000000 3.6597867044 0.9210200723 2.2159486063 0.0000000000
7.0120820696 0.5400000000 3.6599930376 0.9222182071 2.2172531932 0.0000000000
7.0248727220 0.5400000000 3.6601981128 0.9234847836 2.2185801243 0.0000000000
7.0376629717 0.5400000000 3.6604108811 0.9247696696 2.2199451519 0.0000000000
7.0504523637 0.5400000000 3.6606338712 0.9260951927 2.2213673218 0.0000000000
7.0632399214 0.5400000000 3.6608616106 0.9275228648 2.2228493483 0.0000000000
7.0760261405 0.5400000000 3.6610967511 0.9290172178 2.2243876512 0.0000000000
7.0888111014 0.5400000000 3.6613452482 0.9305632669 2.2260000593 0.0000000000
7.1015948545 0.5400000000 3.6616077437 0.9321571036 2.2276875761 0.0000000000
7.1143778015 0.5400000000 3.6618775276 0.9337833117 2.2294171950 0.0000000000
7.1271587403 0.5400000000 3.6621589865 0.9354936425 2.2312271627 0.0000000000
7.1399373017 0.5400000000 3.6624456871 0.9373064971 2.2330991070 0.0000000000
7.1527141851 0.5400000000 3.6627418330 0.9391826843 2.2350341658 0.0000000000
7.1654892812 0.5400000000 3.6630579360 0.9411135897 2.2370709398 0.0000000000
7.1782610947 0.5400000000 3.6633878811 0.9431622926 2.2392102012 0.0000000000
7.1910302940 0.5400000000 3.6637255729 0.9453029159 2.2414172177 0.0000000000
7.2037982015 0.5400000000 3.6640700243 0.9474844026 2.2436676180 0.0000000000
7.2165632805 0.5400000000 3.6644368619 0.9497452432 2.2460393049 0.0000000000
7.2293254233 0.5400000000 3.6648062046 0.9521048496 2.2484605181 0.0000000000
7.2420853696 0.5400000000 3.6651958821 0.9545178828 2.2509844414 0.0000000000
7.2548432328 0.5400000000 3.6655954404 0.9569884525 2.2535709026 0.0000000000
7.2676009143 0.5400000000 3.6659989401 0.9594613972 2.2561740792 0.0000000000
7.2803553749 0.5400000000 3.6664277460 0.9620084186 2.2589081114 0.0000000000
7.2931028627 0.5400000000 3.6668708465 0.9647537697 2.2617786538 0.0000000000
7.3058534797 0.5400000000 3.6673207537 0.9673977535 2.2646358759 0.0000000000
7.3185952004 0.5400000000 3.6677921982 0.9702766334 2.2676732060 0.0000000000
7.3313314960 0.5400000000 3.6682926430 0.9732721966 2.2708732106 0.0000000000
7.3440696079 0.5400000000 3.6687909421 0.9762217176 2.2740462152 0.0000000000
7.3567998246 0.5400000000 3.6693208708 0.9793443075 2.2774149660 0.0000000000
7.3695225371 0.5400000000 3.6698589596 0.9826439073 2.2808871609 0.0000000000
7.3822459219 0.5400000000 3.6704157746 0.9859077128 2.2844199434 0.0000000000
7.3949585847 0.5400000000 3.6709695333 0.9894272442 2.2880427907 0.0000000000
7.4076650158 0.5400000000 3.6715518078 0.9930558075 2.2918233140 0.0000000000
7.4203658120 0.5400000000 3.6721744496 0.9967626206 2.2957966064 0.0000000000
7.4330554223 0.5400000000 3.6728205551 1.0006801533 2.2999480417 0.0000000000
7.4457382689 0.5400000000 3.6735073203 1.0046900562 2.3042990635 0.0000000000
7.4584146237 0.5400000000 3.6742095881 1.0088093934 2.3087558695 0.0000000000
7.4710814215 0.5400000000 3.6749463687 1.0130726020 2.3134082756 0.0000000000
7.4837368093 0.5400000000 3.6757107483 1.0175143522 2.3182424938 0.0000000000
7.4963927048 0.5400000000 3.6765002436 1.0219191782 2.3231624054 0.0000000000
7.5090349929 0.5400000000 3.6773296908 1.0265162688 2.3283190307 0.0000000000
7.5216635048 0.5400000000 3.6782365622 1.0312583857 2.3338433629 0.0000000000
7.5342922188 0.5400000000 3.6791497500 1.0359878901 2.3393879160 0.0000000000
7.5468995166 0.5400000000 3.6800653469 1.0410603710 2.3450792959 0.0000000000
7.5595070365 0.5400000000 3.6810038545 1.0461030897 2.3508504137 0.0000000000
7.5720974403 0.5400000000 3.6819749379 1.0513692706 2.3568412199 0.0000000000
7.5846814762 0.5400000000 3.6829843009 1.0566839083 2.3630045266 0.0000000000
7.5972589885 0.5400000000 3.6840179731 1.0620663320 2.3692921850 0.0000000000
7.6098134122 0.5400000000 3.6851035228 1.0677158903 2.3758942072 0.0000000000
7.6223689542 0.5400000000 3.6862114530 1.0733218767 2.3825683225 0.0000000000
7.6348984327 0.5400000000 3.6873786968 1.0792105092 2.3895927505 0.0000000000
7.6474586512 0.5400000000 3.6885098096 1.0847099653 2.3963169845 0.0000000000
7.6599809167 0.5400000000 3.6897088811 1.0906468227 2.4034880132 0.0000000000
7.6724838850 0.5400000000 3.6909523411 1.0967856343 2.4109173781 0.0000000000
7.6850058999 0.5400000000 3.6923139762 1.1025096539 2.4186535261 0.0000000000
7.6975229026 0.5400000000 3.6936098806 1.1083947122 2.4261911672 0.0000000000
7.7100385078 0.5400000000 3.6948597938 1.1143598661 2.4335768814 0.0000000000
7.7225382682 0.5400000000 3.6962879130 1.1202833424 2.4416587487 0.0000000000
7.7350279345 0.5400000000 3.6976895444 1.1263766743 2.4497026072 0.0000000000
7.7475098356 0.5400000000 3.6991842794 1.1324287471 2.4581023761 0.0000000000
7.7600078231 0.5400000000 3.7006113381 1.1383753673 2.4661892590 0.0000000000
7.7725040641 0.5400000000 3.7020544165 1.1443218583 2.4743401691 0.0000000000
7.7850089035 0.5400000000 3.7035646549 1.1500475612 2.4826714038 0.0000000000
7.7975375567 0.5400000000 3.7049805983 1.1555956913 2.4905544297 0.0000000000
7.8100743812 0.5400000000 3.7064524531 1.1609298365 2.4985755068 0.0000000000
7.8226101675 0.5400000000 3.7079526201 1.1662199247 2.5066922102 0.0000000000
7.8351582963 0.5400000000 3.7093710508 1.1714385832 2.5144533963 0.0000000000
7.8477831350 0.5400000000 3.7107179502 1.1755359529 2.5214799418 0.0000000000
7.8604366445 0.5400000000 3.7119215654 1.1793527669 2.5278211280 0.0000000000
7.8730934667 0.5400000000 3.7131636715 1.1829970063 2.5342472483 0.0000000000
7.8858141352 0.5400000000 3.7141831466 1.1855228974 2.5393355051 0.0000000000
7.8985519857 0.5400000000 3.7152084557 1.1874208902 2.5441959389 0.0000000000
7.9113219211 0.5400000000 3.7159985663 1.1884627754 2.5477731353 0.0000000000
7.9241036401 0.5400000000 3.7165854362 1.1887703141 2.5502436304 0.0000000000
7.9368904657 0.5400000000 3.7170374998 1.1877190413 2.5516313753 0.0000000000
7.9496672303 0.5400000000 3.7173184620 1.1859950569 2.5520656305 0.0000000000
7.9623866327 0.5400000000 3.7173226805 1.1823717923 2.5506331988 0.0000000000
7.9750878141 0.5400000000 3.7172459275 1.1783644732 2.5487232591 0.0000000000
7.9876234366 0.5400000000 3.7167915611 1.1719967427 2.5443587012 0.0000000000
8.0000966060 0.5400000000 3.7163171860 1.1650057840 2.5396648175 0.0000000000
8.0121943564 0.5400000000 3.7153095110 1.1549066281 2.5315944551 0.0000000000
8.0242574914 0.5400000000 3.7143347033 1.1444991670 2.5235322398 0.0000000000
8.0358033585 0.5400000000 3.7130682889 1.1310619570 2.5130916984 0.0000000000
8.0470627638 0.5400000000 3.7116848977 1.1167500437 2.5018333681 0.0000000000
8.0578084178 0.5400000000 3.7104205499 1.1021154518 2.4909221400 0.0000000000
8.0681862904 0.5400000000 3.7090582882 1.0861262752 2.4790774225 0.0000000000
8.0779712003 0.5400000000 3.7076240599 1.0690140176 2.4664956066 0.0000000000
8.0865001180 0.5400000000 3.7055385812 1.0458696053 2.4488959266 0.0000000000
8.0945152482 0.5400000000 3.7034696202 1.0214666143 2.4308588863 0.0000000000
8.1018374032 0.5400000000 3.7012888795 0.9958142389 2.4118749735 0.0000000000
8.1081667042 0.5400000000 3.6990959987 0.9686192733 2.3922254640 0.0000000000
8.1127949287 0.5400000000 3.6965196478 0.9398041304 2.3703940032 0.0000000000
8.1156763043 0.5400000000 3.6938783475 0.9093284181 2.3476385172 0.0000000000
8.1181459622 0.5400000000 3.6912378955 0.8786296165 2.3247971883 0.0000000000
8.1202642519 0.5400000000 3.6886425865 0.8477407162 2.3020603925 0.0000000000
8.1220901065 0.5400000000 3.6860205593 0.8167505960 2.2791762354 0.0000000000
8.1236734681 0.5400000000 3.6834457385 0.7856499496 2.2564366935 0.0000000000
8.1250520496 0.5400000000 3.6807503521 0.7545546669 2.2332170351 0.0000000000
8.1262600109 0.5400000000 3.6782389713 0.7233166105 2.2106762892 0.0000000000
8.1273189685 0.5400000000 3.6757320462 0.6920424424 2.1881389217 0.0000000000
8.1282499102 0.5400000000 3.6732523942 0.6607292153 2.1656950226 0.0000000000
8.1290687249 0.5400000000 3.6707329948 0.6294169248 2.1430925089 0.0000000000
8.1297918716 0.5400000000 3.6683111272 0.5980413817 2.1208548212 0.0000000000
8.1304358224 0.5400000000 3.6659592530 0.5666215065 2.0988793744 0.0000000000
8.1310113962 0.5400000000 3.6636999621 0.5351511381 2.0772540633 0.0000000000
8.1315196484 0.5400000000 3.6613916462 0.5036955267 2.0554385553 0.0000000000
8.1319695859 0.5400000000 3.6591262376 0.4722149105 2.0337846746 0.0000000000
8.1323689361 0.5400000000 3.6568849010 0.4407193275 2.0122210950 0.0000000000
8.1327235397 0.5400000000 3.6547066844 0.4091931094 1.9908977410 0.0000000000
8.1330395759 0.5400000000 3.6526532547 0.3776124742 1.9700517682 0.0000000000
8.1333210428 0.5400000000 3.6505011291 0.3460700372 1.9488262911 0.0000000000
8.1335725644 0.5400000000 3.6484302460 0.3144931757 1.9279120141 0.0000000000
8.1337974573 0.5400000000 3.6464122763 0.2828925536 1.9071998864 0.0000000000
8.1339951488 0.5400000000 3.6443534876 0.2513069399 1.8863304862 0.0000000000
8.1341695441 0.5400000000 3.6424706150 0.2196527295 1.8661373114 0.0000000000
8.1343232737 0.5400000000 3.6404868880 0.1880359610 1.8455556962 0.0000000000
8.1344600040 0.5400000000 3.6385476180 0.1564013437 1.8251447695 0.0000000000
8.1345826731 0.5400000000 3.6366848043 0.1247380270 1.8050281878 0.0000000000
8.1346937853 0.5400000000 3.6348135606 0.0930778341 1.7848791360 0.0000000000
8.1347930636 0.5400000000 3.6330532129 0.0613770314 1.7651574239 0.0000000000
8.1348830257 0.5400000000 3.6311652190 0.0297223250 1.7449435660 0.0000000000
8.1349652959 0.5400000000 3.6293891006 -0.0019728365 1.7251610275 0.0000000000
8.1350410585 0.5400000000 3.6276387847 -0.0336767656 1.7054781923 0.0000000000
8.1351113232 0.5400000000 3.6258700000 -0.0653750000 1.6857237598 0.0000000000
8.1351449602 0.5400000000 3.6250700000 -0.0813750000 1.6761237598 0.0000000000
8.1353892809 0.5400000000 3.6180948627 -0.2115851970 1.5961391318 0.0000000000
8.1356127765 0.5400000000 3.6114315598 -0.3419007960 1.5173596805 0.0000000000
8.1358345219 0.5400000000 3.6048979646 -0.4722568477 1.4390828793 0.0000000000
8.1360870030 0.5400000000 3.5984661400 -0.6026916130 1.3611816744 0.0000000000
8.1365798078 0.5400000000 3.6000843975 -0.5790987873 1.3770918351 0.0000000000
8.1368649474 0.5400000000 3.6068196727 -0.4487447094 1.4561745669 0.0000000000
8.1374578863 0.5400000000 3.6136996299 -0.3185074082 1.5357893160 0.0000000000
8.1382908529 0.5400000000 3.6205695565 -0.1882754449 1.6153618077 0.0000000000
8.1407457310 0.5400000000 3.6276443340 -0.0582805126 1.6956588907 0.0000000000
8.1553096997 0.5400000000 3.6231263011 -0.1500710802 1.6408705323 0.0000000000
8.1650168333 0.5400000000 3.6166569859 -0.2781576743 1.5637586339 0.0000000000
8.1724418086 0.5400000000 3.6101613785 -0.4071900415 1.4861632572 0.0000000000
8.1780814019 0.5400000000 3.6036514019 -0.5367861429 1.4082849101 0.0000000000
8.1824281043 0.5400000000 3.5971105533 -0.6666867594 1.3301612692 0.0000000000
8.1859431416 0.5400000000 3.5906558389 -0.7967725047 1.2523081135 0.0000000000
8.1888796872 0.5400000000 3.5841373843 -0.9269274506 1.1741723169 0.0000000000
8.1914186181 0.5400000000 3.5777404730 -1.0571716470 1.0964869930 0.0000000000
8.1936426238 0.5400000000 3.5713382586 -1.1874501878 1.0187667192 0.0000000000
8.1955725166 0.5400000000 3.5648297062 -1.3177251012 0.9406225440 0.0000000000
8.1971587316 0.5400000000 3.5581348827 -1.4479691847 0.8617456167 0.0000000000
8.1984110473 0.5400000000 3.5514221897 -1.5782311507 0.7827900584 0.0000000000
8.1993754442 0.5400000000 3.5446362524 -1.7084866161 0.7035441230 0.0000000000
8.2001275465 0.5400000000 3.5376730825 -1.8386898324 0.6236101570 0.0000000000
8.2007682740 0.5400000000 3.5305869002 -1.9688547040 0.5431994790 0.0000000000
8.2013473455 0.5400000000 3.5235434510 -2.0990359832 0.4629531707 0.0000000000
8.2019017625 0.5400000000 3.5163367330 -2.2291635525 0.3820752708 0.0000000000
8.2024344618 0.5400000000 3.5093373971 -2.3593633894 0.3019979926 0.0000000000
8.2029385235 0.5400000000 3.5022180695 -2.4895175715 0.2214590091 0.0000000000
8.2034526562 0.5400000000 3.4952333266 -2.6197158984 0.1414407070 0.0000000000
8.2040222005 0.5400000000 3.4889764469 -2.7501340649 0.0642459216 0.0000000000
8.2045806274 0.5400000000 3.4828208085 -2.8805915800 -0.0125596382 0.0000000000
8.2051727215 0.5400000000 3.4779502845 -3.0113868952 -0.0843598604 0.0000000000
8.2057809996 0.5400000000 3.4744578241 -3.1424571488 -0.1507578032 0.0000000000
8.2064068011 0.5400000000 3.4734394009 -3.2737700516 -0.2073566572 0.0000000000
8.2068363390 0.5400000000 3.4744170696 -3.3664459992 -0.2405163616 0.0000000000
8.2069663097 0.5400000000 3.4754830498 -3.3855927007 -0.2439111213 0.0000000000
8.2070459646 0.5400000000 3.4763156987 -3.4007333117 -0.2466367702 0.0000000000
8.2070888874 0.5400000000 3.4784567931 -3.3696076773 -0.2256221389 0.0000000000
8.2071319366 0.5400000000 3.4730761787 -3.5001797712 -0.2993734338 0.0000000000
8.2071861349 0.5400000000 3.4773060077 -3.4351770785 -0.2564530406 0.0000000000
8.2071946589 0.5400000000 3.4839175520 -3.3048438203 -0.1778735605 0.0000000000
8.2072071029 0.5400000000 3.4883645240 -3.2208373694 -0.1264830920 0.0000000000
8.2072208987 0.5400000000 3.4817818315 -3.3510190360 -0.2048865287 0.0000000000
8.2072425114 0.5400000000 3.4761217838 -3.4816250163 -0.2797691116 0.0000000000
8.2072845612 0.5400000000 3.4715920200 -3.6125143260 -0.3502438904 0.0000000000
8.2073287667 0.5400000000 3.4771615913 -3.5071832670 -0.2858331817 0.0000000000
8.2073322032 0.5400000000 3.4841214598 -3.3770428662 -0.2059375476 0.0000000000
8.2073325728 0.5400000000 3.4918493442 -3.2471164770 -0.1230554542 0.0000000000
8.2073327681 0.5400000000 3.4992908054 -3.1170658716 -0.0412693673 0.0000000000
8.2073329338 0.5400000000 3.5068151905 -2.9870577514 0.0408314214 0.0000000000
8.2073330819 0.5400000000 3.5142583463 -2.8570121269 0.1226222943 0.0000000000
8.2073332121 0.5400000000 3.5216259004 -2.7269317524 0.2041246603 0.0000000000
8.2073333296 0.5400000000 3.5288784133 -2.5968124603 0.2851824289 0.0000000000
8.2073334390 0.5400000000 3.5361470538 -2.4667003791 0.3663018234 0.0000000000
8.2073335379 0.5400000000 3.5429292731 -2.3364317982 0.4455381331 0.0000000000
8.2073336328 0.5400000000 3.5496657939 -2.2061391079 0.5246012924 0.0000000000
8.2073337206 0.5400000000 3.5559631709 -2.0757097593 0.6019625396 0.0000000000
8.2073338079 0.5400000000 3.5619219470 -1.9451836184 0.6780081006 0.0000000000
8.2073339065 0.5400000000 3.5673329159 -1.8145107070 0.7519211407 0.0000000000
8.2073340869 0.5400000000 3.5639660555 -1.8286239114 0.7328084171 0.0000000000
8.2073341564 0.5400000000 3.5565311815 -1.9584318973 0.6511457271 0.0000000000
8.2073341990 0.5400000000 3.5495274192 -2.0886351173 0.5710493896 0.0000000000
8.2073342359 0.5400000000 3.5424087422 -2.2188006977 0.4905084495 0.0000000000
8.2073342704 0.5400000000 3.5352106466 -2.3489358780 0.4096619951 0.0000000000
8.2073343041 0.5400000000 3.5280610364 -2.4790892846 0.3290021917 0.0000000000
8.2073343387 0.5400000000 3.5206885640 -2.6091666902 0.2474813399 0.0000000000
8.2073343758 0.5400000000 3.5134865142 -2.7393048225 0.1666178878 0.0000000000
8.2073344164 0.5400000000 3.5062894267 -2.8694424045 0.0857745047 0.0000000000
8.2073344625 0.5400000000 3.4992746418 -2.9996414961 0.0056357285 0.0000000000
8.2073345182 0.5400000000 3.4923222615 -3.1298619203 -0.0742619622 0.0000000000
8.2073345908 0.5400000000 3.4857018157 -3.2601887576 -0.1528744805 0.0000000000
8.2073346973 0.5400000000 3.4796668741 -3.3906870065 -0.2292135462 0.0000000000
8.2073349113 0.5400000000 3.4741666107 -3.5213360533 -0.3034742187 0.0000000000
8.2073364040 0.5400000000 3.4749054623 -3.5198148348 -0.2999103248 0.0000000000
8.2073375590 0.5400000000 3.4812618959 -3.3894080702 -0.2223218848 0.0000000000
8.2073387505 0.5400000000 3.4882519272 -3.2592088464 -0.1422820699 0.0000000000
8.2073403399 0.5400000000 3.4957437218 -3.1291772820 -0.0603022658 0.0000000000
8.2073468020 0.5400000000 3.4917555201 -3.2080393907 -0.1077999160 0.0000000000
8.2073621429 0.5400000000 3.4852474211 -3.3383995433 -0.1859763731 0.0000000000
8.2073897236 0.5400000000 3.4796937468 -3.4690285354 -0.2604426672 0.0000000000
8.2074488485 0.5400000000 3.4763513900 -3.5868538189 -0.3209422077 0.0000000000
8.2074726686 0.5400000000 3.4824416124 -3.4563738351 -0.2443893248 0.0000000000
8.2074767694 0.5400000000 3.4886280741 -3.3259218078 -0.1674626667 0.0000000000
8.2074784794 0.5400000000 3.4955787919 -3.1957032532 -0.0875723737 0.0000000000
8.2074793440 0.5400000000 3.5030916640 -3.0656870743 -0.0055144140 0.0000000000
8.2074798540 0.5400000000 3.5106062254 -2.9356714884 0.0765500660 0.0000000000
8.2074802844 0.5400000000 3.5177765581 -2.8055238956 0.1572904339 0.0000000000
8.2074808199 0.5400000000 3.5243572914 -2.6756103820 0.2355787727 0.0000000000
8.2074815888 0.5400000000 3.5167170009 -2.7837604102 0.1617575994 0.0000000000
8.2074819436 0.5400000000 3.5091383857 -2.9137658212 0.0794409740 0.0000000000
8.2074823380 0.5400000000 3.5018575462 -3.0438719318 -0.0017248281 0.0000000000
8.2074831678 0.5400000000 3.4951239867 -3.1743500034 -0.0808502948 0.0000000000
8.2074889478 0.5400000000 3.4969906647 -3.1597876499 -0.0675586412 0.0000000000
8.2074940871 0.5400000000 3.4903331948 -3.2899812027 -0.1462659421 0.0000000000
8.2075028060 0.5400000000 3.4842203171 -3.4204561218 -0.2229074204 0.0000000000
8.2075206587 0.5400000000 3.4791249065 -3.5511963819 -0.2955851667 0.0000000000
8.2075520598 0.5400000000 3.4753265227 -3.6822196754 -0.3631880196 0.0000000000
8.2076116075 0.5400000000 3.4769024403 -3.7016034242 -0.3646378485 0.0000000000
8.2076170216 0.5400000000 3.4826100000 -3.5859250000 -0.2955362402 0.0000000000
