# logAge Mass logTe Mbol logg C/O
4.1860800861 0.7200000000 3.6917100000 0.6191250000 2.3478224964 0.0000000000
4.1943383338 0.7200000000 3.6916881459 0.6185432702 2.3475023881 0.0000000000
4.2025966387 0.7200000000 3.6916668544 0.6179738248 2.3471894439 0.0000000000
4.2108549997 0.7200000000 3.6916461216 0.6174166032 2.3468836242 0.0000000000
4.2191134158 0.7200000000 3.6916259437 0.6168715449 2.3465848892 0.0000000000
4.2273718858 0.7200000000 3.6916063168 0.6163385891 2.3462931992 0.0000000000
4.2356304086 0.7200000000 3.6915872370 0.6158176752 2.3460085145 0.0000000000
4.2438889832 0.7200000000 3.6915687004 0.6153087427 2.3457307953 0.0000000000
4.2521476084 0.7200000000 3.6915507033 0.6148117309 2.3454600018 0.0000000000
4.2604062831 0.7200000000 3.6915332416 0.6143265791 2.3451960945 0.0000000000
4.2686650063 0.7200000000 3.6915163116 0.6138532268 2.3449390334 0.0000000000
4.2769237769 0.7200000000 3.6914999093 0.6133916133 2.3446887789 0.0000000000
4.2851825937 0.7200000000 3.6914840309 0.6129416779 2.3444452912 0.0000000000
4.2934414557 0.7200000000 3.6914686725 0.6125033602 2.3442085307 0.0000000000
4.3017003618 0.7200000000 3.6914538303 0.6120765993 2.3439784575 0.0000000000
4.3099593108 0.7200000000 3.6914395004 0.6116613347 2.3437550320 0.0000000000
4.3182183017 0.7200000000 3.6914256789 0.6112575058 2.3435382144 0.0000000000
4.3264773334 0.7200000000 3.6914123619 0.6108650520 2.3433279649 0.0000000000
4.3347364048 0.7200000000 3.6913995456 0.6104839125 2.3431242439 0.0000000000
4.3429955148 0.7200000000 3.6913872261 0.6101140268 2.3429270116 0.0000000000
4.3512546623 0.7200000000 3.6913753995 0.6097553343 2.3427362282 0.0000000000
4.3595138462 0.7200000000 3.6913640620 0.6094077743 2.3425518541 0.0000000000
4.3677730654 0.7200000000 3.6913532096 0.6090712862 2.3423738494 0.0000000000
4.3760323188 0.7200000000 3.6913428386 0.6087458094 2.3422021746 0.0000000000
4.3842916053 0.7200000000 3.6913329450 0.6084312833 2.3420367897 0.0000000000
4.3925509238 0.7200000000 3.6913235250 0.6081276471 2.3418776552 0.0000000000
4.4008102733 0.7200000000 3.6913145746 0.6078348404 2.3417247311 0.0000000000
4.4090696526 0.7200000000 3.6913060901 0.6075528023 2.3415779780 0.0000000000
4.4173290607 0.7200000000 3.6912980676 0.6072814725 2.3414373559 0.0000000000
4.4255884963 0.7200000000 3.6912905032 0.6070207901 2.3413028251 0.0000000000
4.4338479586 0.7200000000 3.6912833929 0.6067706946 2.3411743460 0.0000000000
4.4421074462 0.7200000000 3.6912767330 0.6065311254 2.3410518787 0.0000000000
4.4503669583 0.7200000000 3.6912705196 0.6063020218 2.3409353836 0.0000000000
4.4586264935 0.7200000000 3.6912647488 0.6060833231 2.3408248209 0.0000000000
4.4668860510 0.7200000000 3.6912594167 0.6058749689 2.3407201509 0.0000000000
4.4751456295 0.7200000000 3.6912545195 0.6056768983 2.3406213338 0.0000000000
4.4834052280 0.7200000000 3.6912500533 0.6054890509 2.3405283300 0.0000000000
4.4916648453 0.7200000000 3.6912460142 0.6053113660 2.3404410996 0.0000000000
4.4999244805 0.7200000000 3.6912423983 0.6051437829 2.3403596029 0.0000000000
4.5081841323 0.7200000000 3.6912392018 0.6049862410 2.3402838002 0.0000000000
4.5164437997 0.7200000000 3.6912364209 0.6048386798 2.3402136519 0.0000000000
4.5247034816 0.7200000000 3.6912340515 0.6047010385 2.3401491180 0.0000000000
4.5329631770 0.7200000000 3.6912320900 0.6045732565 2.3400901589 0.0000000000
4.5412228846 0.7200000000 3.6912305323 0.6044552733 2.3400367349 0.0000000000
4.5494826034 0.7200000000 3.6912293746 0.6043470282 2.3399888062 0.0000000000
4.5577423323 0.7200000000 3.6912286131 0.6042484605 2.3399463332 0.0000000000
4.5660020703 0.7200000000 3.6912282439 0.6041595096 2.3399092759 0.0000000000
4.5742618162 0.7200000000 3.6912282631 0.6040801149 2.3398775948 0.0000000000
4.5825215689 0.7200000000 3.6912286668 0.6040102159 2.3398512501 0.0000000000
4.5907813273 0.7200000000 3.6912294512 0.6039497517 2.3398302020 0.0000000000
4.5990410904 0.7200000000 3.6912306124 0.6038986619 2.3398144109 0.0000000000
4.6073008570 0.7200000000 3.6912321465 0.6038568858 2.3398038369 0.0000000000
4.6155606261 0.7200000000 3.6912340497 0.6038243627 2.3397984404 0.0000000000
4.6238203965 0.7200000000 3.6912363181 0.6038010321 2.3397981816 0.0000000000
4.6320801672 0.7200000000 3.6912389478 0.6037868332 2.3398030208 0.0000000000
4.6403399370 0.7200000000 3.6912419349 0.6037817056 2.3398129182 0.0000000000
4.6485997049 0.7200000000 3.6912452756 0.6037855885 2.3398278341 0.0000000000
4.6568594698 0.7200000000 3.6912489660 0.6037984213 2.3398477288 0.0000000000
4.6651192305 0.7200000000 3.6912530022 0.6038201434 2.3398725626 0.0000000000
4.6733789860 0.7200000000 3.6912573804 0.6038506942 2.3399022956 0.0000000000
4.6816387352 0.7200000000 3.6912620966 0.6038900130 2.3399368882 0.0000000000
4.6898984770 0.7200000000 3.6912671471 0.6039380393 2.3399763007 0.0000000000
4.6981582102 0.7200000000 3.6912725280 0.6039947123 2.3400204932 0.0000000000
4.7064179339 0.7200000000 3.6912782353 0.6040599715 2.3400694261 0.0000000000
4.7146776469 0.7200000000 3.6912842652 0.6041337562 2.3401230597 0.0000000000
4.7229373481 0.7200000000 3.6912906138 0.6042160058 2.3401813541 0.0000000000
4.7311970363 0.7200000000 3.6912972773 0.6043066597 2.3402442697 0.0000000000
4.7394567106 0.7200000000 3.6913042518 0.6044056572 2.3403117667 0.0000000000
4.7477163699 0.7200000000 3.6913115335 0.6045129377 2.3403838054 0.0000000000
4.7559760129 0.7200000000 3.6913191183 0.6046284406 2.3404603461 0.0000000000
4.7642356387 0.7200000000 3.6913270026 0.6047521053 2.3405413489 0.0000000000
4.7724952461 0.7200000000 3.6913351824 0.6048838711 2.3406267743 0.0000000000
4.7807548340 0.7200000000 3.6913436538 0.6050236774 2.3407165824 0.0000000000
4.7890144014 0.7200000000 3.6913524129 0.6051714636 2.3408107336 0.0000000000
4.7972739471 0.7200000000 3.6913614560 0.6053271691 2.3409091880 0.0000000000
4.8055334701 0.7200000000 3.6913707791 0.6054907331 2.3410119059 0.0000000000
4.8137929693 0.7200000000 3.6913803783 0.6056620952 2.3411188477 0.0000000000
4.8220524435 0.7200000000 3.6913902498 0.6058411946 2.3412299735 0.0000000000
4.8303118916 0.7200000000 3.6914003897 0.6060279707 2.3413452437 0.0000000000
4.8385713127 0.7200000000 3.6914107942 0.6062223630 2.3414646185 0.0000000000
4.8468307055 0.7200000000 3.6914214594 0.6064243108 2.3415880582 0.0000000000
4.8550900689 0.7200000000 3.6914323813 0.6066337533 2.3417155230 0.0000000000
4.8633494020 0.7200000000 3.6914435562 0.6068506302 2.3418469732 0.0000000000
4.8716087036 0.7200000000 3.6914549801 0.6070748806 2.3419823690 0.0000000000
4.8798679725 0.7200000000 3.6914666492 0.6073064440 2.3421216708 0.0000000000
4.8881272078 0.7200000000 3.6914785596 0.6075452597 2.3422648388 0.0000000000
4.8963864082 0.7200000000 3.6914907075 0.6077912671 2.3424118333 0.0000000000
4.9046455728 0.7200000000 3.6915030889 0.6080444057 2.3425626144 0.0000000000
4.9129047004 0.7200000000 3.6915157001 0.6083046146 2.3427171426 0.0000000000
4.9211637898 0.7200000000 3.6915285371 0.6085718335 2.3428753780 0.0000000000
4.9294228401 0.7200000000 3.6915415960 0.6088460015 2.3430372810 0.0000000000
4.9376818502 0.7200000000 3.6915548730 0.6091270581 2.3432028117 0.0000000000
4.9459408188 0.7200000000 3.6915683643 0.6094149426 2.3433719305 0.0000000000
4.9541997456 0.7200000000 3.6915820632 0.6097095228 2.3435445583 0.0000000000
4.9624586337 0.7200000000 3.6915959480 0.6100102537 2.3437203899 0.0000000000
4.9707174872 0.7200000000 3.6916099914 0.6103164435 2.3438990395 0.0000000000
4.9789763107 0.7200000000 3.6916241661 0.6106273999 2.3440801210 0.0000000000
4.9872351084 0.7200000000 3.6916384449 0.6109424306 2.3442632483 0.0000000000
4.9954938846 0.7200000000 3.6916528005 0.6112608434 2.3444480356 0.0000000000
5.0037526437 0.7200000000 3.6916672055 0.6115819461 2.3446340968 0.0000000000
5.0120113900 0.7200000000 3.6916816327 0.6119050466 2.3448210458 0.0000000000
5.0202701279 0.7200000000 3.6916960548 0.6122294525 2.3450084968 0.0000000000
5.0285288617 0.7200000000 3.6917104446 0.6125544716 2.3451960636 0.0000000000
5.0367875957 0.7200000000 3.6917247748 0.6128794118 2.3453833602 0.0000000000
5.0450463342 0.7200000000 3.6917390180 0.6132035809 2.3455700008 0.0000000000
5.0533050816 0.7200000000 3.6917531470 0.6135262865 2.3457555992 0.0000000000
5.0615638423 0.7200000000 3.6917671346 0.6138468365 2.3459397694 0.0000000000
5.0698226204 0.7200000000 3.6917809534 0.6141645386 2.3461221254 0.0000000000
5.0780814205 0.7200000000 3.6917945762 0.6144787007 2.3463022813 0.0000000000
5.0863402468 0.7200000000 3.6918079756 0.6147886305 2.3464798511 0.0000000000
5.0945991037 0.7200000000 3.6918211245 0.6150936358 2.3466544486 0.0000000000
5.1028579954 0.7200000000 3.6918339956 0.6153930278 2.3468256898 0.0000000000
5.1111169244 0.7200000000 3.6918465705 0.6156863567 2.3469933212 0.0000000000
5.1193758902 0.7200000000 3.6918588453 0.6159735640 2.3471573031 0.0000000000
5.1276348919 0.7200000000 3.6918708171 0.6162546276 2.3473176159 0.0000000000
5.1358939286 0.7200000000 3.6918824833 0.6165295250 2.3474742395 0.0000000000
5.1441529995 0.7200000000 3.6918938410 0.6167982342 2.3476271543 0.0000000000
5.1524121037 0.7200000000 3.6919048877 0.6170607328 2.3477763404 0.0000000000
5.1606712404 0.7200000000 3.6919156206 0.6173169987 2.3479217781 0.0000000000
5.1689304088 0.7200000000 3.6919260368 0.6175670094 2.3480634475 0.0000000000
5.1771896079 0.7200000000 3.6919361338 0.6178107430 2.3482013287 0.0000000000
5.1854488369 0.7200000000 3.6919459087 0.6180481769 2.3483354021 0.0000000000
5.1937080950 0.7200000000 3.6919553589 0.6182792891 2.3484656478 0.0000000000
5.2019673813 0.7200000000 3.6919644816 0.6185040573 2.3485920459 0.0000000000
5.2102266950 0.7200000000 3.6919732741 0.6187224593 2.3487145767 0.0000000000
5.2184860352 0.7200000000 3.6919817337 0.6189344727 2.3488332204 0.0000000000
5.2267454010 0.7200000000 3.6919898576 0.6191400754 2.3489479571 0.0000000000
5.2350047916 0.7200000000 3.6919976432 0.6193392451 2.3490587671 0.0000000000
5.2432642062 0.7200000000 3.6920050882 0.6195319661 2.3491656355 0.0000000000
5.2515236438 0.7200000000 3.6920121970 0.6197182945 2.3492686023 0.0000000000
5.2597831035 0.7200000000 3.6920189781 0.6198983293 2.3493677404 0.0000000000
5.2680425843 0.7200000000 3.6920254397 0.6200721707 2.3494631233 0.0000000000
5.2763020854 0.7200000000 3.6920315902 0.6202399185 2.3495548245 0.0000000000
5.2845616057 0.7200000000 3.6920374380 0.6204016727 2.3496429175 0.0000000000
5.2928211443 0.7200000000 3.6920429915 0.6205575332 2.3497274756 0.0000000000
5.3010807003 0.7200000000 3.6920482590 0.6207075999 2.3498085725 0.0000000000
5.3093402728 0.7200000000 3.6920532490 0.6208519728 2.3498862816 0.0000000000
5.3175998607 0.7200000000 3.6920579698 0.6209907519 2.3499606764 0.0000000000
5.3258594632 0.7200000000 3.6920624298 0.6211240370 2.3500318303 0.0000000000
5.3341190793 0.7200000000 3.6920666373 0.6212519281 2.3500998169 0.0000000000
5.3423787081 0.7200000000 3.6920706008 0.6213745252 2.3501647096 0.0000000000
5.3506383486 0.7200000000 3.6920743285 0.6214919281 2.3502265819 0.0000000000
5.3588979999 0.7200000000 3.6920778290 0.6216042369 2.3502855072 0.0000000000
5.3671576611 0.7200000000 3.6920811105 0.6217115517 2.3503415593 0.0000000000
5.3754173313 0.7200000000 3.6920841824 0.6218139915 2.3503948227 0.0000000000
5.3836770102 0.7200000000 3.6920870551 0.6219117027 2.3504453980 0.0000000000
5.3919366971 0.7200000000 3.6920897393 0.6220048341 2.3504933874 0.0000000000
5.4001963918 0.7200000000 3.6920922456 0.6220935348 2.3505388929 0.0000000000
5.4084560936 0.7200000000 3.6920945847 0.6221779533 2.3505820166 0.0000000000
5.4167158022 0.7200000000 3.6920967672 0.6222582387 2.3506228606 0.0000000000
5.4249755171 0.7200000000 3.6920988036 0.6223345398 2.3506615269 0.0000000000
5.4332352378 0.7200000000 3.6921007048 0.6224070053 2.3506981176 0.0000000000
5.4414949638 0.7200000000 3.6921024812 0.6224757842 2.3507327347 0.0000000000
5.4497546947 0.7200000000 3.6921041435 0.6225410252 2.3507654804 0.0000000000
5.4580144300 0.7200000000 3.6921057023 0.6226028773 2.3507964567 0.0000000000
5.4662741693 0.7200000000 3.6921071684 0.6226614892 2.3508257656 0.0000000000
5.4745339120 0.7200000000 3.6921085522 0.6227170099 2.3508535093 0.0000000000
5.4827936578 0.7200000000 3.6921098645 0.6227695880 2.3508797897 0.0000000000
5.4910534061 0.7200000000 3.6921111141 0.6228193514 2.3509046935 0.0000000000
5.4993131568 0.7200000000 3.6921123001 0.6228663115 2.3509282214 0.0000000000
5.5075729098 0.7200000000 3.6921134181 0.6229104398 2.3509503448 0.0000000000
5.5158326649 0.7200000000 3.6921144639 0.6229517078 2.3509710352 0.0000000000
5.5240924219 0.7200000000 3.6921154332 0.6229900869 2.3509902638 0.0000000000
5.5323521808 0.7200000000 3.6921163216 0.6230255488 2.3510080022 0.0000000000
5.5406119413 0.7200000000 3.6921171248 0.6230580648 2.3510242217 0.0000000000
5.5488717034 0.7200000000 3.6921178387 0.6230876064 2.3510388937 0.0000000000
5.5571314669 0.7200000000 3.6921184588 0.6231141453 2.3510519897 0.0000000000
5.5653912317 0.7200000000 3.6921189808 0.6231376528 2.3510634810 0.0000000000
5.5736509976 0.7200000000 3.6921194006 0.6231581005 2.3510733389 0.0000000000
5.5819107646 0.7200000000 3.6921197137 0.6231754599 2.3510815350 0.0000000000
5.5901705324 0.7200000000 3.6921199158 0.6231897024 2.3510880406 0.0000000000
5.5984303009 0.7200000000 3.6921200027 0.6232007996 2.3510928272 0.0000000000
5.6066900700 0.7200000000 3.6921199711 0.6232087433 2.3510958780 0.0000000000
5.6149498396 0.7200000000 3.6921198205 0.6232135885 2.3510972138 0.0000000000
5.6232096095 0.7200000000 3.6921195512 0.6232154029 2.3510968625 0.0000000000
5.6314693795 0.7200000000 3.6921191636 0.6232142539 2.3510948523 0.0000000000
5.6397291495 0.7200000000 3.6921186577 0.6232102089 2.3510912110 0.0000000000
5.6479889195 0.7200000000 3.6921180340 0.6232033355 2.3510859666 0.0000000000
5.6562486891 0.7200000000 3.6921172926 0.6231937012 2.3510791472 0.0000000000
5.6645084584 0.7200000000 3.6921164337 0.6231813735 2.3510707807 0.0000000000
5.6727682271 0.7200000000 3.6921154577 0.6231664198 2.3510608951 0.0000000000
5.6810279951 0.7200000000 3.6921143647 0.6231489077 2.3510495184 0.0000000000
5.6892877623 0.7200000000 3.6921131551 0.6231289046 2.3510366786 0.0000000000
5.6975475285 0.7200000000 3.6921118290 0.6231064781 2.3510224037 0.0000000000
5.7058072936 0.7200000000 3.6921103868 0.6230816956 2.3510067217 0.0000000000
5.7140670575 0.7200000000 3.6921088285 0.6230546173 2.3509896572 0.0000000000
5.7223268199 0.7200000000 3.6921071535 0.6230252382 2.3509712059 0.0000000000
5.7305865808 0.7200000000 3.6921053610 0.6229935196 2.3509513481 0.0000000000
5.7388463400 0.7200000000 3.6921034497 0.6229594222 2.3509300641 0.0000000000
5.7471060974 0.7200000000 3.6921014187 0.6229229069 2.3509073341 0.0000000000
5.7553658528 0.7200000000 3.6920992670 0.6228839344 2.3508831383 0.0000000000
5.7636256061 0.7200000000 3.6920969936 0.6228424656 2.3508574570 0.0000000000
5.7718853571 0.7200000000 3.6920945974 0.6227984614 2.3508302705 0.0000000000
5.7801451058 0.7200000000 3.6920920774 0.6227518825 2.3508015589 0.0000000000
5.7884048519 0.7200000000 3.6920894326 0.6227026897 2.3507713025 0.0000000000
5.7966645953 0.7200000000 3.6920866619 0.6226508440 2.3507394816 0.0000000000
5.8049243360 0.7200000000 3.6920837644 0.6225963060 2.3507060764 0.0000000000
5.8131840736 0.7200000000 3.6920807390 0.6225390367 2.3506710671 0.0000000000
5.8214438082 0.7200000000 3.6920775848 0.6224790006 2.3506344358 0.0000000000
5.8297035395 0.7200000000 3.6920743017 0.6224161925 2.3505961801 0.0000000000
5.8379632675 0.7200000000 3.6920708899 0.6223506228 2.3505563052 0.0000000000
5.8462229919 0.7200000000 3.6920673498 0.6222823017 2.3505148165 0.0000000000
5.8544827126 0.7200000000 3.6920636817 0.6222112396 2.3504717192 0.0000000000
5.8627424295 0.7200000000 3.6920598859 0.6221374469 2.3504270187 0.0000000000
5.8710021424 0.7200000000 3.6920559626 0.6220609338 2.3503807202 0.0000000000
5.8792618512 0.7200000000 3.6920519121 0.6219817106 2.3503328292 0.0000000000
5.8875215557 0.7200000000 3.6920477348 0.6218997878 2.3502833508 0.0000000000
5.8957812558 0.7200000000 3.6920434309 0.6218151756 2.3502322904 0.0000000000
5.9040409514 0.7200000000 3.6920390008 0.6217278843 2.3501796534 0.0000000000
5.9123006423 0.7200000000 3.6920344447 0.6216379244 2.3501254450 0.0000000000
5.9205603283 0.7200000000 3.6920297629 0.6215453060 2.3500696705 0.0000000000
5.9288200093 0.7200000000 3.6920249551 0.6214500406 2.3500123332 0.0000000000
5.9370796853 0.7200000000 3.6920200189 0.6213521426 2.3499534290 0.0000000000
5.9453393561 0.7200000000 3.6920149512 0.6212516273 2.3498929523 0.0000000000
5.9535990217 0.7200000000 3.6920097492 0.6211485100 2.3498308974 0.0000000000
5.9618586819 0.7200000000 3.6920044100 0.6210428060 2.3497672587 0.0000000000
5.9701183367 0.7200000000 3.6919989305 0.6209345305 2.3497020307 0.0000000000
5.9783779861 0.7200000000 3.6919933079 0.6208236989 2.3496352076 0.0000000000
5.9866376298 0.7200000000 3.6919875393 0.6207103263 2.3495667840 0.0000000000
5.9948972679 0.7200000000 3.6919816216 0.6205944281 2.3494967540 0.0000000000
6.0031569003 0.7200000000 3.6919755520 0.6204760195 2.3494251122 0.0000000000
6.0114165268 0.7200000000 3.6919693276 0.6203551158 2.3493518529 0.0000000000
6.0196761474 0.7200000000 3.6919629453 0.6202317322 2.3492769705 0.0000000000
6.0279357620 0.7200000000 3.6919564027 0.6201058828 2.3492004602 0.0000000000
6.0361953705 0.7200000000 3.6919497034 0.6199775554 2.3491223322 0.0000000000
6.0444549725 0.7200000000 3.6919428569 0.6198467155 2.3490426101 0.0000000000
6.0527145679 0.7200000000 3.6919358726 0.6197133275 2.3489613179 0.0000000000
6.0609741564 0.7200000000 3.6919287602 0.6195773558 2.3488784796 0.0000000000
6.0692337377 0.7200000000 3.6919215292 0.6194387649 2.3487941193 0.0000000000
6.0774933117 0.7200000000 3.6919141892 0.6192975194 2.3487082610 0.0000000000
6.0857528780 0.7200000000 3.6919067497 0.6191535836 2.3486209286 0.0000000000
6.0940124365 0.7200000000 3.6918992202 0.6190069221 2.3485321463 0.0000000000
6.1022719869 0.7200000000 3.6918916105 0.6188574993 2.3484419380 0.0000000000
6.1105315289 0.7200000000 3.6918839299 0.6187052798 2.3483503278 0.0000000000
6.1187910623 0.7200000000 3.6918761880 0.6185502279 2.3482573397 0.0000000000
6.1270505869 0.7200000000 3.6918683945 0.6183923083 2.3481629977 0.0000000000
6.1353101025 0.7200000000 3.6918605548 0.6182315246 2.3480673254 0.0000000000
6.1435696094 0.7200000000 3.6918526656 0.6180679654 2.3479703451 0.0000000000
6.1518291077 0.7200000000 3.6918447226 0.6179017306 2.3478720791 0.0000000000
6.1600885977 0.7200000000 3.6918367213 0.6177329204 2.3477725497 0.0000000000
6.1683480796 0.7200000000 3.6918286572 0.6175616347 2.3476717793 0.0000000000
6.1766075536 0.7200000000 3.6918205260 0.6173879736 2.3475697900 0.0000000000
6.1848670200 0.7200000000 3.6918123232 0.6172120370 2.3474666041 0.0000000000
6.1931264789 0.7200000000 3.6918040444 0.6170339249 2.3473622439 0.0000000000
6.2013859306 0.7200000000 3.6917956851 0.6168537375 2.3472567317 0.0000000000
6.2096453753 0.7200000000 3.6917872409 0.6166715746 2.3471500898 0.0000000000
6.2179048132 0.7200000000 3.6917787073 0.6164875364 2.3470423404 0.0000000000
6.2261642446 0.7200000000 3.6917700801 0.6163017227 2.3469335058 0.0000000000
6.2344236695 0.7200000000 3.6917613563 0.6161142200 2.3468236095 0.0000000000
6.2426830882 0.7200000000 3.6917525402 0.6159250582 2.3467126803 0.0000000000
6.2509425006 0.7200000000 3.6917436377 0.6157342529 2.3466007482 0.0000000000
6.2592019068 0.7200000000 3.6917346548 0.6155418197 2.3464878433 0.0000000000
6.2674613068 0.7200000000 3.6917255974 0.6153477740 2.3463739956 0.0000000000
6.2757207007 0.7200000000 3.6917164716 0.6151521314 2.3462592352 0.0000000000
6.2839800884 0.7200000000 3.6917072832 0.6149549075 2.3461435921 0.0000000000
6.2922394701 0.7200000000 3.6916980382 0.6147561179 2.3460270964 0.0000000000
6.3004988457 0.7200000000 3.6916887426 0.6145557779 2.3459097781 0.0000000000
6.3087582153 0.7200000000 3.6916794024 0.6143539033 2.3457916673 0.0000000000
6.3170175789 0.7200000000 3.6916700235 0.6141505095 2.3456727941 0.0000000000
6.3252769365 0.7200000000 3.6916606110 0.6139455942 2.3455531779 0.0000000000
6.3335362877 0.7200000000 3.6916511668 0.6137390829 2.3454327966 0.0000000000
6.3417956321 0.7200000000 3.6916416919 0.6135308828 2.3453116171 0.0000000000
6.3500549692 0.7200000000 3.6916321874 0.6133209012 2.3451896065 0.0000000000
6.3583142986 0.7200000000 3.6916226543 0.6131090455 2.3450667317 0.0000000000
6.3665736198 0.7200000000 3.6916130936 0.6128952229 2.3449429599 0.0000000000
6.3748329323 0.7200000000 3.6916035063 0.6126793407 2.3448182580 0.0000000000
6.3830922359 0.7200000000 3.6915938952 0.6124613158 2.3446926034 0.0000000000
6.3913515305 0.7200000000 3.6915842842 0.6122411893 2.3445661088 0.0000000000
6.3996108167 0.7200000000 3.6915747123 0.6120190897 2.3444389816 0.0000000000
6.4078700951 0.7200000000 3.6915652190 0.6117951472 2.3443114312 0.0000000000
6.4161293662 0.7200000000 3.6915558434 0.6115694922 2.3441836671 0.0000000000
6.4243886305 0.7200000000 3.6915466251 0.6113422549 2.3440558987 0.0000000000
6.4326478886 0.7200000000 3.6915376031 0.6111135657 2.3439283351 0.0000000000
6.4409071411 0.7200000000 3.6915288042 0.6108835709 2.3438011415 0.0000000000
6.4491663888 0.7200000000 3.6915202318 0.6106524459 2.3436744020 0.0000000000
6.4574256324 0.7200000000 3.6915118870 0.6104203691 2.3435481920 0.0000000000
6.4656848728 0.7200000000 3.6915037708 0.6101875191 2.3434225872 0.0000000000
6.4739441106 0.7200000000 3.6914958841 0.6099540745 2.3432976627 0.0000000000
6.4822033468 0.7200000000 3.6914882278 0.6097202137 2.3431734930 0.0000000000
6.4904625820 0.7200000000 3.6914807584 0.6094861023 2.3430499711 0.0000000000
6.4987218167 0.7200000000 3.6914733438 0.6092518796 2.3429266236 0.0000000000
6.5069810515 0.7200000000 3.6914658408 0.6090176819 2.3428029322 0.0000000000
6.5152402868 0.7200000000 3.6914581061 0.6087836455 2.3426783789 0.0000000000
6.5234995233 0.7200000000 3.6914499967 0.6085499066 2.3425524457 0.0000000000
6.5317587606 0.7200000000 3.6914414376 0.6083164111 2.3424248115 0.0000000000
6.5400179950 0.7200000000 3.6914326271 0.6080823437 2.3422959421 0.0000000000
6.5482772220 0.7200000000 3.6914238310 0.6078466994 2.3421665003 0.0000000000
6.5565364373 0.7200000000 3.6914153157 0.6076084730 2.3420371484 0.0000000000
6.5647956363 0.7200000000 3.6914073439 0.6073666781 2.3419085432 0.0000000000
6.5730548195 0.7200000000 3.6913999911 0.6071213805 2.3417810132 0.0000000000
6.5813139945 0.7200000000 3.6913930500 0.6068742364 2.3416543912 0.0000000000
6.5895731695 0.7200000000 3.6913862896 0.6066270344 2.3415284685 0.0000000000
6.5978323527 0.7200000000 3.6913794788 0.6063815628 2.3414030366 0.0000000000
6.6060915506 0.7200000000 3.6913724695 0.6061392372 2.3412780692 0.0000000000
6.6143507641 0.7200000000 3.6913653780 0.6059002827 2.3411541216 0.0000000000
6.6226099931 0.7200000000 3.6913583734 0.6056646874 2.3410318649 0.0000000000
6.6308692376 0.7200000000 3.6913516246 0.6054324391 2.3409119704 0.0000000000
6.6391284971 0.7200000000 3.6913452969 0.6052034824 2.3407950770 0.0000000000
6.6473877697 0.7200000000 3.6913395238 0.6049773844 2.3406815453 0.0000000000
6.6556470523 0.7200000000 3.6913344222 0.6047535175 2.3405715923 0.0000000000
6.6639063419 0.7200000000 3.6913301091 0.6045312529 2.3404654339 0.0000000000
6.6721656365 0.7200000000 3.6913266345 0.6043101140 2.3403630801 0.0000000000
6.6804249370 0.7200000000 3.6913237578 0.6040902878 2.3402636427 0.0000000000
6.6886842455 0.7200000000 3.6913211592 0.6038721414 2.3401659899 0.0000000000
6.6969435642 0.7200000000 3.6913185325 0.6036560483 2.3400690458 0.0000000000
6.7052028947 0.7200000000 3.6913158175 0.6034424885 2.3399727618 0.0000000000
6.7134622386 0.7200000000 3.6913131689 0.6032320362 2.3398779867 0.0000000000
6.7217215974 0.7200000000 3.6913107489 0.6030252683 2.3397855992 0.0000000000
6.7299809726 0.7200000000 3.6913087193 0.6028227620 2.3396964784 0.0000000000
6.7382403659 0.7200000000 3.6913072423 0.6026250942 2.3396115032 0.0000000000
6.7464997787 0.7200000000 3.6913064798 0.6024328420 2.3395315524 0.0000000000
6.7547592125 0.7200000000 3.6913065939 0.6022465825 2.3394575049 0.0000000000
6.7630186689 0.7200000000 3.6913077466 0.6020668927 2.3393902397 0.0000000000
6.7712781495 0.7200000000 3.6913100998 0.6018943498 2.3393306357 0.0000000000
6.7795376556 0.7200000000 3.6913136215 0.6017295833 2.3392788156 0.0000000000
6.7877971884 0.7200000000 3.6913175761 0.6015734133 2.3392321663 0.0000000000
6.7960567489 0.7200000000 3.6913210863 0.6014266701 2.3391875099 0.0000000000
6.8043163325 0.7200000000 3.6913242549 0.6012882676 2.3391448229 0.0000000000
6.8125759267 0.7200000000 3.6913286900 0.6011541766 2.3391089269 0.0000000000
6.8208355195 0.7200000000 3.6913358103 0.6010205219 2.3390839463 0.0000000000
6.8290951105 0.7200000000 3.6913445407 0.6008866032 2.3390653007 0.0000000000
6.8373547052 0.7200000000 3.6913526596 0.6007532755 2.3390444450 0.0000000000
6.8456143126 0.7200000000 3.6913595769 0.6006243742 2.3390205538 0.0000000000
6.8538739476 0.7200000000 3.6913671226 0.6005081227 2.3390042358 0.0000000000
6.8621336237 0.7200000000 3.6913771289 0.6004126562 2.3390060744 0.0000000000
6.8703933383 0.7200000000 3.6913892999 0.6003412282 2.3390261874 0.0000000000
6.8786530783 0.7200000000 3.6914020184 0.6002940428 2.3390581870 0.0000000000
6.8869128306 0.7200000000 3.6914148991 0.6002676026 2.3390991338 0.0000000000
6.8951725830 0.7200000000 3.6914306771 0.6002493004 2.3391549249 0.0000000000
6.9034323274 0.7200000000 3.6914507567 0.6002309302 2.3392278953 0.0000000000
6.9116920720 0.7200000000 3.6914700713 0.6002250255 2.3393027920 0.0000000000
6.9199518235 0.7200000000 3.6914847123 0.6002434262 2.3393687160 0.0000000000
6.9282115690 0.7200000000 3.6915010558 0.6002769242 2.3394474893 0.0000000000
6.9364712916 0.7200000000 3.6915249499 0.6003176919 2.3395593726 0.0000000000
6.9447309775 0.7200000000 3.6915517758 0.6003803416 2.3396917363 0.0000000000
6.9529906171 0.7200000000 3.6915771355 0.6004767032 2.3398317196 0.0000000000
6.9612502118 0.7200000000 3.6916046287 0.6005939176 2.3399885781 0.0000000000
6.9695097648 0.7200000000 3.6916365123 0.6007208798 2.3401668976 0.0000000000
6.9777692774 0.7200000000 3.6916675658 0.6008636067 2.3403482025 0.0000000000
6.9860287436 0.7200000000 3.6916963345 0.6010255747 2.3405280642 0.0000000000
6.9942881460 0.7200000000 3.6917301966 0.6012006763 2.3407335532 0.0000000000
7.0025474921 0.7200000000 3.6917677297 0.6013877131 2.3409585005 0.0000000000
7.0108067915 0.7200000000 3.6918018373 0.6015917546 2.3411765474 0.0000000000
7.0190659592 0.7200000000 3.6918376538 0.6018238834 2.3414126650 0.0000000000
7.0273249393 0.7200000000 3.6918795171 0.6020895157 2.3416863711 0.0000000000
7.0355837993 0.7200000000 3.6919218670 0.6023779972 2.3419711634 0.0000000000
7.0438425180 0.7200000000 3.6919649541 0.6026891465 2.3422679713 0.0000000000
7.0521010181 0.7200000000 3.6920134794 0.6030300268 2.3425984249 0.0000000000
7.0603594565 0.7200000000 3.6920597374 0.6033824233 2.3429244154 0.0000000000
7.0686178631 0.7200000000 3.6921020303 0.6037422761 2.3432375279 0.0000000000
7.0768760646 0.7200000000 3.6921476185 0.6041282273 2.3435742615 0.0000000000
7.0851340150 0.7200000000 3.6921939078 0.6045460912 2.3439265643 0.0000000000
7.0933916745 0.7200000000 3.6922424300 0.6049968141 2.3443009419 0.0000000000
7.1016490122 0.7200000000 3.6922976879 0.6054784742 2.3447146378 0.0000000000
7.1099061070 0.7200000000 3.6923538170 0.6059849338 2.3451417378 0.0000000000
7.1181630344 0.7200000000 3.6924095708 0.6065083411 2.3455741161 0.0000000000
7.1264198612 0.7200000000 3.6924671372 0.6070403627 2.3460171903 0.0000000000
7.1346767627 0.7200000000 3.6925258432 0.6075643020 2.3464615900 0.0000000000
7.1429339166 0.7200000000 3.6925852561 0.6080631851 2.3468987948 0.0000000000
7.1511903567 0.7200000000 3.6926489711 0.6086256573 2.3473786439 0.0000000000
7.1594458030 0.7200000000 3.6927176385 0.6092728261 2.3479121810 0.0000000000
7.1677008387 0.7200000000 3.6927897820 0.6099480332 2.3484708377 0.0000000000
7.1759559388 0.7200000000 3.6928639755 0.6106170370 2.3490352134 0.0000000000
7.1842107148 0.7200000000 3.6929318430 0.6113146753 2.3495857386 0.0000000000
7.1924648790 0.7200000000 3.6930079465 0.6120510315 2.3501846952 0.0000000000
7.2007185112 0.7200000000 3.6930889231 0.6128208087 2.3508165123 0.0000000000
7.2089716327 0.7200000000 3.6931703083 0.6136237834 2.3514632430 0.0000000000
7.2172241963 0.7200000000 3.6932524266 0.6144612043 2.3521266844 0.0000000000
7.2254766510 0.7200000000 3.6933361356 0.6153049276 2.3527990100 0.0000000000
7.2337302126 0.7200000000 3.6934167919 0.6160785179 2.3534310714 0.0000000000
7.2419840214 0.7200000000 3.6934943485 0.6168393762 2.3540456409 0.0000000000
7.2502357635 0.7200000000 3.6935854216 0.6177206608 2.3547624470 0.0000000000
7.2584858859 0.7200000000 3.6936861058 0.6186861380 2.3555513748 0.0000000000
7.2667367420 0.7200000000 3.6937759776 0.6196185837 2.3562838402 0.0000000000
7.2749874888 0.7200000000 3.6938738398 0.6205520298 2.3570486675 0.0000000000
7.2832373226 0.7200000000 3.6939745869 0.6215323634 2.3578437893 0.0000000000
7.2914863201 0.7200000000 3.6940693265 0.6225599375 2.3586337772 0.0000000000
7.2997340304 0.7200000000 3.6941693503 0.6236472720 2.3594688064 0.0000000000
7.3079835653 0.7200000000 3.6942598940 0.6246488464 2.3602316109 0.0000000000
7.3162320221 0.7200000000 3.6943597339 0.6257000661 2.3610514587 0.0000000000
7.3244799049 0.7200000000 3.6944638406 0.6267760418 2.3618982755 0.0000000000
7.3327267630 0.7200000000 3.6945649835 0.6279019759 2.3627532210 0.0000000000
7.3409749457 0.7200000000 3.6946638377 0.6289678638 2.3635749929 0.0000000000
7.3492204835 0.7200000000 3.6947842371 0.6301411239 2.3645258944 0.0000000000
7.3574684031 0.7200000000 3.6948860448 0.6312172112 2.3653635601 0.0000000000
7.3657140217 0.7200000000 3.6949964959 0.6323926159 2.3662755265 0.0000000000
7.3739577594 0.7200000000 3.6951259890 0.6336375983 2.3672914916 0.0000000000
7.3822056058 0.7200000000 3.6952351492 0.6347129401 2.3681582694 0.0000000000
7.3904499967 0.7200000000 3.6953709362 0.6359247526 2.3691861425 0.0000000000
7.3986947745 0.7200000000 3.6955004760 0.6371243779 2.3701841515 0.0000000000
7.4069425854 0.7200000000 3.6956244081 0.6381906900 2.3711064050 0.0000000000
7.4151913721 0.7200000000 3.6957403025 0.6392133271 2.3719790374 0.0000000000
7.4234354607 0.7200000000 3.6958847249 0.6404312924 2.3730439129 0.0000000000
7.4316805868 0.7200000000 3.6960102646 0.6416179148 2.3740207207 0.0000000000
7.4399298960 0.7200000000 3.6961175845 0.6426202596 2.3748509381 0.0000000000
7.4481770523 0.7200000000 3.6962261375 0.6437281570 2.3757283091 0.0000000000
7.4564225085 0.7200000000 3.6963458327 0.6449033501 2.3766771671 0.0000000000
7.4646706402 0.7200000000 3.6964617138 0.6459605589 2.3775635753 0.0000000000
7.4729178887 0.7200000000 3.6965702254 0.6470640615 2.3784390224 0.0000000000
7.4811648863 0.7200000000 3.6966896788 0.6481722137 2.3793600972 0.0000000000
7.4894140385 0.7200000000 3.6968095167 0.6491747908 2.3802404797 0.0000000000
7.4976617421 0.7200000000 3.6969230850 0.6502536289 2.3811262880 0.0000000000
7.5059102319 0.7200000000 3.6970396299 0.6512926852 2.3820080903 0.0000000000
7.5141567071 0.7200000000 3.6971581135 0.6524249795 2.3829349423 0.0000000000
7.5224052608 0.7200000000 3.6972760564 0.6534583604 2.3838200661 0.0000000000
7.5306547498 0.7200000000 3.6973868977 0.6544482817 2.3846594000 0.0000000000
7.5389023119 0.7200000000 3.6975076452 0.6555288480 2.3855746165 0.0000000000
7.5471513284 0.7200000000 3.6976232091 0.6565400743 2.3864413625 0.0000000000
7.5554010855 0.7200000000 3.6977399934 0.6575100042 2.3872964715 0.0000000000
7.5636495787 0.7200000000 3.6978512837 0.6585423999 2.3881545910 0.0000000000
7.5718987383 0.7200000000 3.6979702607 0.6595407863 2.3890298538 0.0000000000
7.5801474464 0.7200000000 3.6980861033 0.6605630462 2.3899021283 0.0000000000
7.5883971466 0.7200000000 3.6981896943 0.6615472360 2.3907101678 0.0000000000
7.5966483430 0.7200000000 3.6982926083 0.6624513302 2.3914834617 0.0000000000
7.6048998080 0.7200000000 3.6983930624 0.6633350536 2.3922387675 0.0000000000
7.6131504586 0.7200000000 3.6985076622 0.6642542679 2.3930648525 0.0000000000
7.6214041353 0.7200000000 3.6985977723 0.6650123178 2.3937285126 0.0000000000
7.6296589043 0.7200000000 3.6986871790 0.6656899504 2.3943571928 0.0000000000
7.6379135192 0.7200000000 3.6987804116 0.6663771774 2.3950050140 0.0000000000
7.6461693012 0.7200000000 3.6988667960 0.6669513257 2.3955802108 0.0000000000
7.6544257189 0.7200000000 3.6989418221 0.6674876294 2.3960948365 0.0000000000
7.6626806001 0.7200000000 3.6990399017 0.6681547040 2.3967539849 0.0000000000
7.6709375130 0.7200000000 3.6991179880 0.6686562939 2.3972669659 0.0000000000
7.6791964948 0.7200000000 3.6991890942 0.6688425547 2.3976258950 0.0000000000
7.6874549842 0.7200000000 3.6992409964 0.6691253593 2.3979466257 0.0000000000
7.6957143256 0.7200000000 3.6993044785 0.6692308252 2.3982427405 0.0000000000
7.7039729278 0.7200000000 3.6993847007 0.6694776648 2.3986623652 0.0000000000
7.7122328939 0.7200000000 3.6994046149 0.6693639682 2.3986965432 0.0000000000
7.7204921359 0.7200000000 3.6994403440 0.6693075820 2.3988169052 0.0000000000
7.7287511197 0.7200000000 3.6994843902 0.6692113253 2.3989545874 0.0000000000
7.7370084189 0.7200000000 3.6995000158 0.6688484647 2.3988719456 0.0000000000
7.7452621233 0.7200000000 3.6995020415 0.6681407024 2.3985969435 0.0000000000
7.7535202097 0.7200000000 3.6995025286 0.6677344017 2.3984363715 0.0000000000
7.7617658185 0.7200000000 3.6994676014 0.6667053278 2.3978850333 0.0000000000
7.7700186730 0.7200000000 3.6994412246 0.6658937903 2.3974549109 0.0000000000
7.7782388256 0.7200000000 3.6993302059 0.6639334871 2.3962267150 0.0000000000
7.7864884015 0.7200000000 3.6993022168 0.6631396231 2.3957972127 0.0000000000
7.7947171009 0.7200000000 3.6992046679 0.6613714790 2.3946997596 0.0000000000
7.8029361783 0.7200000000 3.6990911734 0.6593471276 2.3934360412 0.0000000000
7.8111008376 0.7200000000 3.6989523366 0.6567175215 2.3918288513 0.0000000000
7.8193044567 0.7200000000 3.6988178046 0.6544542766 2.3903854256 0.0000000000
7.8274714626 0.7200000000 3.6986475154 0.6514020689 2.3884833855 0.0000000000
7.8356183902 0.7200000000 3.6984559960 0.6480365589 2.3863711042 0.0000000000
7.8437086995 0.7200000000 3.6982382074 0.6439688741 2.3838728757 0.0000000000
7.8518350861 0.7200000000 3.6980404234 0.6403757673 2.3816444969 0.0000000000
7.8599122539 0.7200000000 3.6977927393 0.6361056469 2.3789457125 0.0000000000
7.8678565713 0.7200000000 3.6974656229 0.6307528110 2.3754961124 0.0000000000
7.8758401998 0.7200000000 3.6972108848 0.6258909658 2.3725324220 0.0000000000
7.8837627708 0.7200000000 3.6968922786 0.6201363691 2.3689561583 0.0000000000
7.8916400801 0.7200000000 3.6965550310 0.6140307981 2.3651649398 0.0000000000
7.8994219980 0.7200000000 3.6961925364 0.6071982343 2.3609819359 0.0000000000
7.9070885674 0.7200000000 3.6957622820 0.5996623768 2.3562465750 0.0000000000
7.9146954426 0.7200000000 3.6953845741 0.5926619413 2.3519355694 0.0000000000
7.9224304926 0.7200000000 3.6949819809 0.5856160326 2.3475068330 0.0000000000
7.9300689244 0.7200000000 3.6945932875 0.5778899728 2.3428616355 0.0000000000
7.9375613566 0.7200000000 3.6941767011 0.5693255985 2.3377695403 0.0000000000
7.9450057593 0.7200000000 3.6937400963 0.5605269688 2.3325036690 0.0000000000
7.9520230854 0.7200000000 3.6932093859 0.5498226520 2.3260991009 0.0000000000
7.9585514471 0.7200000000 3.6925987651 0.5374231791 2.3186968284 0.0000000000
7.9630732419 0.7200000000 3.6924417056 0.5330556609 2.3163215830 0.0000000000
7.9632096487 0.7200000000 3.6939530095 0.5600280183 2.3331557418 0.0000000000
7.9643717740 0.7200000000 3.6946162911 0.5779209872 2.3429660556 0.0000000000
7.9683099034 0.7200000000 3.6937144348 0.5601467410 2.3322489319 0.0000000000
7.9735672869 0.7200000000 3.6929173060 0.5443509937 2.3227421180 0.0000000000
7.9784707964 0.7200000000 3.6921042452 0.5278622735 2.3128943867 0.0000000000
7.9829157760 0.7200000000 3.6912112900 0.5106057424 2.3024199536 0.0000000000
7.9870024576 0.7200000000 3.6903686655 0.4927943148 2.2919248845 0.0000000000
7.9906658887 0.7200000000 3.6895204799 0.4744188065 2.2811819387 0.0000000000
7.9939656753 0.7200000000 3.6886557868 0.4556167350 2.2702023377 0.0000000000
7.9968681008 0.7200000000 3.6877773506 0.4364104226 2.2590060680 0.0000000000
7.9993780362 0.7200000000 3.6868264620 0.4168852004 2.2473924245 0.0000000000
8.0015327184 0.7200000000 3.6859644923 0.3970694366 2.2360182402 0.0000000000
8.0033574052 0.7200000000 3.6850445793 0.3770627725 2.2243359226 0.0000000000
8.0049282574 0.7200000000 3.6841464012 0.3569161239 2.2126845509 0.0000000000
8.0062680870 0.7200000000 3.6831562550 0.3366921644 2.2006343823 0.0000000000
8.0074206970 0.7200000000 3.6822542568 0.3163699777 2.1888975145 0.0000000000
8.0083963466 0.7200000000 3.6813320461 0.2959955516 2.1770589016 0.0000000000
8.0092351399 0.7200000000 3.6804069933 0.2755837275 2.1651939606 0.0000000000
8.0099585294 0.7200000000 3.6794480623 0.2551544516 2.1531865263 0.0000000000
8.0105886374 0.7200000000 3.6785032403 0.2347015162 2.1412260640 0.0000000000
8.0111421030 0.7200000000 3.6775966828 0.2142237895 2.1294087435 0.0000000000
8.0116199528 0.7200000000 3.6766731001 0.1937387746 2.1175204067 0.0000000000
8.0120294519 0.7200000000 3.6757703218 0.1732391305 2.1057094356 0.0000000000
8.0123784977 0.7200000000 3.6747758093 0.1527585554 2.0935391558 0.0000000000
8.0126805132 0.7200000000 3.6738759588 0.1322459745 2.0817347216 0.0000000000
8.0129428534 0.7200000000 3.6729167643 0.1117469452 2.0696983318 0.0000000000
8.0131703601 0.7200000000 3.6720847860 0.0912102278 2.0581557316 0.0000000000
8.0133703352 0.7200000000 3.6711510795 0.0706992786 2.0462165259 0.0000000000
8.0135457508 0.7200000000 3.6702087150 0.0501894163 2.0342431229 0.0000000000
8.0137001681 0.7200000000 3.6693233657 0.0296625946 2.0224909970 0.0000000000
8.0138374544 0.7200000000 3.6684217647 0.0091394389 2.0106753307 0.0000000000
8.0139591902 0.7200000000 3.6675261961 -0.0113858992 1.9988829213 0.0000000000
8.0140676822 0.7200000000 3.6666271260 -0.0319104728 1.9870768112 0.0000000000
8.0141651611 0.7200000000 3.6656706109 -0.0524194033 1.9750471785 0.0000000000
8.0142527960 0.7200000000 3.6648203852 -0.0729579980 1.9634308380 0.0000000000
8.0143327586 0.7200000000 3.6639649730 -0.0934953454 1.9517942501 0.0000000000
8.0144060747 0.7200000000 3.6630362747 -0.1140129898 1.9398723994 0.0000000000
8.0144727534 0.7200000000 3.6622241925 -0.1345616425 1.9284046092 0.0000000000
8.0145348575 0.7200000000 3.6613793729 -0.1551021608 1.9168091235 0.0000000000
8.0145926021 0.7200000000 3.6604700000 -0.1756250000 1.9049624964 0.0000000000
8.0146270253 0.7200000000 3.6598900000 -0.1887000000 1.8974124964 0.0000000000
8.0147172738 0.7200000000 3.6583793242 -0.2258753624 1.8764996482 0.0000000000
8.0147993809 0.7200000000 3.6568696009 -0.2630504412 1.8555907236 0.0000000000
8.0148752131 0.7200000000 3.6553815697 -0.3002317444 1.8347660776 0.0000000000
8.0149488287 0.7200000000 3.6537972557 -0.3373879499 1.8135663392 0.0000000000
8.0150217725 0.7200000000 3.6523713351 -0.3745847359 1.7929839426 0.0000000000
8.0150952768 0.7200000000 3.6508170998 -0.4117488211 1.7719013671 0.0000000000
8.0151696434 0.7200000000 3.6494334139 -0.4489551017 1.7514841112 0.0000000000
8.0152470789 0.7200000000 3.6479744941 -0.4861416924 1.7307737958 0.0000000000
8.0153306380 0.7200000000 3.6464491861 -0.5233319083 1.7097964774 0.0000000000
8.0154320425 0.7200000000 3.6450294721 -0.5607093888 1.6891666295 0.0000000000
8.0156478765 0.7200000000 3.6437221640 -0.5966690672 1.6695535257 0.0000000000
8.0158303768 0.7200000000 3.6454143051 -0.5550903817 1.6929535640 0.0000000000
8.0159663873 0.7200000000 3.6467114086 -0.5207549067 1.7118761680 0.0000000000
8.0161186996 0.7200000000 3.6483059666 -0.4834290510 1.7331847424 0.0000000000
8.0164035164 0.7200000000 3.6497252293 -0.4462146384 1.7537475584 0.0000000000
8.0169494301 0.7200000000 3.6511149605 -0.4090472264 1.7741734480 0.0000000000
8.0195493956 0.7200000000 3.6521208652 -0.3839474383 1.7882369819 0.0000000000
8.0223054225 0.7200000000 3.6506241359 -0.4201793077 1.7677573168 0.0000000000
8.0246707489 0.7200000000 3.6492172234 -0.4568111980 1.7474769107 0.0000000000
8.0268527875 0.7200000000 3.6476945330 -0.4935695792 1.7266827967 0.0000000000
8.0286663654 0.7200000000 3.6461232244 -0.5304560018 1.7056429931 0.0000000000
8.0301276705 0.7200000000 3.6446237611 -0.5674544080 1.6848457775 0.0000000000
8.0314221383 0.7200000000 3.6431221270 -0.6044916437 1.6640243469 0.0000000000
8.0327441279 0.7200000000 3.6415889474 -0.6415148215 1.6430823574 0.0000000000
8.0341887874 0.7200000000 3.6401926391 -0.6785431080 1.6226858097 0.0000000000
8.0356904788 0.7200000000 3.6387833039 -0.7155541583 1.6022440487 0.0000000000
8.0371578149 0.7200000000 3.6373654203 -0.7525719674 1.5817653907 0.0000000000
8.0385568177 0.7200000000 3.6358235695 -0.7895747626 1.5607968692 0.0000000000
8.0398810566 0.7200000000 3.6344210210 -0.8266296830 1.5403647073 0.0000000000
8.0411412533 0.7200000000 3.6330164958 -0.8636981130 1.5199192346 0.0000000000
8.0423451231 0.7200000000 3.6316183714 -0.9007798328 1.4994940490 0.0000000000
8.0434970812 0.7200000000 3.6302194299 -0.9378716595 1.4790615523 0.0000000000
8.0445980891 0.7200000000 3.6288335160 -0.9749762110 1.4586760760 0.0000000000
8.0456516826 0.7200000000 3.6274400750 -1.0120876084 1.4382577532 0.0000000000
8.0466599199 0.7200000000 3.6260440804 -1.0492062655 1.4178263119 0.0000000000
8.0476354502 0.7200000000 3.6246193502 -1.0863233996 1.3972805374 0.0000000000
8.0485665678 0.7200000000 3.6231505595 -1.1234370683 1.3765599070 0.0000000000
8.0494560291 0.7200000000 3.6217539094 -1.1605745598 1.3561183102 0.0000000000
8.0503070277 0.7200000000 3.6203707444 -1.1977208390 1.3357271385 0.0000000000
8.0511197267 0.7200000000 3.6189755437 -1.2348696593 1.3152868075 0.0000000000
8.0518978368 0.7200000000 3.6175814374 -1.2720233722 1.2948488970 0.0000000000
8.0526441680 0.7200000000 3.6162129353 -1.3091870800 1.2745094057 0.0000000000
8.0533619529 0.7200000000 3.6148521514 -1.3463560638 1.2541986764 0.0000000000
8.0540562746 0.7200000000 3.6134820725 -1.3835256867 1.2338505119 0.0000000000
8.0547318452 0.7200000000 3.6121254281 -1.4207005999 1.2135539690 0.0000000000
8.0553867087 0.7200000000 3.6107510613 -1.4578737420 1.1931872448 0.0000000000
8.0560225959 0.7200000000 3.6093493878 -1.4950425875 1.1727130127 0.0000000000
8.0566433948 0.7200000000 3.6079538178 -1.5322144600 1.1522619835 0.0000000000
8.0572497467 0.7200000000 3.6065505596 -1.5693860137 1.1317803295 0.0000000000
8.0578439244 0.7200000000 3.6051499217 -1.6065594116 1.1113084185 0.0000000000
8.0584270885 0.7200000000 3.6037396803 -1.6437316339 1.0907985640 0.0000000000
8.0590014093 0.7200000000 3.6023345598 -1.6809059224 1.0703083669 0.0000000000
8.0595687372 0.7200000000 3.6009174456 -1.7180780404 1.0497710627 0.0000000000
8.0601348134 0.7200000000 3.5994791481 -1.7552451667 1.0291510223 0.0000000000
8.0606749189 0.7200000000 3.5980535140 -1.7924177961 1.0085794341 0.0000000000
8.0612121265 0.7200000000 3.5966418751 -1.8295939299 0.9880624250 0.0000000000
8.0617460763 0.7200000000 3.5952418341 -1.8667731667 0.9675905660 0.0000000000
8.0622692226 0.7200000000 3.5938578316 -1.9039571408 0.9471809667 0.0000000000
8.0627746731 0.7200000000 3.5924546226 -1.9411381174 0.9266957397 0.0000000000
8.0632501029 0.7200000000 3.5910439392 -1.9783197889 0.9061803376 0.0000000000
8.0636917094 0.7200000000 3.5896033672 -2.0154969502 0.8855471854 0.0000000000
8.0641215186 0.7200000000 3.5881501946 -2.0526718947 0.8648645169 0.0000000000
8.0645298498 0.7200000000 3.5866949562 -2.0898478506 0.8441731811 0.0000000000
8.0649017707 0.7200000000 3.5852176068 -2.1270207315 0.8233946311 0.0000000000
8.0652332072 0.7200000000 3.5837357524 -2.1641948975 0.8025975471 0.0000000000
8.0655236721 0.7200000000 3.5822425017 -2.2013683223 0.7817551744 0.0000000000
8.0657785810 0.7200000000 3.5806958175 -2.2385296525 0.7607039056 0.0000000000
8.0660063126 0.7200000000 3.5790847857 -2.2756747661 0.7394017328 0.0000000000
8.0662150826 0.7200000000 3.5775547356 -2.3128423763 0.7184144884 0.0000000000
8.0664112572 0.7200000000 3.5759976150 -2.3500032840 0.6973216429 0.0000000000
8.0666003541 0.7200000000 3.5744876606 -2.3871766273 0.6764124880 0.0000000000
8.0667824941 0.7200000000 3.5729385767 -2.4243400721 0.6553507742 0.0000000000
8.0669569105 0.7200000000 3.5713919075 -2.4615046467 0.6342982679 0.0000000000
8.0671261601 0.7200000000 3.5696855701 -2.4986250571 0.6126247541 0.0000000000
8.0672817916 0.7200000000 3.5680889291 -2.5357768528 0.5913774719 0.0000000000
8.0674461904 0.7200000000 3.5665334059 -2.5729389994 0.5702905202 0.0000000000
8.0676287508 0.7200000000 3.5648325210 -2.6100605924 0.5486383435 0.0000000000
8.0677920613 0.7200000000 3.5631893793 -2.6471990650 0.5272103877 0.0000000000
8.0679462388 0.7200000000 3.5615262594 -2.6843324332 0.5057045609 0.0000000000
8.0680962001 0.7200000000 3.5598283739 -2.7214561758 0.4840635216 0.0000000000
8.0682478103 0.7200000000 3.5581973074 -2.7585984864 0.4626823314 0.0000000000
8.0683959115 0.7200000000 3.5563984875 -2.7956924005 0.4406494861 0.0000000000
8.0685517097 0.7200000000 3.5547260972 -2.8328227314 0.4191077926 0.0000000000
8.0687100912 0.7200000000 3.5529546523 -2.8699243116 0.3971813810 0.0000000000
8.0688715214 0.7200000000 3.5511665980 -2.9070201330 0.3751908353 0.0000000000
8.0690444349 0.7200000000 3.5494355585 -2.9441323985 0.3534217709 0.0000000000
8.0692248973 0.7200000000 3.5476757805 -2.9812367679 0.3315409114 0.0000000000
8.0694179174 0.7200000000 3.5458918905 -3.0183326468 0.3095669998 0.0000000000
8.0695387746 0.7200000000 3.5440724108 -3.0554200186 0.2874541323 0.0000000000
8.0695908882 0.7200000000 3.5422019388 -3.0924934864 0.2651428570 0.0000000000
8.0696099427 0.7200000000 3.5402807186 -3.1295509794 0.2426349790 0.0000000000
8.0696295513 0.7200000000 3.5383690933 -3.1666102518 0.2201647690 0.0000000000
8.0696496623 0.7200000000 3.5363763408 -3.2036445919 0.1973800227 0.0000000000
8.0696722647 0.7200000000 3.5344551614 -3.2407607090 0.1748488584 0.0000000000
8.0696979665 0.7200000000 3.5324484360 -3.2782066855 0.1518435662 0.0000000000
8.0697687963 0.7200000000 3.5311916799 -3.3025440737 0.1370815864 0.0000000000
8.0697767478 0.7200000000 3.5331845314 -3.2656077552 0.1598275199 0.0000000000
8.0697813783 0.7200000000 3.5352328948 -3.2285914699 0.1828274875 0.0000000000
8.0697835373 0.7200000000 3.5364200000 -3.2070500000 0.1961924964 0.0000000000
