# logAge Mass logTe Mbol logg C/O
-0.5054055187 1.2500000000 3.5235500000 -1.8580750000 0.9238800130 0.0000000000
-0.4604480211 1.2500000000 3.5235542414 -1.8580122210 0.9239220900 0.0000000000
-0.4154905267 1.2500000000 3.5235591991 -1.8579376801 0.9239717376 0.0000000000
-0.3705330355 1.2500000000 3.5235642541 -1.8578522474 0.9240261304 0.0000000000
-0.3255755472 1.2500000000 3.5235687868 -1.8577567932 0.9240824431 0.0000000000
-0.2806180621 1.2500000000 3.5235723790 -1.8576519055 0.9241387669 0.0000000000
-0.2356605819 1.2500000000 3.5235767825 -1.8575351190 0.9242030955 0.0000000000
-0.1907031095 1.2500000000 3.5235848538 -1.8574022525 0.9242885274 0.0000000000
-0.1457456460 1.2500000000 3.5235950446 -1.8572520624 0.9243893663 0.0000000000
-0.1007881908 1.2500000000 3.5236018460 -1.8570860090 0.9244829934 0.0000000000
-0.0558307450 1.2500000000 3.5236051065 -1.8569042098 0.9245687551 0.0000000000
-0.0108733115 1.2500000000 3.5236122973 -1.8567047638 0.9246772969 0.0000000000
0.0340841047 1.2500000000 3.5236265684 -1.8564837442 0.9248227891 0.0000000000
0.0790414954 1.2500000000 3.5236407242 -1.8562332477 0.9249796106 0.0000000000
0.1239988538 1.2500000000 3.5236495582 -1.8559476925 0.9251291687 0.0000000000
0.1689561800 1.2500000000 3.5236588298 -1.8556308744 0.9252929825 0.0000000000
0.2139134721 1.2500000000 3.5236748691 -1.8552860089 0.9254950859 0.0000000000
0.2588707115 1.2500000000 3.5236950074 -1.8549029610 0.9257288584 0.0000000000
0.3038278759 1.2500000000 3.5237141867 -1.8544687497 0.9259792599 0.0000000000
0.3487849602 1.2500000000 3.5237323590 -1.8539838908 0.9262458928 0.0000000000
0.3937419662 1.2500000000 3.5237520106 -1.8534550220 0.9265360467 0.0000000000
0.4386988710 1.2500000000 3.5237750572 -1.8528765303 0.9268596295 0.0000000000
0.4836556319 1.2500000000 3.5238029000 -1.8522333521 0.9272282724 0.0000000000
0.5286122089 1.2500000000 3.5238352674 -1.8515145294 0.9276452707 0.0000000000
0.5735685648 1.2500000000 3.5238699583 -1.8507142015 0.9281041658 0.0000000000
0.6185246567 1.2500000000 3.5239060808 -1.8498262435 0.9286038386 0.0000000000
0.6634804304 1.2500000000 3.5239452548 -1.8488435484 0.9291536127 0.0000000000
0.7084358234 1.2500000000 3.5239891021 -1.8477581308 0.9297631690 0.0000000000
0.7533907534 1.2500000000 3.5240385440 -1.8465598764 0.9304402386 0.0000000000
0.7983451280 1.2500000000 3.5240943981 -1.8452382641 0.9311922998 0.0000000000
0.8432988258 1.2500000000 3.5241575470 -1.8437825731 0.9320271718 0.0000000000
0.8882517281 1.2500000000 3.5242289531 -1.8421837908 0.9329523091 0.0000000000
0.9332037931 1.2500000000 3.5243100142 -1.8404452612 0.9339719651 0.0000000000
0.9781549887 1.2500000000 3.5244021774 -1.8385726253 0.9350896724 0.0000000000
1.0231050085 1.2500000000 3.5245052661 -1.8365360072 0.9363166744 0.0000000000
1.0680533665 1.2500000000 3.5246181393 -1.8342829769 0.9376693793 0.0000000000
1.1129995764 1.2500000000 3.5247419090 -1.8317774915 0.9391666524 0.0000000000
1.1579431564 1.2500000000 3.5248799031 -1.8290001927 0.9408295484 0.0000000000
1.2028837153 1.2500000000 3.5250340018 -1.8259374426 0.9426710434 0.0000000000
1.2478209943 1.2500000000 3.5252037876 -1.8225829477 0.9446919843 0.0000000000
1.2927541911 1.2500000000 3.5253885277 -1.8189026129 0.9469030788 0.0000000000
1.3376812378 1.2500000000 3.5255871975 -1.8147975215 0.9493397946 0.0000000000
1.3826005489 1.2500000000 3.5258009191 -1.8102000081 0.9520336862 0.0000000000
1.4275129074 1.2500000000 3.5260386911 -1.8051873385 0.9549898421 0.0000000000
1.4724188028 1.2500000000 3.5263086946 -1.7998282763 0.9582134810 0.0000000000
1.5173139372 1.2500000000 3.5266041027 -1.7939533413 0.9617450872 0.0000000000
1.5621923793 1.2500000000 3.5269135808 -1.7873209846 0.9656359425 0.0000000000
1.6070490430 1.2500000000 3.5272343487 -1.7798204731 0.9699192184 0.0000000000
1.6518795756 1.2500000000 3.5275689858 -1.7714205321 0.9746177432 0.0000000000
1.6966842129 1.2500000000 3.5279300996 -1.7621986988 0.9797509320 0.0000000000
1.7414669169 1.2500000000 3.5283383956 -1.7523200542 0.9853355739 0.0000000000
1.7862235788 1.2500000000 3.5287965742 -1.7417493557 0.9913965674 0.0000000000
1.8309393930 1.2500000000 3.5292834840 -1.7301859663 0.9979695623 0.0000000000
1.8756093569 1.2500000000 3.5298003856 -1.7175594216 1.0050877869 0.0000000000
1.9202497130 1.2500000000 3.5303971041 -1.7043004701 1.0127782416 0.0000000000
1.9648587173 1.2500000000 3.5310866279 -1.6904396944 1.0210806469 0.0000000000
2.0094029131 1.2500000000 3.5318188570 -1.6753236327 1.0300559880 0.0000000000
2.0538405208 1.2500000000 3.5325547401 -1.6583832369 1.0397756787 0.0000000000
2.0981664606 1.2500000000 3.5333091466 -1.6397031904 1.0502653234 0.0000000000
2.1424492680 1.2500000000 3.5341763506 -1.6204117256 1.0614507251 0.0000000000
2.1866263639 1.2500000000 3.5350904025 -1.5997045507 1.0733898029 0.0000000000
2.2307347996 1.2500000000 3.5361043116 -1.5780940402 1.0860896435 0.0000000000
2.2747162375 1.2500000000 3.5371777429 -1.5549731416 1.0996317281 0.0000000000
2.3184603674 1.2500000000 3.5381875071 -1.5291559655 1.1139976552 0.0000000000
2.3621156205 1.2500000000 3.5393076718 -1.5024400240 1.1291646905 0.0000000000
2.4056096923 1.2500000000 3.5404757351 -1.4741613335 1.1451484201 0.0000000000
2.4490513104 1.2500000000 3.5418005686 -1.4454089806 1.1619486950 0.0000000000
2.4921963585 1.2500000000 3.5430567857 -1.4139778582 1.1795460124 0.0000000000
2.5351787613 1.2500000000 3.5443807312 -1.3811959225 1.1979545688 0.0000000000
2.5780122519 1.2500000000 3.5457674933 -1.3472381619 1.2170847214 0.0000000000
2.6207489657 1.2500000000 3.5472843990 -1.3125661096 1.2370211651 0.0000000000
2.6631299243 1.2500000000 3.5486988889 -1.2752285165 1.2576141620 0.0000000000
2.7054030508 1.2500000000 3.5502266610 -1.2371653265 1.2789505262 0.0000000000
2.7475757445 1.2500000000 3.5518496196 -1.1984371412 1.3009336350 0.0000000000
2.7893918289 1.2500000000 3.5533854784 -1.1573413088 1.3235154029 0.0000000000
2.8310040101 1.2500000000 3.5549411759 -1.1149761056 1.3466842742 0.0000000000
2.8726330190 1.2500000000 3.5566665291 -1.0727529010 1.3704749690 0.0000000000
2.9139307299 1.2500000000 3.5583136380 -1.0285347221 1.3947506760 0.0000000000
2.9550947577 1.2500000000 3.5600179258 -0.9835498846 1.4195617622 0.0000000000
2.9962280079 1.2500000000 3.5618337612 -0.9384164266 1.4448784871 0.0000000000
3.0369018373 1.2500000000 3.5634736968 -0.8907127464 1.4705197017 0.0000000000
3.0775339332 1.2500000000 3.5652121179 -0.8428113752 1.4966339344 0.0000000000
3.1181936103 1.2500000000 3.5670724047 -0.7950817714 1.5231669231 0.0000000000
3.1584176248 1.2500000000 3.5687638777 -0.7450615874 1.5499408889 0.0000000000
3.1986160570 1.2500000000 3.5705287558 -0.6949295236 1.5770532267 0.0000000000
3.2387996198 1.2500000000 3.5723659262 -0.6447393376 1.6044779827 0.0000000000
3.2786012500 1.2500000000 3.5740678170 -0.5926502665 1.6321211745 0.0000000000
3.3184713135 1.2500000000 3.5758768770 -0.5409137820 1.6600520083 0.0000000000
3.3582299412 1.2500000000 3.5776907137 -0.4886550586 1.6882108443 0.0000000000
3.3977248695 1.2500000000 3.5794166743 -0.4351322713 1.7165238019 0.0000000000
3.4373206705 1.2500000000 3.5812586584 -0.3821020764 1.7451038162 0.0000000000
3.4766618773 1.2500000000 3.5829968753 -0.3278913783 1.7737409627 0.0000000000
3.5159115628 1.2500000000 3.5847370206 -0.2732575646 1.8025550696 0.0000000000
3.5552547986 1.2500000000 3.5865684129 -0.2190640712 1.8315580363 0.0000000000
3.5942377966 1.2500000000 3.5882338893 -0.1632391100 1.8605499261 0.0000000000
3.6332263124 1.2500000000 3.5899362722 -0.1074418663 1.8896783552 0.0000000000
3.6724313284 1.2500000000 3.5917960265 -0.0526283925 1.9190427621 0.0000000000
3.7111612368 1.2500000000 3.5934148425 0.0042944349 1.9482871570 0.0000000000
3.7499485875 1.2500000000 3.5950802527 0.0609693034 1.9776187451 0.0000000000
3.7888743009 1.2500000000 3.5968538473 0.1170298357 2.0071373366 0.0000000000
3.8274193295 1.2500000000 3.5984152391 0.1747447132 2.0364688547 0.0000000000
3.8660879628 1.2500000000 3.6000757028 0.2319253037 2.0659829457 0.0000000000
3.9048791975 1.2500000000 3.6018288180 0.2885686557 2.0956527473 0.0000000000
3.9432888869 1.2500000000 3.6033582830 0.3468518382 2.1250838805 0.0000000000
3.9817679673 1.2500000000 3.6049439260 0.4048397386 2.1546216123 0.0000000000
4.0203571886 1.2500000000 3.6066013699 0.4623558231 2.1842578221 0.0000000000
4.0586983172 1.2500000000 3.6081202353 0.5209211830 2.2137594276 0.0000000000
4.0970360179 1.2500000000 3.6096419421 0.5795017472 2.2432784804 0.0000000000
4.1355300316 1.2500000000 3.6112648420 0.6374214072 2.2729379438 0.0000000000
4.1738395441 1.2500000000 3.6127825965 0.6961143599 2.3024861430 0.0000000000
4.2120744179 1.2500000000 3.6142500057 0.7551218461 2.3319587742 0.0000000000
4.2503952799 1.2500000000 3.6157667842 0.8137715671 2.3614857766 0.0000000000
4.2887571875 1.2500000000 3.6173057492 0.8722481646 2.3910322756 0.0000000000
4.3268493121 1.2500000000 3.6186865834 0.9318436688 2.4203938142 0.0000000000
4.3650994121 1.2500000000 3.6201370295 0.9907924442 2.4497751085 0.0000000000
4.4034474236 1.2500000000 3.6216215644 1.0493377619 2.4791313755 0.0000000000
4.4415954628 1.2500000000 3.6229618126 1.1087112917 2.5082417801 0.0000000000
4.4798492226 1.2500000000 3.6243143811 1.1676596233 2.5372313866 0.0000000000
4.5182979927 1.2500000000 3.6256867225 1.2258068349 2.5659796371 0.0000000000
4.5569890028 1.2500000000 3.6270495349 1.2829419558 2.5942849348 0.0000000000
4.5957540797 1.2500000000 3.6282428795 1.3397831853 2.6217948053 0.0000000000
4.6350919245 1.2500000000 3.6294230052 1.3941072728 2.6482449428 0.0000000000
4.6751741421 1.2500000000 3.6305388169 1.4449213619 2.6730338253 0.0000000000
4.7162086910 1.2500000000 3.6315729041 1.4907386756 2.6954970998 0.0000000000
4.7582079459 1.2500000000 3.6324078977 1.5307601937 2.7148456811 0.0000000000
4.8011201797 1.2500000000 3.6330877859 1.5641874599 2.7309361406 0.0000000000
4.8447044040 1.2500000000 3.6336393333 1.5917038214 2.7441488746 0.0000000000
4.8886267218 1.2500000000 3.6341153685 1.6156520374 2.7556323019 0.0000000000
4.9326393771 1.2500000000 3.6345868496 1.6385429718 2.7666746003 0.0000000000
4.9765043421 1.2500000000 3.6350856894 1.6631410016 2.7785091714 0.0000000000
5.0199756401 1.2500000000 3.6356820270 1.6917498971 2.7923380797 0.0000000000
5.0626750738 1.2500000000 3.6364263538 1.7268639133 2.8093609936 0.0000000000
5.1038231420 1.2500000000 3.6373376141 1.7719691402 2.8310481254 0.0000000000
5.1422892000 1.2500000000 3.6383911323 1.8299605516 2.8584587628 0.0000000000
5.1773536889 1.2500000000 3.6397009128 1.9001223492 2.8917626038 0.0000000000
5.2096447972 1.2500000000 3.6412138111 1.9782086738 2.9290487270 0.0000000000
5.2409977648 1.2500000000 3.6426524812 2.0586791982 2.9669916170 0.0000000000
5.2727768914 1.2500000000 3.6440140857 2.1381037339 3.0042078492 0.0000000000
5.3051741659 1.2500000000 3.6453357379 2.2159569704 3.0406357526 0.0000000000
5.3381480618 1.2500000000 3.6466337355 2.2922852050 3.0763590368 0.0000000000
5.3714711558 1.2500000000 3.6478057122 2.3676743105 3.1112025860 0.0000000000
5.4051631936 1.2500000000 3.6489145635 2.4420368313 3.1453829996 0.0000000000
5.4392745534 1.2500000000 3.6500061546 2.5151967064 3.1790133140 0.0000000000
5.4737272653 1.2500000000 3.6510526566 2.5873541870 3.2120623144 0.0000000000
5.5084908538 1.2500000000 3.6520700748 2.6585765948 3.2446209502 0.0000000000
5.5433493410 1.2500000000 3.6529608453 2.7295192521 3.2765610950 0.0000000000
5.5784813709 1.2500000000 3.6538217934 2.7996156462 3.3080434452 0.0000000000
5.6138299781 1.2500000000 3.6546631981 2.8690300283 3.3391748168 0.0000000000
5.6493793157 1.2500000000 3.6554681353 2.9378034354 3.3699039282 0.0000000000
5.6851160786 1.2500000000 3.6562472291 3.0059691394 3.4002865851 0.0000000000
5.7209766358 1.2500000000 3.6569835289 3.0737302855 3.4303362429 0.0000000000
5.7568528414 1.2500000000 3.6576259820 3.1414456770 3.4599922119 0.0000000000
5.7928478253 1.2500000000 3.6582303556 3.2087681225 3.4893386845 0.0000000000
5.8289545124 1.2500000000 3.6588028631 3.2757174671 3.5184084521 0.0000000000
5.8651498095 1.2500000000 3.6593434863 3.3423687559 3.5472314605 0.0000000000
5.9014226336 1.2500000000 3.6598377182 3.4087584292 3.5757642574 0.0000000000
5.9377598321 1.2500000000 3.6603079614 3.4749288029 3.6041133799 0.0000000000
5.9741455616 1.2500000000 3.6607280928 3.5409344363 3.6321961589 0.0000000000
6.0105798545 1.2500000000 3.6611092142 3.6067738732 3.6600564192 0.0000000000
6.0470381951 1.2500000000 3.6614476434 3.6725315298 3.6877131986 0.0000000000
6.0835216176 1.2500000000 3.6617412714 3.7382035281 3.7151565100 0.0000000000
6.1200262477 1.2500000000 3.6620008210 3.8038027511 3.7424343973 0.0000000000
6.1565405115 1.2500000000 3.6621981287 3.8693698195 3.7694504557 0.0000000000
6.1930820249 1.2500000000 3.6623727148 3.9348423175 3.7963377992 0.0000000000
6.2296510216 1.2500000000 3.6624992246 4.0002195514 3.8229947321 0.0000000000
6.2662683812 1.2500000000 3.6625980070 4.0654276670 3.8494731078 0.0000000000
6.3029528077 1.2500000000 3.6626620174 4.1303999420 3.8757180594 0.0000000000
6.3397184473 1.2500000000 3.6627027969 4.1950848154 3.9017551267 0.0000000000
6.3765813656 1.2500000000 3.6627297156 4.2594225463 3.9275978939 0.0000000000
6.4136004093 1.2500000000 3.6627458442 4.3231975968 3.9531724285 0.0000000000
6.4507854741 1.2500000000 3.6627719531 4.3863658644 3.9785441712 0.0000000000
6.4881752149 1.2500000000 3.6628158454 4.4487744041 4.0036831564 0.0000000000
6.5258391428 1.2500000000 3.6628883638 4.5101428786 4.0285206195 0.0000000000
6.5638028757 1.2500000000 3.6630243348 4.5703451663 4.0531454186 0.0000000000
6.6021379735 1.2500000000 3.6632312042 4.6290554336 4.0774570031 0.0000000000
6.6409147017 1.2500000000 3.6635564985 4.6859192886 4.1015037223 0.0000000000
6.6802120743 1.2500000000 3.6640297323 4.7404952660 4.1252270487 0.0000000000
6.7201159965 1.2500000000 3.6646903489 4.7922312083 4.1485638917 0.0000000000
6.7607258555 1.2500000000 3.6656069366 4.8403795929 4.1714895965 0.0000000000
6.8021444619 1.2500000000 3.6668510521 4.8839522443 4.1938951190 0.0000000000
6.8444645716 1.2500000000 3.6685357510 4.9215996871 4.2156928920 0.0000000000
6.8877438731 1.2500000000 3.6707907380 4.9513848199 4.2366268930 0.0000000000
6.9319179332 1.2500000000 3.6737710417 4.9706071839 4.2562370532 0.0000000000
6.9766278192 1.2500000000 3.6776679874 4.9756515015 4.2738425633 0.0000000000
7.0209619609 1.2500000000 3.6826180406 4.9627941027 4.2884998166 0.0000000000
7.0634169851 1.2500000000 3.6885919279 4.9295278759 4.2990888751 0.0000000000
7.1023237248 1.2500000000 3.6953769107 4.8761377817 4.3048727683 0.0000000000
7.1366607573 1.2500000000 3.7026165403 4.8060571973 4.3057990533 0.0000000000
7.1664531763 1.2500000000 3.7099779755 4.7240158412 4.3024282516 0.0000000000
7.1922807546 1.2500000000 3.7172717814 4.6338963977 4.2955556976 0.0000000000
7.2150048031 1.2500000000 3.7243584992 4.5385785739 4.2857754394 0.0000000000
7.2351689074 1.2500000000 3.7312780296 4.4396405840 4.2738783649 0.0000000000
7.2533914811 1.2500000000 3.7380155859 4.3382912756 4.2602888670 0.0000000000
7.2705153865 1.2500000000 3.7447016785 4.2357238204 4.2460062552 0.0000000000
7.2878484357 1.2500000000 3.7515937952 4.1334657975 4.2326715127 0.0000000000
7.3096581621 1.2500000000 3.7596086625 4.0377242636 4.2264343683 0.0000000000
7.3419739801 1.2500000000 3.7657560012 4.0785599551 4.2673580000 0.0000000000
7.3596090720 1.2500000000 3.7655103162 4.1818056956 4.3076735559 0.0000000000
7.3741484859 1.2500000000 3.7636203488 4.2880508269 4.3426117391 0.0000000000
7.3896423007 1.2500000000 3.7607900000 4.3933000000 4.3733900130 0.0000000000
7.3979523370 1.2500000000 3.7592900000 4.4381250000 4.3853200130 0.0000000000
7.4032898853 1.2500000000 3.7584464325 4.4611472415 4.3911546396 0.0000000000
7.4096356089 1.2500000000 3.7575877894 4.4824986690 4.3962606382 0.0000000000
7.4175174273 1.2500000000 3.7567718323 4.5003929180 4.4001545093 0.0000000000
7.4271342767 1.2500000000 3.7561079775 4.5117511130 4.4020423683 0.0000000000
7.4377457701 1.2500000000 3.7557429550 4.5147430593 4.4017790566 0.0000000000
7.4483699124 1.2500000000 3.7556378183 4.5118628818 4.4002064390 0.0000000000
7.4588250970 1.2500000000 3.7556813121 4.5064446861 4.3982131358 0.0000000000
7.4692209528 1.2500000000 3.7557954265 4.5003668653 4.3962384653 0.0000000000
7.4796427592 1.2500000000 3.7559358969 4.4945749201 4.3944835688 0.0000000000
7.4901228922 1.2500000000 3.7560803148 4.4894821064 4.3930241150 0.0000000000
7.5006584231 1.2500000000 3.7562219441 4.4851403012 4.3918539100 0.0000000000
7.5112329133 1.2500000000 3.7563604471 4.4814538583 4.3909333448 0.0000000000
7.5218337286 1.2500000000 3.7564974200 4.4782801826 4.3902117659 0.0000000000
7.5324503581 1.2500000000 3.7566355124 4.4754513372 4.3896325977 0.0000000000
7.5430742934 1.2500000000 3.7567778742 4.4728161059 4.3891479520 0.0000000000
7.5537008177 1.2500000000 3.7569285910 4.4702557750 4.3887266869 0.0000000000
7.5643256685 1.2500000000 3.7570918229 4.4676561113 4.3883397490 0.0000000000
7.5749458302 1.2500000000 3.7572702383 4.4649412556 4.3879674686 0.0000000000
7.5855600487 1.2500000000 3.7574643992 4.4620895484 4.3876034293 0.0000000000
7.5961672030 1.2500000000 3.7576747082 4.4590834253 4.3872422160 0.0000000000
7.6067661590 1.2500000000 3.7579016757 4.4559065365 4.3868793305 0.0000000000
7.6173557346 1.2500000000 3.7581462162 4.4525470850 4.3865137117 0.0000000000
7.6279347362 1.2500000000 3.7584093386 4.4489943406 4.3861451036 0.0000000000
7.6385019691 1.2500000000 3.7586920533 4.4452375609 4.3857732505 0.0000000000
7.6490559099 1.2500000000 3.7589957027 4.4412625065 4.3853978266 0.0000000000
7.6595942563 1.2500000000 3.7593224164 4.4370466578 4.3850183416 0.0000000000
7.6701145937 1.2500000000 3.7596744374 4.4325662967 4.3846342815 0.0000000000
7.6806145072 1.2500000000 3.7600540092 4.4277977051 4.3842451318 0.0000000000
7.6910910737 1.2500000000 3.7604633207 4.4227143592 4.3838490395 0.0000000000
7.7015377152 1.2500000000 3.7609041714 4.4172695601 4.3834345225 0.0000000000
7.7119462544 1.2500000000 3.7613781900 4.4114077815 4.3829858856 0.0000000000
7.7223085073 1.2500000000 3.7618870048 4.4050734599 4.3824874161 0.0000000000
7.7326162898 1.2500000000 3.7624322439 4.3982110317 4.3819234011 0.0000000000
7.7428599966 1.2500000000 3.7630162319 4.3907630147 4.3812801464 0.0000000000
7.7530214015 1.2500000000 3.7636455176 4.3826602898 4.3805561995 0.0000000000
7.7630790459 1.2500000000 3.7643282338 4.3738293749 4.3797546982 0.0000000000
7.7730114655 1.2500000000 3.7650725159 4.3641967799 4.3788787888 0.0000000000
7.7827986946 1.2500000000 3.7658839247 4.3537035462 4.3779271301 0.0000000000
7.7924269376 1.2500000000 3.7667574197 4.3423505425 4.3768799087 0.0000000000
7.8018839787 1.2500000000 3.7676852456 4.3301540110 4.3757125998 0.0000000000
7.8111543886 1.2500000000 3.7686650397 4.3171213095 4.3744186954 0.0000000000
7.8202145480 1.2500000000 3.7697081807 4.3032371555 4.3730375979 0.0000000000
7.8290624935 1.2500000000 3.7708202203 4.2885588214 4.3716144226 0.0000000000
7.8378022348 1.2500000000 3.7719698323 4.2734951357 4.3701873965 0.0000000000
7.8465600072 1.2500000000 3.7731257160 4.2585103151 4.3688170031 0.0000000000
7.8554396802 1.2500000000 3.7742880820 4.2439464520 4.3676409219 0.0000000000
7.8646358271 1.2500000000 3.7754228415 4.2306788395 4.3668729146 0.0000000000
7.8743886500 1.2500000000 3.7764523056 4.2200535277 4.3667406466 0.0000000000
7.8846212509 1.2500000000 3.7773035684 4.2126492304 4.3671839786 0.0000000000
7.8951516320 1.2500000000 3.7779412348 4.2083886549 4.3680304140 0.0000000000
7.9058050898 1.2500000000 3.7783958172 4.2064678665 4.3690804282 0.0000000000
7.9164774155 1.2500000000 3.7787054405 4.2060719128 4.3701605400 0.0000000000
7.9271533080 1.2500000000 3.7789086891 4.2064745067 4.3711345720 0.0000000000
7.9378267516 1.2500000000 3.7790391119 4.2071276361 4.3719175151 0.0000000000
7.9484990530 1.2500000000 3.7791197560 4.2078410200 4.3725254451 0.0000000000
7.9591723079 1.2500000000 3.7791715100 4.2084759522 4.3729864340 0.0000000000
7.9698471477 1.2500000000 3.7792048795 4.2089806215 4.3733217796 0.0000000000
7.9805232281 1.2500000000 3.7792234503 4.2093611283 4.3735482654 0.0000000000
7.9912001869 1.2500000000 3.7792306824 4.2096246249 4.3736825925 0.0000000000
8.0018776620 1.2500000000 3.7792300360 4.2097782633 4.3737414625 0.0000000000
8.0125552913 1.2500000000 3.7792249713 4.2098291958 4.3737415765 0.0000000000
8.0232327132 1.2500000000 3.7792189442 4.2097845899 4.3736996259 0.0000000000
8.0339097022 1.2500000000 3.7792144124 4.2096554107 4.3736298268 0.0000000000
8.0445863459 1.2500000000 3.7792115357 4.2094613612 4.3735407001 0.0000000000
8.0552627756 1.2500000000 3.7792101519 4.2092233691 4.3734399682 0.0000000000
8.0659391225 1.2500000000 3.7792100990 4.2089623089 4.3733353327 0.0000000000
8.0766154703 1.2500000000 3.7792112243 4.2086916175 4.3732315571 0.0000000000
8.0872918071 1.2500000000 3.7792133936 4.2084097314 4.3731274800 0.0000000000
8.0979681099 1.2500000000 3.7792164752 4.2081132835 4.3730212271 0.0000000000
8.1086443553 1.2500000000 3.7792203373 4.2077989057 4.3729109245 0.0000000000
8.1193205001 1.2500000000 3.7792250461 4.2074612468 4.3727946962 0.0000000000
8.1299964374 1.2500000000 3.7792312902 4.2070887179 4.3726706608 0.0000000000
8.1406720481 1.2500000000 3.7792398800 4.2066685067 4.3725369358 0.0000000000
8.1513472130 1.2500000000 3.7792516256 4.2061878124 4.3723916404 0.0000000000
8.1620218852 1.2500000000 3.7792668417 4.2056426548 4.3722344418 0.0000000000
8.1726962188 1.2500000000 3.7792844623 4.2050536520 4.3720693232 0.0000000000
8.1833704025 1.2500000000 3.7793031826 4.2044456767 4.3719010141 0.0000000000
8.1940446148 1.2500000000 3.7793217837 4.2038422057 4.3717340300 0.0000000000
8.2047188963 1.2500000000 3.7793401634 4.2032485921 4.3715701033 0.0000000000
8.2153931917 1.2500000000 3.7793589996 4.2026575285 4.3714090226 0.0000000000
8.2260674436 1.2500000000 3.7793789569 4.2020614668 4.3712504274 0.0000000000
8.2367415916 1.2500000000 3.7793997959 4.2014534286 4.3710905680 0.0000000000
8.2474155722 1.2500000000 3.7794202202 4.2008271006 4.3709217339 0.0000000000
8.2580893273 1.2500000000 3.7794389475 4.2001768223 4.3707365318 0.0000000000
8.2687629385 1.2500000000 3.7794564615 4.1995116080 4.3705405023 0.0000000000
8.2794366298 1.2500000000 3.7794750487 4.1988554505 4.3703523881 0.0000000000
8.2901106185 1.2500000000 3.7794964834 4.1982316024 4.3701885877 0.0000000000
8.3007850117 1.2500000000 3.7795174911 4.1976512635 4.3700404829 0.0000000000
8.3114598595 1.2500000000 3.7795322662 4.1971194214 4.3698868466 0.0000000000
8.3221349822 1.2500000000 3.7795390468 4.1966173470 4.3697131391 0.0000000000
8.3328096978 1.2500000000 3.7795449787 4.1960744215 4.3695196963 0.0000000000
8.3434832974 1.2500000000 3.7795579726 4.1954172173 4.3693087902 0.0000000000
8.3541559193 1.2500000000 3.7795771136 4.1946586317 4.3690819201 0.0000000000
8.3648285067 1.2500000000 3.7795931019 4.1938936421 4.3688398775 0.0000000000
8.3755015558 1.2500000000 3.7796019932 4.1931733114 4.3685873106 0.0000000000
8.3861746138 1.2500000000 3.7796111138 4.1924552257 4.3683365584 0.0000000000
8.3968472808 1.2500000000 3.7796257306 4.1917015480 4.3680935544 0.0000000000
8.4075196534 1.2500000000 3.7796409131 4.1909213590 4.3678422091 0.0000000000
8.4181918562 1.2500000000 3.7796519825 4.1901267805 4.3675686552 0.0000000000
8.4288638009 1.2500000000 3.7796613218 4.1893111505 4.3672797605 0.0000000000
8.4395354381 1.2500000000 3.7796717973 4.1884706527 4.3669854632 0.0000000000
8.4502069361 1.2500000000 3.7796837121 4.1876191381 4.3666925165 0.0000000000
8.4608783938 1.2500000000 3.7796956089 4.1867646308 4.3663983010 0.0000000000
8.4715497272 1.2500000000 3.7797039853 4.1859000872 4.3660859892 0.0000000000
8.4822207610 1.2500000000 3.7797093395 4.1850126490 4.3657524306 0.0000000000
8.4928913120 1.2500000000 3.7797152590 4.1840897734 4.3654069584 0.0000000000
8.5035615322 1.2500000000 3.7797217283 4.1831431057 4.3650541684 0.0000000000
8.5142315991 1.2500000000 3.7797281614 4.1821858587 4.3646970020 0.0000000000
8.5249015001 1.2500000000 3.7797351671 4.1812170523 4.3643375025 0.0000000000
8.5355710730 1.2500000000 3.7797413067 4.1802260109 4.3639656443 0.0000000000
8.5462401866 1.2500000000 3.7797452519 4.1792044073 4.3635727837 0.0000000000
8.5569089093 1.2500000000 3.7797482296 4.1781572966 4.3631658502 0.0000000000
8.5675773299 1.2500000000 3.7797517193 4.1770911087 4.3627533337 0.0000000000
8.5782454596 1.2500000000 3.7797559172 4.1760071257 4.3623365322 0.0000000000
8.5889132222 1.2500000000 3.7797595651 4.1749007942 4.3619085912 0.0000000000
8.5995805387 1.2500000000 3.7797616413 4.1737675189 4.3614635857 0.0000000000
8.6102473457 1.2500000000 3.7797631551 4.1726044612 4.3610044180 0.0000000000
8.6209135855 1.2500000000 3.7797659216 4.1714094797 4.3605374914 0.0000000000
8.6315792018 1.2500000000 3.7797717340 4.1701804916 4.3600691455 0.0000000000
8.6422442899 1.2500000000 3.7797791032 4.1689232902 4.3595957417 0.0000000000
8.6529092515 1.2500000000 3.7797799348 4.1676595194 4.3590935599 0.0000000000
8.6635745949 1.2500000000 3.7797705282 4.1664161901 4.3585586017 0.0000000000
8.6742407501 1.2500000000 3.7797637083 4.1652155136 4.3580510516 0.0000000000
8.6849065621 1.2500000000 3.7797607897 4.1639973872 4.3575521265 0.0000000000
8.6955704981 1.2500000000 3.7797583012 4.1626823268 4.3570161487 0.0000000000
8.7062324602 1.2500000000 3.7797529892 4.1612677952 4.3564290880 0.0000000000
8.7168933024 1.2500000000 3.7797427698 4.1598022004 4.3558019724 0.0000000000
8.7275531534 1.2500000000 3.7797358387 4.1582931876 4.3551706428 0.0000000000
8.7382122435 1.2500000000 3.7797309157 4.1567502786 4.3545337871 0.0000000000
8.7488709382 1.2500000000 3.7797199290 4.1551908232 4.3538660583 0.0000000000
8.7595286713 1.2500000000 3.7797083468 4.1535908621 4.3531797452 0.0000000000
8.7701853362 1.2500000000 3.7796960916 4.1519471375 4.3524732343 0.0000000000
8.7808411123 1.2500000000 3.7796862263 4.1502674206 4.3517618866 0.0000000000
8.7914959266 1.2500000000 3.7796807553 4.1485500432 4.3510530517 0.0000000000
8.8021491805 1.2500000000 3.7796672572 4.1467735370 4.3502884567 0.0000000000
8.8128019552 1.2500000000 3.7796442672 4.1449798604 4.3494790261 0.0000000000
8.8234533836 1.2500000000 3.7796316206 4.1431360491 4.3486909151 0.0000000000
8.8341035985 1.2500000000 3.7796174110 4.1412490446 4.3478792748 0.0000000000
8.8447527003 1.2500000000 3.7796042039 4.1393235275 4.3470562396 0.0000000000
8.8554005148 1.2500000000 3.7795775078 4.1373546009 4.3461618845 0.0000000000
8.8660463619 1.2500000000 3.7795645111 4.1353191827 4.3452957304 0.0000000000
8.8766912797 1.2500000000 3.7795371541 4.1332547652 4.3443605354 0.0000000000
8.8873349812 1.2500000000 3.7795128233 4.1311516210 4.3434219547 0.0000000000
8.8979760982 1.2500000000 3.7794964390 4.1289674211 4.3424827376 0.0000000000
8.9086163404 1.2500000000 3.7794677753 4.1267575793 4.3414841461 0.0000000000
8.9192549616 1.2500000000 3.7794411912 4.1244993258 4.3404745081 0.0000000000
8.9298910851 1.2500000000 3.7794153071 4.1221688058 4.3394387636 0.0000000000
8.9405253580 1.2500000000 3.7793889068 4.1197861054 4.3383800822 0.0000000000
8.9511590364 1.2500000000 3.7793620280 4.1173851730 4.3373121942 0.0000000000
8.9617813592 1.2500000000 3.7793178013 4.1147118090 4.3360659416 0.0000000000
8.9724156249 1.2500000000 3.7792788147 4.1123519231 4.3349660409 0.0000000000
8.9830437212 1.2500000000 3.7792382254 4.1098040331 4.3337845278 0.0000000000
8.9936669013 1.2500000000 3.7791981724 4.1071308241 4.3325550324 0.0000000000
9.0042880034 1.2500000000 3.7791643846 4.1044063534 4.3313300926 0.0000000000
9.0149070367 1.2500000000 3.7791208979 4.1016324746 4.3300465943 0.0000000000
9.0255227380 1.2500000000 3.7790703860 4.0987808067 4.3287038795 0.0000000000
9.0361338893 1.2500000000 3.7790104789 4.0958266100 4.3272825724 0.0000000000
9.0467410573 1.2500000000 3.7789429873 4.0927851932 4.3257960396 0.0000000000
9.0573455848 1.2500000000 3.7788767008 4.0896865018 4.3242914169 0.0000000000
9.0679474131 1.2500000000 3.7788011930 4.0865319028 4.3227275463 0.0000000000
9.0785451563 1.2500000000 3.7787349263 4.0832915325 4.3211663310 0.0000000000
9.0891401687 1.2500000000 3.7786552018 4.0799972905 4.3195297365 0.0000000000
9.0997316993 1.2500000000 3.7785735893 4.0766343532 4.3178581115 0.0000000000
9.1103187134 1.2500000000 3.7784896038 4.0731837483 4.3161419273 0.0000000000
9.1209029418 1.2500000000 3.7784031714 4.0696807653 4.3143950046 0.0000000000
9.1314826736 1.2500000000 3.7783149205 4.0660939326 4.3126072680 0.0000000000
9.1420582365 1.2500000000 3.7782126204 4.0624336090 4.3107339384 0.0000000000
9.1526291922 1.2500000000 3.7781087000 4.0586915015 4.3088214136 0.0000000000
9.1631969828 1.2500000000 3.7779991465 4.0548948166 4.3068645256 0.0000000000
9.1737589363 1.2500000000 3.7778820766 4.0509992676 4.3048380266 0.0000000000
9.1843168437 1.2500000000 3.7777588489 4.0470372301 4.3027603005 0.0000000000
9.1948704734 1.2500000000 3.7776266427 4.0430062202 4.3006190717 0.0000000000
9.2054186189 1.2500000000 3.7774940155 4.0388865845 4.2984407087 0.0000000000
9.2159626388 1.2500000000 3.7773528271 4.0347030230 4.2962025307 0.0000000000
9.2265016841 1.2500000000 3.7772069072 4.0304427734 4.2939147513 0.0000000000
9.2370334021 1.2500000000 3.7770501181 4.0260734843 4.2915398792 0.0000000000
9.2475613687 1.2500000000 3.7768762283 4.0216519908 4.2890757225 0.0000000000
9.2580838442 1.2500000000 3.7766978448 4.0171504900 4.2865615884 0.0000000000
9.2686007316 1.2500000000 3.7765112445 4.0125701780 4.2839830623 0.0000000000
9.2791107990 1.2500000000 3.7763161673 4.0078952476 4.2813327811 0.0000000000
9.2896152812 1.2500000000 3.7761016762 4.0031479405 4.2785758938 0.0000000000
9.3001145107 1.2500000000 3.7758902496 3.9983277874 4.2758021262 0.0000000000
9.3106060478 1.2500000000 3.7756552061 3.9934112183 4.2728953249 0.0000000000
9.3210935524 1.2500000000 3.7754224713 3.9884406326 4.2699761512 0.0000000000
9.3315721943 1.2500000000 3.7751265998 3.9833750614 4.2667664366 0.0000000000
9.3420387344 1.2500000000 3.7748090974 3.9781634278 4.2634117735 0.0000000000
9.3524976484 1.2500000000 3.7744702621 3.9728646362 4.2599369160 0.0000000000
9.3629544419 1.2500000000 3.7741111338 3.9675488629 4.2563740933 0.0000000000
9.3734070866 1.2500000000 3.7737366441 3.9621881574 4.2527318523 0.0000000000
9.3838524465 1.2500000000 3.7733498590 3.9567454723 4.2490076379 0.0000000000
9.3942963356 1.2500000000 3.7729385015 3.9513235416 4.2451934358 0.0000000000
9.4042660468 1.2500000000 3.7719269250 3.9467986650 4.2393371792 0.0000000000
9.4146920065 1.2500000000 3.7714674576 3.9411606331 4.2352440967 0.0000000000
9.4251226645 1.2500000000 3.7709809533 3.9355923436 4.2310707638 0.0000000000
9.4355470631 1.2500000000 3.7704910184 3.9299598819 4.2268580392 0.0000000000
9.4459708657 1.2500000000 3.7699538007 3.9243430403 4.2224624317 0.0000000000
9.4563954211 1.2500000000 3.7693902032 3.9187519739 4.2179716154 0.0000000000
9.4668187155 1.2500000000 3.7687997392 3.9131617950 4.2133736880 0.0000000000
9.4772369136 1.2500000000 3.7681900000 3.9075250000 4.2086800130 0.0000000000
9.4797537919 1.2500000000 3.7680300000 3.9062000000 4.2075100130 0.0000000000
9.4817653227 1.2500000000 3.7679022640 3.9051953141 4.2065971945 0.0000000000
9.4837723918 1.2500000000 3.7677597771 3.9041484479 4.2056085004 0.0000000000
9.4857814456 1.2500000000 3.7676038955 3.9031385298 4.2045810068 0.0000000000
9.4877842374 1.2500000000 3.7674555423 3.9020467048 4.2035508643 0.0000000000
9.4897915971 1.2500000000 3.7673065376 3.9010087593 4.2025396671 0.0000000000
9.4917898817 1.2500000000 3.7671659250 3.8998617284 4.2015184045 0.0000000000
9.4937962189 1.2500000000 3.7670173066 3.8988122886 4.2005041547 0.0000000000
9.4958010684 1.2500000000 3.7668678028 3.8977455075 4.1994794270 0.0000000000
9.4978099510 1.2500000000 3.7666986703 3.8967457665 4.1984030007 0.0000000000
9.4998178132 1.2500000000 3.7665440326 3.8957195150 4.1973739494 0.0000000000
9.5018209541 1.2500000000 3.7664012168 3.8946303797 4.1963670322 0.0000000000
9.5038318407 1.2500000000 3.7662341246 3.8936538755 4.1953080617 0.0000000000
9.5058389202 1.2500000000 3.7660679520 3.8926300507 4.1942338412 0.0000000000
9.5078498010 1.2500000000 3.7659006903 3.8916542104 4.1931744585 0.0000000000
9.5098603836 1.2500000000 3.7657323420 3.8906758462 4.1921097195 0.0000000000
9.5118713607 1.2500000000 3.7655626873 3.8897041872 4.1910424373 0.0000000000
9.5138837129 1.2500000000 3.7653895240 3.8887541310 4.1899697613 0.0000000000
9.5158935385 1.2500000000 3.7652159068 3.8877721929 4.1888825174 0.0000000000
9.5179060917 1.2500000000 3.7650370876 3.8868370091 4.1877931670 0.0000000000
9.5199117590 1.2500000000 3.7648651570 3.8858023869 4.1866915959 0.0000000000
9.5219238074 1.2500000000 3.7646866652 3.8848583773 4.1856000246 0.0000000000
9.5239338457 1.2500000000 3.7645065873 3.8838918547 4.1844931041 0.0000000000
9.5259389736 1.2500000000 3.7643254186 3.8828871711 4.1833665558 0.0000000000
9.5279500308 1.2500000000 3.7641450830 3.8820283244 4.1823016746 0.0000000000
9.5299553930 1.2500000000 3.7639257056 3.8811473579 4.1810717786 0.0000000000
9.5319677971 1.2500000000 3.7637256553 3.8802426381 4.1799096895 0.0000000000
9.5339812197 1.2500000000 3.7635307744 3.8793547944 4.1787750285 0.0000000000
9.5359980136 1.2500000000 3.7633211221 3.8785255299 4.1776047133 0.0000000000
9.5380132060 1.2500000000 3.7631226479 3.8776476075 4.1764596476 0.0000000000
9.5400227390 1.2500000000 3.7629137739 3.8767249042 4.1752550703 0.0000000000
9.5420362366 1.2500000000 3.7627208173 3.8758288168 4.1741248090 0.0000000000
9.5440530299 1.2500000000 3.7625221796 3.8749833706 4.1729920798 0.0000000000
9.5460685507 1.2500000000 3.7623245356 3.8741201032 4.1718561966 0.0000000000
9.5480807044 1.2500000000 3.7621245707 3.8732244553 4.1706980779 0.0000000000
9.5500646990 1.2500000000 3.7619003415 3.8724139586 4.1694769623 0.0000000000
9.5520814839 1.2500000000 3.7616902904 3.8715760735 4.1683016041 0.0000000000
9.5540979082 1.2500000000 3.7614747312 3.8707413304 4.1671054698 0.0000000000
9.5561099316 1.2500000000 3.7612609923 3.8698402489 4.1658900819 0.0000000000
9.5581262165 1.2500000000 3.7610536000 3.8689904295 4.1647205847 0.0000000000
9.5601400336 1.2500000000 3.7608443480 3.8681074260 4.1635303754 0.0000000000
9.5621548135 1.2500000000 3.7606338370 3.8672408149 4.1623416868 0.0000000000
9.5641707779 1.2500000000 3.7604224190 3.8664013318 4.1611602217 0.0000000000
9.5661868600 1.2500000000 3.7601987315 3.8655861743 4.1599394089 0.0000000000
9.5682014511 1.2500000000 3.7599738903 3.8647390910 4.1587012105 0.0000000000
9.5702223362 1.2500000000 3.7597544399 3.8639815465 4.1575203912 0.0000000000
9.5722400264 1.2500000000 3.7595128862 3.8632239560 4.1562511401 0.0000000000
9.5742553867 1.2500000000 3.7592938802 3.8623790870 4.1550371687 0.0000000000
9.5762763625 1.2500000000 3.7590726840 3.8616265313 4.1538513617 0.0000000000
9.5782969547 1.2500000000 3.7588328658 3.8609064969 4.1526040751 0.0000000000
9.5803104244 1.2500000000 3.7585947923 3.8600754764 4.1513193727 0.0000000000
9.5823302659 1.2500000000 3.7583690401 3.8593540536 4.1501277949 0.0000000000
9.5843326822 1.2500000000 3.7581556279 3.8583856659 4.1488867911 0.0000000000
9.5863399441 1.2500000000 3.7579627243 3.8574335824 4.1477343432 0.0000000000
9.5883575397 1.2500000000 3.7577511922 3.8566297051 4.1465666638 0.0000000000
9.5903726701 1.2500000000 3.7575306481 3.8558027011 4.1453536860 0.0000000000
9.5923832773 1.2500000000 3.7572830436 3.8552080025 4.1441253883 0.0000000000
9.5940024386 1.2500000000 3.7571539242 3.8546268751 4.1433764596 0.0000000000
9.5960182925 1.2500000000 3.7568590230 3.8539992667 4.1419458115 0.0000000000
9.5980333805 1.2500000000 3.7565623016 3.8534061868 4.1405216943 0.0000000000
9.6000517293 1.2500000000 3.7562543612 3.8528706178 4.1390757051 0.0000000000
9.6020690996 1.2500000000 3.7559496679 3.8523115707 4.1376333129 0.0000000000
9.6040483543 1.2500000000 3.7557140443 3.8512300509 4.1362582105 0.0000000000
9.6060567173 1.2500000000 3.7555181118 3.8502634089 4.1350878237 0.0000000000
9.6080527544 1.2500000000 3.7553626326 3.8492789759 4.1340721339 0.0000000000
9.6100712482 1.2500000000 3.7551634219 3.8484665831 4.1329503336 0.0000000000
9.6120899180 1.2500000000 3.7549583365 3.8476480632 4.1318025841 0.0000000000
9.6141213013 1.2500000000 3.7546482088 3.8474444519 4.1304806291 0.0000000000
9.6156176722 1.2500000000 3.7545478167 3.8462478523 4.1296004209 0.0000000000
9.6175867619 1.2500000000 3.7542256542 3.8462146015 4.1282984704 0.0000000000
9.6196060388 1.2500000000 3.7539158665 3.8457146934 4.1268593562 0.0000000000
9.6216251352 1.2500000000 3.7536029368 3.8452122779 4.1254066715 0.0000000000
9.6236373424 1.2500000000 3.7532843172 3.8446126294 4.1238923336 0.0000000000
9.6256208448 1.2500000000 3.7529564261 3.8441449921 4.1223937144 0.0000000000
9.6276436032 1.2500000000 3.7526468416 3.8436701386 4.1209654350 0.0000000000
9.6296614427 1.2500000000 3.7523287110 3.8431568537 4.1194875983 0.0000000000
9.6312936885 1.2500000000 3.7522880743 3.8408808337 4.1184146436 0.0000000000
9.6332025198 1.2500000000 3.7520260930 3.8415310188 4.1176267924 0.0000000000
9.6352172157 1.2500000000 3.7516721251 3.8410663122 4.1160250381 0.0000000000
9.6372344465 1.2500000000 3.7513558317 3.8404857010 4.1145276202 0.0000000000
9.6392502836 1.2500000000 3.7510360466 3.8398879192 4.1130093671 0.0000000000
9.6412626842 1.2500000000 3.7506903869 3.8394598744 4.1114555103 0.0000000000
9.6432793113 1.2500000000 3.7503552984 3.8389418903 4.1099079627 0.0000000000
9.6452937031 1.2500000000 3.7500169521 3.8383750715 4.1083278502 0.0000000000
9.6473056995 1.2500000000 3.7497018672 3.8376893482 4.1067932211 0.0000000000
9.6493165999 1.2500000000 3.7493843416 3.8369862425 4.1052418765 0.0000000000
9.6513273777 1.2500000000 3.7490691539 3.8362761383 4.1036970838 0.0000000000
9.6533324992 1.2500000000 3.7487533745 3.8354678547 4.1021106529 0.0000000000
9.6553379179 1.2500000000 3.7484343252 3.8347099534 4.1005312951 0.0000000000
9.6573528342 1.2500000000 3.7480828835 3.8342544140 4.0989433126 0.0000000000
9.6593570144 1.2500000000 3.7477046052 3.8336301259 4.0971804840 0.0000000000
9.6613607142 1.2500000000 3.7473437268 3.8329372352 4.0954598143 0.0000000000
9.6633573263 1.2500000000 3.7469779102 3.8321445315 4.0936794666 0.0000000000
9.6653532906 1.2500000000 3.7466095901 3.8312877123 4.0918634584 0.0000000000
9.6673068615 1.2500000000 3.7462492484 3.8303981256 4.0900662569 0.0000000000
9.6692801641 1.2500000000 3.7459038541 3.8292565187 4.0882280369 0.0000000000
9.6712398335 1.2500000000 3.7455680741 3.8279615355 4.0863669236 0.0000000000
9.6731884295 1.2500000000 3.7452558701 3.8265307771 4.0845458042 0.0000000000
9.6751089591 1.2500000000 3.7449591033 3.8248604499 4.0826906060 0.0000000000
9.6769916452 1.2500000000 3.7446852201 3.8229211537 4.0808193547 0.0000000000
9.6788341221 1.2500000000 3.7444357745 3.8207509027 4.0789534720 0.0000000000
9.6806169320 1.2500000000 3.7442184672 3.8182597881 4.0770877972 0.0000000000
9.6820565700 1.2500000000 3.7439491794 3.8165035355 4.0753081449 0.0000000000
9.6836461587 1.2500000000 3.7438051711 3.8132750030 4.0734406985 0.0000000000
9.6851822191 1.2500000000 3.7437044458 3.8098738237 4.0716773257 0.0000000000
9.6866264070 1.2500000000 3.7436370606 3.8062235859 4.0699476897 0.0000000000
9.6879592137 1.2500000000 3.7436119681 3.8023132691 4.0682831929 0.0000000000
9.6891688891 1.2500000000 3.7436154195 3.7981595746 4.0666355210 0.0000000000
9.6902807865 1.2500000000 3.7436594551 3.7938409089 4.0650841968 0.0000000000
9.6912543848 1.2500000000 3.7437375396 3.7893223059 4.0635890937 0.0000000000
9.6921207337 1.2500000000 3.7438560870 3.7846743262 4.0622040913 0.0000000000
9.6928841344 1.2500000000 3.7439907561 3.7799168772 4.0608397881 0.0000000000
9.6935739286 1.2500000000 3.7441430558 3.7750920703 4.0595190642 0.0000000000
9.6941973172 1.2500000000 3.7443198123 3.7702169727 4.0582760515 0.0000000000
9.6947548429 1.2500000000 3.7445055889 3.7652944399 4.0570501445 0.0000000000
9.6952609211 1.2500000000 3.7447114159 3.7603419471 4.0558924554 0.0000000000
9.6957154485 1.2500000000 3.7449226196 3.7553590677 4.0547441186 0.0000000000
9.6961289475 1.2500000000 3.7451495529 3.7503587106 4.0536517088 0.0000000000
9.6965078875 1.2500000000 3.7453901822 3.7453454624 4.0526089267 0.0000000000
9.6968542215 1.2500000000 3.7456371076 3.7403191710 4.0515861118 0.0000000000
9.6971665247 1.2500000000 3.7458788522 3.7352774898 4.0505364176 0.0000000000
9.6974493734 1.2500000000 3.7461349909 3.7302287541 4.0495414783 0.0000000000
9.6977115937 1.2500000000 3.7463891458 3.7251724327 4.0485355691 0.0000000000
9.6979539044 1.2500000000 3.7466591180 3.7201155048 4.0475926870 0.0000000000
9.6981793014 1.2500000000 3.7469188567 3.7150501716 4.0466055084 0.0000000000
9.6983881332 1.2500000000 3.7471841215 3.7099823998 4.0456394590 0.0000000000
9.6985810831 1.2500000000 3.7474445053 3.7049090564 4.0446516568 0.0000000000
9.6987599548 1.2500000000 3.7477129788 3.6998353423 4.0436960651 0.0000000000
9.6989210869 1.2500000000 3.7479746923 3.6947554916 4.0427109786 0.0000000000
9.6990715686 1.2500000000 3.7482347021 3.6896731262 4.0417180717 0.0000000000
9.6992135948 1.2500000000 3.7485033904 3.6845920288 4.0407603862 0.0000000000
9.6993459712 1.2500000000 3.7487754805 3.6795102356 4.0398160294 0.0000000000
9.6994696233 1.2500000000 3.7490414285 3.6744251031 4.0388457684 0.0000000000
9.6995859097 1.2500000000 3.7493155421 3.6693414002 4.0379087414 0.0000000000
9.6996939044 1.2500000000 3.7495908673 3.6642569539 4.0369762637 0.0000000000
9.6997922983 1.2500000000 3.7498571821 3.6591683295 4.0360060731 0.0000000000
9.6998844122 1.2500000000 3.7501176551 3.6540771603 4.0350114975 0.0000000000
9.6999716940 1.2500000000 3.7503880613 3.6489883955 4.0340576166 0.0000000000
9.7000545785 1.2500000000 3.7506586975 3.6438992492 4.0331045027 0.0000000000
9.7001329084 1.2500000000 3.7509185121 3.6388064004 4.0321066217 0.0000000000
9.7002062238 1.2500000000 3.7511883479 3.6337160801 4.0311498365 0.0000000000
9.7002739477 1.2500000000 3.7514552499 3.6286242985 4.0301807320 0.0000000000
9.7003369470 1.2500000000 3.7517162738 3.6235302385 4.0291872038 0.0000000000
9.7003967123 1.2500000000 3.7519761260 3.6184355608 4.0281887413 0.0000000000
9.7004539498 1.2500000000 3.7522277480 3.6133383758 4.0271563554 0.0000000000
9.7005082723 1.2500000000 3.7524804107 3.6082412514 4.0261281564 0.0000000000
9.7005594972 1.2500000000 3.7527262190 3.6031420293 4.0250717006 0.0000000000
9.7006072324 1.2500000000 3.7529794829 3.5980446810 4.0240458168 0.0000000000
9.7006520221 1.2500000000 3.7532178277 3.5929428683 4.0229584710 0.0000000000
9.7006947311 1.2500000000 3.7534609974 3.5878422872 4.0218909174 0.0000000000
9.7007351800 1.2500000000 3.7537026493 3.5827411996 4.0208170902 0.0000000000
9.7007736220 1.2500000000 3.7539507090 3.5776418354 4.0197695834 0.0000000000
9.7008101123 1.2500000000 3.7541815872 3.5725375184 4.0186513691 0.0000000000
9.7008449299 1.2500000000 3.7544133277 3.5674332422 4.0175366208 0.0000000000
9.7008779332 1.2500000000 3.7546428262 3.5623283098 4.0164126418 0.0000000000
9.7009093582 1.2500000000 3.7548737097 3.5572237254 4.0152943421 0.0000000000
9.7009394084 1.2500000000 3.7551049109 3.5521191711 4.0141773252 0.0000000000
9.7009679331 1.2500000000 3.7553382855 3.5470151699 4.0130692228 0.0000000000
9.7009951665 1.2500000000 3.7555663744 3.5419095362 4.0119393251 0.0000000000
9.7010211556 1.2500000000 3.7557946179 3.5368039167 4.0108100512 0.0000000000
9.7010458966 1.2500000000 3.7560117774 3.5316949548 4.0096351046 0.0000000000
9.7010695541 1.2500000000 3.7562264141 3.5265853365 4.0084498039 0.0000000000
9.7010919376 1.2500000000 3.7564377609 3.5214750639 4.0072510820 0.0000000000
9.7011135336 1.2500000000 3.7566493956 3.5163648045 4.0060535172 0.0000000000
9.7011341195 1.2500000000 3.7568512667 3.5112521342 4.0048159335 0.0000000000
9.7011540958 1.2500000000 3.7570569195 3.5061405567 4.0035939136 0.0000000000
9.7011733143 1.2500000000 3.7572544466 3.5010269813 4.0023385920 0.0000000000
9.7011919354 1.2500000000 3.7574505327 3.4959130407 4.0010773601 0.0000000000
9.7012099907 1.2500000000 3.7576355253 3.4907959963 3.9997705129 0.0000000000
9.7012274019 1.2500000000 3.7578222490 3.4856793204 3.9984707371 0.0000000000
9.7012443745 1.2500000000 3.7580091453 3.4805626780 3.9971716656 0.0000000000
9.7012609351 1.2500000000 3.7581879880 3.4754442191 3.9958396528 0.0000000000
9.7012770478 1.2500000000 3.7583712677 3.4703267491 3.9945257834 0.0000000000
9.7012928112 1.2500000000 3.7585530393 3.4652089447 3.9932057481 0.0000000000
9.7013082667 1.2500000000 3.7587256813 3.4600891314 3.9918483908 0.0000000000
9.7013234540 1.2500000000 3.7588900643 3.4549676459 3.9904573286 0.0000000000
9.7013385461 1.2500000000 3.7590538363 3.4498460450 3.9890637760 0.0000000000
9.7013535757 1.2500000000 3.7592138957 3.4447237041 3.9876550776 0.0000000000
9.7013687739 1.2500000000 3.7593691299 3.4396004424 3.9862267094 0.0000000000
9.7013841978 1.2500000000 3.7595165811 3.4344757531 3.9847666388 0.0000000000
9.7014003078 1.2500000000 3.7596665496 3.4293515178 3.9833168184 0.0000000000
9.7014176462 1.2500000000 3.7598056888 3.4242254240 3.9818229376 0.0000000000
9.7014375708 1.2500000000 3.7599434716 3.4190991833 3.9803235729 0.0000000000
9.7014524391 1.2500000000 3.7600887347 3.4139879883 3.9788601470 0.0000000000
9.7015236356 1.2500000000 3.7597904906 3.4168054711 3.9787941640 0.0000000000
9.7015379712 1.2500000000 3.7595400772 3.4221344952 3.9799241200 0.0000000000
9.7015558336 1.2500000000 3.7592698486 3.4271527886 3.9808505229 0.0000000000
9.7015714925 1.2500000000 3.7589870603 3.4322258115 3.9817485787 0.0000000000
9.7015896021 1.2500000000 3.7586153650 3.4372963044 3.9822899948 0.0000000000
9.7016094928 1.2500000000 3.7582067941 3.4423273662 3.9826681361 0.0000000000
9.7016331724 1.2500000000 3.7577113091 3.4473120936 3.9826800869 0.0000000000
9.7017138502 1.2500000000 3.7561578238 3.4485987564 3.9769808109 0.0000000000
9.7017688987 1.2500000000 3.7553123443 3.4433490084 3.9714989937 0.0000000000
9.7018159045 1.2500000000 3.7547011492 3.4387032138 3.9671958951 0.0000000000
9.7018684207 1.2500000000 3.7541196770 3.4337111221 3.9628731699 0.0000000000
9.7019320620 1.2500000000 3.7535226485 3.4287912486 3.9585171065 0.0000000000
9.7020178001 1.2500000000 3.7528490999 3.4239512587 3.9538869159 0.0000000000
9.7021458976 1.2500000000 3.7520598369 3.4192143567 3.9488351032 0.0000000000
9.7023697842 1.2500000000 3.7510472821 3.4147832808 3.9430124536 0.0000000000
9.7028304608 1.2500000000 3.7497100000 3.4110750000 3.9361800130 0.0000000000
9.7035626260 1.2500000000 3.7483800000 3.4086000000 3.9298700130 0.0000000000
9.7070231772 1.2500000000 3.7441132915 3.4015632326 3.9099884720 0.0000000000
9.7106239526 1.2500000000 3.7392784713 3.4012170473 3.8905107171 0.0000000000
9.7130434143 1.2500000000 3.7350389764 3.4104643066 3.8772516413 0.0000000000
9.7145580810 1.2500000000 3.7317318604 3.4229361605 3.8690119190 0.0000000000
9.7156374552 1.2500000000 3.7288713568 3.4363602473 3.8629395391 0.0000000000
9.7165057690 1.2500000000 3.7263036300 3.4502449207 3.8582225014 0.0000000000
9.7172273049 1.2500000000 3.7238707636 3.4643331830 3.8541263407 0.0000000000
9.7178678659 1.2500000000 3.7215617171 3.4785756942 3.8505871589 0.0000000000
9.7184457221 1.2500000000 3.7192814839 3.4928639691 3.8471815363 0.0000000000
9.7189887841 1.2500000000 3.7170391586 3.5071982689 3.8439459548 0.0000000000
9.7195049637 1.2500000000 3.7147513142 3.5214937136 3.8405127553 0.0000000000
9.7200174368 1.2500000000 3.7123877538 3.5357127408 3.8367461247 0.0000000000
9.7205432317 1.2500000000 3.7098856777 3.5497794160 3.8323644901 0.0000000000
9.7211121791 1.2500000000 3.7071010163 3.5634975454 3.8267130963 0.0000000000
9.7218052357 1.2500000000 3.7037294749 3.5763117115 3.8183525973 0.0000000000
9.7228788727 1.2500000000 3.6987059553 3.5838295282 3.8012656456 0.0000000000
9.7238773444 1.2500000000 3.6945058036 3.5734726314 3.7803222801 0.0000000000
9.7244665074 1.2500000000 3.6922614254 3.5591683902 3.7656230707 0.0000000000
9.7249122282 1.2500000000 3.6907229596 3.5442463676 3.7535003984 0.0000000000
9.7252897358 1.2500000000 3.6895106308 3.5291253987 3.7426026955 0.0000000000
9.7256238213 1.2500000000 3.6885106681 3.5139005772 3.7325129165 0.0000000000
9.7259321434 1.2500000000 3.6876353151 3.4986244131 3.7229010388 0.0000000000
9.7262191678 1.2500000000 3.6868613412 3.4833117154 3.7136800638 0.0000000000
9.7264918291 1.2500000000 3.6861789754 3.4679699333 3.7048138878 0.0000000000
9.7267553908 1.2500000000 3.6855689370 3.4526083096 3.6962290847 0.0000000000
9.7270065721 1.2500000000 3.6850147705 3.4372321189 3.6878619425 0.0000000000
9.7272550936 1.2500000000 3.6844886511 3.4218494517 3.6796043983 0.0000000000
9.7274977984 1.2500000000 3.6840023436 3.4064581547 3.6715026493 0.0000000000
9.7277343404 1.2500000000 3.6835578306 3.3910582457 3.6635646337 0.0000000000
9.7279687516 1.2500000000 3.6831381176 3.3756538400 3.6557240193 0.0000000000
9.7282004934 1.2500000000 3.6827352371 3.3602463537 3.6479495031 0.0000000000
9.7284291548 1.2500000000 3.6823592983 3.3448343691 3.6402809538 0.0000000000
9.7286514942 1.2500000000 3.6819944417 3.3294200791 3.6326558116 0.0000000000
9.7288715084 1.2500000000 3.6816421040 3.3140038334 3.6250799625 0.0000000000
9.7290929639 1.2500000000 3.6813078323 3.2985851485 3.6175754018 0.0000000000
9.7293090719 1.2500000000 3.6809689172 3.2831666334 3.6100523351 0.0000000000
9.7295252343 1.2500000000 3.6806576784 3.2677445018 3.6026385274 0.0000000000
9.7297379015 1.2500000000 3.6803517171 3.2523213783 3.5952454329 0.0000000000
9.7299521119 1.2500000000 3.6800501711 3.2368978551 3.5878698392 0.0000000000
9.7301646057 1.2500000000 3.6797669140 3.2214720199 3.5805664770 0.0000000000
9.7303776053 1.2500000000 3.6795000164 3.2060443915 3.5733278352 0.0000000000
9.7305877545 1.2500000000 3.6792165081 3.1906183771 3.5660233964 0.0000000000
9.7307960051 1.2500000000 3.6789564433 3.1751896591 3.5588116500 0.0000000000
9.7310048060 1.2500000000 3.6787033308 3.1597602236 3.5516274258 0.0000000000
9.7312113686 1.2500000000 3.6784486451 3.1443307680 3.5444369008 0.0000000000
9.7314149364 1.2500000000 3.6781885323 3.1289016391 3.5372247980 0.0000000000
9.7316200607 1.2500000000 3.6779486512 3.1134705716 3.5300928465 0.0000000000
9.7318254134 1.2500000000 3.6777006888 3.0980403326 3.5229289014 0.0000000000
9.7320257787 1.2500000000 3.6774480697 3.0826101478 3.5157463510 0.0000000000
9.7322269132 1.2500000000 3.6772129389 3.0671783177 3.5086330958 0.0000000000
9.7324292604 1.2500000000 3.6769825280 3.0517461515 3.5015385856 0.0000000000
9.7326275918 1.2500000000 3.6767309345 3.0363157321 3.4943600438 0.0000000000
9.7328261714 1.2500000000 3.6764790458 3.0208853660 3.4871803428 0.0000000000
9.7330313355 1.2500000000 3.6762476888 3.0054535218 3.4800821768 0.0000000000
9.7332320862 1.2500000000 3.6760061146 2.9900222702 3.4729433793 0.0000000000
9.7334268034 1.2500000000 3.6757594516 2.9745910424 3.4657842362 0.0000000000
9.7336237172 1.2500000000 3.6755168878 2.9591596044 3.4586414058 0.0000000000
9.7338167249 1.2500000000 3.6752803470 2.9437272472 3.4515223000 0.0000000000
9.7340126627 1.2500000000 3.6750359676 2.9282959300 3.4443722554 0.0000000000
9.7342076772 1.2500000000 3.6747880343 2.9128648474 3.4372080891 0.0000000000
9.7344016329 1.2500000000 3.6745531781 2.8974324285 3.4300956969 0.0000000000
9.7345964112 1.2500000000 3.6743208053 2.8819998158 3.4229931605 0.0000000000
9.7347894189 1.2500000000 3.6740857835 2.8665673227 3.4158800762 0.0000000000
9.7349799079 1.2500000000 3.6738489840 2.8511348131 3.4087598743 0.0000000000
9.7351638529 1.2500000000 3.6736080717 2.8357022125 3.4016231849 0.0000000000
9.7353557107 1.2500000000 3.6733765676 2.8202692930 3.3945240006 0.0000000000
9.7355440062 1.2500000000 3.6731357355 2.8048369995 3.3873877549 0.0000000000
9.7357323560 1.2500000000 3.6729067531 2.7894035840 3.3802984591 0.0000000000
9.7359187686 1.2500000000 3.6726751218 2.7739703204 3.3731986282 0.0000000000
9.7361032070 1.2500000000 3.6724301025 2.7585381509 3.3660456833 0.0000000000
9.7362882429 1.2500000000 3.6722055746 2.7431040719 3.3589739403 0.0000000000
9.7364718364 1.2500000000 3.6719585710 2.7276720312 3.3518131095 0.0000000000
9.7366525885 1.2500000000 3.6716980735 2.7122411662 3.3445987733 0.0000000000
9.7368321032 1.2500000000 3.6714456273 2.6968093690 3.3374162700 0.0000000000
9.7370085150 1.2500000000 3.6711874889 2.6813779481 3.3302111480 0.0000000000
9.7371864575 1.2500000000 3.6709349595 2.6659460661 3.3230282775 0.0000000000
9.7373611077 1.2500000000 3.6706690621 2.6505153635 3.3157924068 0.0000000000
9.7375338410 1.2500000000 3.6704108946 2.6350837036 3.3085870728 0.0000000000
9.7377040718 1.2500000000 3.6701574777 2.6196513441 3.3014004616 0.0000000000
9.7378759578 1.2500000000 3.6698993470 2.6042196139 3.2941952466 0.0000000000
9.7380443588 1.2500000000 3.6696350965 2.5887882752 3.2869657092 0.0000000000
9.7382108692 1.2500000000 3.6693832303 2.5733555252 3.2797851441 0.0000000000
9.7383820763 1.2500000000 3.6691335631 2.5579228791 3.2726134169 0.0000000000
9.7385456198 1.2500000000 3.6688732409 2.5424908137 3.2653993020 0.0000000000
9.7387106138 1.2500000000 3.6686062196 2.5270595925 3.2581587285 0.0000000000
9.7388737084 1.2500000000 3.6683486059 2.5116271958 3.2509553147 0.0000000000
9.7390337741 1.2500000000 3.6680956095 2.4961941173 3.2437700979 0.0000000000
9.7391938196 1.2500000000 3.6678451557 2.4807607863 3.2365949502 0.0000000000
9.7393524180 1.2500000000 3.6675974422 2.4653270905 3.2294306179 0.0000000000
9.7395067299 1.2500000000 3.6673419169 2.4498939003 3.2222352408 0.0000000000
9.7396629433 1.2500000000 3.6670933248 2.4344601359 3.2150673668 0.0000000000
9.7398165812 1.2500000000 3.6668152479 2.4190293948 3.2077827625 0.0000000000
9.7399692646 1.2500000000 3.6665269166 2.4035997940 3.2004575969 0.0000000000
9.7401195274 1.2500000000 3.6662419864 2.3881695889 3.1931457943 0.0000000000
9.7402701720 1.2500000000 3.6659593116 2.3727391416 3.1858429161 0.0000000000
9.7404190870 1.2500000000 3.6656748356 2.3573087966 3.1785328742 0.0000000000
9.7405658237 1.2500000000 3.6653940136 2.3418779219 3.1712372362 0.0000000000
9.7407110026 1.2500000000 3.6650970387 2.3264488263 3.1638776983 0.0000000000
9.7408532285 1.2500000000 3.6648007003 2.3110194815 3.1565206066 0.0000000000
9.7409947100 1.2500000000 3.6645293905 2.2955872169 3.1492624619 0.0000000000
9.7411329746 1.2500000000 3.6642506774 2.2801555949 3.1419749606 0.0000000000
9.7412688360 1.2500000000 3.6639698096 2.2647240944 3.1346788892 0.0000000000
9.7414035552 1.2500000000 3.6636899930 2.2492924197 3.1273869529 0.0000000000
9.7415363939 1.2500000000 3.6634151962 2.2338601065 3.1201148404 0.0000000000
9.7416668374 1.2500000000 3.6631428226 2.2184273518 3.1128522442 0.0000000000
9.7417975587 1.2500000000 3.6628650056 2.2029952269 3.1055681262 0.0000000000
9.7419256487 1.2500000000 3.6625925635 2.1875623742 3.0983052168 0.0000000000
9.7420524427 1.2500000000 3.6623178341 2.1721297251 3.0910332393 0.0000000000
9.7421766826 1.2500000000 3.6620452383 2.1566966836 3.0837696398 0.0000000000
9.7423007451 1.2500000000 3.6617403947 2.1412674492 3.0763785715 0.0000000000
9.7424236048 1.2500000000 3.6614276199 2.1258391246 3.0689561423 0.0000000000
9.7425449774 1.2500000000 3.6611098407 2.1104113645 3.0615139215 0.0000000000
9.7426657875 1.2500000000 3.6607823850 2.0949848694 3.0540335009 0.0000000000
9.7427838658 1.2500000000 3.6604710349 2.0795561254 3.0466166029 0.0000000000
9.7429018573 1.2500000000 3.6601715272 2.0641259289 3.0392464934 0.0000000000
9.7430177900 1.2500000000 3.6598612171 2.0486969149 3.0318336473 0.0000000000
9.7431328695 1.2500000000 3.6595494054 2.0332680540 3.0244148564 0.0000000000
9.7432463299 1.2500000000 3.6592579766 2.0178366897 3.0170765953 0.0000000000
9.7433588909 1.2500000000 3.6589543724 2.0024067347 3.0096901965 0.0000000000
9.7434702609 1.2500000000 3.6586549026 1.9869762320 3.0023201163 0.0000000000
9.7435802466 1.2500000000 3.6583545275 1.9715457884 2.9949464382 0.0000000000
9.7436890946 1.2500000000 3.6580674872 1.9561136465 2.9876254205 0.0000000000
9.7437969671 1.2500000000 3.6577621911 1.9406837267 2.9802322679 0.0000000000
9.7439036137 1.2500000000 3.6574790246 1.9252510487 2.9729265309 0.0000000000
9.7440092633 1.2500000000 3.6571854361 1.9098195696 2.9655795853 0.0000000000
9.7441143189 1.2500000000 3.6568669332 1.8943912093 2.9581342294 0.0000000000
9.7442188389 1.2500000000 3.6565307298 1.8789651165 2.9506189789 0.0000000000
9.7443220852 1.2500000000 3.6561886487 1.8635397793 2.9430805195 0.0000000000
9.7444240225 1.2500000000 3.6558588706 1.8481127171 2.9355905825 0.0000000000
9.7445250584 1.2500000000 3.6555405263 1.8326840848 2.9281457523 0.0000000000
9.7446250550 1.2500000000 3.6552151908 1.8172563151 2.9206733022 0.0000000000
9.7447240919 1.2500000000 3.6548886170 1.8018286775 2.9131959520 0.0000000000
9.7448219802 1.2500000000 3.6545718300 1.7863997443 2.9057572306 0.0000000000
9.7449190364 1.2500000000 3.6542535728 1.7709709864 2.8983126988 0.0000000000
9.7450151388 1.2500000000 3.6539259604 1.7555433972 2.8908312136 0.0000000000
9.7451103085 1.2500000000 3.6536132176 1.7401138920 2.8834084402 0.0000000000
9.7452047864 1.2500000000 3.6533020551 1.7246841586 2.8759918970 0.0000000000
9.7452984582 1.2500000000 3.6529862213 1.7092549466 2.8685568769 0.0000000000
9.7453911060 1.2500000000 3.6526741794 1.6938251711 2.8611367989 0.0000000000
9.7454832240 1.2500000000 3.6523593916 1.6783957234 2.8537058688 0.0000000000
9.7455746933 1.2500000000 3.6520332459 1.6629677956 2.8462301148 0.0000000000
9.7456659717 1.2500000000 3.6516836992 1.6475431050 2.8386620520 0.0000000000
9.7457563974 1.2500000000 3.6513302990 1.6321189203 2.8310787771 0.0000000000
9.7458461122 1.2500000000 3.6509963327 1.6166919875 2.8235721387 0.0000000000
9.7459353895 1.2500000000 3.6506516723 1.6012665189 2.8160233096 0.0000000000
9.7460242339 1.2500000000 3.6503007340 1.5858419333 2.8084497224 0.0000000000
9.7461125614 1.2500000000 3.6499687945 1.5704146715 2.8009510597 0.0000000000
9.7462006990 1.2500000000 3.6496317827 1.5549880618 2.7934323685 0.0000000000
9.7462888666 1.2500000000 3.6492914055 1.5395619297 2.7859004070 0.0000000000
9.7463770145 1.2500000000 3.6489577880 1.5241349491 2.7783951448 0.0000000000
9.7464652919 1.2500000000 3.6486274462 1.5087074779 2.7709027889 0.0000000000
9.7465542764 1.2500000000 3.6482901300 1.4932809752 2.7633829229 0.0000000000
9.7466443048 1.2500000000 3.6479600813 1.4778535183 2.7558917454 0.0000000000
9.7467352043 1.2500000000 3.6476357186 1.4624253792 2.7484230391 0.0000000000
9.7468279323 1.2500000000 3.6473085441 1.4469976795 2.7409432612 0.0000000000
9.7469238207 1.2500000000 3.6469564821 1.4315737360 2.7333654360 0.0000000000
9.7470240177 1.2500000000 3.6465861679 1.4161524941 2.7257156821 0.0000000000
9.7471300219 1.2500000000 3.6462350267 1.4007286296 2.7181415717 0.0000000000
9.7472461659 1.2500000000 3.6458941400 1.3853037555 2.7106080752 0.0000000000
9.7473815290 1.2500000000 3.6455556305 1.3698798083 2.7030844584 0.0000000000
9.7475717927 1.2500000000 3.6452287691 1.3544585537 2.6956085109 0.0000000000
9.7479981761 1.2500000000 3.6454688751 1.3577659543 2.6978918951 0.0000000000
9.7481360540 1.2500000000 3.6459241405 1.3731706266 2.7058748257 0.0000000000
9.7482297559 1.2500000000 3.6463438525 1.3885843153 2.7137191490 0.0000000000
9.7483090416 1.2500000000 3.6467634961 1.4039985207 2.7215634055 0.0000000000
9.7483938214 1.2500000000 3.6471778128 1.4194260602 2.7293916883 0.0000000000
9.7484865907 1.2500000000 3.6469737255 1.4096263296 2.7246554469 0.0000000000
9.7485239951 1.2500000000 3.6466023660 1.3942481949 2.7170187548 0.0000000000
9.7485753027 1.2500000000 3.6462297010 1.3788251020 2.7093588577 0.0000000000
9.7486431506 1.2500000000 3.6458705764 1.3634010425 2.7017527355 0.0000000000
9.7487087569 1.2500000000 3.6454978910 1.3479788919 2.6940931337 0.0000000000
9.7487740618 1.2500000000 3.6451495666 1.3325531661 2.6865295459 0.0000000000
9.7488396368 1.2500000000 3.6447758367 1.3171312630 2.6788658649 0.0000000000
9.7489050244 1.2500000000 3.6444219393 1.3017062608 2.6712802746 0.0000000000
9.7489700966 1.2500000000 3.6440711007 1.2862809313 2.6637067882 0.0000000000
9.7490347891 1.2500000000 3.6437073268 1.2708575250 2.6560823300 0.0000000000
9.7490991771 1.2500000000 3.6433437799 1.2554339485 2.6484587120 0.0000000000
9.7491627013 1.2500000000 3.6429957712 1.2400081953 2.6408963760 0.0000000000
9.7492261672 1.2500000000 3.6426397894 1.2245836083 2.6333026141 0.0000000000
9.7492890485 1.2500000000 3.6422595817 1.2091624922 2.6256133369 0.0000000000
9.7493513408 1.2500000000 3.6418755704 1.1937420798 2.6179091264 0.0000000000
9.7494132082 1.2500000000 3.6415013946 1.1783201716 2.6102436599 0.0000000000
9.7494742174 1.2500000000 3.6411239974 1.1628987061 2.6025654850 0.0000000000
9.7495348660 1.2500000000 3.6407416842 1.1474779271 2.5948679206 0.0000000000
9.7495947997 1.2500000000 3.6403598004 1.1320571201 2.5871720626 0.0000000000
9.7496540672 1.2500000000 3.6399948407 1.1166336624 2.5795428409 0.0000000000
9.7497127750 1.2500000000 3.6396244581 1.1012110155 2.5718922518 0.0000000000
9.7497709243 1.2500000000 3.6392296702 1.0857922471 2.5641455925 0.0000000000
9.7498281501 1.2500000000 3.6388640234 1.0703688111 2.5565136312 0.0000000000
9.7498850436 1.2500000000 3.6384999379 1.0549450809 2.5488877970 0.0000000000
9.7499412077 1.2500000000 3.6381254499 1.0395229972 2.5412210113 0.0000000000
9.7499967327 1.2500000000 3.6377580706 1.0240999985 2.5335822950 0.0000000000
9.7500516180 1.2500000000 3.6374004497 1.0086753676 2.5259819589 0.0000000000
9.7501058248 1.2500000000 3.6370274041 0.9932531640 2.5183208951 0.0000000000
9.7501600838 1.2500000000 3.6366015388 0.9778393898 2.5104519239 0.0000000000
9.7502134512 1.2500000000 3.6361859466 0.9624239249 2.5026233696 0.0000000000
9.7502659266 1.2500000000 3.6357914047 0.9470048728 2.4948775808 0.0000000000
9.7503179635 1.2500000000 3.6354077232 0.9315841348 2.4871745595 0.0000000000
9.7503694280 1.2500000000 3.6350162936 0.9161645835 2.4794410206 0.0000000000
9.7504201873 1.2500000000 3.6346123913 0.9007470471 2.4716583969 0.0000000000
9.7504703390 1.2500000000 3.6342403226 0.8853245550 2.4640011254 0.0000000000
9.7505201370 1.2500000000 3.6338529650 0.8699043996 2.4562836328 0.0000000000
9.7505690203 1.2500000000 3.6334614738 0.8544848145 2.4485498342 0.0000000000
9.7506175463 1.2500000000 3.6330843424 0.8390630322 2.4408725954 0.0000000000
9.7506656933 1.2500000000 3.6327203558 0.8236392738 2.4332471458 0.0000000000
9.7507130426 1.2500000000 3.6323361258 0.8082185482 2.4255419354 0.0000000000
9.7507598622 1.2500000000 3.6319606044 0.7927965668 2.4178710575 0.0000000000
9.7508063612 1.2500000000 3.6315415416 0.7773813549 2.4100287215 0.0000000000
9.7508522972 1.2500000000 3.6311258178 0.7619656783 2.4021995556 0.0000000000
9.7508979075 1.2500000000 3.6306729302 0.7465566321 2.3942243865 0.0000000000
9.7509429505 1.2500000000 3.6302523401 0.7311419054 2.3863761354 0.0000000000
9.7509872828 1.2500000000 3.6298576765 0.7157228667 2.3786298655 0.0000000000
9.7510312367 1.2500000000 3.6294610871 0.7003041048 2.3708760032 0.0000000000
9.7510748342 1.2500000000 3.6290503966 0.6848876918 2.3630666761 0.0000000000
9.7511181855 1.2500000000 3.6286717377 0.6694659843 2.3553833575 0.0000000000
9.7511602773 1.2500000000 3.6282793199 0.6540465365 2.3476459070 0.0000000000
9.7512018880 1.2500000000 3.6278771141 0.6386286757 2.3398699398 0.0000000000
9.7512429054 1.2500000000 3.6275029169 0.6232061537 2.3322041423 0.0000000000
9.7512834571 1.2500000000 3.6271186457 0.6077852713 2.3244987043 0.0000000000
9.7513237757 1.2500000000 3.6267101569 0.5923683717 2.3166979892 0.0000000000
9.7513635821 1.2500000000 3.6262759162 0.5769558192 2.3087960055 0.0000000000
9.7514030020 1.2500000000 3.6258369020 0.5615441547 2.3008752830 0.0000000000
9.7514418068 1.2500000000 3.6254168142 0.5461292063 2.2930289523 0.0000000000
9.7514804294 1.2500000000 3.6249849359 0.5307163791 2.2851363083 0.0000000000
9.7515184751 1.2500000000 3.6245214938 0.5153091213 2.2771196369 0.0000000000
9.7515559153 1.2500000000 3.6241138032 0.4998920200 2.2693220338 0.0000000000
9.7515928251 1.2500000000 3.6237225431 0.4844721964 2.2615890638 0.0000000000
9.7516294729 1.2500000000 3.6233115728 0.4690555215 2.2537785129 0.0000000000
9.7516655944 1.2500000000 3.6229059616 0.4536384197 2.2459892272 0.0000000000
9.7517013275 1.2500000000 3.6225198404 0.4382178630 2.2382765197 0.0000000000
9.7517364927 1.2500000000 3.6221269413 0.4227983627 2.2305371231 0.0000000000
9.7517715341 1.2500000000 3.6217012652 0.4073845318 2.2226688864 0.0000000000
9.7518061737 1.2500000000 3.6212481925 0.3919754890 2.2146929786 0.0000000000
9.7518404310 1.2500000000 3.6207972544 0.3765659881 2.2067254259 0.0000000000
9.7518741178 1.2500000000 3.6203753931 0.3611513075 2.1988721086 0.0000000000
9.7519075267 1.2500000000 3.6199269118 0.3457412588 2.1909141635 0.0000000000
9.7519406866 1.2500000000 3.6194333115 0.3303403062 2.1827793813 0.0000000000
9.7519732267 1.2500000000 3.6190277447 0.3149229482 2.1749901711 0.0000000000
9.7520053463 1.2500000000 3.6186174457 0.2995063608 2.1671823402 0.0000000000
9.7520371678 1.2500000000 3.6181908212 0.2840925140 2.1593103034 0.0000000000
9.7520685614 1.2500000000 3.6177895156 0.2686745321 2.1515378882 0.0000000000
9.7520995477 1.2500000000 3.6173952153 0.2532553446 2.1437930121 0.0000000000
9.7521301876 1.2500000000 3.6169976944 0.2378366415 2.1360354471 0.0000000000
9.7521607152 1.2500000000 3.6165337173 0.2224293436 2.1280166197 0.0000000000
9.7521908479 1.2500000000 3.6160573399 0.2070246631 2.1199492379 0.0000000000
9.7522205176 1.2500000000 3.6156163777 0.1916131598 2.1120207876 0.0000000000
9.7522498654 1.2500000000 3.6151624216 0.1762039138 2.1040412647 0.0000000000
9.7522788016 1.2500000000 3.6147029165 0.1607956327 2.0960399321 0.0000000000
9.7523073870 1.2500000000 3.6142584718 0.1453853643 2.0880980460 0.0000000000
9.7523355708 1.2500000000 3.6138335622 0.1299713115 2.0802327865 0.0000000000
9.7523635523 1.2500000000 3.6133610808 0.1145659277 2.0721807074 0.0000000000
9.7523910031 1.2500000000 3.6129501526 0.0991493994 2.0643703830 0.0000000000
9.7524181796 1.2500000000 3.6125348840 0.0837337064 2.0565430315 0.0000000000
9.7524449979 1.2500000000 3.6121304636 0.0683160010 2.0487582679 0.0000000000
9.7524715794 1.2500000000 3.6116857649 0.0529053901 2.0408152285 0.0000000000
9.7524979355 1.2500000000 3.6112071983 0.0375008746 2.0327391560 0.0000000000
9.7525239770 1.2500000000 3.6107159493 0.0220993851 2.0246135644 0.0000000000
9.7525496681 1.2500000000 3.6102538595 0.0066919055 2.0166022130 0.0000000000
9.7525750796 1.2500000000 3.6097814510 -0.0087135960 2.0085503787 0.0000000000
9.7526001842 1.2500000000 3.6093225081 -0.0241215253 2.0005514354 0.0000000000
9.7526249091 1.2500000000 3.6088722119 -0.0395310462 1.9925864422 0.0000000000
9.7526494616 1.2500000000 3.6083986380 -0.0549358447 1.9845302270 0.0000000000
9.7526736217 1.2500000000 3.6079642652 -0.0703484069 1.9766277111 0.0000000000
9.7526974727 1.2500000000 3.6075482726 -0.0857644704 1.9687973151 0.0000000000
9.7527210245 1.2500000000 3.6071411767 -0.1011818338 1.9610019862 0.0000000000
9.7527444331 1.2500000000 3.6066686350 -0.1165870872 1.9529497182 0.0000000000
9.7527676289 1.2500000000 3.6061733562 -0.1319880047 1.9448082358 0.0000000000
9.7527904707 1.2500000000 3.6056671876 -0.1473868970 1.9366240048 0.0000000000
9.7528130076 1.2500000000 3.6052101802 -0.1627952085 1.9286326505 0.0000000000
9.7528354274 1.2500000000 3.6046857777 -0.1781902860 1.9203770093 0.0000000000
9.7528574929 1.2500000000 3.6041781548 -0.1935886679 1.9121871652 0.0000000000
9.7528792413 1.2500000000 3.6037537234 -0.2090031253 1.9043236566 0.0000000000
9.7529007542 1.2500000000 3.6033144832 -0.2244151541 1.8964018842 0.0000000000
9.7529220980 1.2500000000 3.6028297779 -0.2398179802 1.8883019326 0.0000000000
9.7529431298 1.2500000000 3.6023635719 -0.2552246878 1.8802744253 0.0000000000
9.7529639447 1.2500000000 3.6019203851 -0.2706354022 1.8723373926 0.0000000000
9.7529845630 1.2500000000 3.6014154968 -0.2860342909 1.8641582840 0.0000000000
9.7530050066 1.2500000000 3.6008923818 -0.3014293500 1.8559078003 0.0000000000
9.7530252020 1.2500000000 3.6003783524 -0.3168263378 1.8476928874 0.0000000000
9.7530451142 1.2500000000 3.5999052808 -0.3322317891 1.8396384206 0.0000000000
9.7530647782 1.2500000000 3.5994245292 -0.3476356585 1.8315538663 0.0000000000
9.7530842991 1.2500000000 3.5989175796 -0.3630340382 1.8233667160 0.0000000000
9.7531034908 1.2500000000 3.5984682598 -0.3784433810 1.8154056998 0.0000000000
9.7531224770 1.2500000000 3.5980231271 -0.3938538401 1.8074609855 0.0000000000
9.7531412552 1.2500000000 3.5975581699 -0.4092609295 1.7994383207 0.0000000000
9.7531597742 1.2500000000 3.5971272973 -0.4246737907 1.7915496861 0.0000000000
9.7531782087 1.2500000000 3.5966273935 -0.4400732184 1.7833902998 0.0000000000
9.7531964308 1.2500000000 3.5961033856 -0.4554679728 1.7751363664 0.0000000000
9.7532144593 1.2500000000 3.5955891555 -0.4708650581 1.7669206117 0.0000000000
9.7532322689 1.2500000000 3.5950544208 -0.4862576148 1.7586246503 0.0000000000
9.7532498324 1.2500000000 3.5945641245 -0.5016593089 1.7505027876 0.0000000000
9.7532671417 1.2500000000 3.5940999336 -0.5170663105 1.7424832233 0.0000000000
9.7532842529 1.2500000000 3.5935985784 -0.5324658303 1.7343179945 0.0000000000
9.7533011593 1.2500000000 3.5931214330 -0.5478701252 1.7262476948 0.0000000000
9.7533178565 1.2500000000 3.5926748752 -0.5632800542 1.7182974923 0.0000000000
9.7533343842 1.2500000000 3.5922341890 -0.5786910011 1.7103703687 0.0000000000
9.7533507942 1.2500000000 3.5917228915 -0.5940877303 1.7021664868 0.0000000000
9.7533670277 1.2500000000 3.5911646058 -0.6094750390 1.6937784206 0.0000000000
9.7533830849 1.2500000000 3.5905949263 -0.6248597355 1.6853458240 0.0000000000
9.7533989314 1.2500000000 3.5900896986 -0.6402585589 1.6771653840 0.0000000000
9.7534145940 1.2500000000 3.5895422382 -0.6556487912 1.6688194495 0.0000000000
9.7534300428 1.2500000000 3.5890110459 -0.6710420162 1.6605373901 0.0000000000
9.7534452951 1.2500000000 3.5885269049 -0.6864447157 1.6524397464 0.0000000000
9.7534603955 1.2500000000 3.5880409559 -0.7018471380 1.6443349812 0.0000000000
9.7534753107 1.2500000000 3.5875508699 -0.7172482897 1.6362141767 0.0000000000
9.7534900306 1.2500000000 3.5870977544 -0.7326571061 1.6282381883 0.0000000000
9.7535046687 1.2500000000 3.5865434760 -0.7480454599 1.6198657330 0.0000000000
9.7535191377 1.2500000000 3.5860028109 -0.7634364864 1.6115466621 0.0000000000
9.7535334416 1.2500000000 3.5854405698 -0.7788231061 1.6031430499 0.0000000000
9.7535476253 1.2500000000 3.5848766579 -0.7942093558 1.5947329022 0.0000000000
9.7535615617 1.2500000000 3.5843801377 -0.8096089048 1.5865870021 0.0000000000
9.7535753666 1.2500000000 3.5838717539 -0.8250066531 1.5783943674 0.0000000000
9.7535889922 1.2500000000 3.5833470290 -0.8404009142 1.5701377633 0.0000000000
9.7536024335 1.2500000000 3.5828801228 -0.8558072906 1.5621075879 0.0000000000
9.7536157215 1.2500000000 3.5824182585 -0.8712145850 1.5540972131 0.0000000000
9.7536288915 1.2500000000 3.5819371424 -0.8866180139 1.5460113769 0.0000000000
9.7536419950 1.2500000000 3.5813371293 -0.9019961721 1.5374600614 0.0000000000
9.7536549564 1.2500000000 3.5807390063 -0.9173742572 1.5289163355 0.0000000000
9.7536677334 1.2500000000 3.5801840844 -0.9327618369 1.5205416160 0.0000000000
9.7536803507 1.2500000000 3.5796310478 -0.9481498165 1.5121742775 0.0000000000
9.7536928784 1.2500000000 3.5790349484 -0.9635281147 1.5036385607 0.0000000000
9.7537051929 1.2500000000 3.5785316610 -0.9789271181 1.4954658096 0.0000000000
9.7537173603 1.2500000000 3.5780416974 -0.9943291497 1.4873451427 0.0000000000
9.7537294391 1.2500000000 3.5775276930 -1.0097258556 1.4791304428 0.0000000000
9.7537413312 1.2500000000 3.5770644240 -1.0251332847 1.4711143950 0.0000000000
9.7537532066 1.2500000000 3.5764630669 -1.0405100983 1.4625582412 0.0000000000
9.7537649437 1.2500000000 3.5758662200 -1.0558879090 1.4540197292 0.0000000000
9.7537765477 1.2500000000 3.5752844217 -1.0712690513 1.4455400791 0.0000000000
9.7537880506 1.2500000000 3.5746795060 -1.0866448732 1.4369700875 0.0000000000
9.7537993770 1.2500000000 3.5741325246 -1.1020343055 1.4286263891 0.0000000000
9.7538105817 1.2500000000 3.5736205794 -1.1174321404 1.4204194746 0.0000000000
9.7538216611 1.2500000000 3.5730543510 -1.1328171123 1.4120005722 0.0000000000
9.7538325994 1.2500000000 3.5725554828 -1.1482168645 1.4038451985 0.0000000000
9.7538434070 1.2500000000 3.5720759171 -1.1636204398 1.3957655054 0.0000000000
9.7538541781 1.2500000000 3.5714591119 -1.1789929998 1.3871492606 0.0000000000
9.7538648350 1.2500000000 3.5708396539 -1.1943648345 1.3785226950 0.0000000000
9.7538753600 1.2500000000 3.5702085331 -1.2097339171 1.3698505787 0.0000000000
9.7538857546 1.2500000000 3.5696144841 -1.2251121093 1.3613231056 0.0000000000
9.7538960240 1.2500000000 3.5690901606 -1.2405072404 1.3530677591 0.0000000000
9.7539061775 1.2500000000 3.5685090902 -1.2558887909 1.3445908573 0.0000000000
9.7539161691 1.2500000000 3.5679666154 -1.2712789459 1.3362648962 0.0000000000
9.7539260269 1.2500000000 3.5674621140 -1.2866774636 1.3280874834 0.0000000000
9.7539357779 1.2500000000 3.5669504732 -1.3020741046 1.3198822638 0.0000000000
9.7539454710 1.2500000000 3.5663061051 -1.3174392652 1.3111587272 0.0000000000
9.7539550626 1.2500000000 3.5656519448 -1.3328020622 1.3023969674 0.0000000000
9.7539645231 1.2500000000 3.5650120867 -1.3481684433 1.2936909823 0.0000000000
9.7539738430 1.2500000000 3.5644715510 -1.3635598580 1.2853722737 0.0000000000
9.7539830920 1.2500000000 3.5638747807 -1.3789379987 1.2768339361 0.0000000000
9.7539922182 1.2500000000 3.5632922936 -1.3943186277 1.2683517363 0.0000000000
9.7540012187 1.2500000000 3.5627779748 -1.4097145725 1.2601360831 0.0000000000
9.7540101201 1.2500000000 3.5622585856 -1.4251092742 1.2519006459 0.0000000000
9.7540189694 1.2500000000 3.5616534357 -1.4404826578 1.2433306926 0.0000000000
9.7540277604 1.2500000000 3.5609597225 -1.4558340211 1.2344152946 0.0000000000
9.7540364406 1.2500000000 3.5602593484 -1.4711837753 1.2254738965 0.0000000000
9.7540449729 1.2500000000 3.5596915252 -1.4865686579 1.2170486506 0.0000000000
9.7540534510 1.2500000000 3.5590783272 -1.5019418300 1.2084465896 0.0000000000
9.7540618195 1.2500000000 3.5584503976 -1.5173118114 1.1997868787 0.0000000000
9.7540700896 1.2500000000 3.5579110744 -1.5327020314 1.1914734982 0.0000000000
9.7540782521 1.2500000000 3.5573686844 -1.5480915328 1.1831481377 0.0000000000
9.7540863715 1.2500000000 3.5567644780 -1.5634658396 1.1745815890 0.0000000000
9.7540944150 1.2500000000 3.5560823769 -1.5788212304 1.1657110284 0.0000000000
9.7541023832 1.2500000000 3.5553900578 -1.5941738533 1.1568007029 0.0000000000
9.7541102209 1.2500000000 3.5547996423 -1.6095518701 1.1482878342 0.0000000000
9.7541179929 1.2500000000 3.5541845794 -1.6249250684 1.1396783031 0.0000000000
9.7541256851 1.2500000000 3.5535663352 -1.6402976717 1.1310562853 0.0000000000
9.7541332629 1.2500000000 3.5530301165 -1.6556883086 1.1227551556 0.0000000000
9.7541407753 1.2500000000 3.5524889894 -1.6710778879 1.1144348153 0.0000000000
9.7541482186 1.2500000000 3.5519163383 -1.6864595296 1.1059915542 0.0000000000
9.7541556295 1.2500000000 3.5512047632 -1.7018062137 1.0970065802 0.0000000000
9.7541629433 1.2500000000 3.5504826095 -1.7171495318 1.0879806384 0.0000000000
9.7541701715 1.2500000000 3.5498515651 -1.7325173211 1.0793093451 0.0000000000
9.7541773298 1.2500000000 3.5492162244 -1.7478852332 1.0706208173 0.0000000000
9.7541844217 1.2500000000 3.5485394854 -1.7632432433 1.0617706574 0.0000000000
9.7541914221 1.2500000000 3.5479768423 -1.7786277906 1.0533662659 0.0000000000
9.7541983558 1.2500000000 3.5474075882 -1.7940094843 1.0449365719 0.0000000000
9.7542052446 1.2500000000 3.5467921435 -1.8093803789 1.0363264355 0.0000000000
9.7542120909 1.2500000000 3.5460577258 -1.8247216600 1.0272522522 0.0000000000
9.7542188615 1.2500000000 3.5453372751 -1.8400670941 1.0182322758 0.0000000000
9.7542255444 1.2500000000 3.5447143549 -1.8554368049 1.0095927105 0.0000000000
9.7542321636 1.2500000000 3.5441089682 -1.8708107791 1.0010215741 0.0000000000
9.7542387216 1.2500000000 3.5434144768 -1.8861619292 0.9921031485 0.0000000000
9.7542451983 1.2500000000 3.5428335476 -1.9015420463 0.9836273848 0.0000000000
9.7542516098 1.2500000000 3.5422593605 -1.9169239159 0.9751778888 0.0000000000
9.7542579816 1.2500000000 3.5415969553 -1.9322828732 0.9663846849 0.0000000000
9.7542642927 1.2500000000 3.5408849058 -1.9476289109 0.9573980717 0.0000000000
9.7542705493 1.2500000000 3.5401798071 -1.9629765154 0.9484386354 0.0000000000
9.7542767173 1.2500000000 3.5395217880 -1.9783366253 0.9396625150 0.0000000000
9.7542828190 1.2500000000 3.5389334216 -1.9937140229 0.9311580903 0.0000000000
9.7542888748 1.2500000000 3.5382383067 -2.0090634719 0.9222378511 0.0000000000
9.7542948514 1.2500000000 3.5376337568 -2.0244380036 0.9136698387 0.0000000000
9.7543007664 1.2500000000 3.5370337357 -2.0398140331 0.9051193426 0.0000000000
9.7543066546 1.2500000000 3.5362628907 -2.0551422651 0.8959046699 0.0000000000
9.7543124752 1.2500000000 3.5355692271 -2.0704919499 0.8869901413 0.0000000000
9.7543182331 1.2500000000 3.5348573511 -2.0858361985 0.8780049380 0.0000000000
9.7543239305 1.2500000000 3.5341925100 -2.1011937026 0.8692025718 0.0000000000
9.7543295633 1.2500000000 3.5335561924 -2.1165598642 0.8605108370 0.0000000000
9.7543351415 1.2500000000 3.5328939754 -2.1319174089 0.8517189509 0.0000000000
9.7543406707 1.2500000000 3.5322708572 -2.1472876753 0.8430783715 0.0000000000
9.7543461487 1.2500000000 3.5315750065 -2.1626363292 0.8341555072 0.0000000000
9.7543515763 1.2500000000 3.5308315860 -2.1779712034 0.8250478756 0.0000000000
9.7543569378 1.2500000000 3.5301698033 -2.1933290686 0.8162575987 0.0000000000
9.7543622563 1.2500000000 3.5294229229 -2.2086628882 0.8071365492 0.0000000000
9.7543675089 1.2500000000 3.5287442274 -2.2240168900 0.7982801666 0.0000000000
9.7543727096 1.2500000000 3.5281204632 -2.2393879186 0.7896366983 0.0000000000
9.7543778614 1.2500000000 3.5274860360 -2.2547559916 0.7809517602 0.0000000000
9.7543829665 1.2500000000 3.5268369252 -2.2701198398 0.7722097779 0.0000000000
9.7543880360 1.2500000000 3.5260210583 -2.2854304394 0.7628220705 0.0000000000
9.7543930494 1.2500000000 3.5252409242 -2.3007529408 0.7535725336 0.0000000000
9.7543980015 1.2500000000 3.5245695729 -2.3161108785 0.7447439531 0.0000000000
9.7544029274 1.2500000000 3.5238274819 -2.3314440260 0.7356423304 0.0000000000
9.7544077871 1.2500000000 3.5231423058 -2.3467968016 0.7267605154 0.0000000000
9.7544126037 1.2500000000 3.5225135868 -2.3621659622 0.7180979754 0.0000000000
9.7544173766 1.2500000000 3.5218269180 -2.3775173578 0.7092107420 0.0000000000
9.7544221177 1.2500000000 3.5210457871 -2.3928401726 0.6999570922 0.0000000000
9.7544268078 1.2500000000 3.5202718165 -2.4081648436 0.6907313415 0.0000000000
9.7544314522 1.2500000000 3.5194962925 -2.4234884159 0.6814998166 0.0000000000
9.7544360597 1.2500000000 3.5188566323 -2.4388542271 0.6727948516 0.0000000000
9.7544406122 1.2500000000 3.5181612263 -2.4542034025 0.6638735570 0.0000000000
9.7544451340 1.2500000000 3.5174897689 -2.4695582102 0.6550458045 0.0000000000
9.7544496230 1.2500000000 3.5168026730 -2.4849081191 0.6461574572 0.0000000000
9.7544540720 1.2500000000 3.5159519505 -2.5002063011 0.6366352946 0.0000000000
9.7544584743 1.2500000000 3.5152297217 -2.5155504410 0.6276087232 0.0000000000
9.7544628458 1.2500000000 3.5144248034 -2.5308654962 0.6182630283 0.0000000000
9.7544671695 1.2500000000 3.5137119791 -2.5462107054 0.6092736471 0.0000000000
9.7544714332 1.2500000000 3.5130450844 -2.5615670264 0.6004635402 0.0000000000
9.7544756744 1.2500000000 3.5123985046 -2.5769275140 0.5917330260 0.0000000000
9.7544798884 1.2500000000 3.5116409585 -2.5922543251 0.5825721171 0.0000000000
9.7544840638 1.2500000000 3.5107691789 -2.6075451884 0.5729686533 0.0000000000
9.7544882353 1.2500000000 3.5099210799 -2.6228431084 0.5634570892 0.0000000000
9.7544923672 1.2500000000 3.5092555801 -2.6381976646 0.5546532677 0.0000000000
9.7544964583 1.2500000000 3.5085155678 -2.6535330540 0.5455590626 0.0000000000
9.7545005023 1.2500000000 3.5078197341 -2.6688792217 0.5366372607 0.0000000000
9.7545045047 1.2500000000 3.5071785413 -2.6842384381 0.5279288030 0.0000000000
9.7545084802 1.2500000000 3.5063265763 -2.6995316542 0.5184036566 0.0000000000
9.7545124184 1.2500000000 3.5055241822 -2.7148439371 0.5090691670 0.0000000000
9.7545163180 1.2500000000 3.5046603854 -2.7301405526 0.4994953337 0.0000000000
9.7545201945 1.2500000000 3.5038509096 -2.7454494712 0.4901338628 0.0000000000
9.7545240126 1.2500000000 3.5031734420 -2.7607991162 0.4812841347 0.0000000000
9.7545278016 1.2500000000 3.5025162102 -2.7761526474 0.4725137947 0.0000000000
9.7545315674 1.2500000000 3.5017849414 -2.7914830269 0.4634565677 0.0000000000
9.7545352970 1.2500000000 3.5008824674 -2.8067615222 0.4537352737 0.0000000000
9.7545389911 1.2500000000 3.4999937608 -2.8220495441 0.4440652387 0.0000000000
9.7545426448 1.2500000000 3.4992678806 -2.8373838974 0.4350279763 0.0000000000
9.7545462858 1.2500000000 3.4985192585 -2.8527107885 0.4259027317 0.0000000000
9.7545498769 1.2500000000 3.4977753039 -2.8680390515 0.4167956078 0.0000000000
9.7545534280 1.2500000000 3.4970770941 -2.8833826893 0.4078653138 0.0000000000
9.7545569570 1.2500000000 3.4961877581 -2.8986676642 0.3981939798 0.0000000000
9.7545604461 1.2500000000 3.4953933743 -2.9139806863 0.3888912355 0.0000000000
9.7545639112 1.2500000000 3.4945832952 -2.9292884271 0.3795278230 0.0000000000
9.7545673482 1.2500000000 3.4937801537 -2.9445979787 0.3701914362 0.0000000000
9.7545707538 1.2500000000 3.4930318795 -2.9599241796 0.3610678592 0.0000000000
9.7545741242 1.2500000000 3.4922988263 -2.9752537850 0.3520038044 0.0000000000
9.7545774620 1.2500000000 3.4914786403 -2.9905560765 0.3426021437 0.0000000000
9.7545807758 1.2500000000 3.4905908850 -3.0058374249 0.3329385832 0.0000000000
9.7545840641 1.2500000000 3.4897215449 -3.0211227400 0.3233470966 0.0000000000
9.7545873210 1.2500000000 3.4889845841 -3.0364504976 0.3142681504 0.0000000000
9.7545905471 1.2500000000 3.4882289350 -3.0517725777 0.3051167220 0.0000000000
9.7545937586 1.2500000000 3.4874482746 -3.0670863575 0.2958685684 0.0000000000
9.7545969328 1.2500000000 3.4866434078 -3.0823906108 0.2865274000 0.0000000000
9.7546000801 1.2500000000 3.4857725455 -3.0976734952 0.2769307971 0.0000000000
9.7546031910 1.2500000000 3.4849453943 -3.1129702209 0.2675035017 0.0000000000
9.7546062881 1.2500000000 3.4840797515 -3.1282528945 0.2579278614 0.0000000000
9.7546093623 1.2500000000 3.4832539073 -3.1435511834 0.2485051689 0.0000000000
9.7546124282 1.2500000000 3.4824271185 -3.1588471863 0.2390796124 0.0000000000
9.7546154589 1.2500000000 3.4816140359 -3.1741478182 0.2297070294 0.0000000000
9.7546184635 1.2500000000 3.4807785597 -3.1894399380 0.2202482765 0.0000000000
9.7546214339 1.2500000000 3.4799294723 -3.2047272323 0.2107370094 0.0000000000
9.7546243922 1.2500000000 3.4790590842 -3.2200080415 0.2011431332 0.0000000000
9.7546273336 1.2500000000 3.4782005601 -3.2352920230 0.1915954440 0.0000000000
9.7546302441 1.2500000000 3.4773556214 -3.2505801669 0.1821004319 0.0000000000
9.7546331319 1.2500000000 3.4765166226 -3.2658706386 0.1726282481 0.0000000000
9.7546359914 1.2500000000 3.4756755652 -3.2811583186 0.1631489464 0.0000000000
9.7546388350 1.2500000000 3.4748187445 -3.2964428143 0.1536078654 0.0000000000
9.7546416555 1.2500000000 3.4739532804 -3.3117235754 0.1440337043 0.0000000000
9.7546444547 1.2500000000 3.4730687139 -3.3269969175 0.1343861017 0.0000000000
9.7546472342 1.2500000000 3.4721815104 -3.3422681152 0.1247288085 0.0000000000
9.7546499847 1.2500000000 3.4713340053 -3.3575565477 0.1152234151 0.0000000000
9.7546527138 1.2500000000 3.4704595144 -3.3728316487 0.1056154110 0.0000000000
9.7546554246 1.2500000000 3.4695577427 -3.3880981531 0.0959017225 0.0000000000
9.7546581135 1.2500000000 3.4686311815 -3.4033553085 0.0860926157 0.0000000000
9.7546607818 1.2500000000 3.4677105290 -3.4186123844 0.0763071752 0.0000000000
9.7546634346 1.2500000000 3.4668120351 -3.4338794507 0.0666063732 0.0000000000
9.7546660622 1.2500000000 3.4659556620 -3.4491648568 0.0570667183 0.0000000000
9.7546686753 1.2500000000 3.4650959118 -3.4644514031 0.0475130989 0.0000000000
9.7546712658 1.2500000000 3.4641762287 -3.4797117927 0.0377302107 0.0000000000
9.7546738386 1.2500000000 3.4632099822 -3.4949502195 0.0277698539 0.0000000000
9.7546763994 1.2500000000 3.4622577346 -3.5101947934 0.0178630340 0.0000000000
9.7546789374 1.2500000000 3.4612018472 -3.5253933221 0.0075600732 0.0000000000
9.7546814691 1.2500000000 3.4603215369 -3.5406737036 -0.0020733209 0.0000000000
9.7546839851 1.2500000000 3.4594122782 -3.5559396759 -0.0118167444 0.0000000000
9.7546864897 1.2500000000 3.4584612803 -3.5711868885 -0.0217196213 0.0000000000
9.7546889834 1.2500000000 3.4575802579 -3.5864700783 -0.0313569866 0.0000000000
9.7546914769 1.2500000000 3.4566332524 -3.6017226508 -0.0412460379 0.0000000000
9.7546939692 1.2500000000 3.4556226588 -3.6169419544 -0.0513761337 0.0000000000
9.7546964672 1.2500000000 3.4545737557 -3.6321435835 -0.0616523975 0.0000000000
9.7546989905 1.2500000000 3.4536228503 -3.6473968028 -0.0715573068 0.0000000000
9.7547015619 1.2500000000 3.4527492464 -3.6626871963 -0.0811678799 0.0000000000
9.7547042481 1.2500000000 3.4518271583 -3.6779480803 -0.0909605859 0.0000000000
9.7547075465 1.2500000000 3.4508200000 -3.6931750000 -0.1010799870 0.0000000000
