# logAge Mass logTe Mbol logg C/O
-0.4084510595 1.1000000000 3.5805800000 -1.8264250000 1.1091426852 0.0000000000
-0.3641300827 1.1000000000 3.5805846490 -1.8263408867 1.1091949265 0.0000000000
-0.3198091104 1.1000000000 3.5805891607 -1.8262443354 1.1092515937 0.0000000000
-0.2754881421 1.1000000000 3.5805936508 -1.8261370167 1.1093124818 0.0000000000
-0.2311671772 1.1000000000 3.5805982352 -1.8260206009 1.1093773857 0.0000000000
-0.1868462154 1.1000000000 3.5806030013 -1.8258963496 1.1094461506 0.0000000000
-0.1425252596 1.1000000000 3.5806076524 -1.8257599863 1.1095193003 0.0000000000
-0.0982043147 1.1000000000 3.5806116545 -1.8256034083 1.1095979397 0.0000000000
-0.0538833836 1.1000000000 3.5806156903 -1.8254234349 1.1096860723 0.0000000000
-0.0095624667 1.1000000000 3.5806218670 -1.8252227526 1.1097910519 0.0000000000
0.0347584345 1.1000000000 3.5806308907 -1.8250022181 1.1099153607 0.0000000000
0.0790793159 1.1000000000 3.5806405988 -1.8247584977 1.1100516814 0.0000000000
0.1234001730 1.1000000000 3.5806494079 -1.8244881155 1.1101950706 0.0000000000
0.1677210002 1.1000000000 3.5806587271 -1.8241887071 1.1103521109 0.0000000000
0.2120417917 1.1000000000 3.5806703679 -1.8238581529 1.1105308956 0.0000000000
0.2563625406 1.1000000000 3.5806849027 -1.8234944278 1.1107345250 0.0000000000
0.3006832399 1.1000000000 3.5807023131 -1.8230954161 1.1109637709 0.0000000000
0.3450038803 1.1000000000 3.5807210209 -1.8226576777 1.1112136977 0.0000000000
0.3893244513 1.1000000000 3.5807386514 -1.8221768556 1.1114765487 0.0000000000
0.4336449309 1.1000000000 3.5807560934 -1.8216459652 1.1117586727 0.0000000000
0.4779652861 1.1000000000 3.5807774370 -1.8210554855 1.1120802389 0.0000000000
0.5222854914 1.1000000000 3.5808042739 -1.8203992494 1.1124500809 0.0000000000
0.5666055339 1.1000000000 3.5808339344 -1.8196766848 1.1128577487 0.0000000000
0.6109253835 1.1000000000 3.5808646286 -1.8188832414 1.1132979028 0.0000000000
0.6552449606 1.1000000000 3.5808980110 -1.8180021766 1.1137838584 0.0000000000
0.6995641865 1.1000000000 3.5809359826 -1.8170178308 1.1143294833 0.0000000000
0.7438830253 1.1000000000 3.5809788698 -1.8159293681 1.1149364171 0.0000000000
0.7882014431 1.1000000000 3.5810264222 -1.8147383321 1.1156030411 0.0000000000
0.8325193174 1.1000000000 3.5810774432 -1.8134292812 1.1163307454 0.0000000000
0.8768364819 1.1000000000 3.5811305228 -1.8119787121 1.1171232914 0.0000000000
0.9211527844 1.1000000000 3.5811886976 -1.8103716308 1.1179988234 0.0000000000
0.9654680829 1.1000000000 3.5812585603 -1.8085999513 1.1189869459 0.0000000000
1.0097821386 1.1000000000 3.5813406082 -1.8066462951 1.1200966001 0.0000000000
1.0540945808 1.1000000000 3.5814269470 -1.8044804351 1.1213082990 0.0000000000
1.0984050978 1.1000000000 3.5815142818 -1.8020809362 1.1226174377 0.0000000000
1.1427135318 1.1000000000 3.5816110205 -1.7994482204 1.1240574789 0.0000000000
1.1870195164 1.1000000000 3.5817239794 -1.7965685333 1.1256611893 0.0000000000
1.2313217936 1.1000000000 3.5818475777 -1.7933614461 1.1274384173 0.0000000000
1.2756189717 1.1000000000 3.5819746815 -1.7897403519 1.1293952703 0.0000000000
1.3199102311 1.1000000000 3.5821081847 -1.7856875452 1.1315504058 0.0000000000
1.3641949528 1.1000000000 3.5822547800 -1.7812118055 1.1339270830 0.0000000000
1.4084719938 1.1000000000 3.5824156502 -1.7762890520 1.1365396650 0.0000000000
1.4527398287 1.1000000000 3.5825881922 -1.7708720458 1.1393966357 0.0000000000
1.4969965333 1.1000000000 3.5827727046 -1.7649135722 1.1425180747 0.0000000000
1.5412397389 1.1000000000 3.5829729392 -1.7583672367 1.1459375474 0.0000000000
1.5854678009 1.1000000000 3.5831947068 -1.7512138065 1.1496859897 0.0000000000
1.6296805071 1.1000000000 3.5834473883 -1.7434858999 1.1537878785 0.0000000000
1.6738763451 1.1000000000 3.5837358383 -1.7351795807 1.1582642062 0.0000000000
1.7180489804 1.1000000000 3.5840486446 -1.7261509900 1.1631268676 0.0000000000
1.7621917690 1.1000000000 3.5843749120 -1.7162524670 1.1683913462 0.0000000000
1.8063021115 1.1000000000 3.5847266107 -1.7054842717 1.1741054194 0.0000000000
1.8503786683 1.1000000000 3.5851228580 -1.6938944047 1.1803263553 0.0000000000
1.8944176040 1.1000000000 3.5855689332 -1.6814583853 1.1870850637 0.0000000000
1.9384125644 1.1000000000 3.5860603649 -1.6680910619 1.1943977200 0.0000000000
1.9823488601 1.1000000000 3.5865837213 -1.6535756335 1.2022973170 0.0000000000
2.0262064020 1.1000000000 3.5871228277 -1.6376381131 1.2108287506 0.0000000000
2.0699627694 1.1000000000 3.5876694356 -1.6200633180 1.2200451002 0.0000000000
2.1136239241 1.1000000000 3.5882463233 -1.6010616570 1.2299533154 0.0000000000
2.1572045114 1.1000000000 3.5888813896 -1.5809561963 1.2405357652 0.0000000000
2.2006907745 1.1000000000 3.5895668832 -1.5596222131 1.2518113327 0.0000000000
2.2440982980 1.1000000000 3.5903290765 -1.5373201905 1.2637809148 0.0000000000
2.2873865434 1.1000000000 3.5911347562 -1.5136310925 1.2764792731 0.0000000000
2.3305610903 1.1000000000 3.5920040344 -1.4886796597 1.2899369591 0.0000000000
2.3734658487 1.1000000000 3.5928243807 -1.4609759140 1.3042998423 0.0000000000
2.4162194302 1.1000000000 3.5936726967 -1.4318458731 1.3193451226 0.0000000000
2.4588740884 1.1000000000 3.5946243376 -1.4018489541 1.3351504541 0.0000000000
2.5013991346 1.1000000000 3.5956431825 -1.3707298251 1.3516734853 0.0000000000
2.5437922757 1.1000000000 3.5967297720 -1.3385241462 1.3689021146 0.0000000000
2.5858758762 1.1000000000 3.5977767862 -1.3038628379 1.3869546947 0.0000000000
2.6277109343 1.1000000000 3.5988064276 -1.2673694009 1.4056706353 0.0000000000
2.6694884573 1.1000000000 3.5999635808 -1.2304901290 1.4250509569 0.0000000000
2.7111296306 1.1000000000 3.6011912447 -1.1926684338 1.4450902903 0.0000000000
2.7524989167 1.1000000000 3.6023872164 -1.1530367785 1.4657268392 0.0000000000
2.7935756111 1.1000000000 3.6035512405 -1.1115260296 1.4869872353 0.0000000000
2.8345678520 1.1000000000 3.6048118635 -1.0695151017 1.5088340985 0.0000000000
2.8754094501 1.1000000000 3.6061020333 -1.0266012894 1.5311603028 0.0000000000
2.9160458455 1.1000000000 3.6074014666 -0.9824994592 1.5539987678 0.0000000000
2.9564122635 1.1000000000 3.6086741953 -0.9368591136 1.5773458207 0.0000000000
2.9966600420 1.1000000000 3.6099883765 -0.8905770716 1.6011153623 0.0000000000
3.0368378040 1.1000000000 3.6113658987 -0.8439264242 1.6252857105 0.0000000000
3.0767494166 1.1000000000 3.6127043354 -0.7958682171 1.6498627400 0.0000000000
3.1164615793 1.1000000000 3.6140352297 -0.7467827988 1.6748204846 0.0000000000
3.1561069911 1.1000000000 3.6154039021 -0.6973674724 1.7000613045 0.0000000000
3.1957128116 1.1000000000 3.6168389739 -0.6477638426 1.7256430439 0.0000000000
3.2350135574 1.1000000000 3.6181961814 -0.5966550135 1.7515154052 0.0000000000
3.2741757552 1.1000000000 3.6195402406 -0.5448838060 1.7776001251 0.0000000000
3.3133145700 1.1000000000 3.6209360124 -0.4930102745 1.8039326249 0.0000000000
3.3524205515 1.1000000000 3.6223965388 -0.4409934371 1.8305814654 0.0000000000
3.3911748077 1.1000000000 3.6237065546 -0.3873310528 1.8572864824 0.0000000000
3.4299360808 1.1000000000 3.6250772490 -0.3337098647 1.8842177354 0.0000000000
3.4688092057 1.1000000000 3.6265685593 -0.2806180364 1.9114197078 0.0000000000
3.5073199316 1.1000000000 3.6279003103 -0.2258784436 1.9386425490 0.0000000000
3.5457870683 1.1000000000 3.6292578361 -0.1709483233 1.9660447002 0.0000000000
3.5842662717 1.1000000000 3.6306488252 -0.1160754547 1.9935578040 0.0000000000
3.6227435648 1.1000000000 3.6320813563 -0.0612013200 2.0212375823 0.0000000000
3.6609053252 1.1000000000 3.6333731049 -0.0049452139 2.0489070194 0.0000000000
3.6991034762 1.1000000000 3.6347153189 0.0511486566 2.0767134233 0.0000000000
3.7373444779 1.1000000000 3.6361012523 0.1070530330 2.1046189074 0.0000000000
3.7754826350 1.1000000000 3.6374560055 0.1633968124 2.1325754319 0.0000000000
3.8134263617 1.1000000000 3.6387244622 0.2205704031 2.1605186951 0.0000000000
3.8514424867 1.1000000000 3.6400533916 0.2774338848 2.1885798054 0.0000000000
3.8894858891 1.1000000000 3.6414197579 0.3341767890 2.2167424324 0.0000000000
3.9273956482 1.1000000000 3.6427201344 0.3914795669 2.2448650494 0.0000000000
3.9651744151 1.1000000000 3.6439583604 0.4493358840 2.2729604802 0.0000000000
4.0029924737 1.1000000000 3.6452341281 0.5070267146 2.3011398835 0.0000000000
4.0408458635 1.1000000000 3.6465353186 0.5645689301 2.3293615315 0.0000000000
4.0785272580 1.1000000000 3.6477450306 0.6228228372 2.3575019425 0.0000000000
4.1161555299 1.1000000000 3.6489399281 0.6812947426 2.3856702946 0.0000000000
4.1538517742 1.1000000000 3.6501627060 0.7394886297 2.4138389611 0.0000000000
4.1915671209 1.1000000000 3.6514051303 0.7976021236 2.4420540560 0.0000000000
4.2291539656 1.1000000000 3.6525770762 0.8562411722 2.4701974588 0.0000000000
4.2666589475 1.1000000000 3.6537033311 0.9152145208 2.4982918180 0.0000000000
4.3042087203 1.1000000000 3.6548449615 0.9740075423 2.5263755480 0.0000000000
4.3417856810 1.1000000000 3.6559811054 1.0326927166 2.5543941936 0.0000000000
4.3794219876 1.1000000000 3.6571358257 1.0911359983 2.5823903873 0.0000000000
4.4169147104 1.1000000000 3.6581857886 1.1501670813 2.6102026722 0.0000000000
4.4545051266 1.1000000000 3.6592282327 1.2088090163 2.6378292223 0.0000000000
4.4922423038 1.1000000000 3.6602685664 1.2668586007 2.6652103909 0.0000000000
4.5301968668 1.1000000000 3.6612823743 1.3240185068 2.6921295850 0.0000000000
4.5684759509 1.1000000000 3.6622682107 1.3798118077 2.7183902512 0.0000000000
4.6071288105 1.1000000000 3.6631325221 1.4339782915 2.7435140900 0.0000000000
4.6465377276 1.1000000000 3.6639462042 1.4846230623 2.7670267271 0.0000000000
4.6869194402 1.1000000000 3.6646665080 1.5302261740 2.7881491868 0.0000000000
4.7283944891 1.1000000000 3.6652905840 1.5692125367 2.8062400358 0.0000000000
4.7708728577 1.1000000000 3.6657882432 1.6007551834 2.8208477314 0.0000000000
4.8140845136 1.1000000000 3.6661807132 1.6253446873 2.8322534127 0.0000000000
4.8576912210 1.1000000000 3.6664993075 1.6451352214 2.8414440039 0.0000000000
4.9014780466 1.1000000000 3.6667614538 1.6622751195 2.8493485483 0.0000000000
4.9452984904 1.1000000000 3.6670160688 1.6788676661 2.8570040268 0.0000000000
4.9890379118 1.1000000000 3.6672733221 1.6967523962 2.8651869322 0.0000000000
5.0325868341 1.1000000000 3.6675585530 1.7173529216 2.8745680658 0.0000000000
5.0757756923 1.1000000000 3.6678957274 1.7422349152 2.8858695609 0.0000000000
5.1183055413 1.1000000000 3.6683327047 1.7733860178 2.9000779111 0.0000000000
5.1596040967 1.1000000000 3.6688779474 1.8135134583 2.9183098582 0.0000000000
5.1986537250 1.1000000000 3.6695999516 1.8657638839 2.9420980451 0.0000000000
5.2340607403 1.1000000000 3.6704894210 1.9322103928 2.9722345262 0.0000000000
5.2651434174 1.1000000000 3.6715061038 2.0110634976 3.0078424992 0.0000000000
5.2932751065 1.1000000000 3.6725369296 2.0966309061 3.0461927661 0.0000000000
5.3210415157 1.1000000000 3.6734881969 2.1829597879 3.0845293881 0.0000000000
5.3496054541 1.1000000000 3.6743914671 2.2676484759 3.1220179437 0.0000000000
5.3789855196 1.1000000000 3.6752438748 2.3505767070 3.1585988673 0.0000000000
5.4090695633 1.1000000000 3.6760174036 2.4319182803 3.1942296117 0.0000000000
5.4397904745 1.1000000000 3.6767488368 2.5117614878 3.2290926275 0.0000000000
5.4710039742 1.1000000000 3.6773757138 2.5904083979 3.2630588995 0.0000000000
5.5026940023 1.1000000000 3.6779224044 2.6678585168 3.2962257093 0.0000000000
5.5348371607 1.1000000000 3.6784260946 2.7441345199 3.3287508714 0.0000000000
5.5673639665 1.1000000000 3.6788684885 2.8193898174 3.3606225663 0.0000000000
5.6002547967 1.1000000000 3.6792617216 2.8936515375 3.3919001865 0.0000000000
5.6334379568 1.1000000000 3.6795866725 2.9670976868 3.4225784498 0.0000000000
5.6669209942 1.1000000000 3.6798764749 3.0396897130 3.4527744698 0.0000000000
5.7006273275 1.1000000000 3.6801011226 3.1116340196 3.4824507834 0.0000000000
5.7345785492 1.1000000000 3.6803005062 3.1828560696 3.5117371379 0.0000000000
5.7686915063 1.1000000000 3.6804246789 3.2535943381 3.5405291360 0.0000000000
5.8030101877 1.1000000000 3.6805209978 3.3237086660 3.5689601428 0.0000000000
5.8374580911 1.1000000000 3.6805566812 3.3934261776 3.5969898811 0.0000000000
5.8720262638 1.1000000000 3.6805533377 3.4627709027 3.6247143970 0.0000000000
5.9067170221 1.1000000000 3.6804930475 3.5317316862 3.6520575496 0.0000000000
5.9414947263 1.1000000000 3.6803778840 3.6004177092 3.6790713050 0.0000000000
5.9763497011 1.1000000000 3.6802137067 3.6688576032 3.7057905531 0.0000000000
6.0113038407 1.1000000000 3.6800122462 3.7369799917 3.7322336666 0.0000000000
6.0462902096 1.1000000000 3.6797422782 3.8049973804 3.7583607500 0.0000000000
6.0813942868 1.1000000000 3.6794534499 3.8726336492 3.7842599444 0.0000000000
6.1165639809 1.1000000000 3.6791162241 3.9400557138 3.8098798669 0.0000000000
6.1518380934 1.1000000000 3.6787383627 4.0071345276 3.8351999471 0.0000000000
6.1872696721 1.1000000000 3.6783617036 4.0736930604 3.8603167236 0.0000000000
6.2228319727 1.1000000000 3.6779621278 4.1398134428 3.8851665733 0.0000000000
6.2585701230 1.1000000000 3.6775543004 4.2053383969 3.9097452457 0.0000000000
6.2945088474 1.1000000000 3.6771505368 4.2701740621 3.9340644572 0.0000000000
6.3306392404 1.1000000000 3.6767500079 4.3343406561 3.9581289791 0.0000000000
6.3670413483 1.1000000000 3.6763728742 4.3975403919 3.9819003389 0.0000000000
6.4037703299 1.1000000000 3.6760577109 4.4595484184 4.0054428960 0.0000000000
6.4408624676 1.1000000000 3.6758124470 4.5201919138 4.0287192385 0.0000000000
6.4783991449 1.1000000000 3.6756886622 4.5791029127 4.0517884991 0.0000000000
6.5164426147 1.1000000000 3.6756938016 4.6359450088 4.0745458952 0.0000000000
6.5550706115 1.1000000000 3.6758887287 4.6902637044 4.0970530816 0.0000000000
6.5943744369 1.1000000000 3.6763252583 4.7414495719 4.1192735469 0.0000000000
6.6344490307 1.1000000000 3.6770768564 4.7887243266 4.1411898416 0.0000000000
6.6753536145 1.1000000000 3.6782024602 4.8312634374 4.1627079010 0.0000000000
6.7171762791 1.1000000000 3.6798360469 4.8676616680 4.1838015398 0.0000000000
6.7599389341 1.1000000000 3.6821234761 4.8961112302 4.2043310816 0.0000000000
6.8035257550 1.1000000000 3.6852027578 4.9143816559 4.2239563785 0.0000000000
6.8475863684 1.1000000000 3.6892692864 4.9194800208 4.2422618392 0.0000000000
6.8913609501 1.1000000000 3.6944401684 4.9088227620 4.2586824636 0.0000000000
6.9337157242 1.1000000000 3.7007317252 4.8806558237 4.2725819154 0.0000000000
6.9735117957 1.1000000000 3.7079350713 4.8355740377 4.2833625856 0.0000000000
7.0099905816 1.1000000000 3.7157871487 4.7759290754 4.2909129101 0.0000000000
7.0430109295 1.1000000000 3.7239889183 4.7050070369 4.2953511731 0.0000000000
7.0726785604 1.1000000000 3.7323155746 4.6254188261 4.2968225142 0.0000000000
7.0994648727 1.1000000000 3.7405968198 4.5396394552 4.2956357464 0.0000000000
7.1238310041 1.1000000000 3.7487536088 4.4493729317 4.2921562930 0.0000000000
7.1462682559 1.1000000000 3.7567662776 4.3559513886 4.2868383510 0.0000000000
7.1673495471 1.1000000000 3.7646208346 4.2604892906 4.2800717398 0.0000000000
7.1874058280 1.1000000000 3.7724446486 4.1636381973 4.2726265586 0.0000000000
7.2074507132 1.1000000000 3.7804283255 4.0668539284 4.2658475585 0.0000000000
7.2297095964 1.1000000000 3.7892233305 3.9736817233 4.2637586963 0.0000000000
7.2645447833 1.1000000000 3.8007207952 3.9252602949 4.2903799840 0.0000000000
7.2949487868 1.1000000000 3.8063435543 4.0026550416 4.3438289191 0.0000000000
7.3171884407 1.1000000000 3.8077966363 4.0983629228 4.3879243994 0.0000000000
7.3384824042 1.1000000000 3.8073727575 4.1955189010 4.4250912756 0.0000000000
7.3648784585 1.1000000000 3.8059500000 4.2840500000 4.4548126852 0.0000000000
7.3853714043 1.1000000000 3.8052000000 4.3168750000 4.4649426852 0.0000000000
7.3953665386 1.1000000000 3.8050413753 4.3237938040 4.4670757078 0.0000000000
7.4056294635 1.1000000000 3.8049832394 4.3268183461 4.4680529813 0.0000000000
7.4159953579 1.1000000000 3.8050019641 4.3271243331 4.4682502746 0.0000000000
7.4263348019 1.1000000000 3.8050751721 4.3257937767 4.4680108843 0.0000000000
7.4366437066 1.1000000000 3.8051849190 4.3235768111 4.4675630855 0.0000000000
7.4469415400 1.1000000000 3.8053157914 4.3210308693 4.4670681987 0.0000000000
7.4572361969 1.1000000000 3.8054566854 4.3183819657 4.4665722132 0.0000000000
7.4675332301 1.1000000000 3.8055980786 4.3157899227 4.4661009687 0.0000000000
7.4778358960 1.1000000000 3.8057359796 4.3133544981 4.4656784028 0.0000000000
7.4881465193 1.1000000000 3.8058686350 4.3111510905 4.4653276614 0.0000000000
7.4984663090 1.1000000000 3.8059944574 4.3092251468 4.4650605737 0.0000000000
7.5087935573 1.1000000000 3.8061122776 4.3075438242 4.4648593252 0.0000000000
7.5191260848 1.1000000000 3.8062209938 4.3060616156 4.4647013067 0.0000000000
7.5294620368 1.1000000000 3.8063197229 4.3047413202 4.4645681050 0.0000000000
7.5398008216 1.1000000000 3.8064084308 4.3035780242 4.4644576180 0.0000000000
7.5501421541 1.1000000000 3.8064872895 4.3025746566 4.4643717057 0.0000000000
7.5604857472 1.1000000000 3.8065564788 4.3017337927 4.4643121174 0.0000000000
7.5708312296 1.1000000000 3.8066164798 4.3010441877 4.4642762793 0.0000000000
7.5811781201 1.1000000000 3.8066681655 4.3004766084 4.4642559907 0.0000000000
7.5915259304 1.1000000000 3.8067124356 4.3000006158 4.4642426738 0.0000000000
7.6018741739 1.1000000000 3.8067501892 4.2995858544 4.4642277835 0.0000000000
7.6122225255 1.1000000000 3.8067823121 4.2992092240 4.4642056231 0.0000000000
7.6225709439 1.1000000000 3.8068096666 4.2988603918 4.4641755082 0.0000000000
7.6329194167 1.1000000000 3.8068331124 4.2985303234 4.4641372643 0.0000000000
7.6432679315 1.1000000000 3.8068535095 4.2982099840 4.4640907167 0.0000000000
7.6536164763 1.1000000000 3.8068716774 4.2978908117 4.4640357194 0.0000000000
7.6639650443 1.1000000000 3.8068879483 4.2975699863 4.4639724728 0.0000000000
7.6743136319 1.1000000000 3.8069023296 4.2972485114 4.4639014083 0.0000000000
7.6846622359 1.1000000000 3.8069148231 4.2969274602 4.4638229615 0.0000000000
7.6950108527 1.1000000000 3.8069254302 4.2966079056 4.4637375681 0.0000000000
7.7053594790 1.1000000000 3.8069341600 4.2962908769 4.4636456761 0.0000000000
7.7157081116 1.1000000000 3.8069411926 4.2959764079 4.4635480185 0.0000000000
7.7260567473 1.1000000000 3.8069468770 4.2956635448 4.4634456110 0.0000000000
7.7364053829 1.1000000000 3.8069515699 4.2953512916 4.4633394813 0.0000000000
7.7467540152 1.1000000000 3.8069556277 4.2950386524 4.4632306569 0.0000000000
7.7571026412 1.1000000000 3.8069594070 4.2947246313 4.4631201656 0.0000000000
7.7674512577 1.1000000000 3.8069632170 4.2944082712 4.4630088617 0.0000000000
7.7777998610 1.1000000000 3.8069670615 4.2940888681 4.4628964783 0.0000000000
7.7881484474 1.1000000000 3.8069708228 4.2937658179 4.4627823036 0.0000000000
7.7984970131 1.1000000000 3.8069743831 4.2934385173 4.4626656244 0.0000000000
7.8088455545 1.1000000000 3.8069776244 4.2931063624 4.4625457277 0.0000000000
7.8191940677 1.1000000000 3.8069804290 4.2927687502 4.4624219012 0.0000000000
7.8295425495 1.1000000000 3.8069827558 4.2924251871 4.4622937830 0.0000000000
7.8398909981 1.1000000000 3.8069847518 4.2920754500 4.4621618724 0.0000000000
7.8502394115 1.1000000000 3.8069865928 4.2917193564 4.4620267988 0.0000000000
7.8605877881 1.1000000000 3.8069884542 4.2913567242 4.4618891916 0.0000000000
7.8709361261 1.1000000000 3.8069905109 4.2909873757 4.4617496790 0.0000000000
7.8812844281 1.1000000000 3.8069928308 4.2906118075 4.4616087315 0.0000000000
7.8916327049 1.1000000000 3.8069952660 4.2902318787 4.4614665006 0.0000000000
7.9019809685 1.1000000000 3.8069976423 4.2898496126 4.4613230995 0.0000000000
7.9123292310 1.1000000000 3.8069997858 4.2894670325 4.4611786414 0.0000000000
7.9226775003 1.1000000000 3.8070016125 4.2890855021 4.4610333360 0.0000000000
7.9330257617 1.1000000000 3.8070035407 4.2887027067 4.4608879305 0.0000000000
7.9433739929 1.1000000000 3.8070061627 4.2883150570 4.4607433588 0.0000000000
7.9537221712 1.1000000000 3.8070100712 4.2879189620 4.4606005549 0.0000000000
7.9640702817 1.1000000000 3.8070155561 4.2875120155 4.4604597156 0.0000000000
7.9744183377 1.1000000000 3.8070217497 4.2870963391 4.4603182198 0.0000000000
7.9847663590 1.1000000000 3.8070275082 4.2866751367 4.4601727728 0.0000000000
7.9951143653 1.1000000000 3.8070317316 4.2862515237 4.4600202211 0.0000000000
8.0054623605 1.1000000000 3.8070345041 4.2858262445 4.4598611994 0.0000000000
8.0158103320 1.1000000000 3.8070371966 4.2853974672 4.4597004585 0.0000000000
8.0261582662 1.1000000000 3.8070412379 4.2849632392 4.4595429323 0.0000000000
8.0365061565 1.1000000000 3.8070472880 4.2845226135 4.4593908824 0.0000000000
8.0468540095 1.1000000000 3.8070545384 4.2840765643 4.4592414645 0.0000000000
8.0572018332 1.1000000000 3.8070620197 4.2836262719 4.4590912727 0.0000000000
8.0675496284 1.1000000000 3.8070691927 4.2831719274 4.4589382271 0.0000000000
8.0778973833 1.1000000000 3.8070763012 4.2827119230 4.4587826592 0.0000000000
8.0882450850 1.1000000000 3.8070836609 4.2822444810 4.4586251212 0.0000000000
8.0985927233 1.1000000000 3.8070913278 4.2817683283 4.4584653277 0.0000000000
8.1089402906 1.1000000000 3.8070990918 4.2812827076 4.4583021353 0.0000000000
8.1192877852 1.1000000000 3.8071068260 4.2807875776 4.4581350201 0.0000000000
8.1296352370 1.1000000000 3.8071149469 4.2802868479 4.4579672120 0.0000000000
8.1399826854 1.1000000000 3.8071240249 4.2797856245 4.4578030344 0.0000000000
8.1503301170 1.1000000000 3.8071333433 4.2792822983 4.4576389777 0.0000000000
8.1606774548 1.1000000000 3.8071406344 4.2787671596 4.4574620866 0.0000000000
8.1710246580 1.1000000000 3.8071449606 4.2782350887 4.4572665631 0.0000000000
8.1813718011 1.1000000000 3.8071494842 4.2776955830 4.4570688552 0.0000000000
8.1917189575 1.1000000000 3.8071573739 4.2771580093 4.4568853847 0.0000000000
8.2020660871 1.1000000000 3.8071680444 4.2766175547 4.4567118848 0.0000000000
8.2124131195 1.1000000000 3.8071795662 4.2760655883 4.4565371852 0.0000000000
8.2227600221 1.1000000000 3.8071890932 4.2754984613 4.4563484423 0.0000000000
8.2331067879 1.1000000000 3.8071944905 4.2749156748 4.4561369170 0.0000000000
8.2434534664 1.1000000000 3.8072000234 4.2743232118 4.4559220636 0.0000000000
8.2538001011 1.1000000000 3.8072103587 4.2737263882 4.4557246753 0.0000000000
8.2641466306 1.1000000000 3.8072225201 4.2731185414 4.4555301820 0.0000000000
8.2744930001 1.1000000000 3.8072339083 4.2724937943 4.4553258360 0.0000000000
8.2848392239 1.1000000000 3.8072466036 4.2718541624 4.4551207645 0.0000000000
8.2951852885 1.1000000000 3.8072586652 4.2711986880 4.4549068212 0.0000000000
8.3055311652 1.1000000000 3.8072652769 4.2705245470 4.4546636115 0.0000000000
8.3158769568 1.1000000000 3.8072725955 4.2698421762 4.4544199376 0.0000000000
8.3262226917 1.1000000000 3.8072860090 4.2691550677 4.4541987481 0.0000000000
8.3365682027 1.1000000000 3.8073013207 4.2684475822 4.4539770010 0.0000000000
8.3469136298 1.1000000000 3.8073121183 4.2677317100 4.4537338423 0.0000000000
8.3572590051 1.1000000000 3.8073185984 4.2670109697 4.4534714665 0.0000000000
8.3676039568 1.1000000000 3.8073316394 4.2662539722 4.4532208318 0.0000000000
8.3779487624 1.1000000000 3.8073470914 4.2654843997 4.4529748105 0.0000000000
8.3882935029 1.1000000000 3.8073624755 4.2647097228 4.4527264764 0.0000000000
8.3986379758 1.1000000000 3.8073784237 4.2639129607 4.4524715641 0.0000000000
8.4089824423 1.1000000000 3.8073860884 4.2631148408 4.4521829752 0.0000000000
8.4193266888 1.1000000000 3.8074004767 4.2622999732 4.4519145814 0.0000000000
8.4296706920 1.1000000000 3.8074138935 4.2614655598 4.4516344829 0.0000000000
8.4400143000 1.1000000000 3.8074245594 4.2606012411 4.4513314191 0.0000000000
8.4503574210 1.1000000000 3.8074420134 4.2597015635 4.4510413640 0.0000000000
8.4607005875 1.1000000000 3.8074509997 4.2588044507 4.4507184644 0.0000000000
8.4710433782 1.1000000000 3.8074704335 4.2578816639 4.4504270847 0.0000000000
8.4813854927 1.1000000000 3.8074898297 4.2569126700 4.4501170721 0.0000000000
8.4917276333 1.1000000000 3.8074997340 4.2559445192 4.4497694288 0.0000000000
8.5020694035 1.1000000000 3.8075199298 4.2549529278 4.4494535754 0.0000000000
8.5124108016 1.1000000000 3.8075404755 4.2539374182 4.4491295546 0.0000000000
8.5227522093 1.1000000000 3.8075518526 4.2529217041 4.4487687772 0.0000000000
8.5330927544 1.1000000000 3.8075724191 4.2518532235 4.4484236508 0.0000000000
8.5434328601 1.1000000000 3.8075861453 4.2507580575 4.4480404893 0.0000000000
8.5537727923 1.1000000000 3.8076047954 4.2496529228 4.4476730360 0.0000000000
8.5641120973 1.1000000000 3.8076230108 4.2485120215 4.4472895369 0.0000000000
8.5744519283 1.1000000000 3.8076390521 4.2474014274 4.4469094646 0.0000000000
8.5847915043 1.1000000000 3.8076518613 4.2462754605 4.4465103147 0.0000000000
8.5951288343 1.1000000000 3.8076751307 4.2450278199 4.4461043359 0.0000000000
8.6054667329 1.1000000000 3.8076856532 4.2438086954 4.4456587763 0.0000000000
8.6158030223 1.1000000000 3.8077105716 4.2425090699 4.4452385995 0.0000000000
8.6261394251 1.1000000000 3.8077283142 4.2412138695 4.4447914896 0.0000000000
8.6364747851 1.1000000000 3.8077479838 4.2398685687 4.4443320479 0.0000000000
8.6468096809 1.1000000000 3.8077735570 4.2385011266 4.4438873637 0.0000000000
8.6571438728 1.1000000000 3.8077972250 4.2371007206 4.4434218736 0.0000000000
8.6674771410 1.1000000000 3.8078175106 4.2356582628 4.4429260328 0.0000000000
8.6778094533 1.1000000000 3.8078396335 4.2341734106 4.4424205834 0.0000000000
8.6881415617 1.1000000000 3.8078666110 4.2326772902 4.4419300452 0.0000000000
8.6984642056 1.1000000000 3.8079000031 4.2308131259 4.4413179478 0.0000000000
8.7088001038 1.1000000000 3.8079100110 4.2296707252 4.4409010191 0.0000000000
8.7191243813 1.1000000000 3.8079410654 4.2278624432 4.4403019239 0.0000000000
8.7294557047 1.1000000000 3.8079590124 4.2263462327 4.4397672279 0.0000000000
8.7397803073 1.1000000000 3.8079945809 4.2245580160 4.4391942153 0.0000000000
8.7501063218 1.1000000000 3.8080154553 4.2228219069 4.4385832689 0.0000000000
8.7604312546 1.1000000000 3.8080444659 4.2210458508 4.4379888890 0.0000000000
8.7707547016 1.1000000000 3.8080718548 4.2192165403 4.4373667204 0.0000000000
8.7810764501 1.1000000000 3.8081038307 4.2173286044 4.4367394498 0.0000000000
8.7913969035 1.1000000000 3.8081362213 4.2153972599 4.4360964743 0.0000000000
8.8017163672 1.1000000000 3.8081640059 4.2134332508 4.4354220092 0.0000000000
8.8120340198 1.1000000000 3.8081982835 4.2114103694 4.4347499670 0.0000000000
8.8223502529 1.1000000000 3.8082238258 4.2093420631 4.4340248135 0.0000000000
8.8326642532 1.1000000000 3.8082611517 4.2072063672 4.4333198390 0.0000000000
8.8429771331 1.1000000000 3.8082992830 4.2050372128 4.4326047024 0.0000000000
8.8532873399 1.1000000000 3.8083285030 4.2027891881 4.4318223725 0.0000000000
8.8635964307 1.1000000000 3.8083593850 4.2005095061 4.4310340275 0.0000000000
8.8739019039 1.1000000000 3.8083942612 4.1981304174 4.4302218968 0.0000000000
8.8842061429 1.1000000000 3.8084321466 4.1957192128 4.4294089568 0.0000000000
8.8945086148 1.1000000000 3.8084693267 4.1932603253 4.4285741222 0.0000000000
8.9048077716 1.1000000000 3.8085057184 4.1907164110 4.4277021231 0.0000000000
8.9151050160 1.1000000000 3.8085353880 4.1881234488 4.4267836167 0.0000000000
8.9253998816 1.1000000000 3.8085744907 4.1854729808 4.4258798403 0.0000000000
8.9356906556 1.1000000000 3.8086221343 4.1827260611 4.4249716468 0.0000000000
8.9459778585 1.1000000000 3.8086648527 4.1798973863 4.4240110504 0.0000000000
8.9562626735 1.1000000000 3.8087095426 4.1770145413 4.4230366722 0.0000000000
8.9665444172 1.1000000000 3.8087540381 4.1740637667 4.4220343442 0.0000000000
8.9768228444 1.1000000000 3.8088026072 4.1710421340 4.4210199675 0.0000000000
8.9870975500 1.1000000000 3.8088514425 4.1679423525 4.4199753963 0.0000000000
8.9973684790 1.1000000000 3.8088975345 4.1647649672 4.4188888101 0.0000000000
9.0076352464 1.1000000000 3.8089421133 4.1615043122 4.4177628633 0.0000000000
9.0178975147 1.1000000000 3.8089908482 4.1581566716 4.4166187467 0.0000000000
9.0281551567 1.1000000000 3.8090383476 4.1547214479 4.4154346547 0.0000000000
9.0384080226 1.1000000000 3.8090882793 4.1511985431 4.4142252195 0.0000000000
9.0486559119 1.1000000000 3.8091389805 4.1475863970 4.4129831661 0.0000000000
9.0588971778 1.1000000000 3.8091803251 4.1438576976 4.4116570644 0.0000000000
9.0691342978 1.1000000000 3.8092328754 4.1400600300 4.4103481988 0.0000000000
9.0793646037 1.1000000000 3.8092861539 4.1361493733 4.4089970502 0.0000000000
9.0895893305 1.1000000000 3.8093319831 4.1321478371 4.4075797525 0.0000000000
9.0998072992 1.1000000000 3.8093944031 4.1280414247 4.4061868676 0.0000000000
9.1100182232 1.1000000000 3.8094481981 4.1238259775 4.4047158686 0.0000000000
9.1202217513 1.1000000000 3.8095134469 4.1195010762 4.4032469034 0.0000000000
9.1304179087 1.1000000000 3.8095616179 4.1150669683 4.4016659441 0.0000000000
9.1406037538 1.1000000000 3.8096230583 4.1104883362 4.4000802529 0.0000000000
9.1507828691 1.1000000000 3.8096851468 4.1058174159 4.3984602386 0.0000000000
9.1609513385 1.1000000000 3.8097385867 4.1010026687 4.3967480996 0.0000000000
9.1711123404 1.1000000000 3.8097936962 4.0960905918 4.3950037066 0.0000000000
9.1812472887 1.1000000000 3.8098602116 4.0908556655 4.3931757980 0.0000000000
9.1913845610 1.1000000000 3.8099197554 4.0856464855 4.3913303008 0.0000000000
9.2015117351 1.1000000000 3.8099809558 4.0803163051 4.3894430306 0.0000000000
9.2116274661 1.1000000000 3.8100436929 4.0748520608 4.3875082811 0.0000000000
9.2217289004 1.1000000000 3.8101080005 4.0692247992 4.3855146068 0.0000000000
9.2318196921 1.1000000000 3.8101739449 4.0634799144 4.3834804307 0.0000000000
9.2418925916 1.1000000000 3.8102312516 4.0575415902 4.3813343277 0.0000000000
9.2519537121 1.1000000000 3.8102908519 4.0514795731 4.3791479220 0.0000000000
9.2619976050 1.1000000000 3.8103519263 4.0452418057 4.3768971128 0.0000000000
9.2720233516 1.1000000000 3.8104042220 4.0388237949 4.3745390911 0.0000000000
9.2820312779 1.1000000000 3.8104646512 4.0322352409 4.3721453861 0.0000000000
9.2920228500 1.1000000000 3.8105253761 4.0254930935 4.3696914268 0.0000000000
9.3019827805 1.1000000000 3.8105937037 4.0184669593 4.3671542835 0.0000000000
9.3119266004 1.1000000000 3.8106571812 4.0112985419 4.3645408268 0.0000000000
9.3218513167 1.1000000000 3.8107149334 4.0039647071 4.3618383015 0.0000000000
9.3317528492 1.1000000000 3.8107670333 3.9964376568 4.3590358810 0.0000000000
9.3416282214 1.1000000000 3.8108208543 3.9886987387 4.3561555978 0.0000000000
9.3514770469 1.1000000000 3.8108770513 3.9807514225 4.3532014593 0.0000000000
9.3612969192 1.1000000000 3.8109331225 3.9725834281 4.3501585465 0.0000000000
9.3710895065 1.1000000000 3.8109874985 3.9642128765 4.3470278298 0.0000000000
9.3808472693 1.1000000000 3.8110314399 3.9555915020 4.3437550455 0.0000000000
9.3905706286 1.1000000000 3.8110751834 3.9467308119 4.3403857435 0.0000000000
9.4002563321 1.1000000000 3.8111170774 3.9376153999 4.3369071547 0.0000000000
9.4099094294 1.1000000000 3.8111556651 3.9282864399 4.3333299216 0.0000000000
9.4195215200 1.1000000000 3.8111973481 3.9186964838 4.3296606712 0.0000000000
9.4290920580 1.1000000000 3.8112300000 3.9088500000 4.3258526852 0.0000000000
9.4362145082 1.1000000000 3.8112500000 3.9013000000 4.3229126852 0.0000000000
9.4379488119 1.1000000000 3.8112551310 3.8994463788 4.3221917607 0.0000000000
9.4396804407 1.1000000000 3.8112598736 3.8975773034 4.3214631009 0.0000000000
9.4414099407 1.1000000000 3.8112642005 3.8956959373 4.3207278619 0.0000000000
9.4431378579 1.1000000000 3.8112680843 3.8938054439 4.3199871998 0.0000000000
9.4448647215 1.1000000000 3.8112715006 3.8919088924 4.3192422446 0.0000000000
9.4465905861 1.1000000000 3.8112745098 3.8900066647 4.3184933901 0.0000000000
9.4483149745 1.1000000000 3.8112772667 3.8880961311 4.3177402043 0.0000000000
9.4500373812 1.1000000000 3.8112799314 3.8861745027 4.3169822118 0.0000000000
9.4517574458 1.1000000000 3.8112826478 3.8842398032 4.3162191976 0.0000000000
9.4534754353 1.1000000000 3.8112854901 3.8822935677 4.3154520728 0.0000000000
9.4551917858 1.1000000000 3.8112885139 3.8803382797 4.3146820526 0.0000000000
9.4569069187 1.1000000000 3.8112917611 3.8783763393 4.3139102652 0.0000000000
9.4586209654 1.1000000000 3.8112950107 3.8764085109 4.3131361325 0.0000000000
9.4603337916 1.1000000000 3.8112978012 3.8744340625 4.3123575151 0.0000000000
9.4620452537 1.1000000000 3.8112996621 3.8724522068 4.3115722163 0.0000000000
9.4637551865 1.1000000000 3.8113003191 3.8704620541 4.3107787831 0.0000000000
9.4654631721 1.1000000000 3.8113018419 3.8684614904 4.3099846488 0.0000000000
9.4671686260 1.1000000000 3.8113078429 3.8664475954 4.3092030949 0.0000000000
9.4688713510 1.1000000000 3.8113189672 3.8644194373 4.3084363288 0.0000000000
9.4705734723 1.1000000000 3.8113181642 3.8623879935 4.3076205392 0.0000000000
9.4722743125 1.1000000000 3.8113106855 3.8603498179 4.3067753544 0.0000000000
9.4739718955 1.1000000000 3.8113121849 3.8582947877 4.3059593399 0.0000000000
9.4756667753 1.1000000000 3.8113197514 3.8562258075 4.3051620138 0.0000000000
9.4773603589 1.1000000000 3.8113241053 3.8541501682 4.3043491738 0.0000000000
9.4790528583 1.1000000000 3.8113242208 3.8520690022 4.3035171692 0.0000000000
9.4807441511 1.1000000000 3.8113213844 3.8499817169 4.3026709094 0.0000000000
9.4824341148 1.1000000000 3.8113168828 3.8478877197 4.3018153040 0.0000000000
9.4841226271 1.1000000000 3.8113120026 3.8457864181 4.3009552627 0.0000000000
9.4858095607 1.1000000000 3.8113079717 3.8436771985 4.3000954515 0.0000000000
9.4874947032 1.1000000000 3.8113049071 3.8415590539 4.2992359350 0.0000000000
9.4891777653 1.1000000000 3.8113019343 3.8394306256 4.2983726727 0.0000000000
9.4908584711 1.1000000000 3.8112981708 3.8372906194 4.2975016162 0.0000000000
9.4925370132 1.1000000000 3.8112935226 3.8351400209 4.2966227837 0.0000000000
9.4942141186 1.1000000000 3.8112887947 3.8329824129 4.2957408293 0.0000000000
9.4958901632 1.1000000000 3.8112843209 3.8308196689 4.2948578362 0.0000000000
9.4975648106 1.1000000000 3.8112794569 3.8286501885 4.2939705880 0.0000000000
9.4992377922 1.1000000000 3.8112737358 3.8264726974 4.2930767072 0.0000000000
9.5009092644 1.1000000000 3.8112675333 3.8242879768 4.2921780089 0.0000000000
9.5025792344 1.1000000000 3.8112615684 3.8220960882 4.2912773940 0.0000000000
9.5042474102 1.1000000000 3.8112566532 3.8198956552 4.2903775602 0.0000000000
9.5059134968 1.1000000000 3.8112520198 3.8176853460 4.2894749027 0.0000000000
9.5075772727 1.1000000000 3.8112458651 3.8154642121 4.2885618303 0.0000000000
9.5092393466 1.1000000000 3.8112351562 3.8132352407 4.2876274061 0.0000000000
9.5108997984 1.1000000000 3.8112251961 3.8109987133 4.2866929551 0.0000000000
9.5125597640 1.1000000000 3.8112159961 3.8087599072 4.2857606324 0.0000000000
9.5142186481 1.1000000000 3.8112027909 3.8065162109 4.2848103331 0.0000000000
9.5158728730 1.1000000000 3.8111938572 3.8042510049 4.2838685159 0.0000000000
9.5175281030 1.1000000000 3.8111831661 3.8019904209 4.2829215180 0.0000000000
9.5191811828 1.1000000000 3.8111700903 3.7997201243 4.2819610962 0.0000000000
9.5208334330 1.1000000000 3.8111544109 3.7974463540 4.2809888704 0.0000000000
9.5224872569 1.1000000000 3.8111395108 3.7951796903 4.2800226045 0.0000000000
9.5241337192 1.1000000000 3.8111218203 3.7928797540 4.2790318681 0.0000000000
9.5257810316 1.1000000000 3.8111055536 3.7905836107 4.2780483440 0.0000000000
9.5274291006 1.1000000000 3.8110888479 3.7882909141 4.2770644425 0.0000000000
9.5290752339 1.1000000000 3.8110712343 3.7859895161 4.2760734286 0.0000000000
9.5307208302 1.1000000000 3.8110525002 3.7836857726 4.2750769949 0.0000000000
9.5323640266 1.1000000000 3.8110278659 3.7813718203 4.2740528767 0.0000000000
9.5340049298 1.1000000000 3.8110085977 3.7790472844 4.2730459896 0.0000000000
9.5356496211 1.1000000000 3.8109903820 3.7767394929 4.2720500104 0.0000000000
9.5372909801 1.1000000000 3.8109642565 3.7744176294 4.2710167628 0.0000000000
9.5389296130 1.1000000000 3.8109459027 3.7720831018 4.2700095367 0.0000000000
9.5405673525 1.1000000000 3.8109235261 3.7697448534 4.2689847310 0.0000000000
9.5422061871 1.1000000000 3.8108964244 3.7674119054 4.2679431448 0.0000000000
9.5438449493 1.1000000000 3.8108735371 3.7650781299 4.2669180856 0.0000000000
9.5454846536 1.1000000000 3.8108467597 3.7627489960 4.2658793223 0.0000000000
9.5471209378 1.1000000000 3.8108053935 3.7604064567 4.2647768418 0.0000000000
9.5487599584 1.1000000000 3.8107738066 3.7580744190 4.2637176793 0.0000000000
9.5503951077 1.1000000000 3.8107447250 3.7557254389 4.2626617609 0.0000000000
9.5520289160 1.1000000000 3.8107024400 3.7533722363 4.2615513398 0.0000000000
9.5536653177 1.1000000000 3.8106706281 3.7510287222 4.2604866864 0.0000000000
9.5553009361 1.1000000000 3.8106283307 3.7486833898 4.2593793640 0.0000000000
9.5569346579 1.1000000000 3.8105898683 3.7463293277 4.2582838896 0.0000000000
9.5585673124 1.1000000000 3.8105433835 3.7439719802 4.2571550111 0.0000000000
9.5601990280 1.1000000000 3.8105008519 3.7416094937 4.2560398901 0.0000000000
9.5618283412 1.1000000000 3.8104552413 3.7392371624 4.2549085155 0.0000000000
9.5634593592 1.1000000000 3.8104122033 3.7368720389 4.2537903140 0.0000000000
9.5650897511 1.1000000000 3.8103700966 3.7345039087 4.2526746350 0.0000000000
9.5667166602 1.1000000000 3.8103137839 3.7321228843 4.2514969745 0.0000000000
9.5683421456 1.1000000000 3.8102701763 3.7297341136 4.2503670359 0.0000000000
9.5699669439 1.1000000000 3.8102172891 3.7273440174 4.2491994486 0.0000000000
9.5715917037 1.1000000000 3.8101705242 3.7249523873 4.2480557369 0.0000000000
9.5732136034 1.1000000000 3.8101188068 3.7225498745 4.2468878621 0.0000000000
9.5748282340 1.1000000000 3.8100724641 3.7201165058 4.2457291438 0.0000000000
9.5764449984 1.1000000000 3.8100146163 3.7176930096 4.2445283543 0.0000000000
9.5780565420 1.1000000000 3.8099648687 3.7152463564 4.2433507026 0.0000000000
9.5796633065 1.1000000000 3.8099110268 3.7127813122 4.2421493171 0.0000000000
9.5812686760 1.1000000000 3.8098576923 3.7103105425 4.2409476713 0.0000000000
9.5828689974 1.1000000000 3.8098003351 3.7078195950 4.2397218635 0.0000000000
9.5844647596 1.1000000000 3.8097418585 3.7053107080 4.2384844022 0.0000000000
9.5860549666 1.1000000000 3.8096839103 3.7027806194 4.2372405742 0.0000000000
9.5876427348 1.1000000000 3.8096209076 3.7002413251 4.2359728457 0.0000000000
9.5892210969 1.1000000000 3.8095686851 3.6976645436 4.2347332430 0.0000000000
9.5907936045 1.1000000000 3.8095058699 3.6950664863 4.2334427594 0.0000000000
9.5923593318 1.1000000000 3.8094413149 3.6924428511 4.2321350852 0.0000000000
9.5939153742 1.1000000000 3.8093925027 3.6897810241 4.2308751056 0.0000000000
9.5954670315 1.1000000000 3.8093320344 3.6871069464 4.2295636013 0.0000000000
9.5970136649 1.1000000000 3.8092737837 3.6844128743 4.2282529697 0.0000000000
9.5985454722 1.1000000000 3.8092156170 3.6816660125 4.2269215580 0.0000000000
9.6000720029 1.1000000000 3.8091645172 3.6788997740 4.2256106634 0.0000000000
9.6015932709 1.1000000000 3.8091128882 3.6761161767 4.2242907085 0.0000000000
9.6031089516 1.1000000000 3.8090603163 3.6733136157 4.2229593966 0.0000000000
9.6046118903 1.1000000000 3.8090080650 3.6704680357 4.2216121596 0.0000000000
9.6061070655 1.1000000000 3.8089579705 3.6675970329 4.2202633804 0.0000000000
9.6075824737 1.1000000000 3.8089062356 3.6646645578 4.2188834509 0.0000000000
9.6090441899 1.1000000000 3.8088629430 3.6616868390 4.2175191926 0.0000000000
9.6104943752 1.1000000000 3.8088216181 3.6586738215 4.2161486860 0.0000000000
9.6119455457 1.1000000000 3.8087716624 3.6556661104 4.2147457788 0.0000000000
9.6133783536 1.1000000000 3.8087250500 3.6526023816 4.2133338378 0.0000000000
9.6148063658 1.1000000000 3.8086786080 3.6495246881 4.2119169924 0.0000000000
9.6162294417 1.1000000000 3.8086261505 3.6464332766 4.2104705976 0.0000000000
9.6176443909 1.1000000000 3.8085829104 3.6433173838 4.2090512802 0.0000000000
9.6190482245 1.1000000000 3.8085305536 3.6401716870 4.2075835744 0.0000000000
9.6204508295 1.1000000000 3.8084840346 3.6370216913 4.2061375000 0.0000000000
9.6218450961 1.1000000000 3.8084375839 3.6338485943 4.2046824584 0.0000000000
9.6232338840 1.1000000000 3.8083908720 3.6306605238 4.2032203826 0.0000000000
9.6246189095 1.1000000000 3.8083478561 3.6274615383 4.2017687248 0.0000000000
9.6259949216 1.1000000000 3.8083019297 3.6242388744 4.2002959535 0.0000000000
9.6273742170 1.1000000000 3.8082670714 3.6210237985 4.1988704902 0.0000000000
9.6287514251 1.1000000000 3.8082290196 3.6178035790 4.1974301953 0.0000000000
9.6301248589 1.1000000000 3.8081935458 3.6145731190 4.1959961160 0.0000000000
9.6314910182 1.1000000000 3.8081564371 3.6113234945 4.1945478316 0.0000000000
9.6328528040 1.1000000000 3.8081171378 3.6080626579 4.1930862994 0.0000000000
9.6342057388 1.1000000000 3.8080775689 3.6047788704 4.1916145090 0.0000000000
9.6355582631 1.1000000000 3.8080375256 3.6014941968 4.1901404662 0.0000000000
9.6369023746 1.1000000000 3.8079916154 3.5981882466 4.1886344456 0.0000000000
9.6382496700 1.1000000000 3.8079414661 3.5948910981 4.1871149890 0.0000000000
9.6395813257 1.1000000000 3.8078836109 3.5915554355 4.1855493031 0.0000000000
9.6409090838 1.1000000000 3.8078387424 3.5882083580 4.1840309981 0.0000000000
9.6422327390 1.1000000000 3.8077964484 3.5848510368 4.1825188936 0.0000000000
9.6435523947 1.1000000000 3.8077490826 3.5814843636 4.1809827609 0.0000000000
9.6448642801 1.1000000000 3.8077013836 3.5780987176 4.1794377065 0.0000000000
9.6461719565 1.1000000000 3.8076532178 3.5747028684 4.1778867039 0.0000000000
9.6474700460 1.1000000000 3.8076047735 3.5712841636 4.1763254447 0.0000000000
9.6487641395 1.1000000000 3.8075555425 3.5678559563 4.1747572377 0.0000000000
9.6500545033 1.1000000000 3.8075013598 3.5644198546 4.1731660663 0.0000000000
9.6513400726 1.1000000000 3.8074451191 3.5609728626 4.1715623065 0.0000000000
9.6526223112 1.1000000000 3.8073969840 3.5575169382 4.1699873964 0.0000000000
9.6538927194 1.1000000000 3.8073379393 3.5540351877 4.1683585175 0.0000000000
9.6551611764 1.1000000000 3.8072805561 3.5505486912 4.1667343861 0.0000000000
9.6564264128 1.1000000000 3.8072239037 3.5470549628 4.1651102849 0.0000000000
9.6576780894 1.1000000000 3.8071650170 3.5435308428 4.1634650901 0.0000000000
9.6589299836 1.1000000000 3.8070959738 3.5400091576 4.1617802435 0.0000000000
9.6601806660 1.1000000000 3.8070278243 3.5364843691 4.1600977299 0.0000000000
9.6614172560 1.1000000000 3.8069512255 3.5329291797 4.1583692592 0.0000000000
9.6626470261 1.1000000000 3.8068819162 3.5293581240 4.1566635997 0.0000000000
9.6638690185 1.1000000000 3.8068011953 3.5257720602 4.1549062903 0.0000000000
9.6650933941 1.1000000000 3.8067331652 3.5221895972 4.1532011847 0.0000000000
9.6663183707 1.1000000000 3.8066608193 3.5186087971 4.1514794812 0.0000000000
9.6675224530 1.1000000000 3.8065849358 3.5149846956 4.1497263065 0.0000000000
9.6687344629 1.1000000000 3.8065022663 3.5113776820 4.1479528231 0.0000000000
9.6699303099 1.1000000000 3.8064317957 3.5077362380 4.1462143633 0.0000000000
9.6711249566 1.1000000000 3.8063492119 3.5040933498 4.1444268726 0.0000000000
9.6723147624 1.1000000000 3.8062698513 3.5004400100 4.1426480945 0.0000000000
9.6734946095 1.1000000000 3.8061946174 3.4967660019 4.1408775553 0.0000000000
9.6746766266 1.1000000000 3.8061027937 3.4930986018 4.1390433006 0.0000000000
9.6758421362 1.1000000000 3.8060199087 3.4893970485 4.1372311392 0.0000000000
9.6770072316 1.1000000000 3.8059329058 3.4856952916 4.1354024250 0.0000000000
9.6781670825 1.1000000000 3.8058439260 3.4819836312 4.1335618417 0.0000000000
9.6793240775 1.1000000000 3.8057470473 3.4782674971 4.1316878734 0.0000000000
9.6804676602 1.1000000000 3.8056617880 3.4745237861 4.1298493515 0.0000000000
9.6816091984 1.1000000000 3.8055604101 3.4707786708 4.1279457941 0.0000000000
9.6827454829 1.1000000000 3.8054588655 3.4670236115 4.1260375919 0.0000000000
9.6838763586 1.1000000000 3.8053579834 3.4632582290 4.1241279105 0.0000000000
9.6850029180 1.1000000000 3.8052523440 3.4594855957 4.1221962993 0.0000000000
9.6861223654 1.1000000000 3.8051448388 3.4557000847 4.1202520743 0.0000000000
9.6872349454 1.1000000000 3.8050370246 3.4519019715 4.1183015723 0.0000000000
9.6883419387 1.1000000000 3.8049295364 3.4480936180 4.1163482778 0.0000000000
9.6894439802 1.1000000000 3.8048209063 3.4442765096 4.1143869140 0.0000000000
9.6905414434 1.1000000000 3.8047088506 3.4404517710 4.1124087960 0.0000000000
9.6916343056 1.1000000000 3.8045931304 3.4366194631 4.1104129921 0.0000000000
9.6927218244 1.1000000000 3.8044772308 3.4327777127 4.1084126933 0.0000000000
9.6938031812 1.1000000000 3.8043650312 3.4289244417 4.1064225867 0.0000000000
9.6948779468 1.1000000000 3.8042576172 3.4250587792 4.1044466656 0.0000000000
9.6959470519 1.1000000000 3.8041463205 3.4211840680 4.1024515944 0.0000000000
9.6970115113 1.1000000000 3.8040229476 3.4173036968 4.1004059541 0.0000000000
9.6980713403 1.1000000000 3.8038915416 3.4134169475 4.0983256305 0.0000000000
9.6991262596 1.1000000000 3.8037596864 3.4095219056 4.0962401931 0.0000000000
9.7001759234 1.1000000000 3.8036310679 3.4056173436 4.0941638941 0.0000000000
9.7012198759 1.1000000000 3.8035029154 3.4017031731 4.0920856158 0.0000000000
9.7022576511 1.1000000000 3.8033718516 3.3977794123 4.0899918566 0.0000000000
9.7032889561 1.1000000000 3.8032352781 3.3938461952 4.0878722755 0.0000000000
9.7043142202 1.1000000000 3.8030938431 3.3899041370 4.0857297123 0.0000000000
9.7053340612 1.1000000000 3.8029490413 3.3859539785 4.0835704416 0.0000000000
9.7063490965 1.1000000000 3.8028023672 3.3819964606 4.0814007380 0.0000000000
9.7073598725 1.1000000000 3.8026550770 3.3780322645 4.0792258991 0.0000000000
9.7083663746 1.1000000000 3.8025065483 3.3740616022 4.0770435194 0.0000000000
9.7093683219 1.1000000000 3.8023552682 3.3700844632 4.0748475433 0.0000000000
9.7103654318 1.1000000000 3.8021997184 3.3661008357 4.0726318930 0.0000000000
9.7113574233 1.1000000000 3.8020383873 3.3621107079 4.0703905176 0.0000000000
9.7123441379 1.1000000000 3.8018705368 3.3581140694 4.0681204599 0.0000000000
9.7133256542 1.1000000000 3.8016969139 3.3541109118 4.0658247055 0.0000000000
9.7143020774 1.1000000000 3.8015184344 3.3501012270 4.0635069136 0.0000000000
9.7152735127 1.1000000000 3.8013360138 3.3460850071 4.0611707431 0.0000000000
9.7162400652 1.1000000000 3.8011505677 3.3420622440 4.0588198534 0.0000000000
9.7172018403 1.1000000000 3.8009630116 3.3380329298 4.0564579035 0.0000000000
9.7181589431 1.1000000000 3.8007742612 3.3339970562 4.0540885526 0.0000000000
9.7191114789 1.1000000000 3.8005852321 3.3299546155 4.0517154598 0.0000000000
9.7200595528 1.1000000000 3.8003968398 3.3259055994 4.0493422843 0.0000000000
9.7210032701 1.1000000000 3.8002100000 3.3218500000 4.0469726852 0.0000000000
9.7295351005 1.1000000000 3.7982000000 3.2838750000 4.0237426852 0.0000000000
9.7324381149 1.1000000000 3.7974182940 3.2703677209 4.0152129494 0.0000000000
9.7352886862 1.1000000000 3.7965229234 3.2568357621 4.0062186837 0.0000000000
9.7380888712 1.1000000000 3.7955660268 3.2432635158 3.9969621987 0.0000000000
9.7408465315 1.1000000000 3.7945322800 3.2296729387 3.9873909807 0.0000000000
9.7435677375 1.1000000000 3.7933947363 3.2160876393 3.9774066861 0.0000000000
9.7462546273 1.1000000000 3.7921627229 3.2025114397 3.9670481527 0.0000000000
9.7489164291 1.1000000000 3.7907584064 3.1890094651 3.9560300969 0.0000000000
9.7515690156 1.1000000000 3.7891767502 3.1756189343 3.9443472598 0.0000000000
9.7542314886 1.1000000000 3.7874252278 3.1623737460 3.9320430949 0.0000000000
9.7569239781 1.1000000000 3.7852981423 3.1495179563 3.9183924367 0.0000000000
9.7597158861 1.1000000000 3.7828346332 3.1371791925 3.9036028950 0.0000000000
9.7626850219 1.1000000000 3.7796703885 3.1262046477 3.8865560981 0.0000000000
9.7658948858 1.1000000000 3.7753599572 3.1188313599 3.8663650579 0.0000000000
9.7688458292 1.1000000000 3.7700595611 3.1199025937 3.8455919669 0.0000000000
9.7709025205 1.1000000000 3.7652909681 3.1281652851 3.8298226717 0.0000000000
9.7723544022 1.1000000000 3.7612637385 3.1393015982 3.8181682785 0.0000000000
9.7734836363 1.1000000000 3.7576785973 3.1515688697 3.8087346221 0.0000000000
9.7744323646 1.1000000000 3.7543410932 3.1643615210 3.8005016663 0.0000000000
9.7752833993 1.1000000000 3.7511544251 3.1774354112 3.7929845499 0.0000000000
9.7760775221 1.1000000000 3.7479963183 3.1905747625 3.7856078635 0.0000000000
9.7768517596 1.1000000000 3.7447923364 3.2036519096 3.7780227945 0.0000000000
9.7776529410 1.1000000000 3.7414020366 3.2164207512 3.7695691322 0.0000000000
9.7785362442 1.1000000000 3.7376319757 3.2284630211 3.7593057963 0.0000000000
9.7796475373 1.1000000000 3.7329841144 3.2381703428 3.7445972798 0.0000000000
9.7811271661 1.1000000000 3.7273109697 3.2375233240 3.7216458936 0.0000000000
9.7822163709 1.1000000000 3.7235986186 3.2256167605 3.7020338638 0.0000000000
9.7829764556 1.1000000000 3.7213157092 3.2113836411 3.6872089783 0.0000000000
9.7835948467 1.1000000000 3.7195829843 3.1966299132 3.6743765876 0.0000000000
9.7841240303 1.1000000000 3.7182529297 3.1815924011 3.6630413646 0.0000000000
9.7845987023 1.1000000000 3.7171779085 3.1664173040 3.6526712408 0.0000000000
9.7850403590 1.1000000000 3.7161785280 3.1512035032 3.6425881983 0.0000000000
9.7854521851 1.1000000000 3.7153100984 3.1359342918 3.6330067954 0.0000000000
9.7858408518 1.1000000000 3.7145488015 3.1206256371 3.6238381459 0.0000000000
9.7862114512 1.1000000000 3.7138624833 3.1052920434 3.6149594358 0.0000000000
9.7865651090 1.1000000000 3.7132466334 3.0899372478 3.6063541177 0.0000000000
9.7869070088 1.1000000000 3.7126908350 3.0745664885 3.5979826207 0.0000000000
9.7872366128 1.1000000000 3.7121815005 3.0591839857 3.5897922816 0.0000000000
9.7875595134 1.1000000000 3.7116779660 3.0437994028 3.5816243102 0.0000000000
9.7878736930 1.1000000000 3.7111906628 3.0284104334 3.5735195098 0.0000000000
9.7881808427 1.1000000000 3.7107467247 3.0130123625 3.5655845291 0.0000000000
9.7884794738 1.1000000000 3.7103264275 2.9976091267 3.5577420458 0.0000000000
9.7887729448 1.1000000000 3.7099359077 2.9822003401 3.5500164518 0.0000000000
9.7890595728 1.1000000000 3.7095598707 2.9667885307 3.5423475801 0.0000000000
9.7893407164 1.1000000000 3.7092154630 2.9513714473 3.5348031159 0.0000000000
9.7896173287 1.1000000000 3.7088797850 2.9359526490 3.5272928849 0.0000000000
9.7898887700 1.1000000000 3.7085576848 2.9205314918 3.5198360211 0.0000000000
9.7901560977 1.1000000000 3.7082555090 2.9051073343 3.5124576548 0.0000000000
9.7904181027 1.1000000000 3.7079677002 2.8896809033 3.5051358471 0.0000000000
9.7906768241 1.1000000000 3.7076934642 2.8742525752 3.4978675721 0.0000000000
9.7909326452 1.1000000000 3.7074320274 2.8588225575 3.4906498176 0.0000000000
9.7911833720 1.1000000000 3.7071731692 2.8433917473 3.4834420607 0.0000000000
9.7914300398 1.1000000000 3.7069069383 2.8279613070 3.4762049611 0.0000000000
9.7916763914 1.1000000000 3.7066484337 2.8125300183 3.4689984272 0.0000000000
9.7919188316 1.1000000000 3.7063834035 2.7970990367 3.4617659137 0.0000000000
9.7921578909 1.1000000000 3.7061349755 2.7816659999 3.4545989871 0.0000000000
9.7923937911 1.1000000000 3.7058895358 2.7662323889 3.4474437838 0.0000000000
9.7926256978 1.1000000000 3.7056375053 2.7507990394 3.4402623221 0.0000000000
9.7928550997 1.1000000000 3.7054012100 2.7353638902 3.4331430813 0.0000000000
9.7930816985 1.1000000000 3.7051751144 2.7199275274 3.4260641539 0.0000000000
9.7933048666 1.1000000000 3.7049476864 2.7044909768 3.4189798216 0.0000000000
9.7935278754 1.1000000000 3.7047178604 2.6890546360 3.4118859812 0.0000000000
9.7937443504 1.1000000000 3.7044930326 2.6736172549 3.4048117173 0.0000000000
9.7939599374 1.1000000000 3.7042848665 2.6581784415 3.3978035277 0.0000000000
9.7941744181 1.1000000000 3.7040693276 2.6427400690 3.3907660231 0.0000000000
9.7943842028 1.1000000000 3.7038560096 2.6273011800 3.3837371957 0.0000000000
9.7945890293 1.1000000000 3.7036401775 2.6118620346 3.3766982090 0.0000000000
9.7947992248 1.1000000000 3.7034524988 2.5964209748 3.3697710702 0.0000000000
9.7949980187 1.1000000000 3.7032357439 2.5809814335 3.3627282340 0.0000000000
9.7952020089 1.1000000000 3.7030448446 2.5655401231 3.3557881129 0.0000000000
9.7953974883 1.1000000000 3.7028335130 2.5500998441 3.3487666746 0.0000000000
9.7955934514 1.1000000000 3.7026421746 2.5346579955 3.3418245817 0.0000000000
9.7957897439 1.1000000000 3.7024520237 2.5192161184 3.3348872272 0.0000000000
9.7959790475 1.1000000000 3.7022541659 2.5037742461 3.3279190472 0.0000000000
9.7961661148 1.1000000000 3.7020549120 2.4883323296 3.3209452650 0.0000000000
9.7963549685 1.1000000000 3.7018468085 2.4728912892 3.3139364348 0.0000000000
9.7965433651 1.1000000000 3.7016396820 2.4574501244 3.3069314628 0.0000000000
9.7967254959 1.1000000000 3.7014229549 2.4420094023 3.2998882656 0.0000000000
9.7969036611 1.1000000000 3.7011956571 2.4265692863 3.2928030280 0.0000000000
9.7970864085 1.1000000000 3.7009937959 2.4111271868 3.2858187434 0.0000000000
9.7972617093 1.1000000000 3.7007738866 2.3956861186 3.2787626791 0.0000000000
9.7974382954 1.1000000000 3.7005608529 2.3802445395 3.2717339125 0.0000000000
9.7976097106 1.1000000000 3.7003495625 2.3648024410 3.2647119114 0.0000000000
9.7977794693 1.1000000000 3.7001401321 2.3493600572 3.2576972363 0.0000000000
9.7979484833 1.1000000000 3.6999141934 2.3339191056 3.2506171009 0.0000000000
9.7981153582 1.1000000000 3.6997111199 2.3184760999 3.2436276047 0.0000000000
9.7982803374 1.1000000000 3.6994908393 2.3030343288 3.2365697737 0.0000000000
9.7984433557 1.1000000000 3.6992810277 2.2875915214 3.2295534045 0.0000000000
9.7986046642 1.1000000000 3.6990645312 2.2721491770 3.2225104809 0.0000000000
9.7987649995 1.1000000000 3.6988636063 2.2567055398 3.2155293261 0.0000000000
9.7989216917 1.1000000000 3.6986533322 2.2412623986 3.2085109734 0.0000000000
9.7990764705 1.1000000000 3.6984416017 2.2258192570 3.2014867947 0.0000000000
9.7992253788 1.1000000000 3.6982189164 2.2103766866 3.1944190255 0.0000000000
9.7993784952 1.1000000000 3.6980083966 2.1949333343 3.1873996053 0.0000000000
9.7995279324 1.1000000000 3.6977982248 2.1794897263 3.1803814750 0.0000000000
9.7996774967 1.1000000000 3.6976004727 2.1640451742 3.1734126456 0.0000000000
9.7998194268 1.1000000000 3.6973765890 2.1486022764 3.1663399518 0.0000000000
9.7999627579 1.1000000000 3.6971582725 2.1331589924 3.1592893721 0.0000000000
9.8001053815 1.1000000000 3.6969440077 2.1177153404 3.1522548520 0.0000000000
9.8002485952 1.1000000000 3.6967063294 2.1022738336 3.1451275362 0.0000000000
9.8003838038 1.1000000000 3.6964654819 2.0868321812 3.1379874854 0.0000000000
9.8005228895 1.1000000000 3.6962315827 2.0713901024 3.1308750569 0.0000000000
9.8006574428 1.1000000000 3.6959898405 2.0559485314 3.1237314595 0.0000000000
9.8007944968 1.1000000000 3.6957571872 2.0405063021 3.1166239547 0.0000000000
9.8009244465 1.1000000000 3.6955139036 2.0250646022 3.1094741404 0.0000000000
9.8010537092 1.1000000000 3.6952673054 2.0096231976 3.1023111859 0.0000000000
9.8011863317 1.1000000000 3.6950452223 1.9941797419 3.0952454711 0.0000000000
9.8013132380 1.1000000000 3.6948022733 1.9787378655 3.0880969247 0.0000000000
9.8014369468 1.1000000000 3.6945510093 1.9632966518 3.0809153831 0.0000000000
9.8015623717 1.1000000000 3.6943201182 1.9478535363 3.0738145725 0.0000000000
9.8016830480 1.1000000000 3.6940785068 1.9324112269 3.0666712032 0.0000000000
9.8018049333 1.1000000000 3.6938323520 1.9169694279 3.0595098642 0.0000000000
9.8019269907 1.1000000000 3.6935924628 1.9015269929 3.0523733333 0.0000000000
9.8020420248 1.1000000000 3.6933496389 1.8860845769 3.0452250717 0.0000000000
9.8021614660 1.1000000000 3.6931146064 1.8706416205 3.0381077588 0.0000000000
9.8022764011 1.1000000000 3.6928732958 1.8551990137 3.0309654736 0.0000000000
9.8023903315 1.1000000000 3.6926272257 1.8397568342 3.0238043214 0.0000000000
9.8025008577 1.1000000000 3.6923889988 1.8243137065 3.0166741629 0.0000000000
9.8026137316 1.1000000000 3.6921403465 1.8088717525 3.0095027720 0.0000000000
9.8027249574 1.1000000000 3.6918953171 1.7934293323 3.0023456866 0.0000000000
9.8028324080 1.1000000000 3.6916165084 1.7779903097 2.9950548427 0.0000000000
9.8029407143 1.1000000000 3.6913595134 1.7625489779 2.9878503301 0.0000000000
9.8030461884 1.1000000000 3.6910902526 1.7471088157 2.9805972217 0.0000000000
9.8031522178 1.1000000000 3.6908155845 1.7316693700 2.9733227713 0.0000000000
9.8032548417 1.1000000000 3.6905540348 1.7162282795 2.9661001360 0.0000000000
9.8033553173 1.1000000000 3.6902785178 1.7007885788 2.9588221879 0.0000000000
9.8034594823 1.1000000000 3.6899974124 1.6853496871 2.9515222096 0.0000000000
9.8035577340 1.1000000000 3.6897173520 1.6699104373 2.9442262682 0.0000000000
9.8036563347 1.1000000000 3.6894576406 1.6544689920 2.9370108443 0.0000000000
9.8037545120 1.1000000000 3.6891778227 1.6390297731 2.9297158853 0.0000000000
9.8038492792 1.1000000000 3.6888996565 1.6235901660 2.9224273775 0.0000000000
9.8039435769 1.1000000000 3.6886271792 1.6081499633 2.9151613872 0.0000000000
9.8040385408 1.1000000000 3.6883556433 1.5927096402 2.9078991144 0.0000000000
9.8041299210 1.1000000000 3.6880816200 1.5772694435 2.9006269425 0.0000000000
9.8042198132 1.1000000000 3.6878128801 1.5618285963 2.8933756440 0.0000000000
9.8043121303 1.1000000000 3.6875540179 1.5463868161 2.8861634832 0.0000000000
9.8044001973 1.1000000000 3.6872779553 1.5309467831 2.8788832195 0.0000000000
9.8044870834 1.1000000000 3.6870024323 1.5155066044 2.8716050563 0.0000000000
9.8045733247 1.1000000000 3.6867106673 1.5000682557 2.8642626568 0.0000000000
9.8046586200 1.1000000000 3.6864135560 1.4846305132 2.8568991145 0.0000000000
9.8047455406 1.1000000000 3.6861218672 1.4691921880 2.8495570290 0.0000000000
9.8048286853 1.1000000000 3.6858195595 1.4537549996 2.8421729231 0.0000000000
9.8049108679 1.1000000000 3.6855297588 1.4383162703 2.8348382286 0.0000000000
9.8049919919 1.1000000000 3.6852314235 1.4228785254 2.8274697892 0.0000000000
9.8050728210 1.1000000000 3.6849235005 1.4074419812 2.8200634795 0.0000000000
9.8051521120 1.1000000000 3.6846391956 1.3920025600 2.8127504915 0.0000000000
9.8052306002 1.1000000000 3.6843402573 1.3765648189 2.8053796418 0.0000000000
9.8053082037 1.1000000000 3.6840343448 1.3611278701 2.7979812125 0.0000000000
9.8053848458 1.1000000000 3.6837463788 1.3456887896 2.7906537163 0.0000000000
9.8054605005 1.1000000000 3.6834630146 1.3302491387 2.7833443991 0.0000000000
9.8055355456 1.1000000000 3.6831577760 1.3148120446 2.7759486070 0.0000000000
9.8056097640 1.1000000000 3.6828698660 1.2993728865 2.7686213039 0.0000000000
9.8056828884 1.1000000000 3.6825744513 1.2839345793 2.7612643223 0.0000000000
9.8057553149 1.1000000000 3.6822868285 1.2684953311 2.7539381316 0.0000000000
9.8058267667 1.1000000000 3.6819927041 1.2530568106 2.7465862257 0.0000000000
9.8058977108 1.1000000000 3.6816742830 1.2376212516 2.7391383179 0.0000000000
9.8059678007 1.1000000000 3.6813596968 1.2221852336 2.7317055656 0.0000000000
9.8060371267 1.1000000000 3.6810421991 1.2067495276 2.7242612927 0.0000000000
9.8061057810 1.1000000000 3.6807217826 1.1913142158 2.7168055020 0.0000000000
9.8061735446 1.1000000000 3.6803932572 1.1758799383 2.7093176895 0.0000000000
9.8062404638 1.1000000000 3.6800854479 1.1604429457 2.7019116552 0.0000000000
9.8063068111 1.1000000000 3.6797666013 1.1450073379 2.6944620256 0.0000000000
9.8063723670 1.1000000000 3.6794447336 1.1295721118 2.6870004642 0.0000000000
9.8064372243 1.1000000000 3.6791425078 1.1141343737 2.6796164657 0.0000000000
9.8065013799 1.1000000000 3.6788291839 1.0986979783 2.6721886119 0.0000000000
9.8065648769 1.1000000000 3.6785032381 1.0832632377 2.6647109326 0.0000000000
9.8066276691 1.1000000000 3.6782005788 1.0678255506 2.6573252207 0.0000000000
9.8066897630 1.1000000000 3.6778905608 1.0523887463 2.6499104268 0.0000000000
9.8067513384 1.1000000000 3.6775710437 1.0369531160 2.6424581063 0.0000000000
9.8068121940 1.1000000000 3.6772641447 1.0215158932 2.6350556211 0.0000000000
9.8068723956 1.1000000000 3.6769536524 1.0060790949 2.6276389325 0.0000000000
9.8069322370 1.1000000000 3.6766137577 0.9906461010 2.6201061564 0.0000000000
9.8069913252 1.1000000000 3.6762738502 0.9752130967 2.6125733246 0.0000000000
9.8070498866 1.1000000000 3.6759291849 0.9597807415 2.6050217213 0.0000000000
9.8071077584 1.1000000000 3.6755961917 0.9443468010 2.5975161725 0.0000000000
9.8071650637 1.1000000000 3.6752630320 0.9289129265 2.5900099839 0.0000000000
9.8072218628 1.1000000000 3.6749234004 0.9134799122 2.5824782516 0.0000000000
9.8072779757 1.1000000000 3.6745858789 0.8980465642 2.5749548262 0.0000000000
9.8073335598 1.1000000000 3.6742622989 0.8826112864 2.5674863953 0.0000000000
9.8073887318 1.1000000000 3.6739235299 0.8671781017 2.5599580453 0.0000000000
9.8074432657 1.1000000000 3.6735908468 0.8517441040 2.5524537139 0.0000000000
9.8074972826 1.1000000000 3.6732683150 0.8363087109 2.5449894296 0.0000000000
9.8075508445 1.1000000000 3.6729363540 0.8208745664 2.5374879279 0.0000000000
9.8076040148 1.1000000000 3.6726072724 0.8054400142 2.5299977802 0.0000000000
9.8076566996 1.1000000000 3.6722865522 0.7900043810 2.5225406466 0.0000000000
9.8077090918 1.1000000000 3.6719563711 0.7745700019 2.5150461703 0.0000000000
9.8077611782 1.1000000000 3.6716007757 0.7591390269 2.5074513989 0.0000000000
9.8078129069 1.1000000000 3.6712315184 0.7437101423 2.4998028158 0.0000000000
9.8078643927 1.1000000000 3.6708696088 0.7282800883 2.4921831558 0.0000000000
9.8079154915 1.1000000000 3.6705270204 0.7128473485 2.4846397063 0.0000000000
9.8079665252 1.1000000000 3.6701692493 0.6974167788 2.4770363937 0.0000000000
9.8080174600 1.1000000000 3.6698111911 0.6819862888 2.4694319653 0.0000000000
9.8080681310 1.1000000000 3.6694685891 0.6665534677 2.4618884285 0.0000000000
9.8081189834 1.1000000000 3.6691185582 0.6511218672 2.4543156648 0.0000000000
9.8081699753 1.1000000000 3.6687633932 0.6356911016 2.4467226984 0.0000000000
9.8082212426 1.1000000000 3.6684256571 0.6202577580 2.4391984167 0.0000000000
9.8082730623 1.1000000000 3.6680807638 0.6048253840 2.4316458941 0.0000000000
9.8083257001 1.1000000000 3.6677305480 0.5893938092 2.4240724008 0.0000000000
9.8083793966 1.1000000000 3.6674030720 0.5739591925 2.4165886501 0.0000000000
9.8084349758 1.1000000000 3.6670602582 0.5585267003 2.4090443982 0.0000000000
9.8084935105 1.1000000000 3.6667044492 0.5430960836 2.4014489153 0.0000000000
9.8085565537 1.1000000000 3.6663393697 0.5276668335 2.3938168973 0.0000000000
9.8086278303 1.1000000000 3.6659673636 0.5122389436 2.3861577172 0.0000000000
9.8087195237 1.1000000000 3.6656301311 0.4968074508 2.3786361898 0.0000000000
9.8089405558 1.1000000000 3.6657256976 0.4942387508 2.3779909759 0.0000000000
9.8090168650 1.1000000000 3.6661818845 0.5096518517 2.3859809639 0.0000000000
9.8090666791 1.1000000000 3.6666440670 0.5250650196 2.3939949609 0.0000000000
9.8091062672 1.1000000000 3.6670764853 0.5404837790 2.4018921378 0.0000000000
9.8091404078 1.1000000000 3.6674758446 0.5559082870 2.4096593783 0.0000000000
9.8091710742 1.1000000000 3.6678796608 0.5713321657 2.4174441945 0.0000000000
9.8091994796 1.1000000000 3.6682634093 0.5867593050 2.4251500442 0.0000000000
9.8092265807 1.1000000000 3.6686891332 0.6021794318 2.4330209906 0.0000000000
9.8092529410 1.1000000000 3.6690903038 0.6176037557 2.4407954027 0.0000000000
9.8092792241 1.1000000000 3.6694909349 0.6330281796 2.4485676964 0.0000000000
9.8093065409 1.1000000000 3.6699121996 0.6484491441 2.4564211412 0.0000000000
9.8093394259 1.1000000000 3.6703367281 0.6638703655 2.4642877437 0.0000000000
9.8094070171 1.1000000000 3.6703829707 0.6637176166 2.4644116147 0.0000000000
9.8094280494 1.1000000000 3.6699931842 0.6481275304 2.4566164340 0.0000000000
9.8094622709 1.1000000000 3.6696188901 0.6327024529 2.4489492267 0.0000000000
9.8095045447 1.1000000000 3.6692704096 0.6172703611 2.4413824681 0.0000000000
9.8095458612 1.1000000000 3.6689116217 0.6018396538 2.4337750337 0.0000000000
9.8095872553 1.1000000000 3.6685418517 0.5864105811 2.4261243245 0.0000000000
9.8096287182 1.1000000000 3.6681982391 0.5709777742 2.4185767511 0.0000000000
9.8096701283 1.1000000000 3.6678499024 0.5555456281 2.4110105461 0.0000000000
9.8097116238 1.1000000000 3.6674958676 0.5401143240 2.4034218853 0.0000000000
9.8097528113 1.1000000000 3.6671497397 0.5246818171 2.3958643707 0.0000000000
9.8097938221 1.1000000000 3.6667764565 0.5092533662 2.3881998576 0.0000000000
9.8098346657 1.1000000000 3.6663965586 0.4938259398 2.3805092955 0.0000000000
9.8098752314 1.1000000000 3.6660082668 0.4783998240 2.3727856820 0.0000000000
9.8099155714 1.1000000000 3.6656319817 0.4629717875 2.3651093270 0.0000000000
9.8099554170 1.1000000000 3.6652500094 0.4475446478 2.3574105820 0.0000000000
9.8099950475 1.1000000000 3.6648824067 0.4321152834 2.3497684253 0.0000000000
9.8100342865 1.1000000000 3.6644904414 0.4166896857 2.3420303250 0.0000000000
9.8100731065 1.1000000000 3.6641163656 0.4012613128 2.3343626725 0.0000000000
9.8101116405 1.1000000000 3.6637599607 0.3858303822 2.3267646807 0.0000000000
9.8101497366 1.1000000000 3.6633885092 0.3704016488 2.3191073816 0.0000000000
9.8101874414 1.1000000000 3.6630111845 0.3549738130 2.3114269483 0.0000000000
9.8102248087 1.1000000000 3.6626568823 0.3395425160 2.3038372206 0.0000000000
9.8102617392 1.1000000000 3.6622992294 0.3241116054 2.2962342449 0.0000000000
9.8102983889 1.1000000000 3.6619248674 0.3086832770 2.2885654657 0.0000000000
9.8103347650 1.1000000000 3.6615323365 0.2932578028 2.2808251522 0.0000000000
9.8103707044 1.1000000000 3.6611327691 0.2778334149 2.2730571275 0.0000000000
9.8104061721 1.1000000000 3.6607599559 0.2624048073 2.2653944318 0.0000000000
9.8104413867 1.1000000000 3.6603615220 0.2469803017 2.2576308939 0.0000000000
9.8104762617 1.1000000000 3.6599707344 0.2315544863 2.2498974174 0.0000000000
9.8105107817 1.1000000000 3.6595626468 0.2161315519 2.2420958930 0.0000000000
9.8105448776 1.1000000000 3.6591742472 0.2007053308 2.2343718063 0.0000000000
9.8105786150 1.1000000000 3.6587766784 0.1852805990 2.2266116385 0.0000000000
9.8106119288 1.1000000000 3.6584089255 0.1698512083 2.2189688706 0.0000000000
9.8106449015 1.1000000000 3.6580313431 0.1544232772 2.2112873684 0.0000000000
9.8106776073 1.1000000000 3.6576487513 0.1389963665 2.2035862371 0.0000000000
9.8107098550 1.1000000000 3.6572805371 0.1235670988 2.1959416729 0.0000000000
9.8107417346 1.1000000000 3.6569031562 0.1081392701 2.1882610180 0.0000000000
9.8107733746 1.1000000000 3.6564991033 0.0927154263 2.1804752688 0.0000000000
9.8108046597 1.1000000000 3.6560946185 0.0772916403 2.1726878154 0.0000000000
9.8108356746 1.1000000000 3.6556923026 0.0618676237 2.1649089448 0.0000000000
9.8108662543 1.1000000000 3.6552949522 0.0464428806 2.1571496463 0.0000000000
9.8108965442 1.1000000000 3.6549097629 0.0310162326 2.1494382299 0.0000000000
9.8109264636 1.1000000000 3.6545039136 0.0155927843 2.1416454534 0.0000000000
9.8109560407 1.1000000000 3.6541155238 0.0001666423 2.1339214374 0.0000000000
9.8109853470 1.1000000000 3.6537324683 -0.0152603302 2.1262184261 0.0000000000
9.8110143654 1.1000000000 3.6533452724 -0.0306866934 2.1184990973 0.0000000000
9.8110431852 1.1000000000 3.6529630407 -0.0461136281 2.1107993969 0.0000000000
9.8110718692 1.1000000000 3.6525865846 -0.0615418729 2.1031222745 0.0000000000
9.8111003314 1.1000000000 3.6522202943 -0.0769714883 2.0954852668 0.0000000000
9.8111285398 1.1000000000 3.6518200383 -0.0923954109 2.0877146739 0.0000000000
9.8111566058 1.1000000000 3.6513930716 -0.1078151356 2.0798389174 0.0000000000
9.8111842817 1.1000000000 3.6509648759 -0.1232347375 2.0719582939 0.0000000000
9.8112116253 1.1000000000 3.6505581826 -0.1386579011 2.0641622551 0.0000000000
9.8112385027 1.1000000000 3.6501267415 -0.1540769288 2.0562688794 0.0000000000
9.8112649243 1.1000000000 3.6497029056 -0.1694972499 2.0484054076 0.0000000000
9.8112909904 1.1000000000 3.6493141846 -0.1849234806 2.0406800312 0.0000000000
9.8113168348 1.1000000000 3.6488895398 -0.2003435891 2.0328134089 0.0000000000
9.8113423211 1.1000000000 3.6484577910 -0.2157623267 2.0249189184 0.0000000000
9.8113674726 1.1000000000 3.6480750620 -0.2311894066 2.0172171705 0.0000000000
9.8113923623 1.1000000000 3.6476937674 -0.2466166515 2.0095210941 0.0000000000
9.8114169771 1.1000000000 3.6473012941 -0.2620421384 2.0017810062 0.0000000000
9.8114412520 1.1000000000 3.6469206032 -0.2774694174 1.9940873311 0.0000000000
9.8114653720 1.1000000000 3.6464806131 -0.2928870568 1.9861603149 0.0000000000
9.8114892393 1.1000000000 3.6460620042 -0.3083084645 1.9783173162 0.0000000000
9.8115127996 1.1000000000 3.6456355482 -0.3237285793 1.9704434461 0.0000000000
9.8115361032 1.1000000000 3.6451929937 -0.3391457088 1.9625063764 0.0000000000
9.8115590648 1.1000000000 3.6447844157 -0.3545685669 1.9547029211 0.0000000000
9.8115817924 1.1000000000 3.6443838060 -0.3699927471 1.9469308101 0.0000000000
9.8116043216 1.1000000000 3.6439565345 -0.3854125932 1.9390537858 0.0000000000
9.8116265432 1.1000000000 3.6435398543 -0.4008340611 1.9312184779 0.0000000000
9.8116485236 1.1000000000 3.6431495256 -0.4162599341 1.9234868139 0.0000000000
9.8116703367 1.1000000000 3.6427484944 -0.4316839952 1.9157130646 0.0000000000
9.8116918442 1.1000000000 3.6423537898 -0.4471091734 1.9079641748 0.0000000000
9.8117130586 1.1000000000 3.6419654469 -0.4625353222 1.9002403437 0.0000000000
9.8117341497 1.1000000000 3.6415188017 -0.4779516667 1.8922872251 0.0000000000
9.8117549490 1.1000000000 3.6410755307 -0.4933684851 1.8843474141 0.0000000000
9.8117755238 1.1000000000 3.6406145186 -0.5087819694 1.8763379716 0.0000000000
9.8117959090 1.1000000000 3.6401189286 -0.5241888561 1.8681928570 0.0000000000
9.8118160692 1.1000000000 3.6396791173 -0.5396057692 1.8602668467 0.0000000000
9.8118359148 1.1000000000 3.6392459991 -0.5550242768 1.8523669710 0.0000000000
9.8118555553 1.1000000000 3.6388131598 -0.5704428756 1.8444681743 0.0000000000
9.8118749387 1.1000000000 3.6384175468 -0.5858682025 1.8367155915 0.0000000000
9.8118941170 1.1000000000 3.6380024475 -0.6012899942 1.8288864775 0.0000000000
9.8119130759 1.1000000000 3.6375910038 -0.6167120251 1.8210718904 0.0000000000
9.8119318027 1.1000000000 3.6372061883 -0.6321387101 1.8133619542 0.0000000000
9.8119503621 1.1000000000 3.6367731410 -0.6475573960 1.8054622907 0.0000000000
9.8119687175 1.1000000000 3.6363325397 -0.6629747815 1.7975329316 0.0000000000
9.8119869029 1.1000000000 3.6358725450 -0.6783885365 1.7895274504 0.0000000000
9.8120048847 1.1000000000 3.6354050935 -0.6938008049 1.7814927370 0.0000000000
9.8120226326 1.1000000000 3.6349825825 -0.7092216377 1.7736343600 0.0000000000
9.8120401774 1.1000000000 3.6345479165 -0.7246398473 1.7657284123 0.0000000000
9.8120575662 1.1000000000 3.6340851780 -0.7400524205 1.7577124289 0.0000000000
9.8120747242 1.1000000000 3.6336744934 -0.7554749649 1.7499006727 0.0000000000
9.8120916948 1.1000000000 3.6332693253 -0.7708982641 1.7421106809 0.0000000000
9.8121084910 1.1000000000 3.6328377910 -0.7863169490 1.7342170697 0.0000000000
9.8121251111 1.1000000000 3.6324353072 -0.8017405758 1.7264376836 0.0000000000
9.8121415591 1.1000000000 3.6320397642 -0.8171652931 1.7186856248 0.0000000000
9.8121578564 1.1000000000 3.6315839644 -0.8325798321 1.7106966099 0.0000000000
9.8121740068 1.1000000000 3.6311115062 -0.8479914752 1.7026421197 0.0000000000
9.8121899615 1.1000000000 3.6306450956 -0.8634044063 1.6946113051 0.0000000000
9.8122057285 1.1000000000 3.6301802800 -0.8788167410 1.6865871086 0.0000000000
9.8122213131 1.1000000000 3.6297501847 -0.8942356378 1.6786991689 0.0000000000
9.8122367366 1.1000000000 3.6292756206 -0.9096470520 1.6706363469 0.0000000000
9.8122519723 1.1000000000 3.6288413912 -0.9250652592 1.6627321462 0.0000000000
9.8122670139 1.1000000000 3.6284177051 -0.9404852161 1.6548694192 0.0000000000
9.8122819132 1.1000000000 3.6279912019 -0.9559047096 1.6469956090 0.0000000000
9.8122966076 1.1000000000 3.6275746724 -0.9713259317 1.6391610022 0.0000000000
9.8123111301 1.1000000000 3.6271688397 -0.9867490913 1.6313684076 0.0000000000
9.8123255478 1.1000000000 3.6267169874 -1.0021640072 1.6233950320 0.0000000000
9.8123398144 1.1000000000 3.6262425211 -1.0175749888 1.6153327741 0.0000000000
9.8123539178 1.1000000000 3.6257604982 -1.0329845696 1.6072408503 0.0000000000
9.8123678518 1.1000000000 3.6252779809 -1.0483940519 1.5991469882 0.0000000000
9.8123816030 1.1000000000 3.6248504036 -1.0638134268 1.5912689289 0.0000000000
9.8123952360 1.1000000000 3.6243669230 -1.0792217871 1.5831716622 0.0000000000
9.8124086891 1.1000000000 3.6239012910 -1.0946340673 1.5751442223 0.0000000000
9.8124220105 1.1000000000 3.6234846673 -1.1100555820 1.5673091214 0.0000000000
9.8124351804 1.1000000000 3.6230661057 -1.1254767938 1.5594663904 0.0000000000
9.8124482084 1.1000000000 3.6226141411 -1.1408911346 1.5514927957 0.0000000000
9.8124610734 1.1000000000 3.6222169692 -1.1563155009 1.5437343617 0.0000000000
9.8124738306 1.1000000000 3.6217660348 -1.1717305462 1.5357646057 0.0000000000
9.8124864569 1.1000000000 3.6212846761 -1.1871395737 1.5276755599 0.0000000000
9.8124989522 1.1000000000 3.6207967743 -1.2025474783 1.5195607912 0.0000000000
9.8125113038 1.1000000000 3.6202844802 -1.2179499092 1.5113506422 0.0000000000
9.8125234866 1.1000000000 3.6198402799 -1.2333665468 1.5034071861 0.0000000000
9.8125355119 1.1000000000 3.6193624726 -1.2487763926 1.4953320185 0.0000000000
9.8125473895 1.1000000000 3.6188436447 -1.2641781355 1.4870960098 0.0000000000
9.8125591030 1.1000000000 3.6184406742 -1.2796016587 1.4793147185 0.0000000000
9.8125706596 1.1000000000 3.6180134974 -1.2950209301 1.4714383026 0.0000000000
9.8125821346 1.1000000000 3.6175829411 -1.3104388627 1.4635489044 0.0000000000
9.8125934077 1.1000000000 3.6171890325 -1.3258635345 1.4558034015 0.0000000000
9.8126046250 1.1000000000 3.6167260577 -1.3412756804 1.4477866436 0.0000000000
9.8126157004 1.1000000000 3.6162223493 -1.3566802670 1.4396099755 0.0000000000
9.8126266519 1.1000000000 3.6157255857 -1.3720866344 1.4314603744 0.0000000000
9.8126374945 1.1000000000 3.6151905508 -1.3874845197 1.4231610807 0.0000000000
9.8126482091 1.1000000000 3.6147012930 -1.4028915589 1.4150412338 0.0000000000
9.8126587849 1.1000000000 3.6142689736 -1.4183099069 1.4071446167 0.0000000000
9.8126693018 1.1000000000 3.6137454381 -1.4337096335 1.3988905841 0.0000000000
9.8126796585 1.1000000000 3.6133165502 -1.4491282598 1.3910075821 0.0000000000
9.8126899060 1.1000000000 3.6129049223 -1.4645497938 1.3831924568 0.0000000000
9.8127000660 1.1000000000 3.6124861055 -1.4799700656 1.3753490808 0.0000000000
9.8127100843 1.1000000000 3.6120736228 -1.4953913026 1.3675306555 0.0000000000
9.8127200673 1.1000000000 3.6115759840 -1.5107969207 1.3593778530 0.0000000000
9.8127299212 1.1000000000 3.6110448710 -1.5261955152 1.3510939629 0.0000000000
9.8127396358 1.1000000000 3.6105607871 -1.5416043933 1.3429940762 0.0000000000
9.8127492948 1.1000000000 3.6100390069 -1.5570056078 1.3347464698 0.0000000000
9.8127588341 1.1000000000 3.6095003716 -1.5724006349 1.3264339175 0.0000000000
9.8127682675 1.1000000000 3.6090676069 -1.5878183309 1.3185357805 0.0000000000
9.8127775845 1.1000000000 3.6085820396 -1.6032259702 1.3104304554 0.0000000000
9.8127867993 1.1000000000 3.6081197586 -1.6186382582 1.3024164162 0.0000000000
9.8127959060 1.1000000000 3.6077146448 -1.6340609071 1.2946269015 0.0000000000
9.8128049076 1.1000000000 3.6072988181 -1.6494815110 1.2867953533 0.0000000000
9.8128138409 1.1000000000 3.6068548004 -1.6648968358 1.2788531524 0.0000000000
9.8128226834 1.1000000000 3.6063188479 -1.6802954097 1.2705499127 0.0000000000
9.8128314267 1.1000000000 3.6057788326 -1.6956930625 1.2622307907 0.0000000000
9.8128400756 1.1000000000 3.6052765672 -1.7110970538 1.2540601326 0.0000000000
9.8128486501 1.1000000000 3.6047515867 -1.7264972462 1.2458001337 0.0000000000
9.8128571186 1.1000000000 3.6042226874 -1.7418965956 1.2375247966 0.0000000000
9.8128654867 1.1000000000 3.6038018842 -1.7573164854 1.2296736277 0.0000000000
9.8128737536 1.1000000000 3.6033539200 -1.7727313542 1.2217158234 0.0000000000
9.8128819594 1.1000000000 3.6028336075 -1.7881308853 1.2134747612 0.0000000000
9.8128900674 1.1000000000 3.6024310453 -1.8035548147 1.2056949404 0.0000000000
9.8128980763 1.1000000000 3.6020270474 -1.8189785247 1.1979094650 0.0000000000
9.8129060402 1.1000000000 3.6014949794 -1.8343762792 1.1896220911 0.0000000000
9.8129139159 1.1000000000 3.6009432635 -1.8497701110 1.1812576949 0.0000000000
9.8129217203 1.1000000000 3.6003793310 -1.8651612210 1.1728455206 0.0000000000
9.8129294375 1.1000000000 3.5998831453 -1.8805665079 1.1646986632 0.0000000000
9.8129370453 1.1000000000 3.5994060152 -1.8959756295 1.1566264941 0.0000000000
9.8129446140 1.1000000000 3.5988705290 -1.9113722250 1.1483259113 0.0000000000
9.8129520859 1.1000000000 3.5983714783 -1.9267767843 1.1401678845 0.0000000000
9.8129594822 1.1000000000 3.5979095920 -1.9421895727 1.1321552242 0.0000000000
9.8129668103 1.1000000000 3.5974363129 -1.9575998096 1.1240980130 0.0000000000
9.8129740412 1.1000000000 3.5970500491 -1.9730249533 1.1163829004 0.0000000000
9.8129812321 1.1000000000 3.5965095345 -1.9884194010 1.1080630626 0.0000000000
9.8129883494 1.1000000000 3.5959397850 -2.0038081274 1.0996285742 0.0000000000
9.8129954020 1.1000000000 3.5954218475 -2.0192087784 1.0913965639 0.0000000000
9.8130023753 1.1000000000 3.5948588375 -2.0345989847 1.0829884412 0.0000000000
9.8130092741 1.1000000000 3.5943415609 -2.0499990296 1.0747593169 0.0000000000
9.8130161107 1.1000000000 3.5938454550 -2.0654051514 1.0666124444 0.0000000000
9.8130228811 1.1000000000 3.5933155177 -2.0808029823 1.0583335629 0.0000000000
9.8130295836 1.1000000000 3.5928371253 -2.0962107966 1.0502568678 0.0000000000
9.8130362238 1.1000000000 3.5923984234 -2.1116272880 1.0423354636 0.0000000000
9.8130428003 1.1000000000 3.5919413962 -2.1270395358 1.0343424558 0.0000000000
9.8130493207 1.1000000000 3.5913698934 -2.1424275266 1.0259012481 0.0000000000
9.8130557757 1.1000000000 3.5907878552 -2.1578132557 1.0174188039 0.0000000000
9.8130621761 1.1000000000 3.5902454447 -2.1732094728 1.0090906749 0.0000000000
9.8130685038 1.1000000000 3.5897412125 -2.1886135247 1.0009121253 0.0000000000
9.8130747740 1.1000000000 3.5891741262 -2.2040034626 0.9924878048 0.0000000000
9.8130809828 1.1000000000 3.5886376291 -2.2193990896 0.9841835659 0.0000000000
9.8130871091 1.1000000000 3.5881736381 -2.2348103178 0.9761631105 0.0000000000
9.8130931807 1.1000000000 3.5877146195 -2.2502218548 0.9681624212 0.0000000000
9.8130991940 1.1000000000 3.5872332831 -2.2656287110 0.9600743331 0.0000000000
9.8131051761 1.1000000000 3.5867109884 -2.2810260846 0.9518262050 0.0000000000
9.8131110880 1.1000000000 3.5860842747 -2.2964004077 0.9431696210 0.0000000000
9.8131169280 1.1000000000 3.5855547709 -2.3117973019 0.9348928479 0.0000000000
9.8131227236 1.1000000000 3.5849948597 -2.3271908871 0.9264957691 0.0000000000
9.8131284618 1.1000000000 3.5843944411 -2.3425716505 0.9179417892 0.0000000000
9.8131341214 1.1000000000 3.5839365884 -2.3579822057 0.9099461566 0.0000000000
9.8131397351 1.1000000000 3.5834557056 -2.3733889999 0.9018599075 0.0000000000
9.8131452890 1.1000000000 3.5829074429 -2.3887835052 0.8935090548 0.0000000000
9.8131507816 1.1000000000 3.5824631086 -2.4041961903 0.8855666433 0.0000000000
9.8131562277 1.1000000000 3.5819978473 -2.4196050325 0.8775420613 0.0000000000
9.8131616364 1.1000000000 3.5813853558 -2.4349826881 0.8689410333 0.0000000000
9.8131669899 1.1000000000 3.5807656205 -2.4503608945 0.8603108092 0.0000000000
9.8131722985 1.1000000000 3.5801276596 -2.4657336712 0.8516098552 0.0000000000
9.8131775394 1.1000000000 3.5795978552 -2.4811290087 0.8433325023 0.0000000000
9.8131827234 1.1000000000 3.5790769549 -2.4965271573 0.8350896418 0.0000000000
9.8131878722 1.1000000000 3.5784748700 -2.5119090517 0.8265285445 0.0000000000
9.8131929623 1.1000000000 3.5780066128 -2.5273167733 0.8184924271 0.0000000000
9.8131980084 1.1000000000 3.5774962479 -2.5427162537 0.8102911753 0.0000000000
9.8132030057 1.1000000000 3.5769840600 -2.5581151586 0.8020828619 0.0000000000
9.8132079695 1.1000000000 3.5763150736 -2.5734808901 0.7932606237 0.0000000000
9.8132128871 1.1000000000 3.5756222815 -2.5888383739 0.7843464617 0.0000000000
9.8132177549 1.1000000000 3.5750132957 -2.6042141482 0.7757602085 0.0000000000
9.8132225727 1.1000000000 3.5744799881 -2.6196080793 0.7674694058 0.0000000000
9.8132273505 1.1000000000 3.5738670380 -2.6349851228 0.7588667882 0.0000000000
9.8132320840 1.1000000000 3.5733505919 -2.6503822473 0.7506421538 0.0000000000
9.8132367699 1.1000000000 3.5728702645 -2.6657870024 0.7425589423 0.0000000000
9.8132414179 1.1000000000 3.5723626932 -2.6811858512 0.7343691173 0.0000000000
9.8132460383 1.1000000000 3.5718533972 -2.6965842719 0.7261725654 0.0000000000
9.8132506311 1.1000000000 3.5711920770 -2.7119484590 0.7173816095 0.0000000000
9.8132551736 1.1000000000 3.5705494047 -2.7273166140 0.7086636585 0.0000000000
9.8132596718 1.1000000000 3.5699864285 -2.7427024364 0.7002574247 0.0000000000
9.8132641340 1.1000000000 3.5693492544 -2.7580703625 0.6915615576 0.0000000000
9.8132685543 1.1000000000 3.5687677759 -2.7734515907 0.6830831525 0.0000000000
9.8132729321 1.1000000000 3.5682478146 -2.7888470540 0.6748451222 0.0000000000
9.8132772708 1.1000000000 3.5677040475 -2.8042367577 0.6665141722 0.0000000000
9.8132815696 1.1000000000 3.5671807624 -2.8196316013 0.6582630941 0.0000000000
9.8132858306 1.1000000000 3.5665682420 -2.8350042647 0.6496639472 0.0000000000
9.8132900607 1.1000000000 3.5658945093 -2.8503620125 0.6408259172 0.0000000000
9.8132942419 1.1000000000 3.5653013782 -2.8657393406 0.6323024617 0.0000000000
9.8132983950 1.1000000000 3.5646491172 -2.8811016653 0.6235484878 0.0000000000
9.8133024977 1.1000000000 3.5640241052 -2.8964707911 0.6149007895 0.0000000000
9.8133065694 1.1000000000 3.5634568421 -2.9118542279 0.6064783625 0.0000000000
9.8133106019 1.1000000000 3.5628765614 -2.9272347593 0.5980050269 0.0000000000
9.8133146010 1.1000000000 3.5622949069 -2.9426146335 0.5895264593 0.0000000000
9.8133185626 1.1000000000 3.5616993162 -2.9579914215 0.5809933812 0.0000000000
9.8133224942 1.1000000000 3.5610313427 -2.9733479830 0.5721788627 0.0000000000
9.8133263869 1.1000000000 3.5604092829 -2.9887163804 0.5635432645 0.0000000000
9.8133302405 1.1000000000 3.5597514368 -3.0040762510 0.5547679318 0.0000000000
9.8133340639 1.1000000000 3.5590987975 -3.0194364051 0.5460133131 0.0000000000
9.8133378485 1.1000000000 3.5584965985 -3.0348103788 0.5374549276 0.0000000000
9.8133416077 1.1000000000 3.5578928262 -3.0501847049 0.5288901079 0.0000000000
9.8133453241 1.1000000000 3.5572662045 -3.0655523428 0.5202365662 0.0000000000
9.8133490168 1.1000000000 3.5566412023 -3.0809209812 0.5115891020 0.0000000000
9.8133526725 1.1000000000 3.5559823160 -3.0962783185 0.5028106218 0.0000000000
9.8133562974 1.1000000000 3.5553440368 -3.1116423829 0.4941118794 0.0000000000
9.8133598932 1.1000000000 3.5546922706 -3.1270023154 0.4853608416 0.0000000000
9.8133634541 1.1000000000 3.5540220640 -3.1423578492 0.4765378015 0.0000000000
9.8133669895 1.1000000000 3.5533821524 -3.1577221307 0.4678324426 0.0000000000
9.8133704931 1.1000000000 3.5527495646 -3.1730891036 0.4591553022 0.0000000000
9.8133739707 1.1000000000 3.5521015055 -3.1884508796 0.4504183553 0.0000000000
9.8133774134 1.1000000000 3.5514475396 -3.2038108534 0.4416585021 0.0000000000
9.8133808263 1.1000000000 3.5507840455 -3.2191673370 0.4328619322 0.0000000000
9.8133842136 1.1000000000 3.5501434802 -3.2345333555 0.4241532637 0.0000000000
9.8133875754 1.1000000000 3.5495022587 -3.2498985892 0.4154422842 0.0000000000
9.8133909076 1.1000000000 3.5488297833 -3.2652537045 0.4066103365 0.0000000000
9.8133942188 1.1000000000 3.5481850032 -3.2806199886 0.3978847026 0.0000000000
9.8133975077 1.1000000000 3.5475207909 -3.2959800128 0.3890838437 0.0000000000
9.8134007664 1.1000000000 3.5468425412 -3.3113353256 0.3802287198 0.0000000000
9.8134039984 1.1000000000 3.5461464901 -3.3266850434 0.3713046283 0.0000000000
9.8134072095 1.1000000000 3.5454240216 -3.3420250444 0.3622787539 0.0000000000
9.8134103950 1.1000000000 3.5447583957 -3.3573867977 0.3534715491 0.0000000000
9.8134135587 1.1000000000 3.5440869196 -3.3727469905 0.3446415672 0.0000000000
9.8134166948 1.1000000000 3.5433792863 -3.3880934030 0.3356724693 0.0000000000
9.8134198082 1.1000000000 3.5427071844 -3.4034540543 0.3268398011 0.0000000000
9.8134229046 1.1000000000 3.5421040003 -3.4188352096 0.3182746025 0.0000000000
9.8134259675 1.1000000000 3.5414226957 -3.4341931743 0.3094061980 0.0000000000
9.8134290046 1.1000000000 3.5406609629 -3.4495203566 0.3002283943 0.0000000000
9.8134320236 1.1000000000 3.5398977225 -3.4648498523 0.2910436343 0.0000000000
9.8134350261 1.1000000000 3.5392022027 -3.4802055023 0.2821192952 0.0000000000
9.8134380039 1.1000000000 3.5386017583 -3.4955844505 0.2735659380 0.0000000000
9.8134409601 1.1000000000 3.5379004031 -3.5109374701 0.2646193096 0.0000000000
9.8134438935 1.1000000000 3.5372920986 -3.5263138955 0.2560355214 0.0000000000
9.8134468122 1.1000000000 3.5365419364 -3.5416438930 0.2469028734 0.0000000000
9.8134497135 1.1000000000 3.5357570293 -3.5569659420 0.2376344257 0.0000000000
9.8134526002 1.1000000000 3.5349834038 -3.5722962602 0.2284077963 0.0000000000
9.8134554730 1.1000000000 3.5341649245 -3.5876114129 0.2190078178 0.0000000000
9.8134583421 1.1000000000 3.5334982075 -3.6029703775 0.2101973642 0.0000000000
9.8134612072 1.1000000000 3.5328520189 -3.6183343860 0.2014670063 0.0000000000
9.8134640779 1.1000000000 3.5321948941 -3.6336951109 0.1926942170 0.0000000000
9.8134669638 1.1000000000 3.5314144041 -3.6490224577 0.1834413183 0.0000000000
9.8134698973 1.1000000000 3.5305728845 -3.6643307405 0.1739519269 0.0000000000
9.8134729435 1.1000000000 3.5298305562 -3.6796651761 0.1648488397 0.0000000000
9.8134765936 1.1000000000 3.5291700000 -3.6950250000 0.1560626852 0.0000000000
