# logAge Mass logTe Mbol logg C/O
-0.5054055187 1.0000000000 3.5654100000 -1.5085250000 1.1342300000 0.0000000000
-0.4598792267 1.0000000000 3.5654104919 -1.5084532598 1.1342606637 0.0000000000
-0.4143529319 1.0000000000 3.5654122921 -1.5083857370 1.1342948735 0.0000000000
-0.3688266361 1.0000000000 3.5654151757 -1.5083178922 1.1343335460 0.0000000000
-0.3233003415 1.0000000000 3.5654189181 -1.5082451859 1.1343775979 0.0000000000
-0.2777740499 1.0000000000 3.5654232943 -1.5081630786 1.1344279457 0.0000000000
-0.2322477634 1.0000000000 3.5654280796 -1.5080670310 1.1344855062 0.0000000000
-0.1867214838 1.0000000000 3.5654330389 -1.5079529010 1.1345509951 0.0000000000
-0.1411952109 1.0000000000 3.5654377878 -1.5078222279 1.1346222602 0.0000000000
-0.0956689431 1.0000000000 3.5654418820 -1.5076806174 1.1346952809 0.0000000000
-0.0501426804 1.0000000000 3.5654461453 -1.5075294017 1.1347728203 0.0000000000
-0.0046164250 1.0000000000 3.5654527003 -1.5073653031 1.1348646799 0.0000000000
0.0409098192 1.0000000000 3.5654620546 -1.5071832520 1.1349749175 0.0000000000
0.0864360455 1.0000000000 3.5654722548 -1.5069758823 1.1350986662 0.0000000000
0.1319622490 1.0000000000 3.5654818484 -1.5067386935 1.1352319161 0.0000000000
0.1774884282 1.0000000000 3.5654908376 -1.5064735415 1.1353739337 0.0000000000
0.2230145812 1.0000000000 3.5654996765 -1.5061818334 1.1355259725 0.0000000000
0.2685407029 1.0000000000 3.5655096320 -1.5058612308 1.1356940357 0.0000000000
0.3140667862 1.0000000000 3.5655219638 -1.5055082409 1.1358845587 0.0000000000
0.3595928189 1.0000000000 3.5655372247 -1.5051173707 1.1361019505 0.0000000000
0.4051187872 1.0000000000 3.5655554580 -1.5046827885 1.1363487167 0.0000000000
0.4506446780 1.0000000000 3.5655746458 -1.5042000629 1.1366185581 0.0000000000
0.4961704770 1.0000000000 3.5655923959 -1.5036649867 1.1369035889 0.0000000000
0.5416961560 1.0000000000 3.5656108752 -1.5030699513 1.1372155202 0.0000000000
0.5872216791 1.0000000000 3.5656345891 -1.5024055570 1.1375761337 0.0000000000
0.6327470128 1.0000000000 3.5656634156 -1.5016651087 1.1379876190 0.0000000000
0.6782721256 1.0000000000 3.5656935925 -1.5008441324 1.1384367172 0.0000000000
0.7237969805 1.0000000000 3.5657252832 -1.4999385002 1.1389257328 0.0000000000
0.7693215343 1.0000000000 3.5657631828 -1.4989443606 1.1394749869 0.0000000000
0.8148457330 1.0000000000 3.5658091451 -1.4978550711 1.1400945520 0.0000000000
0.8603695055 1.0000000000 3.5658601044 -1.4966594891 1.1407766218 0.0000000000
0.9058927387 1.0000000000 3.5659143272 -1.4953415142 1.1415207029 0.0000000000
0.9514152274 1.0000000000 3.5659741055 -1.4938747001 1.1423465419 0.0000000000
0.9969367750 1.0000000000 3.5660413795 -1.4922365389 1.1432709026 0.0000000000
1.0424572555 1.0000000000 3.5661150990 -1.4904222057 1.1442915138 0.0000000000
1.0879765209 1.0000000000 3.5661943474 -1.4884266357 1.1454067352 0.0000000000
1.1334942464 1.0000000000 3.5662818388 -1.4862259656 1.1466369688 0.0000000000
1.1790100503 1.0000000000 3.5663809500 -1.4837914692 1.1480072123 0.0000000000
1.2245235282 1.0000000000 3.5664919042 -1.4811004003 1.1495274569 0.0000000000
1.2700342309 1.0000000000 3.5666136429 -1.4781305442 1.1512023540 0.0000000000
1.3155413221 1.0000000000 3.5667462703 -1.4748362649 1.1530505752 0.0000000000
1.3610437113 1.0000000000 3.5668905376 -1.4711576103 1.1550991061 0.0000000000
1.4065400867 1.0000000000 3.5670456285 -1.4670411295 1.1573660622 0.0000000000
1.4520289526 1.0000000000 3.5672094607 -1.4624399219 1.1598618741 0.0000000000
1.4975091047 1.0000000000 3.5673843292 -1.4573289079 1.1626057536 0.0000000000
1.5429796982 1.0000000000 3.5675779577 -1.4517094338 1.1656280571 0.0000000000
1.5884390902 1.0000000000 3.5677937847 -1.4455537375 1.1689536439 0.0000000000
1.6338841981 1.0000000000 3.5680271416 -1.4387801161 1.1725965201 0.0000000000
1.6793123588 1.0000000000 3.5682774243 -1.4313301770 1.1765776265 0.0000000000
1.7247223414 1.0000000000 3.5685564085 -1.4232184351 1.1809382601 0.0000000000
1.7701124533 1.0000000000 3.5688742348 -1.4144481024 1.1857176983 0.0000000000
1.8154784352 1.0000000000 3.5692276727 -1.4049373718 1.1909357421 0.0000000000
1.8608152152 1.0000000000 3.5696116843 -1.3945884242 1.1966113676 0.0000000000
1.9061165337 1.0000000000 3.5700287218 -1.3833255377 1.2027846722 0.0000000000
1.9513765948 1.0000000000 3.5704846191 -1.3710958522 1.2095001355 0.0000000000
1.9965973431 1.0000000000 3.5709918456 -1.3579792971 1.2167756635 0.0000000000
2.0417765148 1.0000000000 3.5715562480 -1.3439847339 1.2246310984 0.0000000000
2.0868667120 1.0000000000 3.5721284738 -1.3283534449 1.2331725171 0.0000000000
2.1318393004 1.0000000000 3.5726865256 -1.3106985652 1.2424666761 0.0000000000
2.1767267241 1.0000000000 3.5732905127 -1.2917505432 1.2524618334 0.0000000000
2.2215437243 1.0000000000 3.5739728406 -1.2718102276 1.2631672714 0.0000000000
2.2662653086 1.0000000000 3.5747012892 -1.2505840200 1.2745715488 0.0000000000
2.3108823556 1.0000000000 3.5754878944 -1.2280382988 1.2867362582 0.0000000000
2.3554226737 1.0000000000 3.5763843055 -1.2045726991 1.2997081422 0.0000000000
2.3997721367 1.0000000000 3.5772677860 -1.1789832735 1.3134778344 0.0000000000
2.4439011422 1.0000000000 3.5781413867 -1.1510713590 1.3281370031 0.0000000000
2.4878994744 1.0000000000 3.5790854698 -1.1219390935 1.3435662419 0.0000000000
2.5318072036 1.0000000000 3.5801536363 -1.0919764186 1.3598239778 0.0000000000
2.5755646983 1.0000000000 3.5812779080 -1.0606813652 1.3768390858 0.0000000000
2.6190875127 1.0000000000 3.5824036139 -1.0274311659 1.3946419892 0.0000000000
2.6622725706 1.0000000000 3.5834565292 -0.9914936507 1.4132286563 0.0000000000
2.7053426889 1.0000000000 3.5846104148 -0.9547338003 1.4325481392 0.0000000000
2.7483039454 1.0000000000 3.5858643432 -0.9172003978 1.4525772136 0.0000000000
2.7910586987 1.0000000000 3.5871503781 -0.8782281872 1.4733102376 0.0000000000
2.8335046366 1.0000000000 3.5884064425 -0.8371954242 1.4947476003 0.0000000000
2.8758003505 1.0000000000 3.5897065591 -0.7952132845 1.5167409227 0.0000000000
2.9179564844 1.0000000000 3.5910764060 -0.7523741890 1.5393559484 0.0000000000
2.9598815833 1.0000000000 3.5924482435 -0.7081555957 1.5625307355 0.0000000000
3.0014594616 1.0000000000 3.5937468913 -0.6619057922 1.5862252481 0.0000000000
3.0429693269 1.0000000000 3.5951204346 -0.6152895850 1.6103659043 0.0000000000
3.0844093224 1.0000000000 3.5965905858 -0.5683036892 1.6350408674 0.0000000000
3.1254514718 1.0000000000 3.5979338601 -0.5191709504 1.6600670601 0.0000000000
3.1663460329 1.0000000000 3.5993018507 -0.4692719469 1.6854986239 0.0000000000
3.2072164335 1.0000000000 3.6007557603 -0.4192646976 1.7113171621 0.0000000000
3.2479616428 1.0000000000 3.6022462726 -0.3686315275 1.7375324793 0.0000000000
3.2883419853 1.0000000000 3.6036005961 -0.3161772536 1.7639314831 0.0000000000
3.3287165116 1.0000000000 3.6050461426 -0.2637103880 1.7907004153 0.0000000000
3.3690412416 1.0000000000 3.6065260261 -0.2110095168 1.8177002978 0.0000000000
3.4091094008 1.0000000000 3.6079468660 -0.1570926507 1.8449504039 0.0000000000
3.4489987051 1.0000000000 3.6093136495 -0.1023430341 1.8723173845 0.0000000000
3.4888795739 1.0000000000 3.6107389674 -0.0475634125 1.8999305044 0.0000000000
3.5287648374 1.0000000000 3.6122360524 0.0071812577 1.9278167126 0.0000000000
3.5682781892 1.0000000000 3.6135591806 0.0636174326 1.9556836956 0.0000000000
3.6078011423 1.0000000000 3.6149420551 0.1200015274 1.9837688315 0.0000000000
3.6474198006 1.0000000000 3.6164149130 0.1759501790 2.0120397238 0.0000000000
3.6867585899 1.0000000000 3.6177653941 0.2331324487 2.0403145560 0.0000000000
3.7259742255 1.0000000000 3.6190865881 0.2908508687 2.0686866998 0.0000000000
3.7652565849 1.0000000000 3.6204797845 0.3482735073 2.0972285409 0.0000000000
3.8045526529 1.0000000000 3.6219002709 0.4056340862 2.1258547179 0.0000000000
3.8435271050 1.0000000000 3.6231657442 0.4643724431 2.1544119540 0.0000000000
3.8825369389 1.0000000000 3.6244665039 0.5229578752 2.1830491655 0.0000000000
3.9215671875 1.0000000000 3.6258034388 0.5814542607 2.2117954595 0.0000000000
3.9605795713 1.0000000000 3.6271452423 0.6400232627 2.2405902742 0.0000000000
3.9993563760 1.0000000000 3.6283669855 0.6995795416 2.2692997586 0.0000000000
4.0381609127 1.0000000000 3.6296196588 0.7590186825 2.2980861083 0.0000000000
4.0769986446 1.0000000000 3.6309008010 0.8183183929 2.3269305612 0.0000000000
4.1157978674 1.0000000000 3.6321617888 0.8777771033 2.3557579966 0.0000000000
4.1544106114 1.0000000000 3.6333313120 0.9380023756 2.3845261983 0.0000000000
4.1930430383 1.0000000000 3.6345110880 0.9981473856 2.4133033062 0.0000000000
4.2316921760 1.0000000000 3.6357023273 1.0582237367 2.4420988038 0.0000000000
4.2703662907 1.0000000000 3.6369120227 1.1181976121 2.4709271358 0.0000000000
4.3088415338 1.0000000000 3.6380054397 1.1789780268 2.4996129695 0.0000000000
4.3473240103 1.0000000000 3.6391042016 1.2397303096 2.5283089303 0.0000000000
4.3858525799 1.0000000000 3.6402108655 1.3002989405 2.5569630382 0.0000000000
4.4243964177 1.0000000000 3.6413250171 1.3608059009 2.5856224287 0.0000000000
4.4629007781 1.0000000000 3.6423827983 1.4214749371 2.6141211681 0.0000000000
4.5013383687 1.0000000000 3.6433747052 1.4824157250 2.6424651108 0.0000000000
4.5398698502 1.0000000000 3.6443606308 1.5429857152 2.6706368092 0.0000000000
4.5785367627 1.0000000000 3.6453439001 1.6030139193 2.6985811681 0.0000000000
4.6174318915 1.0000000000 3.6463115493 1.6621146824 2.7260920701 0.0000000000
4.6566246221 1.0000000000 3.6472176936 1.7199796269 2.7528626253 0.0000000000
4.6962316469 1.0000000000 3.6480259432 1.7760559206 2.7785261412 0.0000000000
4.7366056702 1.0000000000 3.6487774339 1.8286008141 2.8025500611 0.0000000000
4.7779606925 1.0000000000 3.6494525947 1.8761340370 2.8242639938 0.0000000000
4.8203948428 1.0000000000 3.6500276444 1.9172976667 2.8430296442 0.0000000000
4.8638204560 1.0000000000 3.6505122298 1.9514137712 2.8586144276 0.0000000000
4.9079196625 1.0000000000 3.6509007908 1.9796519966 2.8714639617 0.0000000000
4.9523539423 1.0000000000 3.6512367915 2.0044146678 2.8827130331 0.0000000000
4.9968496116 1.0000000000 3.6515561381 2.0284832106 2.8936178366 0.0000000000
5.0411662313 1.0000000000 3.6519031006 2.0545327514 2.9054255030 0.0000000000
5.0849889455 1.0000000000 3.6522877484 2.0853467472 2.9192896923 0.0000000000
5.1278465926 1.0000000000 3.6527388187 2.1236789762 2.9364268653 0.0000000000
5.1689692825 1.0000000000 3.6533107796 2.1723893086 2.9581988419 0.0000000000
5.2072065675 1.0000000000 3.6540102838 2.2340003761 2.9856412856 0.0000000000
5.2418594220 1.0000000000 3.6548206063 2.3076965266 3.0183610360 0.0000000000
5.2737784190 1.0000000000 3.6556761871 2.3888083217 3.0542280771 0.0000000000
5.3051208005 1.0000000000 3.6565048755 2.4713310516 3.0905519227 0.0000000000
5.3369182123 1.0000000000 3.6572539962 2.5527625809 3.1261210173 0.0000000000
5.3692307612 1.0000000000 3.6579091847 2.6329211896 3.1608052148 0.0000000000
5.4020491369 1.0000000000 3.6585064819 2.7117879509 3.1947411078 0.0000000000
5.4353313988 1.0000000000 3.6590505830 2.7894332536 3.2279756334 0.0000000000
5.4690098583 1.0000000000 3.6595438831 2.8660053626 3.2605776774 0.0000000000
5.5030301911 1.0000000000 3.6599757869 2.9416300473 3.2925551665 0.0000000000
5.5373573311 1.0000000000 3.6603506834 3.0163854659 3.3239569201 0.0000000000
5.5719476119 1.0000000000 3.6606694826 3.0903805885 3.3548301656 0.0000000000
5.6067680620 1.0000000000 3.6609238249 3.1636994488 3.3851750793 0.0000000000
5.6417997725 1.0000000000 3.6611344068 3.2363875249 3.4150926371 0.0000000000
5.6770074945 1.0000000000 3.6612851979 3.3085432959 3.4445581098 0.0000000000
5.7123961136 1.0000000000 3.6613960062 3.3801441539 3.4736416862 0.0000000000
5.7479159246 1.0000000000 3.6614483275 3.4513383857 3.5023286642 0.0000000000
5.7835768904 1.0000000000 3.6614535213 3.5220903302 3.5306502173 0.0000000000
5.8193347557 1.0000000000 3.6614125522 3.5925359496 3.5586645886 0.0000000000
5.8551948889 1.0000000000 3.6613163886 3.6626555040 3.5863277562 0.0000000000
5.8911325584 1.0000000000 3.6611686888 3.7325261368 3.6136852098 0.0000000000
5.9271326152 1.0000000000 3.6609704263 3.8021948996 3.6407596649 0.0000000000
5.9631923877 1.0000000000 3.6607182496 3.8716694020 3.6675407591 0.0000000000
5.9993069349 1.0000000000 3.6604217339 3.9409646385 3.6940727908 0.0000000000
6.0354444593 1.0000000000 3.6600622453 4.0101829767 3.7203221720 0.0000000000
6.0716588365 1.0000000000 3.6596732747 4.0791482889 3.7463524145 0.0000000000
6.1078892782 1.0000000000 3.6592376837 4.1480588487 3.7721742744 0.0000000000
6.1441505503 1.0000000000 3.6587492571 4.2168657421 3.7977433252 0.0000000000
6.1804653238 1.0000000000 3.6582322846 4.2854953276 3.8231272696 0.0000000000
6.2167760460 1.0000000000 3.6576565988 4.3541357504 3.8482806954 0.0000000000
6.2531407050 1.0000000000 3.6570562801 4.4225963013 3.8732636408 0.0000000000
6.2894934771 1.0000000000 3.6563880045 4.4910921692 3.8979888858 0.0000000000
6.3258973050 1.0000000000 3.6556885708 4.5594163604 3.9225208274 0.0000000000
6.3623992254 1.0000000000 3.6549759559 4.6274118813 3.9468685760 0.0000000000
6.3990207475 1.0000000000 3.6542577394 4.6950039283 3.9710325289 0.0000000000
6.4358154268 1.0000000000 3.6535525807 4.7620060828 3.9950127558 0.0000000000
6.4727736189 1.0000000000 3.6528485140 4.8284434529 4.0187714370 0.0000000000
6.5099644158 1.0000000000 3.6521864285 4.8940672104 4.0423725983 0.0000000000
6.5473997532 1.0000000000 3.6515602618 4.9588182294 4.0657683389 0.0000000000
6.5851587661 1.0000000000 3.6510076117 5.0223871685 4.0889853143 0.0000000000
6.6232693084 1.0000000000 3.6505372077 5.0846351296 4.1120028826 0.0000000000
6.6617853676 1.0000000000 3.6501776349 5.1453068313 4.1348332720 0.0000000000
6.7007715633 1.0000000000 3.6499593416 5.2040758247 4.1574676962 0.0000000000
6.7402886658 1.0000000000 3.6499126819 5.2605868544 4.1798854695 0.0000000000
6.7804130612 1.0000000000 3.6500758524 5.3143529904 4.2020446060 0.0000000000
6.8212185574 1.0000000000 3.6505100865 5.3648017583 4.2239610492 0.0000000000
6.8628125679 1.0000000000 3.6512796754 5.4110179537 4.2455258830 0.0000000000
6.9052494971 1.0000000000 3.6524537678 5.4520948820 4.2666530240 0.0000000000
6.9486208271 1.0000000000 3.6541865635 5.4863627982 4.2872913732 0.0000000000
6.9929176778 1.0000000000 3.6566188833 5.5117824586 4.3071885168 0.0000000000
7.0379873296 1.0000000000 3.6600174617 5.5249041674 4.3260315137 0.0000000000
7.0832284672 1.0000000000 3.6645809625 5.5222478393 4.3432229858 0.0000000000
7.1274699862 1.0000000000 3.6704952470 5.5005500329 4.3582010013 0.0000000000
7.1692524471 1.0000000000 3.6776777045 5.4594346460 4.3704846763 0.0000000000
7.2076170210 1.0000000000 3.6857989914 5.4017976034 4.3799150069 0.0000000000
7.2423343322 1.0000000000 3.6945359481 5.3315807280 4.3867760836 0.0000000000
7.2737768567 1.0000000000 3.7036020942 5.2525053169 4.3914105037 0.0000000000
7.3024510466 1.0000000000 3.7128218143 5.1671857310 4.3941615496 0.0000000000
7.3289821739 1.0000000000 3.7221159170 5.0776757750 4.3955339779 0.0000000000
7.3539372543 1.0000000000 3.7314299963 4.9853805346 4.3958721992 0.0000000000
7.3781047918 1.0000000000 3.7407836133 4.8918032766 4.3958557637 0.0000000000
7.4028903485 1.0000000000 3.7503114239 4.7993688981 4.3969932548 0.0000000000
7.4342963116 1.0000000000 3.7606234598 4.7226838794 4.4075673911 0.0000000000
7.4734089997 1.0000000000 3.7670135897 4.7622916171 4.4489710057 0.0000000000
7.5013679500 1.0000000000 3.7675538981 4.8519224285 4.4869845637 0.0000000000
7.5271682525 1.0000000000 3.7658672501 4.9455859980 4.5177033995 0.0000000000
7.5583738494 1.0000000000 3.7632000000 5.0276000000 4.5398400000 0.0000000000
7.5842658553 1.0000000000 3.7618500000 5.0578500000 4.5465400000 0.0000000000
7.5946453797 1.0000000000 3.7615427496 5.0630760446 4.5474014162 0.0000000000
7.6051451187 1.0000000000 3.7613362982 5.0659002152 4.5477052789 0.0000000000
7.6157120913 1.0000000000 3.7612078400 5.0669734451 4.5476207379 0.0000000000
7.6262940485 1.0000000000 3.7611347118 5.0669417093 4.5473155308 0.0000000000
7.6368642690 1.0000000000 3.7610992351 5.0662779997 4.5469081403 0.0000000000
7.6474275951 1.0000000000 3.7610898964 5.0652413681 4.5464561330 0.0000000000
7.6579893154 1.0000000000 3.7610971035 5.0640358131 4.5460027392 0.0000000000
7.6685504604 1.0000000000 3.7611156050 5.0627474562 4.5455614027 0.0000000000
7.6791113160 1.0000000000 3.7611409564 5.0614411186 4.5451402729 0.0000000000
7.6896721908 1.0000000000 3.7611704260 5.0601570892 4.5447445399 0.0000000000
7.7002334230 1.0000000000 3.7612034505 5.0589046155 4.5443756480 0.0000000000
7.7107953513 1.0000000000 3.7612396021 5.0576909395 4.5440347840 0.0000000000
7.7213581945 1.0000000000 3.7612780963 5.0565219626 4.5437211704 0.0000000000
7.7319219438 1.0000000000 3.7613174707 5.0554010397 4.5434302986 0.0000000000
7.7424865647 1.0000000000 3.7613561866 5.0543312408 4.5431572428 0.0000000000
7.7530520194 1.0000000000 3.7613928098 5.0533152341 4.5428973326 0.0000000000
7.7636182251 1.0000000000 3.7614272873 5.0523503529 4.5426492904 0.0000000000
7.7741850673 1.0000000000 3.7614605465 5.0514301467 4.5424142447 0.0000000000
7.7847524306 1.0000000000 3.7614935354 5.0505480843 4.5421933754 0.0000000000
7.7953202012 1.0000000000 3.7615271710 5.0496976916 4.5419877605 0.0000000000
7.8058882975 1.0000000000 3.7615616769 5.0488737597 4.5417962116 0.0000000000
7.8164566698 1.0000000000 3.7615965960 5.0480723232 4.5416153132 0.0000000000
7.8270252696 1.0000000000 3.7616314420 5.0472894691 4.5414415558 0.0000000000
7.8375940484 1.0000000000 3.7616657290 5.0465212844 4.5412714298 0.0000000000
7.8481629666 1.0000000000 3.7616990313 5.0457646625 4.5411019904 0.0000000000
7.8587320361 1.0000000000 3.7617312784 5.0450212260 4.5409336042 0.0000000000
7.8693012877 1.0000000000 3.7617625287 5.0442943168 4.5407678414 0.0000000000
7.8798707523 1.0000000000 3.7617928406 5.0435872790 4.5406062741 0.0000000000
7.8904404606 1.0000000000 3.7618222729 5.0429034568 4.5404504743 0.0000000000
7.9010104398 1.0000000000 3.7618508594 5.0422458762 4.5403017881 0.0000000000
7.9115806842 1.0000000000 3.7618784067 5.0416146286 4.5401594781 0.0000000000
7.9221511701 1.0000000000 3.7619045985 5.0410082202 4.5400216822 0.0000000000
7.9327218739 1.0000000000 3.7619291175 5.0404251422 4.5398865269 0.0000000000
7.9432927717 1.0000000000 3.7619516462 5.0398638856 4.5397521391 0.0000000000
7.9538638398 1.0000000000 3.7619718674 5.0393229412 4.5396166459 0.0000000000
7.9644350537 1.0000000000 3.7619896697 5.0388003878 4.5394788339 0.0000000000
7.9750063863 1.0000000000 3.7620055580 5.0382930728 4.5393394610 0.0000000000
7.9855778102 1.0000000000 3.7620201516 5.0377976145 4.5391996522 0.0000000000
7.9961492979 1.0000000000 3.7620340700 5.0373106310 4.5390605324 0.0000000000
8.0067208218 1.0000000000 3.7620479326 5.0368287406 4.5389232268 0.0000000000
8.0172923547 1.0000000000 3.7620623579 5.0363485664 4.5387888581 0.0000000000
8.0278638848 1.0000000000 3.7620775811 5.0358686496 4.5386577842 0.0000000000
8.0384354400 1.0000000000 3.7620928781 5.0353923345 4.5385284463 0.0000000000
8.0490070543 1.0000000000 3.7621073770 5.0349237054 4.5383989903 0.0000000000
8.0595787618 1.0000000000 3.7621202059 5.0344668465 4.5382675624 0.0000000000
8.0701505962 1.0000000000 3.7621304930 5.0340258415 4.5381323086 0.0000000000
8.0807225633 1.0000000000 3.7621378569 5.0336015365 4.5379920422 0.0000000000
8.0912945720 1.0000000000 3.7621435765 5.0331838204 4.5378478342 0.0000000000
8.1018665114 1.0000000000 3.7621492815 5.0327602661 4.5377012325 0.0000000000
8.1124382703 1.0000000000 3.7621566017 5.0323184467 4.5375537853 0.0000000000
8.1230097610 1.0000000000 3.7621669346 5.0318485350 4.5374071522 0.0000000000
8.1335812043 1.0000000000 3.7621786397 5.0313747373 4.5372644538 0.0000000000
8.1441530379 1.0000000000 3.7621879420 5.0309451725 4.5371298369 0.0000000000
8.1547257036 1.0000000000 3.7621910218 5.0306084560 4.5370074696 0.0000000000
8.1652995221 1.0000000000 3.7621849692 5.0303996494 4.5368997366 0.0000000000
8.1758733943 1.0000000000 3.7621774904 5.0301956048 4.5367882036 0.0000000000
8.1864453033 1.0000000000 3.7621831614 5.0297707964 4.5366409643 0.0000000000
8.1970132187 1.0000000000 3.7622166537 5.0288983034 4.5364259363 0.0000000000
8.2075765041 1.0000000000 3.7622807953 5.0275440598 4.5361408053 0.0000000000
8.2181382658 1.0000000000 3.7623466076 5.0261919281 4.5358632017 0.0000000000
8.2287022323 1.0000000000 3.7623798276 5.0254118188 4.5356840381 0.0000000000
8.2392711894 1.0000000000 3.7623570002 5.0255885826 4.5356634340 0.0000000000
8.2498436436 1.0000000000 3.7623037471 5.0262667326 4.5357216816 0.0000000000
8.2604168871 1.0000000000 3.7622596132 5.0267523795 4.5357394045 0.0000000000
8.2709887331 1.0000000000 3.7622539996 5.0265315413 4.5356286149 0.0000000000
8.2815589898 1.0000000000 3.7622774526 5.0257793757 4.5354215607 0.0000000000
8.2921279506 1.0000000000 3.7623112855 5.0248347784 4.5351790534 0.0000000000
8.3026963834 1.0000000000 3.7623409348 5.0239624492 4.5349487187 0.0000000000
8.3132657924 1.0000000000 3.7623582406 5.0233118541 4.5347577039 0.0000000000
8.3238375947 1.0000000000 3.7623566482 5.0230040531 4.5346282140 0.0000000000
8.3344110816 1.0000000000 3.7623444664 5.0228993720 4.5345376142 0.0000000000
8.3449839781 1.0000000000 3.7623409393 5.0226662316 4.5344302498 0.0000000000
8.3555549726 1.0000000000 3.7623560022 5.0221257998 4.5342743289 0.0000000000
8.3661247728 1.0000000000 3.7623802862 5.0214165917 4.5340877816 0.0000000000
8.3766943259 1.0000000000 3.7624032776 5.0207000257 4.5338931205 0.0000000000
8.3872645656 1.0000000000 3.7624190133 5.0200784989 4.5337074528 0.0000000000
8.3978361155 1.0000000000 3.7624247678 5.0196069589 4.5335418548 0.0000000000
8.4084079392 1.0000000000 3.7624293769 5.0191608599 4.5333818515 0.0000000000
8.4189787545 1.0000000000 3.7624427696 5.0185923969 4.5332080372 0.0000000000
8.4295488301 1.0000000000 3.7624609998 5.0179379770 4.5330191900 0.0000000000
8.4401188507 1.0000000000 3.7624779258 5.0172807630 4.5328240083 0.0000000000
8.4506892780 1.0000000000 3.7624945092 5.0166686433 4.5326454941 0.0000000000
8.4612600684 1.0000000000 3.7625120407 5.0160948498 4.5324861027 0.0000000000
8.4718303743 1.0000000000 3.7625297134 5.0154698924 4.5323068105 0.0000000000
8.4824001573 1.0000000000 3.7625481301 5.0147898953 4.5321084787 0.0000000000
8.4929700454 1.0000000000 3.7625681495 5.0141211092 4.5319210415 0.0000000000
8.5035400343 1.0000000000 3.7625844570 5.0134620244 4.5317226377 0.0000000000
8.5141098879 1.0000000000 3.7625969576 5.0127888247 4.5315033604 0.0000000000
8.5246793975 1.0000000000 3.7626153960 5.0120837278 4.5312950750 0.0000000000
8.5352487069 1.0000000000 3.7626369820 5.0113603767 4.5310920786 0.0000000000
8.5458180207 1.0000000000 3.7626580575 5.0106375033 4.5308872314 0.0000000000
8.5563873260 1.0000000000 3.7626809706 5.0099139555 4.5306894647 0.0000000000
8.5669562886 1.0000000000 3.7626982297 5.0091593502 4.5304566588 0.0000000000
8.5775249765 1.0000000000 3.7627142761 5.0083804671 4.5302092914 0.0000000000
8.5880936490 1.0000000000 3.7627383469 5.0076017000 4.5299940675 0.0000000000
8.5986620761 1.0000000000 3.7627626480 5.0068024398 4.5297715679 0.0000000000
8.6092302433 1.0000000000 3.7627866594 5.0059819258 4.5295394080 0.0000000000
8.6197981736 1.0000000000 3.7628131759 5.0051429406 4.5293098798 0.0000000000
8.6303657969 1.0000000000 3.7628356362 5.0042796266 4.5290543954 0.0000000000
8.6409332444 1.0000000000 3.7628538627 5.0034021665 4.5287763174 0.0000000000
8.6515006100 1.0000000000 3.7628817075 5.0025202433 4.5285349274 0.0000000000
8.6620673531 1.0000000000 3.7629094379 5.0015927752 4.5282748619 0.0000000000
8.6726341041 1.0000000000 3.7629383461 5.0006660923 4.5280198213 0.0000000000
8.6832005642 1.0000000000 3.7629578255 4.9997174445 4.5277182798 0.0000000000
8.6937666505 1.0000000000 3.7629869507 4.9987446299 4.5274456548 0.0000000000
8.7043323742 1.0000000000 3.7630176768 4.9977477829 4.5271698202 0.0000000000
8.7148977142 1.0000000000 3.7630493626 4.9967260231 4.5268878595 0.0000000000
8.7254626789 1.0000000000 3.7630711550 4.9956787296 4.5265561119 0.0000000000
8.7360272495 1.0000000000 3.7631045282 4.9946086882 4.5262615880 0.0000000000
8.7465917349 1.0000000000 3.7631388446 4.9935337350 4.5259688724 0.0000000000
8.7571552595 1.0000000000 3.7631687113 4.9924004200 4.5256350131 0.0000000000
8.7677187482 1.0000000000 3.7631978141 4.9912649129 4.5252972217 0.0000000000
8.7782814904 1.0000000000 3.7632348183 4.9900883796 4.5249746249 0.0000000000
8.7888440764 1.0000000000 3.7632717443 4.9889028648 4.5246481231 0.0000000000
8.7994060365 1.0000000000 3.7632995924 4.9876817662 4.5242710762 0.0000000000
8.8099672049 1.0000000000 3.7633396839 4.9864203587 4.5239268792 0.0000000000
8.8205281921 1.0000000000 3.7633800095 4.9851496119 4.5235798826 0.0000000000
8.8310879964 1.0000000000 3.7634102361 4.9838172195 4.5231678322 0.0000000000
8.8416476934 1.0000000000 3.7634533194 4.9824817178 4.5228059648 0.0000000000
8.8522065747 1.0000000000 3.7634948326 4.9811063147 4.5224218562 0.0000000000
8.8627643859 1.0000000000 3.7635305858 4.9796794427 4.5219941204 0.0000000000
8.8733218982 1.0000000000 3.7635770206 4.9782406398 4.5216043383 0.0000000000
8.8838786180 1.0000000000 3.7636151841 4.9767645937 4.5211665739 0.0000000000
8.8944344669 1.0000000000 3.7636620785 4.9752515673 4.5207489407 0.0000000000
8.9049894720 1.0000000000 3.7636999820 4.9737007298 4.5202802200 0.0000000000
8.9155435018 1.0000000000 3.7637514158 4.9721111758 4.5198501333 0.0000000000
8.9260966131 1.0000000000 3.7637903616 4.9704819412 4.5193542227 0.0000000000
8.9366486474 1.0000000000 3.7638431900 4.9688119430 4.5188975371 0.0000000000
8.9471996451 1.0000000000 3.7638882345 4.9671002770 4.5183930490 0.0000000000
8.9577495070 1.0000000000 3.7639354606 4.9653457452 4.5178801404 0.0000000000
8.9682981533 1.0000000000 3.7639904904 4.9635474218 4.5173809302 0.0000000000
8.9788455721 1.0000000000 3.7640423909 4.9617041587 4.5168512272 0.0000000000
8.9893916574 1.0000000000 3.7640997722 4.9598147544 4.5163249904 0.0000000000
8.9999364121 1.0000000000 3.7641486226 4.9578781240 4.5157457401 0.0000000000
9.0104796713 1.0000000000 3.7642044641 4.9558924089 4.5151748198 0.0000000000
9.0210207087 1.0000000000 3.7642664657 4.9538356514 4.5146001232 0.0000000000
9.0315608163 1.0000000000 3.7643220031 4.9517479439 4.5139871899 0.0000000000
9.0420992484 1.0000000000 3.7643906057 4.9496102061 4.5134065052 0.0000000000
9.0526359783 1.0000000000 3.7644484518 4.9474189416 4.5127613840 0.0000000000
9.0631707902 1.0000000000 3.7645200489 4.9451730425 4.5121494127 0.0000000000
9.0737027314 1.0000000000 3.7645827842 4.9428434234 4.5114685062 0.0000000000
9.0842336863 1.0000000000 3.7646479249 4.9404862411 4.5107861961 0.0000000000
9.0947619133 1.0000000000 3.7647245554 4.9380562583 4.5101207249 0.0000000000
9.1052878454 1.0000000000 3.7647920093 4.9355631920 4.5093933142 0.0000000000
9.1158111466 1.0000000000 3.7648644293 4.9330028633 4.5086588627 0.0000000000
9.1263325360 1.0000000000 3.7649453522 4.9303948725 4.5079393576 0.0000000000
9.1368504668 1.0000000000 3.7650196625 4.9277002632 4.5071587555 0.0000000000
9.1473655825 1.0000000000 3.7650952620 4.9249381095 4.5063562918 0.0000000000
9.1578777727 1.0000000000 3.7651730489 4.9221076178 4.5055352429 0.0000000000
9.1683867056 1.0000000000 3.7652537720 4.9192031001 4.5046963281 0.0000000000
9.1788923691 1.0000000000 3.7653365598 4.9162258209 4.5038365675 0.0000000000
9.1893938680 1.0000000000 3.7654230241 4.9131587620 4.5029556011 0.0000000000
9.1998917452 1.0000000000 3.7655122246 4.9100159615 4.5020552828 0.0000000000
9.2103863799 1.0000000000 3.7656010440 4.9068059443 4.5011265539 0.0000000000
9.2208761224 1.0000000000 3.7656895343 4.9034974485 4.5001571167 0.0000000000
9.2313616942 1.0000000000 3.7657798125 4.9001077170 4.4991623367 0.0000000000
9.2418420498 1.0000000000 3.7658767957 4.8966196122 4.4981550279 0.0000000000
9.2523174782 1.0000000000 3.7659797090 4.8930410929 4.4971352731 0.0000000000
9.2627877562 1.0000000000 3.7660818866 4.8893694750 4.4960753364 0.0000000000
9.2732513643 1.0000000000 3.7661792228 4.8855801534 4.4949489526 0.0000000000
9.2837107466 1.0000000000 3.7662889157 4.8817208065 4.4938439854 0.0000000000
9.2941628305 1.0000000000 3.7663912520 4.8777385222 4.4926604170 0.0000000000
9.3046086926 1.0000000000 3.7665046426 4.8736572270 4.4914814612 0.0000000000
9.3150462990 1.0000000000 3.7666168993 4.8694460224 4.4902460063 0.0000000000
9.3254770796 1.0000000000 3.7667277939 4.8651304752 4.4889633655 0.0000000000
9.3359006169 1.0000000000 3.7668427972 4.8607075284 4.4876542003 0.0000000000
9.3463147212 1.0000000000 3.7669612516 4.8561486336 4.4863044599 0.0000000000
9.3567212457 1.0000000000 3.7670753343 4.8514822232 4.4848942263 0.0000000000
9.3671186443 1.0000000000 3.7671994435 4.8466917194 4.4834744619 0.0000000000
9.3775057515 1.0000000000 3.7673191479 4.8417628949 4.4819817496 0.0000000000
9.3878822187 1.0000000000 3.7674425677 4.8366965449 4.4804488886 0.0000000000
9.3982477329 1.0000000000 3.7675693060 4.8314923953 4.4788741821 0.0000000000
9.4086008198 1.0000000000 3.7676990156 4.8261361618 4.4772505269 0.0000000000
9.4189425968 1.0000000000 3.7678347399 4.8206460051 4.4755973618 0.0000000000
9.4292703337 1.0000000000 3.7679687603 4.8149930914 4.4738722778 0.0000000000
9.4395853162 1.0000000000 3.7681053714 4.8091968540 4.4721002272 0.0000000000
9.4498852536 1.0000000000 3.7682528726 4.8032374100 4.4703064543 0.0000000000
9.4601691358 1.0000000000 3.7683940850 4.7971063436 4.4684188773 0.0000000000
9.4704373935 1.0000000000 3.7685267604 4.7908127052 4.4664321237 0.0000000000
9.4806883047 1.0000000000 3.7686755423 4.7843470306 4.4644409815 0.0000000000
9.4909199713 1.0000000000 3.7688261121 4.7776941891 4.4623821240 0.0000000000
9.5011319934 1.0000000000 3.7689778987 4.7708546273 4.4602534456 0.0000000000
9.5113237974 1.0000000000 3.7691330975 4.7638300239 4.4580643998 0.0000000000
9.5214959194 1.0000000000 3.7692854005 4.7566286979 4.4557930810 0.0000000000
9.5316427478 1.0000000000 3.7694379247 4.7492078412 4.4534348353 0.0000000000
9.5417655165 1.0000000000 3.7695944638 4.7415851480 4.4510119144 0.0000000000
9.5518635866 1.0000000000 3.7697549879 4.7337607218 4.4485242405 0.0000000000
9.5619322437 1.0000000000 3.7699187650 4.7257028496 4.4459561998 0.0000000000
9.5719733937 1.0000000000 3.7700855483 4.7174339086 4.4433157568 0.0000000000
9.5819844879 1.0000000000 3.7702562069 4.7089409895 4.4406012233 0.0000000000
9.5919637218 1.0000000000 3.7704206143 4.7002159765 4.4377688480 0.0000000000
9.6019075880 1.0000000000 3.7705787648 4.6912417135 4.4348117446 0.0000000000
9.6118129556 1.0000000000 3.7707452291 4.6820064519 4.4317834971 0.0000000000
9.6216831844 1.0000000000 3.7709162042 4.6725389928 4.4286804138 0.0000000000
9.6315143843 1.0000000000 3.7710856025 4.6628212975 4.4254709291 0.0000000000
9.6413074084 1.0000000000 3.7712477983 4.6528648971 4.4221371521 0.0000000000
9.6510511506 1.0000000000 3.7714153232 4.6426108862 4.4187056472 0.0000000000
9.6607485336 1.0000000000 3.7715832781 4.6320862878 4.4151676277 0.0000000000
9.6703952989 1.0000000000 3.7717500000 4.6212750000 4.4115100000 0.0000000000
9.6723591618 1.0000000000 3.7717900000 4.6190250000 4.4107700000 0.0000000000
9.6741672840 1.0000000000 3.7718166356 4.6169699172 4.4100545093 0.0000000000
9.6759705047 1.0000000000 3.7718467600 4.6148882274 4.4093423309 0.0000000000
9.6777673357 1.0000000000 3.7718823937 4.6127728620 4.4086387196 0.0000000000
9.6795678824 1.0000000000 3.7719071400 4.6106763315 4.4078990924 0.0000000000
9.6813668100 1.0000000000 3.7719432214 4.6085720697 4.4072017134 0.0000000000
9.6831598673 1.0000000000 3.7719739080 4.6064364132 4.4064701971 0.0000000000
9.6849520962 1.0000000000 3.7720007722 4.6042961204 4.4057215370 0.0000000000
9.6867430930 1.0000000000 3.7720290855 4.6021495136 4.4049761475 0.0000000000
9.6885332016 1.0000000000 3.7720581099 4.5999983279 4.4042317707 0.0000000000
9.6903203457 1.0000000000 3.7720957994 4.5978324589 4.4035161810 0.0000000000
9.6921042619 1.0000000000 3.7721229979 4.5956491483 4.4027516511 0.0000000000
9.6938856508 1.0000000000 3.7721508606 4.5934529729 4.4019846315 0.0000000000
9.6956706625 1.0000000000 3.7721787061 4.5912753788 4.4012249760 0.0000000000
9.6974479603 1.0000000000 3.7722025745 4.5890583038 4.4004336196 0.0000000000
9.6992230015 1.0000000000 3.7722333150 4.5868305443 4.3996654776 0.0000000000
9.7009992328 1.0000000000 3.7722627991 4.5846085467 4.3988946153 0.0000000000
9.7027691529 1.0000000000 3.7722921474 4.5823554009 4.3981107498 0.0000000000
9.7045352557 1.0000000000 3.7723216339 4.5800835270 4.3973199465 0.0000000000
9.7063035602 1.0000000000 3.7723408188 4.5778216613 4.3964919398 0.0000000000
9.7080705253 1.0000000000 3.7723699480 4.5755540658 4.3957014184 0.0000000000
9.7098321827 1.0000000000 3.7723992913 4.5732606984 4.3949014444 0.0000000000
9.7115925089 1.0000000000 3.7724293843 4.5709610112 4.3941019418 0.0000000000
9.7133515698 1.0000000000 3.7724576411 4.5686551352 4.3932926184 0.0000000000
9.7151096859 1.0000000000 3.7724774609 4.5663440690 4.3924474711 0.0000000000
9.7168613369 1.0000000000 3.7725076008 4.5640034384 4.3916317787 0.0000000000
9.7186132057 1.0000000000 3.7725385319 4.5616639254 4.3908196978 0.0000000000
9.7203634773 1.0000000000 3.7725654731 4.5593166241 4.3899885422 0.0000000000
9.7221077110 1.0000000000 3.7725861570 4.5569407910 4.3891209445 0.0000000000
9.7238507475 1.0000000000 3.7726167985 4.5545602621 4.3882912987 0.0000000000
9.7255925480 1.0000000000 3.7726480344 4.5521741318 4.3874617904 0.0000000000
9.7273335892 1.0000000000 3.7726743415 4.5497841317 4.3866110187 0.0000000000
9.7290684935 1.0000000000 3.7726957677 4.5473661363 4.3857295252 0.0000000000
9.7308021891 1.0000000000 3.7727278587 4.5449435556 4.3848888572 0.0000000000
9.7325317142 1.0000000000 3.7727542123 4.5425019388 4.3840176247 0.0000000000
9.7342578814 1.0000000000 3.7727772021 4.5400451111 4.3831268529 0.0000000000
9.7359954406 1.0000000000 3.7728002479 4.5376408278 4.3822573228 0.0000000000
9.7377080513 1.0000000000 3.7728298759 4.5351257962 4.3813698222 0.0000000000
9.7394354413 1.0000000000 3.7728523806 4.5326746905 4.3804793985 0.0000000000
9.7411467314 1.0000000000 3.7728848173 4.5301544103 4.3796010332 0.0000000000
9.7428609173 1.0000000000 3.7729032694 4.5276455577 4.3786713007 0.0000000000
9.7445725191 1.0000000000 3.7729357098 4.5251267935 4.3777935565 0.0000000000
9.7462798587 1.0000000000 3.7729553894 4.5225889089 4.3768571210 0.0000000000
9.7479865809 1.0000000000 3.7729750563 4.5200484190 4.3759195926 0.0000000000
9.7496910232 1.0000000000 3.7730075998 4.5174993718 4.3750301479 0.0000000000
9.7513914096 1.0000000000 3.7730277642 4.5149326014 4.3740840975 0.0000000000
9.7530901561 1.0000000000 3.7730485488 4.5123590998 4.3731378352 0.0000000000
9.7547832790 1.0000000000 3.7730694061 4.5097624401 4.3721826004 0.0000000000
9.7564758052 1.0000000000 3.7731001401 4.5071640996 4.3712662004 0.0000000000
9.7581634074 1.0000000000 3.7731208719 4.5045451630 4.3703015529 0.0000000000
9.7598455821 1.0000000000 3.7731417460 4.5019045380 4.3693287991 0.0000000000
9.7615224885 1.0000000000 3.7731668083 4.4992458106 4.3683655576 0.0000000000
9.7631997312 1.0000000000 3.7731940296 4.4965904687 4.3674123060 0.0000000000
9.7648818911 1.0000000000 3.7732099944 4.4939506465 4.3664202363 0.0000000000
9.7665553249 1.0000000000 3.7732313111 4.4912755430 4.3654354617 0.0000000000
9.7682231237 1.0000000000 3.7732613142 4.4885790674 4.3644768837 0.0000000000
9.7698898143 1.0000000000 3.7732822667 4.4858776613 4.3634801314 0.0000000000
9.7715541186 1.0000000000 3.7733030790 4.4831671105 4.3624791604 0.0000000000
9.7732136674 1.0000000000 3.7733238666 4.4804384313 4.3614708390 0.0000000000
9.7748722554 1.0000000000 3.7733446916 4.4777061012 4.3604612070 0.0000000000
9.7765241321 1.0000000000 3.7733654780 4.4749483737 4.3594412613 0.0000000000
9.7781746806 1.0000000000 3.7733862297 4.4721857037 4.3584192004 0.0000000000
9.7798229334 1.0000000000 3.7734039851 4.4694143244 4.3573816701 0.0000000000
9.7814635429 1.0000000000 3.7734180741 4.4666147701 4.3563182045 0.0000000000
9.7831025101 1.0000000000 3.7734391761 4.4638094461 4.3552804830 0.0000000000
9.7847396505 1.0000000000 3.7734602189 4.4609974610 4.3542398601 0.0000000000
9.7863758100 1.0000000000 3.7734754813 4.4581817180 4.3531746125 0.0000000000
9.7880031874 1.0000000000 3.7734924331 4.4553342390 4.3521034282 0.0000000000
9.7896295770 1.0000000000 3.7735134838 4.4524834356 4.3510473093 0.0000000000
9.7912540572 1.0000000000 3.7735349817 4.4496258489 4.3499902662 0.0000000000
9.7928721739 1.0000000000 3.7735473644 4.4467455001 4.3488876575 0.0000000000
9.7944914380 1.0000000000 3.7735670413 4.4438694152 4.3478159311 0.0000000000
9.7961082505 1.0000000000 3.7735845001 4.4409846341 4.3467318539 0.0000000000
9.7977148053 1.0000000000 3.7735996743 4.4380641888 4.3456243727 0.0000000000
9.7993221066 1.0000000000 3.7736150935 4.4351464388 4.3445189497 0.0000000000
9.8009277502 1.0000000000 3.7736318666 4.4322229494 4.3434166462 0.0000000000
9.8025280378 1.0000000000 3.7736439511 4.4292809754 4.3422881947 0.0000000000
9.8041260842 1.0000000000 3.7736583901 4.4263314610 4.3411661446 0.0000000000
9.8057169319 1.0000000000 3.7736687930 4.4233576271 4.3400182227 0.0000000000
9.8073172114 1.0000000000 3.7736759206 4.4204152741 4.3388697921 0.0000000000
9.8089052830 1.0000000000 3.7736839816 4.4174325783 4.3377089578 0.0000000000
9.8104831053 1.0000000000 3.7736954896 4.4144156190 4.3365482061 0.0000000000
9.8120646643 1.0000000000 3.7737064489 4.4114109888 4.3353901910 0.0000000000
9.8136455311 1.0000000000 3.7737179408 4.4084040685 4.3342333905 0.0000000000
9.8152229958 1.0000000000 3.7737263794 4.4053859558 4.3330599000 0.0000000000
9.8167951904 1.0000000000 3.7737334655 4.4023506664 4.3318741287 0.0000000000
9.8183693572 1.0000000000 3.7737411035 4.3993217495 4.3306931140 0.0000000000
9.8199458638 1.0000000000 3.7737481263 4.3963003832 4.3295126583 0.0000000000
9.8215058857 1.0000000000 3.7737555769 4.3932263523 4.3283128484 0.0000000000
9.8230569685 1.0000000000 3.7737635849 4.3901236629 4.3271038050 0.0000000000
9.8246114979 1.0000000000 3.7737713947 4.3870318521 4.3258983197 0.0000000000
9.8261689032 1.0000000000 3.7737780289 4.3839491516 4.3246917762 0.0000000000
9.8277278816 1.0000000000 3.7737824982 4.3808714597 4.3234785768 0.0000000000
9.8292871304 1.0000000000 3.7737838135 4.3777946747 4.3222531238 0.0000000000
9.8308453467 1.0000000000 3.7737809854 4.3747146951 4.3210098195 0.0000000000
9.8324012279 1.0000000000 3.7737730246 4.3716274191 4.3197430662 0.0000000000
9.8339537588 1.0000000000 3.7737605359 4.3685296381 4.3184539988 0.0000000000
9.8355037368 1.0000000000 3.7737539520 4.3654237840 4.3171853215 0.0000000000
9.8370497427 1.0000000000 3.7737504238 4.3623054745 4.3159238851 0.0000000000
9.8385945426 1.0000000000 3.7737422671 4.3591834656 4.3146424544 0.0000000000
9.8401542588 1.0000000000 3.7737298693 4.3561083412 4.3133628139 0.0000000000
9.8416902703 1.0000000000 3.7737235610 4.3529593775 4.3120779950 0.0000000000
9.8432373444 1.0000000000 3.7737120675 4.3498446355 4.3107861244 0.0000000000
9.8447824034 1.0000000000 3.7736963754 4.3467238431 4.3094750389 0.0000000000
9.8463267824 1.0000000000 3.7736801156 4.3436012367 4.3081609570 0.0000000000
9.8478770446 1.0000000000 3.7736559365 4.3404969020 4.3068225070 0.0000000000
9.8494235214 1.0000000000 3.7736464915 4.3373800355 4.3055379801 0.0000000000
9.8509727508 1.0000000000 3.7736204889 4.3342726119 4.3041910003 0.0000000000
9.8525249659 1.0000000000 3.7735943596 4.3311744668 4.3028472253 0.0000000000
9.8540713728 1.0000000000 3.7735691364 4.3280583339 4.3014998793 0.0000000000
9.8556242844 1.0000000000 3.7735357448 4.3249628550 4.3001281214 0.0000000000
9.8571732691 1.0000000000 3.7735024890 4.3218551267 4.2987520066 0.0000000000
9.8587243168 1.0000000000 3.7734652246 4.3187543474 4.2973626372 0.0000000000
9.8602727101 1.0000000000 3.7734271764 4.3156451833 4.2959667789 0.0000000000
9.8618198966 1.0000000000 3.7733847522 4.3125329269 4.2945521795 0.0000000000
9.8633640145 1.0000000000 3.7733465364 4.3094106257 4.2931503961 0.0000000000
9.8649024854 1.0000000000 3.7733023570 4.3062715276 4.2917180391 0.0000000000
9.8664320808 1.0000000000 3.7732606797 4.3031051093 4.2902847626 0.0000000000
9.8679541029 1.0000000000 3.7732153198 4.2999163984 4.2888278387 0.0000000000
9.8694697251 1.0000000000 3.7731738926 4.2967082846 4.2873788844 0.0000000000
9.8709721946 1.0000000000 3.7731367023 4.2934610381 4.2859312244 0.0000000000
9.8724696326 1.0000000000 3.7730913198 4.2902011789 4.2844457508 0.0000000000
9.8739455975 1.0000000000 3.7730525343 4.2868793480 4.2829618766 0.0000000000
9.8753859160 1.0000000000 3.7730179924 4.2834614419 4.2814565465 0.0000000000
9.8767989675 1.0000000000 3.7729855342 4.2799720837 4.2799309702 0.0000000000
9.8781976224 1.0000000000 3.7729543741 4.2764466074 4.2783961395 0.0000000000
9.8795789643 1.0000000000 3.7729222376 4.2728787229 4.2768404397 0.0000000000
9.8809500647 1.0000000000 3.7728913725 4.2692862054 4.2752799723 0.0000000000
9.8823110044 1.0000000000 3.7728570953 4.2656699749 4.2736963710 0.0000000000
9.8836599082 1.0000000000 3.7728283126 4.2620253206 4.2721233787 0.0000000000
9.8849986046 1.0000000000 3.7728018773 4.2583569700 4.2705502972 0.0000000000
9.8863293504 1.0000000000 3.7727730868 4.2546707178 4.2689606342 0.0000000000
9.8876463855 1.0000000000 3.7727479782 4.2509536131 4.2673733582 0.0000000000
9.8889586947 1.0000000000 3.7727220519 4.2472262142 4.2657786934 0.0000000000
9.8902800070 1.0000000000 3.7727040548 4.2435183263 4.2642235498 0.0000000000
9.8915983062 1.0000000000 3.7726851721 4.2398038370 4.2626622230 0.0000000000
9.8929079101 1.0000000000 3.7726635928 4.2360702195 4.2610824590 0.0000000000
9.8942167038 1.0000000000 3.7726411207 4.2323349730 4.2594984720 0.0000000000
9.8955108063 1.0000000000 3.7726164294 4.2285679183 4.2578928849 0.0000000000
9.8968015487 1.0000000000 3.7725937808 4.2247935160 4.2562925295 0.0000000000
9.8980870568 1.0000000000 3.7725681119 4.2210081674 4.2546757144 0.0000000000
9.8993664893 1.0000000000 3.7725364976 4.2172102157 4.2530300766 0.0000000000
9.9006400681 1.0000000000 3.7725096666 4.2133997180 4.2513985534 0.0000000000
9.9019031995 1.0000000000 3.7724826294 4.2095675636 4.2497575430 0.0000000000
9.9031658851 1.0000000000 3.7724528068 4.2057346704 4.2481050955 0.0000000000
9.9044186289 1.0000000000 3.7724231674 4.2018814109 4.2464452340 0.0000000000
9.9056673782 1.0000000000 3.7723899525 4.1980202383 4.2447679055 0.0000000000
9.9069103627 1.0000000000 3.7723544118 4.1941476394 4.2430767029 0.0000000000
9.9081504264 1.0000000000 3.7723181157 4.1902693492 4.2413802026 0.0000000000
9.9093793353 1.0000000000 3.7722823115 4.1863687649 4.2396767521 0.0000000000
9.9106081391 1.0000000000 3.7722431271 4.1824681246 4.2379597581 0.0000000000
9.9118264091 1.0000000000 3.7722037221 4.1785469103 4.2362336525 0.0000000000
9.9130402527 1.0000000000 3.7721618503 4.1746173630 4.2344943465 0.0000000000
9.9142516183 1.0000000000 3.7721174594 4.1706833902 4.2327431937 0.0000000000
9.9154508749 1.0000000000 3.7720600505 4.1667278410 4.2309313385 0.0000000000
9.9166480218 1.0000000000 3.7720094293 4.1627672959 4.2291446355 0.0000000000
9.9178433604 1.0000000000 3.7719532750 4.1588037541 4.2273346017 0.0000000000
9.9190242335 1.0000000000 3.7718968286 4.1548131013 4.2255125550 0.0000000000
9.9202067548 1.0000000000 3.7718393209 4.1508257517 4.2236875842 0.0000000000
9.9213754755 1.0000000000 3.7717853909 4.1468126863 4.2218666382 0.0000000000
9.9225523169 1.0000000000 3.7717145832 4.1428157115 4.2199846176 0.0000000000
9.9237034511 1.0000000000 3.7716519745 4.1387723436 4.2181168353 0.0000000000
9.9248524007 1.0000000000 3.7715944028 4.1347240895 4.2162672471 0.0000000000
9.9260127611 1.0000000000 3.7715221364 4.1306975479 4.2143675648 0.0000000000
9.9271562561 1.0000000000 3.7714486170 4.1266410407 4.2124508841 0.0000000000
9.9282873409 1.0000000000 3.7713864597 4.1225616845 4.2105705127 0.0000000000
9.9294180429 1.0000000000 3.7713134410 4.1184828314 4.2086468966 0.0000000000
9.9305516403 1.0000000000 3.7712350145 4.1144094715 4.2067038467 0.0000000000
9.9316654207 1.0000000000 3.7711536928 4.1103026012 4.2047358116 0.0000000000
9.9327793380 1.0000000000 3.7710803774 4.1061948964 4.2027994683 0.0000000000
9.9338829149 1.0000000000 3.7709985397 4.1020707701 4.2008224668 0.0000000000
9.9349856534 1.0000000000 3.7709135605 4.0979456629 4.1988325072 0.0000000000
9.9360861021 1.0000000000 3.7708243298 4.0938172572 4.1968242220 0.0000000000
9.9371766423 1.0000000000 3.7707286584 4.0896734101 4.1947839978 0.0000000000
9.9382605400 1.0000000000 3.7706244210 4.0855198801 4.1927056359 0.0000000000
9.9393411018 1.0000000000 3.7705190507 4.0813611775 4.1906206736 0.0000000000
9.9404125151 1.0000000000 3.7704204749 4.0771866617 4.1885565644 0.0000000000
9.9414788880 1.0000000000 3.7703193246 4.0730044235 4.1864790678 0.0000000000
9.9425442854 1.0000000000 3.7702073489 4.0688223513 4.1843583360 0.0000000000
9.9436051561 1.0000000000 3.7700922286 4.0646336543 4.1822223759 0.0000000000
9.9446570503 1.0000000000 3.7699833484 4.0604298357 4.1801053279 0.0000000000
9.9457005393 1.0000000000 3.7698778525 4.0562123276 4.1779963412 0.0000000000
9.9467390191 1.0000000000 3.7697660319 4.0519881422 4.1758593844 0.0000000000
9.9477740667 1.0000000000 3.7696440315 4.0477604634 4.1736803112 0.0000000000
9.9488047331 1.0000000000 3.7695160927 4.0435271637 4.1714752365 0.0000000000
9.9498300831 1.0000000000 3.7693862990 4.0392861624 4.1692596611 0.0000000000
9.9508503214 1.0000000000 3.7692544209 4.0350378781 4.1670328346 0.0000000000
9.9518660646 1.0000000000 3.7691186703 4.0307836322 4.1647881342 0.0000000000
9.9528778338 1.0000000000 3.7689775182 4.0265245535 4.1625198943 0.0000000000
9.9538852295 1.0000000000 3.7688319298 4.0222599128 4.1602316841 0.0000000000
9.9548873408 1.0000000000 3.7686842567 4.0179879486 4.1579322064 0.0000000000
9.9558832510 1.0000000000 3.7685368659 4.0137068883 4.1556302187 0.0000000000
9.9568721628 1.0000000000 3.7683917536 4.0094152124 4.1533330994 0.0000000000
9.9578543237 1.0000000000 3.7682476695 4.0051136227 4.1510361269 0.0000000000
9.9588305231 1.0000000000 3.7681016803 4.0008039722 4.1487283099 0.0000000000
9.9598015545 1.0000000000 3.7679508386 3.9964881235 4.1463986039 0.0000000000
9.9607682117 1.0000000000 3.7677921972 3.9921679393 4.1440359644 0.0000000000
9.9617312884 1.0000000000 3.7676228085 3.9878452822 4.1416293469 0.0000000000
9.9626915784 1.0000000000 3.7674397252 3.9835220149 4.1391677069 0.0000000000
9.9636498754 1.0000000000 3.7672400000 3.9792000000 4.1366400000 0.0000000000
9.9710478363 1.0000000000 3.7656200000 3.9446750000 4.1163500000 0.0000000000
9.9740440769 1.0000000000 3.7648368902 3.9301951381 4.1074256162 0.0000000000
9.9770001565 1.0000000000 3.7639569520 3.9156985606 4.0981072323 0.0000000000
9.9799180027 1.0000000000 3.7630040335 3.9011824080 4.0884890972 0.0000000000
9.9828000813 1.0000000000 3.7619357678 3.8866718257 4.0784118017 0.0000000000
9.9856731350 1.0000000000 3.7606742470 3.8722473683 4.0675959354 0.0000000000
9.9885343413 1.0000000000 3.7592390070 3.8579100680 4.0561200553 0.0000000000
9.9914198765 1.0000000000 3.7575791902 3.8437565147 4.0438193666 0.0000000000
9.9943520391 1.0000000000 3.7555483708 3.8299735028 4.0301828843 0.0000000000
9.9973855678 1.0000000000 3.7530024614 3.8168816801 4.0147625175 0.0000000000
10.0005951327 1.0000000000 3.7496187518 3.8053597360 3.9966189018 0.0000000000
10.0039560479 1.0000000000 3.7449716885 3.7975801162 3.9749188003 0.0000000000
10.0070391335 1.0000000000 3.7392469746 3.7966850552 3.9516619206 0.0000000000
10.0094431154 1.0000000000 3.7334348873 3.8012912328 3.9302560424 0.0000000000
10.0114176428 1.0000000000 3.7276632573 3.8073725504 3.9096020495 0.0000000000
10.0132516023 1.0000000000 3.7215739198 3.8112402474 3.8867917781 0.0000000000
10.0149700306 1.0000000000 3.7155513043 3.8072626861 3.8611102916 0.0000000000
10.0162209233 1.0000000000 3.7112798548 3.7953259557 3.8392498016 0.0000000000
10.0171090923 1.0000000000 3.7084005542 3.7807582846 3.8219055306 0.0000000000
10.0178026901 1.0000000000 3.7063250839 3.7652774200 3.8074113038 0.0000000000
10.0183861637 1.0000000000 3.7046582107 3.7494635589 3.7944182664 0.0000000000
10.0188932090 1.0000000000 3.7033440920 3.7334258269 3.7827466989 0.0000000000
10.0193502125 1.0000000000 3.7022346930 3.7172825876 3.7718518071 0.0000000000
10.0197708608 1.0000000000 3.7012508519 3.7010821998 3.7614362876 0.0000000000
10.0201628555 1.0000000000 3.7003875824 3.6848346345 3.7514841836 0.0000000000
10.0205303851 1.0000000000 3.6996264698 3.6685513505 3.7419264193 0.0000000000
10.0208781401 1.0000000000 3.6989475381 3.6522429042 3.7326873143 0.0000000000
10.0212098668 1.0000000000 3.6983398793 3.6359146018 3.7237253580 0.0000000000
10.0215281917 1.0000000000 3.6977920373 3.6195715771 3.7149967799 0.0000000000
10.0218338840 1.0000000000 3.6972973833 3.6032163497 3.7064760732 0.0000000000
10.0221308814 1.0000000000 3.6968206297 3.5868568043 3.6980252404 0.0000000000
10.0224206700 1.0000000000 3.6963711090 3.5704917034 3.6896811173 0.0000000000
10.0227011710 1.0000000000 3.6959578045 3.5541195469 3.6814790366 0.0000000000
10.0229743063 1.0000000000 3.6955657617 3.5377433879 3.6733604021 0.0000000000
10.0232410623 1.0000000000 3.6951979929 3.5213630216 3.6653371801 0.0000000000
10.0235017640 1.0000000000 3.6948625882 3.5049777464 3.6574414514 0.0000000000
10.0237566473 1.0000000000 3.6945348054 3.4885908886 3.6495755770 0.0000000000
10.0240068816 1.0000000000 3.6942309590 3.4722007587 3.6418041394 0.0000000000
10.0242524371 1.0000000000 3.6939489034 3.4558077004 3.6341186939 0.0000000000
10.0244936663 1.0000000000 3.6936829734 3.4394125763 3.6264969240 0.0000000000
10.0247299644 1.0000000000 3.6934232068 3.4230163810 3.6188993794 0.0000000000
10.0249634857 1.0000000000 3.6931785057 3.4066184892 3.6113614186 0.0000000000
10.0251923869 1.0000000000 3.6929446113 3.3902192051 3.6038661274 0.0000000000
10.0254181837 1.0000000000 3.6927141258 3.3738193422 3.5963842401 0.0000000000
10.0256407691 1.0000000000 3.6925042022 3.3574174993 3.5889838087 0.0000000000
10.0258604326 1.0000000000 3.6922911915 3.3410156518 3.5815710269 0.0000000000
10.0260752685 1.0000000000 3.6920879356 3.3246126281 3.5741967938 0.0000000000
10.0262893949 1.0000000000 3.6918912703 3.3082090626 3.5668487061 0.0000000000
10.0265004624 1.0000000000 3.6916755110 3.2918067156 3.5594247302 0.0000000000
10.0267093533 1.0000000000 3.6914883066 3.2754020135 3.5521140317 0.0000000000
10.0269154645 1.0000000000 3.6912854777 3.2589982688 3.5447412182 0.0000000000
10.0271178007 1.0000000000 3.6910958440 3.2425932292 3.5374206678 0.0000000000
10.0273170365 1.0000000000 3.6909098927 3.2261877183 3.5301146581 0.0000000000
10.0275158974 1.0000000000 3.6907259112 3.2097820140 3.5228164505 0.0000000000
10.0277061090 1.0000000000 3.6905362158 3.1933760874 3.5154952981 0.0000000000
10.0279030837 1.0000000000 3.6903719565 3.1769689052 3.5082753881 0.0000000000
10.0280883624 1.0000000000 3.6901782922 3.1605629382 3.5009383440 0.0000000000
10.0282806115 1.0000000000 3.6900311088 3.1441544038 3.4937861965 0.0000000000
10.0284607356 1.0000000000 3.6898369478 3.1277480606 3.4864470155 0.0000000000
10.0286490034 1.0000000000 3.6896822338 3.1113396896 3.4792648109 0.0000000000
10.0288257165 1.0000000000 3.6895086760 3.0949316869 3.4720073787 0.0000000000
10.0290036948 1.0000000000 3.6893459276 3.0785231288 3.4647929620 0.0000000000
10.0291831022 1.0000000000 3.6891861715 3.0621145363 3.4575905007 0.0000000000
10.0293544837 1.0000000000 3.6890156892 3.0457061403 3.4503452128 0.0000000000
10.0295246572 1.0000000000 3.6888518782 3.0292972736 3.4431264224 0.0000000000
10.0296969890 1.0000000000 3.6886944605 3.0128880981 3.4359330813 0.0000000000
10.0298654280 1.0000000000 3.6885411820 2.9964785245 3.4287561380 0.0000000000
10.0300286301 1.0000000000 3.6883701672 2.9800695611 3.4215084931 0.0000000000
10.0301895227 1.0000000000 3.6881969156 2.9636606114 3.4142519069 0.0000000000
10.0303524956 1.0000000000 3.6880373934 2.9472508610 3.4070499179 0.0000000000
10.0305131612 1.0000000000 3.6878879588 2.9308404139 3.3998880009 0.0000000000
10.0306696770 1.0000000000 3.6877170994 2.9144309466 3.3926407764 0.0000000000
10.0308254308 1.0000000000 3.6875619957 2.8980205885 3.3854562183 0.0000000000
10.0309754494 1.0000000000 3.6873882469 2.8816109991 3.3781973871 0.0000000000
10.0311327199 1.0000000000 3.6872461922 2.8651999311 3.3710647413 0.0000000000
10.0312759158 1.0000000000 3.6870661484 2.8487903083 3.3637807167 0.0000000000
10.0314269247 1.0000000000 3.6868999066 2.8323803674 3.3565517733 0.0000000000
10.0315774185 1.0000000000 3.6867357394 2.8159702367 3.3493310521 0.0000000000
10.0317159846 1.0000000000 3.6865377715 2.7995616460 3.3419757444 0.0000000000
10.0318625368 1.0000000000 3.6863599741 2.7831521509 3.3347007568 0.0000000000
10.0320045749 1.0000000000 3.6861801730 2.7667425062 3.3274176945 0.0000000000
10.0321407253 1.0000000000 3.6859937123 2.7503330041 3.3201080508 0.0000000000
10.0322790212 1.0000000000 3.6857995820 2.7339241368 3.3127679825 0.0000000000
10.0324175023 1.0000000000 3.6856279498 2.7175137983 3.3055173186 0.0000000000
10.0325482035 1.0000000000 3.6854278861 2.7011049965 3.2981535431 0.0000000000
10.0326820249 1.0000000000 3.6852340651 2.6846959498 3.2908146404 0.0000000000
10.0328152188 1.0000000000 3.6850570545 2.6682856418 3.2835424746 0.0000000000
10.0329404491 1.0000000000 3.6848593217 2.6518764141 3.2761878523 0.0000000000
10.0330699623 1.0000000000 3.6846687786 2.6354668771 3.2688618652 0.0000000000
10.0332000242 1.0000000000 3.6844927593 2.6190564508 3.2615936175 0.0000000000
10.0333200504 1.0000000000 3.6842786738 2.6026482060 3.2541739777 0.0000000000
10.0334471511 1.0000000000 3.6841090040 2.5862372768 3.2469309267 0.0000000000
10.0335635109 1.0000000000 3.6839021921 2.5698282680 3.2395400756 0.0000000000
10.0336862324 1.0000000000 3.6837255631 2.5534174723 3.2322692413 0.0000000000
10.0337997103 1.0000000000 3.6835153044 2.5370086180 3.2248646649 0.0000000000
10.0339203482 1.0000000000 3.6833387111 2.5205976890 3.2175939201 0.0000000000
10.0340315597 1.0000000000 3.6831204625 2.5041894326 3.2101576231 0.0000000000
10.0341486108 1.0000000000 3.6829335905 2.4877791163 3.2028460085 0.0000000000
10.0342579361 1.0000000000 3.6827300342 2.4713696165 3.1954679834 0.0000000000
10.0343712117 1.0000000000 3.6825392060 2.4549594074 3.1881405871 0.0000000000
10.0344768120 1.0000000000 3.6823255989 2.4385505521 3.1807226163 0.0000000000
10.0345891988 1.0000000000 3.6821444925 2.4221395286 3.1734337816 0.0000000000
10.0346928013 1.0000000000 3.6819218931 2.4057313292 3.1659801040 0.0000000000
10.0347996228 1.0000000000 3.6817096140 2.3893225301 3.1585674681 0.0000000000
10.0349006424 1.0000000000 3.6814712162 2.3729156067 3.1510511074 0.0000000000
10.0350063640 1.0000000000 3.6812536943 2.3565070881 3.1436176125 0.0000000000
10.0351050214 1.0000000000 3.6810215646 2.3400995198 3.1361260664 0.0000000000
10.0352078888 1.0000000000 3.6807953140 2.3236916482 3.1286579154 0.0000000000
10.0353043468 1.0000000000 3.6805616358 2.3072841341 3.1211601970 0.0000000000
10.0354046075 1.0000000000 3.6803378891 2.2908759541 3.1137019382 0.0000000000
10.0354985201 1.0000000000 3.6801017239 2.2744685615 3.1061943203 0.0000000000
10.0355917525 1.0000000000 3.6798565557 2.2580620147 3.0986510288 0.0000000000
10.0356883039 1.0000000000 3.6796309076 2.2416539759 3.0911852206 0.0000000000
10.0357791307 1.0000000000 3.6793901959 2.2252469184 3.0836595509 0.0000000000
10.0358708115 1.0000000000 3.6791547495 2.2088395448 3.0761548159 0.0000000000
10.0359629718 1.0000000000 3.6789237002 2.1924318596 3.0686675447 0.0000000000
10.0360504818 1.0000000000 3.6786715184 2.1760258021 3.0610963945 0.0000000000
10.0361370108 1.0000000000 3.6784331437 2.1596183820 3.0535799276 0.0000000000
10.0362249289 1.0000000000 3.6781915294 2.1432113383 3.0460506529 0.0000000000
10.0363118771 1.0000000000 3.6779538059 2.1268039144 3.0385367894 0.0000000000
10.0363952988 1.0000000000 3.6777107669 2.1103968442 3.0310018053 0.0000000000
10.0364776348 1.0000000000 3.6774679129 2.0939897258 3.0234675421 0.0000000000
10.0365590477 1.0000000000 3.6772223559 2.0775828221 3.0159225524 0.0000000000
10.0366431694 1.0000000000 3.6769862523 2.0611752330 3.0084151025 0.0000000000
10.0367227700 1.0000000000 3.6767140090 2.0447708553 3.0007643780 0.0000000000
10.0368013722 1.0000000000 3.6764460987 2.0283660192 2.9931308023 0.0000000000
10.0368790575 1.0000000000 3.6761689966 2.0119621055 2.9854608288 0.0000000000
10.0369580725 1.0000000000 3.6759070732 1.9955567189 2.9778509803 0.0000000000
10.0370347382 1.0000000000 3.6756379968 1.9791519761 2.9702127778 0.0000000000
10.0371096848 1.0000000000 3.6753672141 1.9627473608 2.9625678008 0.0000000000
10.0371837438 1.0000000000 3.6750863694 1.9463437488 2.9548829770 0.0000000000
10.0372569303 1.0000000000 3.6748116409 1.9299394916 2.9472223602 0.0000000000
10.0373291074 1.0000000000 3.6745292629 1.9135359851 2.9395314458 0.0000000000
10.0374003187 1.0000000000 3.6742565353 1.8971314445 2.9318787189 0.0000000000
10.0374707185 1.0000000000 3.6739943319 1.8807257949 2.9242676454 0.0000000000
10.0375402893 1.0000000000 3.6737150969 1.8643219214 2.9165891563 0.0000000000
10.0376089563 1.0000000000 3.6734422472 1.8479173744 2.9089359384 0.0000000000
10.0376767185 1.0000000000 3.6731725070 1.8315124928 2.9012950250 0.0000000000
10.0377436759 1.0000000000 3.6728920382 1.8151086876 2.8936116277 0.0000000000
10.0378097211 1.0000000000 3.6726221227 1.7987037592 2.8859699945 0.0000000000
10.0378749339 1.0000000000 3.6723547755 1.7822985167 2.8783385085 0.0000000000
10.0379392861 1.0000000000 3.6720783818 1.7658942002 2.8706712074 0.0000000000
10.0380029300 1.0000000000 3.6717849098 1.7494917300 2.8629363314 0.0000000000
10.0380658674 1.0000000000 3.6714906094 1.7330893358 2.8551981721 0.0000000000
10.0381278060 1.0000000000 3.6711936473 1.7166872271 2.8474494801 0.0000000000
10.0381892155 1.0000000000 3.6708865786 1.7002862399 2.8396608102 0.0000000000
10.0382496257 1.0000000000 3.6705857654 1.6838845104 2.8318968656 0.0000000000
10.0383094348 1.0000000000 3.6702882314 1.6674823853 2.8241458797 0.0000000000
10.0383684319 1.0000000000 3.6699831778 1.6510811197 2.8163651589 0.0000000000
10.0384268843 1.0000000000 3.6696625708 1.6346817652 2.8085229892 0.0000000000
10.0384843964 1.0000000000 3.6693714316 1.6182789159 2.8007972927 0.0000000000
10.0385413154 1.0000000000 3.6690744375 1.6018767171 2.7930484368 0.0000000000
10.0385976315 1.0000000000 3.6687652382 1.5854758484 2.7852512922 0.0000000000
10.0386531318 1.0000000000 3.6684731477 1.5690730541 2.7775218124 0.0000000000
10.0387080357 1.0000000000 3.6681786810 1.5526705567 2.7697829467 0.0000000000
10.0387623871 1.0000000000 3.6678744730 1.5362691191 2.7620055396 0.0000000000
10.0388160519 1.0000000000 3.6675810205 1.5198664044 2.7542706436 0.0000000000
10.0388690456 1.0000000000 3.6672840958 1.5034640716 2.7465220117 0.0000000000
10.0389215561 1.0000000000 3.6669849993 1.4870619748 2.7387647870 0.0000000000
10.0389736715 1.0000000000 3.6666566469 1.4706633724 2.7308919367 0.0000000000
10.0390251134 1.0000000000 3.6663340319 1.4542640718 2.7230417564 0.0000000000
10.0390759889 1.0000000000 3.6660126807 1.4378645806 2.7151965551 0.0000000000
10.0391263776 1.0000000000 3.6656903734 1.4214652269 2.7073475844 0.0000000000
10.0391762853 1.0000000000 3.6653624742 1.4050665359 2.6994765113 0.0000000000
10.0392256220 1.0000000000 3.6650450233 1.3886666064 2.6916467359 0.0000000000
10.0392744339 1.0000000000 3.6647222031 1.3722672326 2.6837957053 0.0000000000
10.0393228396 1.0000000000 3.6643861093 1.3558695822 2.6758922699 0.0000000000
10.0393708869 1.0000000000 3.6640611788 1.3394706827 2.6680329883 0.0000000000
10.0394184576 1.0000000000 3.6637302212 1.3230722753 2.6601497950 0.0000000000
10.0394655997 1.0000000000 3.6633823088 1.3066761247 2.6521996850 0.0000000000
10.0395123013 1.0000000000 3.6630663931 1.2902759505 2.6443759526 0.0000000000
10.0395586305 1.0000000000 3.6627490082 1.2738759539 2.6365464143 0.0000000000
10.0396046288 1.0000000000 3.6624322923 1.2574758605 2.6287195136 0.0000000000
10.0396503838 1.0000000000 3.6621127378 1.2410761125 2.6208813962 0.0000000000
10.0396959731 1.0000000000 3.6617768145 1.2246784051 2.6129786199 0.0000000000
10.0397413833 1.0000000000 3.6614321766 1.2082818156 2.6050414328 0.0000000000
10.0397866532 1.0000000000 3.6610870077 1.1918853190 2.5971021582 0.0000000000
10.0398317893 1.0000000000 3.6607287194 1.1754905687 2.5891111050 0.0000000000
10.0398768608 1.0000000000 3.6603943199 1.1590925751 2.5812143097 0.0000000000
10.0399220840 1.0000000000 3.6600492815 1.1426959641 2.5732755115 0.0000000000
10.0399675188 1.0000000000 3.6597042190 1.1262993952 2.5653366339 0.0000000000
10.0400131645 1.0000000000 3.6593714746 1.1099013053 2.5574464206 0.0000000000
10.0400596015 1.0000000000 3.6590246413 1.0935050919 2.5495006020 0.0000000000
10.0401068111 1.0000000000 3.6586792244 1.0771085979 2.5415603367 0.0000000000
10.0401553464 1.0000000000 3.6583512021 1.0607100081 2.5336888118 0.0000000000
10.0402059583 1.0000000000 3.6580147542 1.0443125396 2.5257840328 0.0000000000
10.0402597139 1.0000000000 3.6576798634 1.0279148781 2.5178854049 0.0000000000
10.0403189652 1.0000000000 3.6573613914 1.0115153012 2.5100516862 0.0000000000
10.0403898654 1.0000000000 3.6570509898 0.9951152355 2.5022500535 0.0000000000
10.0404897654 1.0000000000 3.6567077165 0.9786957051 2.4943091479 0.0000000000
10.0406744141 1.0000000000 3.6572803496 0.9943268963 2.5028521570 0.0000000000
10.0407271970 1.0000000000 3.6577062608 1.0107111852 2.5111095171 0.0000000000
10.0407670720 1.0000000000 3.6581202244 1.0270977982 2.5193200170 0.0000000000
10.0408006813 1.0000000000 3.6585356354 1.0434843131 2.5275362668 0.0000000000
10.0408303783 1.0000000000 3.6589548941 1.0598702742 2.5357676862 0.0000000000
10.0408577496 1.0000000000 3.6593647207 1.0762577545 2.5439619847 0.0000000000
10.0408838464 1.0000000000 3.6597869633 1.0926433043 2.5522051748 0.0000000000
10.0409092893 1.0000000000 3.6602121049 1.1090284294 2.5604597912 0.0000000000
10.0409348140 1.0000000000 3.6606186835 1.1254164453 2.5686413119 0.0000000000
10.0409621342 1.0000000000 3.6610525887 1.1417996070 2.5769301977 0.0000000000
10.0410101135 1.0000000000 3.6613530131 1.1517053212 2.5820941810 0.0000000000
10.0410430002 1.0000000000 3.6609891364 1.1358384939 2.5742919431 0.0000000000
10.0410668587 1.0000000000 3.6606101506 1.1194321255 2.5662134526 0.0000000000
10.0411029347 1.0000000000 3.6602526344 1.1030371100 2.5582253818 0.0000000000
10.0411393700 1.0000000000 3.6598900218 1.0866428185 2.5502172145 0.0000000000
10.0411753501 1.0000000000 3.6595411683 1.0702466971 2.5422633520 0.0000000000
10.0412114200 1.0000000000 3.6591900890 1.0538507505 2.5343006561 0.0000000000
10.0412474428 1.0000000000 3.6588185812 1.0374576709 2.5262573930 0.0000000000
10.0412833423 1.0000000000 3.6584757496 1.0210607154 2.5183272847 0.0000000000
10.0413190202 1.0000000000 3.6581318918 1.0046638533 2.5103931086 0.0000000000
10.0413544808 1.0000000000 3.6577784746 0.9882682643 2.5024212040 0.0000000000
10.0413897365 1.0000000000 3.6574304138 0.9718719356 2.4944704296 0.0000000000
10.0414247900 1.0000000000 3.6570518903 0.9554798979 2.4863995202 0.0000000000
10.0414596405 1.0000000000 3.6566597376 0.9390900069 2.4782749533 0.0000000000
10.0414941382 1.0000000000 3.6562857109 0.9226972860 2.4702217579 0.0000000000
10.0415282881 1.0000000000 3.6559026056 0.9063058792 2.4621327741 0.0000000000
10.0415621044 1.0000000000 3.6555267792 0.8899134095 2.4540724806 0.0000000000
10.0415956298 1.0000000000 3.6551505037 0.8735209650 2.4460104006 0.0000000000
10.0416288665 1.0000000000 3.6547690627 0.8571292682 2.4379279582 0.0000000000
10.0416616508 1.0000000000 3.6544108025 0.8407343235 2.4299369394 0.0000000000
10.0416941412 1.0000000000 3.6540389682 0.8243412732 2.4218923821 0.0000000000
10.0417263412 1.0000000000 3.6536575450 0.8079494964 2.4138099783 0.0000000000
10.0417580643 1.0000000000 3.6532999869 0.7915544881 2.4058217427 0.0000000000
10.0417895753 1.0000000000 3.6529459088 0.7751589948 2.3978472330 0.0000000000
10.0418206990 1.0000000000 3.6525680437 0.7587668326 2.3897789078 0.0000000000
10.0418515282 1.0000000000 3.6522118901 0.7423715943 2.3817961981 0.0000000000
10.0418820018 1.0000000000 3.6518343147 0.7259793958 2.3737290172 0.0000000000
10.0419121864 1.0000000000 3.6514445857 0.7095889828 2.3656139359 0.0000000000
10.0419420961 1.0000000000 3.6510525235 0.6931988690 2.3574896417 0.0000000000
10.0419716557 1.0000000000 3.6506543101 0.6768096510 2.3493411009 0.0000000000
10.0420008567 1.0000000000 3.6502722531 0.6604180893 2.3412562483 0.0000000000
10.0420297664 1.0000000000 3.6498771297 0.6440284991 2.3331199183 0.0000000000
10.0420583322 1.0000000000 3.6494874749 0.6276380680 2.3250051270 0.0000000000
10.0420865279 1.0000000000 3.6491214404 0.6112442399 2.3169834574 0.0000000000
10.0421143822 1.0000000000 3.6487271424 0.5948544501 2.3088503496 0.0000000000
10.0421419508 1.0000000000 3.6483465771 0.5784627500 2.3007714084 0.0000000000
10.0421692077 1.0000000000 3.6479644245 0.5620710277 2.2926861090 0.0000000000
10.0421961322 1.0000000000 3.6475897464 0.5456783213 2.2846303142 0.0000000000
10.0422227434 1.0000000000 3.6472130237 0.5292859099 2.2765664588 0.0000000000
10.0422489803 1.0000000000 3.6468326209 0.5128942734 2.2684881928 0.0000000000
10.0422750095 1.0000000000 3.6464129078 0.4965084310 2.2602550037 0.0000000000
10.0423006955 1.0000000000 3.6460105270 0.4801199174 2.2520900749 0.0000000000
10.0423261088 1.0000000000 3.6455742549 0.4637369740 2.2437918093 0.0000000000
10.0423512163 1.0000000000 3.6451477012 0.4473526712 2.2355318732 0.0000000000
10.0423759381 1.0000000000 3.6447584941 0.4309621127 2.2274188216 0.0000000000
10.0424003979 1.0000000000 3.6443506494 0.4145742421 2.2192322944 0.0000000000
10.0424245074 1.0000000000 3.6439662518 0.3981830423 2.2111382242 0.0000000000
10.0424483432 1.0000000000 3.6435849080 0.3817914606 2.2030562163 0.0000000000
10.0424719522 1.0000000000 3.6431796609 0.3654034161 2.1948800100 0.0000000000
10.0424952448 1.0000000000 3.6427608234 0.3490173509 2.1866502338 0.0000000000
10.0425182563 1.0000000000 3.6423632098 0.3326281278 2.1785040903 0.0000000000
10.0425409679 1.0000000000 3.6419811441 0.3162364992 2.1704191762 0.0000000000
10.0425634147 1.0000000000 3.6415629959 0.2998504569 2.1621921662 0.0000000000
10.0425856322 1.0000000000 3.6411402566 0.2834651177 2.1539470735 0.0000000000
10.0426075325 1.0000000000 3.6407370093 0.2670767724 2.1457787462 0.0000000000
10.0426292250 1.0000000000 3.6403223730 0.2506902061 2.1375655746 0.0000000000
10.0426506073 1.0000000000 3.6398966320 0.2343054437 2.1293087056 0.0000000000
10.0426717697 1.0000000000 3.6394593188 0.2179224493 2.1210062550 0.0000000000
10.0426926471 1.0000000000 3.6390555609 0.2015341041 2.1128358852 0.0000000000
10.0427133016 1.0000000000 3.6386276688 0.1851496664 2.1045705416 0.0000000000
10.0427336409 1.0000000000 3.6382344927 0.1687599633 2.0964419561 0.0000000000
10.0427537712 1.0000000000 3.6378365292 0.1523705357 2.0882943309 0.0000000000
10.0427736201 1.0000000000 3.6374353344 0.1359818936 2.0801340949 0.0000000000
10.0427932717 1.0000000000 3.6370452065 0.1195914162 2.0720173925 0.0000000000
10.0428127235 1.0000000000 3.6366078726 0.1032085451 2.0637149083 0.0000000000
10.0428320275 1.0000000000 3.6361754761 0.0868247936 2.0554318220 0.0000000000
10.0428511486 1.0000000000 3.6357402643 0.0704414720 2.0471376461 0.0000000000
10.0428700642 1.0000000000 3.6353007939 0.0540589427 2.0388267528 0.0000000000
10.0428888435 1.0000000000 3.6348644599 0.0376758229 2.0305281686 0.0000000000
10.0429075318 1.0000000000 3.6344397999 0.0212910219 2.0222756085 0.0000000000
10.0429259149 1.0000000000 3.6340028405 0.0049080764 2.0139745926 0.0000000000
10.0429440513 1.0000000000 3.6336036702 -0.0114809305 2.0058223084 0.0000000000
10.0429618962 1.0000000000 3.6331769698 -0.0278656249 1.9975616292 0.0000000000
10.0429793720 1.0000000000 3.6327632937 -0.0442523511 1.9893522343 0.0000000000
10.0429965984 1.0000000000 3.6323563472 -0.0606401679 1.9811693217 0.0000000000
10.0430136575 1.0000000000 3.6319574164 -0.0770291330 1.9730180123 0.0000000000
10.0430305247 1.0000000000 3.6314954827 -0.0934079767 1.9646187400 0.0000000000
10.0430471659 1.0000000000 3.6310403526 -0.1097881280 1.9562461593 0.0000000000
10.0430636374 1.0000000000 3.6305894704 -0.1261688934 1.9478903241 0.0000000000
10.0430798621 1.0000000000 3.6301469272 -0.1425509093 1.9395673452 0.0000000000
10.0430959069 1.0000000000 3.6296874225 -0.1589297724 1.9311777809 0.0000000000
10.0431117246 1.0000000000 3.6292440489 -0.1753116113 1.9228515511 0.0000000000
10.0431273475 1.0000000000 3.6288307181 -0.1916983251 1.9146435424 0.0000000000
10.0431428029 1.0000000000 3.6283830252 -0.2080794195 1.9063003331 0.0000000000
10.0431580536 1.0000000000 3.6279606195 -0.2244647225 1.8980565892 0.0000000000
10.0431731030 1.0000000000 3.6275506840 -0.2408520900 1.8898618999 0.0000000000
10.0431879638 1.0000000000 3.6271268420 -0.2572371354 1.8816125137 0.0000000000
10.0432026355 1.0000000000 3.6266898888 -0.2736199115 1.8733115905 0.0000000000
10.0432172111 1.0000000000 3.6262173368 -0.2899966382 1.8648706921 0.0000000000
10.0432316168 1.0000000000 3.6257436661 -0.3063731160 1.8564254180 0.0000000000
10.0432458228 1.0000000000 3.6252858414 -0.3227523698 1.8480424178 0.0000000000
10.0432598623 1.0000000000 3.6248158420 -0.3391294492 1.8396115885 0.0000000000
10.0432736973 1.0000000000 3.6243614854 -0.3555088361 1.8312424071 0.0000000000
10.0432873586 1.0000000000 3.6239256842 -0.3718919463 1.8229459582 0.0000000000
10.0433008695 1.0000000000 3.6234543351 -0.3882687362 1.8145098458 0.0000000000
10.0433141666 1.0000000000 3.6230440407 -0.4046561466 1.8063137042 0.0000000000
10.0433272856 1.0000000000 3.6226103216 -0.4210396682 1.7980254193 0.0000000000
10.0433402757 1.0000000000 3.6221862568 -0.4374245164 1.7897752208 0.0000000000
10.0433531135 1.0000000000 3.6217442053 -0.4538063206 1.7814542928 0.0000000000
10.0433658136 1.0000000000 3.6212561842 -0.4701800146 1.7729527311 0.0000000000
10.0433783661 1.0000000000 3.6207861944 -0.4865570157 1.7645219714 0.0000000000
10.0433907405 1.0000000000 3.6203029926 -0.5029316515 1.7560393099 0.0000000000
10.0434029943 1.0000000000 3.6198229286 -0.5193068809 1.7475689621 0.0000000000
10.0434150777 1.0000000000 3.6193593617 -0.5356854235 1.7391632773 0.0000000000
10.0434270190 1.0000000000 3.6188919361 -0.5520632660 1.7307424379 0.0000000000
10.0434388269 1.0000000000 3.6184233021 -0.5684404023 1.7223170477 0.0000000000
10.0434504745 1.0000000000 3.6179900305 -0.5848238264 1.7140305915 0.0000000000
10.0434619653 1.0000000000 3.6175641946 -0.6012084099 1.7057734144 0.0000000000
10.0434733325 1.0000000000 3.6171278051 -0.6175912499 1.6974747205 0.0000000000
10.0434845877 1.0000000000 3.6166587491 -0.6339683878 1.6890476413 0.0000000000
10.0434957067 1.0000000000 3.6161603457 -0.6503403169 1.6805052560 0.0000000000
10.0435066916 1.0000000000 3.6156966968 -0.6667185627 1.6720993622 0.0000000000
10.0435175582 1.0000000000 3.6152063603 -0.6830923802 1.6635884891 0.0000000000
10.0435283120 1.0000000000 3.6147195749 -0.6994661477 1.6550918405 0.0000000000
10.0435389225 1.0000000000 3.6142420498 -0.7158419908 1.6466314029 0.0000000000
10.0435494124 1.0000000000 3.6137525894 -0.7322157749 1.6381240476 0.0000000000
10.0435597761 1.0000000000 3.6133002442 -0.7485958119 1.6297626520 0.0000000000
10.0435700001 1.0000000000 3.6128561152 -0.7649766553 1.6214337985 0.0000000000
10.0435801096 1.0000000000 3.6124124365 -0.7813579515 1.6131065654 0.0000000000
10.0435900946 1.0000000000 3.6119935998 -0.7977436974 1.6048769202 0.0000000000
10.0435999948 1.0000000000 3.6114646914 -0.8141100058 1.5962147633 0.0000000000
10.0436097899 1.0000000000 3.6109466192 -0.8304781034 1.5875952354 0.0000000000
10.0436194581 1.0000000000 3.6104619481 -0.8468522042 1.5791069106 0.0000000000
10.0436290029 1.0000000000 3.6099551758 -0.8632223601 1.5705317590 0.0000000000
10.0436384296 1.0000000000 3.6094816254 -0.8795984011 1.5620871410 0.0000000000
10.0436477226 1.0000000000 3.6090324148 -0.8959787336 1.5537381659 0.0000000000
10.0436569374 1.0000000000 3.6085154385 -0.9123462339 1.5451232604 0.0000000000
10.0436660215 1.0000000000 3.6080275284 -0.9287192789 1.5366224021 0.0000000000
10.0436749833 1.0000000000 3.6075790318 -0.9450999588 1.5282761435 0.0000000000
10.0436838434 1.0000000000 3.6071341646 -0.9614814725 1.5199440693 0.0000000000
10.0436926300 1.0000000000 3.6066379778 -0.9778531629 1.5114106459 0.0000000000
10.0437013121 1.0000000000 3.6061039117 -0.9942176663 1.5027285801 0.0000000000
10.0437098737 1.0000000000 3.6056152230 -1.0105908932 1.4942245348 0.0000000000
10.0437183443 1.0000000000 3.6051049294 -1.0269600018 1.4856357167 0.0000000000
10.0437267473 1.0000000000 3.6045607379 -1.0433216434 1.4769142941 0.0000000000
10.0437349922 1.0000000000 3.6041046731 -1.0597014046 1.4685381305 0.0000000000
10.0437431643 1.0000000000 3.6036324078 -1.0760780588 1.4600984075 0.0000000000
10.0437512345 1.0000000000 3.6031274202 -1.0924483463 1.4515303422 0.0000000000
10.0437592097 1.0000000000 3.6026478380 -1.1088236487 1.4430618924 0.0000000000
10.0437670865 1.0000000000 3.6021841258 -1.1252023254 1.4346555730 0.0000000000
10.0437748957 1.0000000000 3.6016689308 -1.1415704134 1.4260475578 0.0000000000
10.0437826136 1.0000000000 3.6011236026 -1.1579321773 1.4173215396 0.0000000000
10.0437902317 1.0000000000 3.6005821792 -1.1742947209 1.4086108283 0.0000000000
10.0437977524 1.0000000000 3.6000858676 -1.1906669288 1.4000766988 0.0000000000
10.0438052027 1.0000000000 3.5995518207 -1.2070311786 1.3913948114 0.0000000000
10.0438125526 1.0000000000 3.5990463021 -1.2234009299 1.3828248363 0.0000000000
10.0438198051 1.0000000000 3.5985682690 -1.2397767611 1.3743623714 0.0000000000
10.0438269990 1.0000000000 3.5980610630 -1.2561464433 1.3657856748 0.0000000000
10.0438340973 1.0000000000 3.5975625168 -1.2725180440 1.3572428496 0.0000000000
10.0438411054 1.0000000000 3.5971069476 -1.2888970985 1.3488689511 0.0000000000
10.0438480728 1.0000000000 3.5965693963 -1.3052604877 1.3401733901 0.0000000000
10.0438549524 1.0000000000 3.5960124983 -1.3216200187 1.3314019858 0.0000000000
10.0438617676 1.0000000000 3.5954374968 -1.3379752910 1.3225598708 0.0000000000
10.0438684978 1.0000000000 3.5949153986 -1.3543414423 1.3139250176 0.0000000000
10.0438751505 1.0000000000 3.5943884481 -1.3707079959 1.3052705940 0.0000000000
10.0438817396 1.0000000000 3.5938254301 -1.3870665759 1.2964750901 0.0000000000
10.0438882080 1.0000000000 3.5933176380 -1.4034355746 1.2878963223 0.0000000000
10.0438945788 1.0000000000 3.5928451568 -1.4198113059 1.2794561049 0.0000000000
10.0439008729 1.0000000000 3.5923480358 -1.4361826215 1.2709190947 0.0000000000
10.0439070984 1.0000000000 3.5918676229 -1.4525561670 1.2624480246 0.0000000000
10.0439132646 1.0000000000 3.5912568066 -1.4689033545 1.2534658846 0.0000000000
10.0439193523 1.0000000000 3.5907055838 -1.4852636460 1.2447168770 0.0000000000
10.0439253770 1.0000000000 3.5901194612 -1.5016169586 1.2358310613 0.0000000000
10.0439313239 1.0000000000 3.5895342366 -1.5179701212 1.2269488978 0.0000000000
10.0439371852 1.0000000000 3.5890346910 -1.5343405835 1.2184025308 0.0000000000
10.0439429803 1.0000000000 3.5885163020 -1.5507067769 1.2097824974 0.0000000000
10.0439487172 1.0000000000 3.5879769349 -1.5670695765 1.2010799091 0.0000000000
10.0439543738 1.0000000000 3.5875103867 -1.5834462107 1.1926630627 0.0000000000
10.0439599580 1.0000000000 3.5870379097 -1.5998215042 1.1842230372 0.0000000000
10.0439655092 1.0000000000 3.5864328483 -1.6161707534 1.1752630919 0.0000000000
10.0439710292 1.0000000000 3.5858087504 -1.6325150245 1.1662289919 0.0000000000
10.0439764530 1.0000000000 3.5852023041 -1.6488633320 1.1572638836 0.0000000000
10.0439818062 1.0000000000 3.5846691124 -1.6652268915 1.1485856929 0.0000000000
10.0439871090 1.0000000000 3.5840718160 -1.6815775425 1.1396562472 0.0000000000
10.0439923347 1.0000000000 3.5835080394 -1.6979337978 1.1308586386 0.0000000000
10.0439974991 1.0000000000 3.5830116792 -1.7143047732 1.1223248077 0.0000000000
10.0440026179 1.0000000000 3.5825008631 -1.7306725370 1.1137344375 0.0000000000
10.0440076627 1.0000000000 3.5820162638 -1.7470458290 1.1052467236 0.0000000000
10.0440126801 1.0000000000 3.5813617428 -1.7633832789 1.0960936598 0.0000000000
10.0440176365 1.0000000000 3.5807481240 -1.7797290333 1.0871008828 0.0000000000
10.0440225365 1.0000000000 3.5801548093 -1.7960792928 1.0781875200 0.0000000000
10.0440273865 1.0000000000 3.5795256648 -1.8124215630 1.0691340340 0.0000000000
10.0440321703 1.0000000000 3.5789795348 -1.8287820107 1.0604053348 0.0000000000
10.0440369052 1.0000000000 3.5784562049 -1.8451477067 1.0517657369 0.0000000000
10.0440415879 1.0000000000 3.5778709720 -1.8614994910 1.0428840918 0.0000000000
10.0440462156 1.0000000000 3.5773926479 -1.8778751246 1.0344205417 0.0000000000
10.0440507987 1.0000000000 3.5768527611 -1.8942369244 1.0257162748 0.0000000000
10.0440553414 1.0000000000 3.5761898731 -1.9105709498 1.0165311124 0.0000000000
10.0440598378 1.0000000000 3.5755244707 -1.9269042986 1.0073361632 0.0000000000
10.0440642838 1.0000000000 3.5748440796 -1.9432341087 0.9980826747 0.0000000000
10.0440686710 1.0000000000 3.5742916293 -1.9595935772 0.9893290865 0.0000000000
10.0440730150 1.0000000000 3.5737078113 -1.9759454532 0.9804530640 0.0000000000
10.0440773136 1.0000000000 3.5730819101 -1.9922875110 0.9714126360 0.0000000000
10.0440815614 1.0000000000 3.5725729797 -2.0086567882 0.9628292037 0.0000000000
10.0440857720 1.0000000000 3.5720583453 -2.0250259442 0.9542230037 0.0000000000
10.0440899556 1.0000000000 3.5713901717 -2.0413575209 0.9450176786 0.0000000000
10.0440940971 1.0000000000 3.5706959820 -2.0576819773 0.9357111369 0.0000000000
10.0440981862 1.0000000000 3.5700216800 -2.0740112903 0.9264822040 0.0000000000
10.0441022318 1.0000000000 3.5694440422 -2.0903654520 0.9176299878 0.0000000000
10.0441062419 1.0000000000 3.5687873369 -2.1066995904 0.9084695115 0.0000000000
10.0441102034 1.0000000000 3.5681727154 -2.1230449163 0.8994728952 0.0000000000
10.0441141170 1.0000000000 3.5676117011 -2.1394034761 0.8906854138 0.0000000000
10.0441179973 1.0000000000 3.5670528753 -2.1557619673 0.8819067144 0.0000000000
10.0441218403 1.0000000000 3.5663684331 -2.1720877678 0.8726386252 0.0000000000
10.0441256465 1.0000000000 3.5656565031 -2.1884079627 0.8632628273 0.0000000000
10.0441294023 1.0000000000 3.5650088731 -2.2047452761 0.8541373819 0.0000000000
10.0441331157 1.0000000000 3.5644039780 -2.2210930902 0.8451786760 0.0000000000
10.0441368014 1.0000000000 3.5637280796 -2.2374225211 0.8359433098 0.0000000000
10.0441404316 1.0000000000 3.5631832344 -2.2537819721 0.8272201489 0.0000000000
10.0441440256 1.0000000000 3.5626308740 -2.2701408543 0.8184671543 0.0000000000
10.0441475833 1.0000000000 3.5620811044 -2.2865001097 0.8097243739 0.0000000000
10.0441511181 1.0000000000 3.5613681486 -2.3028176847 0.8003455207 0.0000000000
10.0441546148 1.0000000000 3.5606088890 -2.3191228279 0.7907864247 0.0000000000
10.0441580671 1.0000000000 3.5599674420 -2.3354607895 0.7816854523 0.0000000000
10.0441614870 1.0000000000 3.5592970574 -2.3517916683 0.7724715622 0.0000000000
10.0441648691 1.0000000000 3.5586072689 -2.3681157489 0.7631827759 0.0000000000
10.0441682170 1.0000000000 3.5580312624 -2.3844681698 0.7543377817 0.0000000000
10.0441715286 1.0000000000 3.5574488992 -2.4008194587 0.7454678132 0.0000000000
10.0441748088 1.0000000000 3.5568270056 -2.4171587882 0.7364445072 0.0000000000
10.0441780640 1.0000000000 3.5560783738 -2.4334679644 0.7269263096 0.0000000000
10.0441812803 1.0000000000 3.5553361306 -2.4497784611 0.7174331381 0.0000000000
10.0441844643 1.0000000000 3.5546998839 -2.4661175408 0.7083525193 0.0000000000
10.0441876208 1.0000000000 3.5539780513 -2.4824364081 0.6989376419 0.0000000000
10.0441907371 1.0000000000 3.5533320389 -2.4987704955 0.6898199575 0.0000000000
10.0441938239 1.0000000000 3.5527349649 -2.5151168043 0.6808931377 0.0000000000
10.0441968797 1.0000000000 3.5521197577 -2.5314589712 0.6718954425 0.0000000000
10.0441999119 1.0000000000 3.5513977804 -2.5477743014 0.6624814010 0.0000000000
10.0442029142 1.0000000000 3.5506266284 -2.5640782409 0.6528752173 0.0000000000
10.0442058882 1.0000000000 3.5499040603 -2.5803946732 0.6434583719 0.0000000000
10.0442088336 1.0000000000 3.5492136042 -2.5967192669 0.6341667100 0.0000000000
10.0442117500 1.0000000000 3.5484639160 -2.6130301141 0.6246436185 0.0000000000
10.0442146388 1.0000000000 3.5478217860 -2.6293640897 0.6155415082 0.0000000000
10.0442175026 1.0000000000 3.5471657707 -2.6456951097 0.6063850388 0.0000000000
10.0442203421 1.0000000000 3.5464544180 -2.6620126614 0.5970126075 0.0000000000
10.0442231520 1.0000000000 3.5457148656 -2.6783233938 0.5875301050 0.0000000000
10.0442259367 1.0000000000 3.5449527960 -2.6946281275 0.5779599332 0.0000000000
10.0442286977 1.0000000000 3.5442551285 -2.7109476672 0.5686414470 0.0000000000
10.0442314298 1.0000000000 3.5435433405 -2.7272632898 0.5592680462 0.0000000000
10.0442341466 1.0000000000 3.5428367276 -2.7435786308 0.5499154580 0.0000000000
10.0442368350 1.0000000000 3.5421802850 -2.7599070124 0.5407583349 0.0000000000
10.0442394889 1.0000000000 3.5414412214 -2.7762134068 0.5312795230 0.0000000000
10.0442421341 1.0000000000 3.5407446327 -2.7925310743 0.5219661013 0.0000000000
10.0442447438 1.0000000000 3.5400500793 -2.8088487616 0.5126608124 0.0000000000
10.0442473277 1.0000000000 3.5393326149 -2.8251597556 0.5032665573 0.0000000000
10.0442498865 1.0000000000 3.5386022993 -2.8414678022 0.4938220763 0.0000000000
10.0442524191 1.0000000000 3.5378558106 -2.8577712597 0.4843147387 0.0000000000
10.0442549289 1.0000000000 3.5371296298 -2.8740805538 0.4748862979 0.0000000000
10.0442574151 1.0000000000 3.5363749044 -2.8903814680 0.4653470302 0.0000000000
10.0442598752 1.0000000000 3.5356268919 -2.9066834199 0.4558341996 0.0000000000
10.0442623120 1.0000000000 3.5348782869 -2.9229855267 0.4463189370 0.0000000000
10.0442647242 1.0000000000 3.5341004011 -2.9392781113 0.4366903597 0.0000000000
10.0442671180 1.0000000000 3.5333572914 -2.9555802561 0.4271970632 0.0000000000
10.0442694869 1.0000000000 3.5326045648 -2.9718794427 0.4176664820 0.0000000000
10.0442718337 1.0000000000 3.5318363301 -2.9881732582 0.4080760170 0.0000000000
10.0442741598 1.0000000000 3.5310686332 -3.0044685079 0.3984871295 0.0000000000
10.0442764641 1.0000000000 3.5303746235 -3.0207849161 0.3891845277 0.0000000000
10.0442787470 1.0000000000 3.5296208896 -3.0370837573 0.3796500554 0.0000000000
10.0442810109 1.0000000000 3.5288791420 -3.0533857344 0.3701622742 0.0000000000
10.0442832487 1.0000000000 3.5280870696 -3.0696713307 0.3604797460 0.0000000000
10.0442854693 1.0000000000 3.5272948829 -3.0859548188 0.3507976043 0.0000000000
10.0442876688 1.0000000000 3.5264770644 -3.1022309856 0.3410158635 0.0000000000
10.0442898479 1.0000000000 3.5256816919 -3.1185155745 0.3313205378 0.0000000000
10.0442920060 1.0000000000 3.5248537230 -3.1347881037 0.3214996505 0.0000000000
10.0442941490 1.0000000000 3.5240586139 -3.1510719851 0.3118056616 0.0000000000
10.0442962716 1.0000000000 3.5232822483 -3.1673627764 0.3021838826 0.0000000000
10.0442983767 1.0000000000 3.5225115964 -3.1836545828 0.2925845526 0.0000000000
10.0443004674 1.0000000000 3.5218227032 -3.1999755956 0.2833005745 0.0000000000
10.0443025348 1.0000000000 3.5209732777 -3.2162395390 0.2733972954 0.0000000000
10.0443045869 1.0000000000 3.5201473476 -3.2325126752 0.2635843202 0.0000000000
10.0443066270 1.0000000000 3.5193272914 -3.2487884375 0.2537937908 0.0000000000
10.0443086448 1.0000000000 3.5184710230 -3.2650502168 0.2438640054 0.0000000000
10.0443106487 1.0000000000 3.5177152784 -3.2813509514 0.2343207331 0.0000000000
10.0443126361 1.0000000000 3.5169122241 -3.2976335097 0.2245954925 0.0000000000
10.0443146050 1.0000000000 3.5160233148 -3.3138842585 0.2145395560 0.0000000000
10.0443165581 1.0000000000 3.5151799087 -3.3301526359 0.2046585804 0.0000000000
10.0443184965 1.0000000000 3.5143392332 -3.3464207500 0.1947886330 0.0000000000
10.0443204191 1.0000000000 3.5135921252 -3.3627254472 0.1852783219 0.0000000000
10.0443223271 1.0000000000 3.5128783731 -3.3790407699 0.1758971844 0.0000000000
10.0443242194 1.0000000000 3.5121378546 -3.3953478426 0.1664122813 0.0000000000
10.0443260929 1.0000000000 3.5111914939 -3.4115744300 0.1561362037 0.0000000000
10.0443279490 1.0000000000 3.5102514283 -3.4278039307 0.1458841408 0.0000000000
10.0443297913 1.0000000000 3.5093936193 -3.4440692052 0.1359467953 0.0000000000
10.0443316199 1.0000000000 3.5084475482 -3.4602974822 0.1256711999 0.0000000000
10.0443334320 1.0000000000 3.5076677442 -3.4765972224 0.1160320877 0.0000000000
10.0443352348 1.0000000000 3.5070310920 -3.4929334135 0.1069510026 0.0000000000
10.0443370212 1.0000000000 3.5061657450 -3.5091991150 0.0969833342 0.0000000000
10.0443387891 1.0000000000 3.5051773060 -3.5254121991 0.0865443444 0.0000000000
10.0443405478 1.0000000000 3.5041802425 -3.5416205992 0.0760727303 0.0000000000
10.0443422945 1.0000000000 3.5034731346 -3.5579370585 0.0667177150 0.0000000000
10.0443440333 1.0000000000 3.5026943056 -3.5742356555 0.0570829602 0.0000000000
10.0443457584 1.0000000000 3.5019075110 -3.5905290452 0.0474184260 0.0000000000
10.0443474729 1.0000000000 3.5009006552 -3.6067369248 0.0369078508 0.0000000000
10.0443491808 1.0000000000 3.4999223106 -3.6229595990 0.0265054027 0.0000000000
10.0443508849 1.0000000000 3.4990595897 -3.6392321785 0.0165454872 0.0000000000
10.0443525837 1.0000000000 3.4981732171 -3.6554973069 0.0064939457 0.0000000000
10.0443542902 1.0000000000 3.4974251711 -3.6717981806 -0.0030185880 0.0000000000
10.0443560042 1.0000000000 3.4966265820 -3.6880842785 -0.0127273835 0.0000000000
10.0443577425 1.0000000000 3.4957160812 -3.7043359089 -0.0228700387 0.0000000000
10.0443595509 1.0000000000 3.4947522809 -3.7205676544 -0.0332179382 0.0000000000
10.0443617454 1.0000000000 3.4938100000 -3.7368000000 -0.0434800000 0.0000000000
