# logAge Mass logTe Mbol logg C/O
-0.5426258132 1.9250000000 3.5558600000 -2.8121500000 0.8590107338 0.0000000000
-0.4987282368 1.9250000000 3.5558611245 -2.8120673823 0.8590482791 0.0000000000
-0.4548306659 1.9250000000 3.5558680189 -2.8119723348 0.8591138755 0.0000000000
-0.4109330993 1.9250000000 3.5558776188 -2.8118666785 0.8591945375 0.0000000000
-0.3670355359 1.9250000000 3.5558868597 -2.8117522341 0.8592772792 0.0000000000
-0.3231379747 1.9250000000 3.5558928978 -2.8116304946 0.8593501273 0.0000000000
-0.2792404188 1.9250000000 3.5558967123 -2.8114972611 0.8594186786 0.0000000000
-0.2353428743 1.9250000000 3.5559024678 -2.8113436300 0.8595031529 0.0000000000
-0.1914453440 1.9250000000 3.5559115790 -2.8111667779 0.8596103388 0.0000000000
-0.1475478247 1.9250000000 3.5559212181 -2.8109731535 0.8597263450 0.0000000000
-0.1036503149 1.9250000000 3.5559296710 -2.8107667902 0.8598427016 0.0000000000
-0.0597528186 1.9250000000 3.5559391413 -2.8105432108 0.8599700148 0.0000000000
-0.0158553423 1.9250000000 3.5559517569 -2.8102958042 0.8601194399 0.0000000000
0.0280420996 1.9250000000 3.5559659755 -2.8100143206 0.8602889076 0.0000000000
0.0719394917 1.9250000000 3.5559794038 -2.8096886331 0.8604728959 0.0000000000
0.1158368329 1.9250000000 3.5559926808 -2.8093212260 0.8606729667 0.0000000000
0.1597341297 1.9250000000 3.5560081043 -2.8089213105 0.8608946268 0.0000000000
0.2036313714 1.9250000000 3.5560262064 -2.8084867997 0.8611408395 0.0000000000
0.2475285304 1.9250000000 3.5560457513 -2.8080043049 0.8614120172 0.0000000000
0.2914255867 1.9250000000 3.5560668809 -2.8074661796 0.8617117858 0.0000000000
0.3353225353 1.9250000000 3.5560922696 -2.8068756331 0.8620495591 0.0000000000
0.3792193622 1.9250000000 3.5561232191 -2.8062324496 0.8624306303 0.0000000000
0.4231160205 1.9250000000 3.5561559124 -2.8055222094 0.8628454995 0.0000000000
0.4670124568 1.9250000000 3.5561866360 -2.8047290433 0.8632856603 0.0000000000
0.5109086146 1.9250000000 3.5562182200 -2.8038449822 0.8637656209 0.0000000000
0.5548044399 1.9250000000 3.5562556654 -2.8028656604 0.8643071311 0.0000000000
0.5986999198 1.9250000000 3.5563013356 -2.8017951341 0.8649180227 0.0000000000
0.6425950648 1.9250000000 3.5563558283 -2.8006422828 0.8655971338 0.0000000000
0.6864897899 1.9250000000 3.5564184932 -2.7993966749 0.8663460365 0.0000000000
0.7303839025 1.9250000000 3.5564873157 -2.7980260499 0.8671695767 0.0000000000
0.7742772346 1.9250000000 3.5565615552 -2.7965071004 0.8680741146 0.0000000000
0.8181696786 1.9250000000 3.5566431257 -2.7948364668 0.8690686499 0.0000000000
0.8620610754 1.9250000000 3.5567336086 -2.7930048367 0.8701632337 0.0000000000
0.9059510557 1.9250000000 3.5568322813 -2.7909731888 0.8713705837 0.0000000000
0.9498391417 1.9250000000 3.5569377532 -2.7886938502 0.8727042065 0.0000000000
0.9937244392 1.9250000000 3.5570476086 -2.7861056638 0.8741789028 0.0000000000
1.0376059216 1.9250000000 3.5571593977 -2.7831459045 0.8758099628 0.0000000000
1.0814831165 1.9250000000 3.5572760861 -2.7798076123 0.8776120334 0.0000000000
1.1253559438 1.9250000000 3.5574044884 -2.7761237442 0.8795991896 0.0000000000
1.1692238341 1.9250000000 3.5575472874 -2.7720950855 0.8817818494 0.0000000000
1.2130855903 1.9250000000 3.5577018529 -2.7676806944 0.8841658676 0.0000000000
1.2569405370 1.9250000000 3.5578706051 -2.7628657746 0.8867668444 0.0000000000
1.3007892496 1.9250000000 3.5580679714 -2.7576997146 0.8896227336 0.0000000000
1.3446313711 1.9250000000 3.5583037753 -2.7521941481 0.8927681757 0.0000000000
1.3884620143 1.9250000000 3.5585622354 -2.7461697644 0.8962117695 0.0000000000
1.4322757232 1.9250000000 3.5588245888 -2.7394261179 0.8999586419 0.0000000000
1.4760717481 1.9250000000 3.5591004977 -2.7319834207 0.9040393565 0.0000000000
1.5198514203 1.9250000000 3.5594122715 -2.7239608883 0.9084954645 0.0000000000
1.5636134962 1.9250000000 3.5597679894 -2.7153813921 0.9133501347 0.0000000000
1.6073545784 1.9250000000 3.5601638216 -2.7061866512 0.9186113598 0.0000000000
1.6510722200 1.9250000000 3.5606011082 -2.6963295121 0.9243033618 0.0000000000
1.6947654572 1.9250000000 3.5610893290 -2.6857826533 0.9304749886 0.0000000000
1.7384236024 1.9250000000 3.5616223133 -2.6743521384 0.9371791318 0.0000000000
1.7820095871 1.9250000000 3.5621501952 -2.6613932533 0.9444742133 0.0000000000
1.8255039258 1.9250000000 3.5626544949 -2.6466135701 0.9524032852 0.0000000000
1.8689478748 1.9250000000 3.5632235481 -2.6309031962 0.9609636478 0.0000000000
1.9123434922 1.9250000000 3.5638745047 -2.6144417795 0.9701520408 0.0000000000
1.9556486589 1.9250000000 3.5645432475 -2.5965540750 0.9799820937 0.0000000000
1.9989144061 1.9250000000 3.5653261145 -2.5781038447 0.9904936541 0.0000000000
2.0421345642 1.9250000000 3.5662101905 -2.5590080523 1.0016682751 0.0000000000
2.0851989107 1.9250000000 3.5670745578 -2.5378546596 1.0135871014 0.0000000000
2.1280667844 1.9250000000 3.5679171063 -2.5143059798 1.0263767671 0.0000000000
2.1708414520 1.9250000000 3.5688446623 -2.4897595664 1.0399055567 0.0000000000
2.2134660184 1.9250000000 3.5697949499 -2.4636256201 1.0541602854 0.0000000000
2.2560599563 1.9250000000 3.5709154628 -2.4372310259 1.0692001746 0.0000000000
2.2984630750 1.9250000000 3.5720438513 -2.4089794745 1.0850143490 0.0000000000
2.3406441269 1.9250000000 3.5731557741 -2.3787202063 1.1015657475 0.0000000000
2.3826168816 1.9250000000 3.5742821624 -2.3467035267 1.1188779728 0.0000000000
2.4244803929 1.9250000000 3.5755214013 -2.3138359536 1.1369819576 0.0000000000
2.4662384621 1.9250000000 3.5768529844 -2.2801522640 1.1557817660 0.0000000000
2.5076909850 1.9250000000 3.5781201767 -2.2441808930 1.1752390834 0.0000000000
2.5489688851 1.9250000000 3.5794420565 -2.2069858105 1.1954046357 0.0000000000
2.5901315688 1.9250000000 3.5808571186 -2.1690201698 1.2162511405 0.0000000000
2.6311492195 1.9250000000 3.5823197399 -2.1300996659 1.2376698271 0.0000000000
2.6718014809 1.9250000000 3.5836857293 -2.0888288104 1.2596421271 0.0000000000
2.7123599290 1.9250000000 3.5851464672 -2.0470070513 1.2822137822 0.0000000000
2.7528633566 1.9250000000 3.5867101642 -2.0048744026 1.3053216295 0.0000000000
2.7930014040 1.9250000000 3.5881600117 -1.9605925374 1.3288337659 0.0000000000
2.8329619517 1.9250000000 3.5896393061 -1.9153189537 1.3528603768 0.0000000000
2.8729252150 1.9250000000 3.5912404467 -1.8700886185 1.3773570731 0.0000000000
2.9126718252 1.9250000000 3.5928182933 -1.8236788663 1.4022323604 0.0000000000
2.9521363572 1.9250000000 3.5943280653 -1.7757703003 1.4274348748 0.0000000000
2.9916109796 1.9250000000 3.5959504785 -1.7279354389 1.4530584722 0.0000000000
3.0309841769 1.9250000000 3.5975953855 -1.6795950351 1.4789742618 0.0000000000
3.0700143474 1.9250000000 3.5991381828 -1.6295162946 1.5051769471 0.0000000000
3.1090261468 1.9250000000 3.6007325929 -1.5793586297 1.5316176534 0.0000000000
3.1480991982 1.9250000000 3.6024528798 -1.5295262506 1.5584317527 0.0000000000
3.1867208763 1.9250000000 3.6039787171 -1.4775028432 1.5853444650 0.0000000000
3.2254003122 1.9250000000 3.6055919925 -1.4257645311 1.6124928915 0.0000000000
3.2641008529 1.9250000000 3.6072779195 -1.3741406162 1.6398861655 0.0000000000
3.3024447746 1.9250000000 3.6088238378 -1.3208521597 1.6673852213 0.0000000000
3.3408206062 1.9250000000 3.6104284082 -1.2677197907 1.6950564504 0.0000000000
3.3792766897 1.9250000000 3.6121305969 -1.2149697082 1.7229652382 0.0000000000
3.4173965401 1.9250000000 3.6136809167 -1.1606873512 1.7508794601 0.0000000000
3.4555442122 1.9250000000 3.6152887503 -1.1065371531 1.7789708737 0.0000000000
3.4937649263 1.9250000000 3.6169639537 -1.0527223169 1.8071976219 0.0000000000
3.5316711016 1.9250000000 3.6185022781 -0.9975113515 1.8354353056 0.0000000000
3.5696385701 1.9250000000 3.6200957518 -0.9425748232 1.8637838119 0.0000000000
3.6077036377 1.9250000000 3.6217782965 -0.8880750609 1.8923138953 0.0000000000
3.6454405884 1.9250000000 3.6232914024 -0.8321417300 1.9207396516 0.0000000000
3.6832292127 1.9250000000 3.6248621573 -0.7764335202 1.9493059548 0.0000000000
3.7211632419 1.9250000000 3.6265311294 -0.7213634027 1.9780098902 0.0000000000
3.7587581059 1.9250000000 3.6280255221 -0.6648353950 2.0065986644 0.0000000000
3.7964309891 1.9250000000 3.6295822764 -0.6086384295 2.0353044676 0.0000000000
3.8342065086 1.9250000000 3.6312037818 -0.5528842387 2.0640921654 0.0000000000
3.8718048068 1.9250000000 3.6327425344 -0.4963786809 2.0928493992 0.0000000000
3.9093235627 1.9250000000 3.6342508597 -0.4395328517 2.1216210320 0.0000000000
3.9469506733 1.9250000000 3.6358247196 -0.3831469382 2.1504708371 0.0000000000
3.9845568840 1.9250000000 3.6373993949 -0.3266798941 2.1793563560 0.0000000000
4.0219463838 1.9250000000 3.6388504541 -0.2692932549 2.2081152485 0.0000000000
4.0594535710 1.9250000000 3.6403739244 -0.2124005328 2.2369662182 0.0000000000
4.0970686792 1.9250000000 3.6419600804 -0.1559652109 2.2658849710 0.0000000000
4.1343634477 1.9250000000 3.6433689911 -0.0981886498 2.2946312382 0.0000000000
4.1717499353 1.9250000000 3.6448375523 -0.0407925336 2.3234639297 0.0000000000
4.2092493995 1.9250000000 3.6463609012 0.0161320639 2.3523271642 0.0000000000
4.2466032361 1.9250000000 3.6477944900 0.0736595632 2.3810725192 0.0000000000
4.2839200899 1.9250000000 3.6491945854 0.1313484146 2.4097484414 0.0000000000
4.3213807169 1.9250000000 3.6506654940 0.1884409062 2.4384690725 0.0000000000
4.3588841585 1.9250000000 3.6521222829 0.2453593901 2.4670636213 0.0000000000
4.3962498487 1.9250000000 3.6534480619 0.3028620657 2.4953678078 0.0000000000
4.4338539271 1.9250000000 3.6548363635 0.3593745903 2.5235260240 0.0000000000
4.4716694413 1.9250000000 3.6562018818 0.4150017628 2.5512389662 0.0000000000
4.5097961842 1.9250000000 3.6575493256 0.4692854989 2.5783422358 0.0000000000
4.5482359735 1.9250000000 3.6587495263 0.5221883605 2.6043041831 0.0000000000
4.5873865829 1.9250000000 3.6599089877 0.5717275630 2.6287577099 0.0000000000
4.6274208105 1.9250000000 3.6609812920 0.6166400968 2.6510119404 0.0000000000
4.6684106410 1.9250000000 3.6619327902 0.6558119667 2.6704866812 0.0000000000
4.7101645500 1.9250000000 3.6626597100 0.6896110124 2.6869139787 0.0000000000
4.7525352137 1.9250000000 3.6632833856 0.7182472234 2.7008631655 0.0000000000
4.7952318321 1.9250000000 3.6638401390 0.7437027616 2.7132723943 0.0000000000
4.8379752169 1.9250000000 3.6643898867 0.7686696112 2.7254581252 0.0000000000
4.8805077494 1.9250000000 3.6649995035 0.7957716501 2.7387374078 0.0000000000
4.9225117092 1.9250000000 3.6657232763 0.8275961690 2.7543623068 0.0000000000
4.9634854212 1.9250000000 3.6666330550 0.8668581888 2.7737062295 0.0000000000
5.0025674049 1.9250000000 3.6677202878 0.9166671523 2.7979787460 0.0000000000
5.0387958932 1.9250000000 3.6690053253 0.9784543656 2.8278337812 0.0000000000
5.0721821534 1.9250000000 3.6705228959 1.0495635864 2.8623477522 0.0000000000
5.1040469777 1.9250000000 3.6721250906 1.1249375280 2.8989061076 0.0000000000
5.1357531669 1.9250000000 3.6735936619 1.2007461713 2.9351038498 0.0000000000
5.1680873599 1.9250000000 3.6750820469 1.2748755511 2.9707091418 0.0000000000
5.2009004824 1.9250000000 3.6765506251 1.3476806958 3.0057055127 0.0000000000
5.2339712361 1.9250000000 3.6778835714 1.4197714285 3.0398735907 0.0000000000
5.2673869410 1.9250000000 3.6791706440 1.4908655932 3.0734595469 0.0000000000
5.3012154921 1.9250000000 3.6804659745 1.5607270206 3.1065854400 0.0000000000
5.3353558902 1.9250000000 3.6817335524 1.6296384438 3.1392203209 0.0000000000
5.3695990775 1.9250000000 3.6828937218 1.6982429577 3.1713028041 0.0000000000
5.4040758231 1.9250000000 3.6840085700 1.7661166005 3.2029116541 0.0000000000
5.4388184191 1.9250000000 3.6851219303 1.8331376440 3.2341735125 0.0000000000
5.4737653534 1.9250000000 3.6862289048 1.8994926686 3.2651434204 0.0000000000
5.5088460972 1.9250000000 3.6872744331 1.9654112665 3.2956929727 0.0000000000
5.5439451427 1.9250000000 3.6882279804 2.0312776272 3.3258537063 0.0000000000
5.5792247437 1.9250000000 3.6891640964 2.0965399663 3.3557031060 0.0000000000
5.6146434910 1.9250000000 3.6900972201 2.1613299207 3.3853515823 0.0000000000
5.6501794015 1.9250000000 3.6909933271 2.2257208296 3.4146923743 0.0000000000
5.6858249545 1.9250000000 3.6918723780 2.2897334043 3.4438136075 0.0000000000
5.7214787205 1.9250000000 3.6926741202 2.3537237571 3.4726167174 0.0000000000
5.7572440098 1.9250000000 3.6934444739 2.4173263127 3.5011391544 0.0000000000
5.7931358293 1.9250000000 3.6942004067 2.4804827181 3.5294254480 0.0000000000
5.8291647293 1.9250000000 3.6949487645 2.5431500285 3.5574858033 0.0000000000
5.8653585750 1.9250000000 3.6956915133 2.6052208631 3.5852851324 0.0000000000
5.9017222790 1.9250000000 3.6964327957 2.6666681630 3.6128291817 0.0000000000
5.9382521390 1.9250000000 3.6971646655 2.7274971852 3.6400882700 0.0000000000
5.9749437963 1.9250000000 3.6978827665 2.7877152107 3.6670478840 0.0000000000
6.0119000677 1.9250000000 3.6986251580 2.8469110650 3.6936957919 0.0000000000
6.0491465950 1.9250000000 3.6994093255 2.9049547066 3.7200499185 0.0000000000
6.0867265852 1.9250000000 3.7002489652 2.9616333533 3.7460799360 0.0000000000
6.1246758977 1.9250000000 3.7011633903 3.0167444546 3.7717820768 0.0000000000
6.1630607056 1.9250000000 3.7021710438 3.0699256391 3.7970851645 0.0000000000
6.2019208150 1.9250000000 3.7032863133 3.1208864231 3.8219305561 0.0000000000
6.2413737433 1.9250000000 3.7045768753 3.1688870926 3.8462930722 0.0000000000
6.2815073126 1.9250000000 3.7060807662 3.2131754194 3.8700239663 0.0000000000
6.3224191294 1.9250000000 3.7078834537 3.2526753592 3.8930346922 0.0000000000
6.3641691233 1.9250000000 3.7100337996 3.2860862594 3.9150004358 0.0000000000
6.4068400043 1.9250000000 3.7126916227 3.3108427531 3.9355343257 0.0000000000
6.4502743499 1.9250000000 3.7159721027 3.3239588396 3.9539026806 0.0000000000
6.4939291859 1.9250000000 3.7199987199 3.3213788776 3.9689771644 0.0000000000
6.5365221255 1.9250000000 3.7248387271 3.2985654489 3.9792118220 0.0000000000
6.5759994669 1.9250000000 3.7303517675 3.2530758806 3.9830681561 0.0000000000
6.6104923190 1.9250000000 3.7361825536 3.1870712577 3.9799894514 0.0000000000
6.6393305882 1.9250000000 3.7419948609 3.1057739914 3.9707197739 0.0000000000
6.6629880167 1.9250000000 3.7475835384 3.0144790274 3.9565564985 0.0000000000
6.6825702248 1.9250000000 3.7529243630 2.9172118322 3.9390129186 0.0000000000
6.6991599823 1.9250000000 3.7580868132 2.8164485585 3.9193574099 0.0000000000
6.7137153855 1.9250000000 3.7631662184 2.7137016165 3.8985762540 0.0000000000
6.7272050694 1.9250000000 3.7683175975 2.6100664837 3.8777277173 0.0000000000
6.7402792909 1.9250000000 3.7736690828 2.5061613069 3.8575715876 0.0000000000
6.7531709215 1.9250000000 3.7794045666 2.4022414903 3.8389455963 0.0000000000
6.7659106580 1.9250000000 3.7856176419 2.2983764684 3.8222518888 0.0000000000
6.7784715610 1.9250000000 3.7924447002 2.1946171653 3.8080564009 0.0000000000
6.7908020903 1.9250000000 3.8000121863 2.0910076721 3.7968825480 0.0000000000
6.8028844837 1.9250000000 3.8087633271 1.9878014621 3.7906046269 0.0000000000
6.8147533699 1.9250000000 3.8193203159 1.8855079533 3.7919151788 0.0000000000
6.8264092921 1.9250000000 3.8331307024 1.7855621510 3.8071784038 0.0000000000
6.8380158311 1.9250000000 3.8516912211 1.6904956700 3.8433938861 0.0000000000
6.8507682256 1.9250000000 3.8740709217 1.6017229901 3.8974036167 0.0000000000
6.8707319149 1.9250000000 3.9020831053 1.5694790849 3.9965547890 0.0000000000
6.8819287003 1.9250000000 3.9061098293 1.6745421213 4.0546868994 0.0000000000
6.8893099835 1.9250000000 3.9041955397 1.7825947347 4.0902507865 0.0000000000
6.8959293864 1.9250000000 3.9003599750 1.8906545962 4.1181324724 0.0000000000
6.9027526393 1.9250000000 3.8954000000 1.9983500000 4.1413707338 0.0000000000
6.9061177453 1.9250000000 3.8929200000 2.0459250000 4.1504807338 0.0000000000
6.9082978868 1.9250000000 3.8913795028 2.0739315051 4.1555213469 0.0000000000
6.9107003409 1.9250000000 3.8897755161 2.1018012142 4.1602532840 0.0000000000
6.9134406813 1.9250000000 3.8881269973 2.1294604277 4.1647228943 0.0000000000
6.9167577351 1.9250000000 3.8864253810 2.1566960516 4.1688106785 0.0000000000
6.9212807069 1.9250000000 3.8846991596 2.1827575618 4.1723303969 0.0000000000
6.9296531057 1.9250000000 3.8833253582 2.2011081934 4.1741754442 0.0000000000
6.9399745958 1.9250000000 3.8840853790 2.1895495317 4.1725920624 0.0000000000
6.9476897991 1.9250000000 3.8857948266 2.1685073818 4.1710129929 0.0000000000
6.9548053208 1.9250000000 3.8878147125 2.1464827381 4.1702826790 0.0000000000
6.9617359114 1.9250000000 3.8900708652 2.1241771112 4.1703850392 0.0000000000
6.9686616279 1.9250000000 3.8925492836 2.1020280897 4.1714391040 0.0000000000
6.9756407612 1.9250000000 3.8952617273 2.0801526546 4.1735387048 0.0000000000
6.9826421272 1.9250000000 3.8982007362 2.0585066229 4.1766363278 0.0000000000
6.9895339030 1.9250000000 3.9013575651 2.0368324825 4.1805939874 0.0000000000
6.9961482545 1.9250000000 3.9047132732 2.0148078622 4.1852069715 0.0000000000
7.0023476701 1.9250000000 3.9082417821 1.9922055692 4.1902800898 0.0000000000
7.0080764467 1.9250000000 3.9118873188 1.9689526194 4.1955610569 0.0000000000
7.0133640106 1.9250000000 3.9156336532 1.9451531713 4.2010266150 0.0000000000
7.0182717774 1.9250000000 3.9194536729 1.9209220743 4.2066142552 0.0000000000
7.0228865370 1.9250000000 3.9233546751 1.8964133299 4.2124147662 0.0000000000
7.0273659249 1.9250000000 3.9273494347 1.8718417797 4.2185651846 0.0000000000
7.0319524675 1.9250000000 3.9314898653 1.8475467574 4.2254088978 0.0000000000
7.0370555319 1.9250000000 3.9359000268 1.8242183207 4.2337181692 0.0000000000
7.0437602557 1.9250000000 3.9408444373 1.8044915355 4.2456050971 0.0000000000
7.0537006363 1.9250000000 3.9455223823 1.8039901718 4.2641163316 0.0000000000
7.0619470132 1.9250000000 3.9471290586 1.8236268686 4.2783977157 0.0000000000
7.0689273694 1.9250000000 3.9474016392 1.8465072542 4.2886401922 0.0000000000
7.0756910570 1.9250000000 3.9471307963 1.8697983640 4.2968732645 0.0000000000
7.0827073669 1.9250000000 3.9465050101 1.8925765077 4.3034813774 0.0000000000
7.0904906670 1.9250000000 3.9456956650 1.9136965886 4.3086920294 0.0000000000
7.0996293216 1.9250000000 3.9448392849 1.9310984083 4.3122272366 0.0000000000
7.1101999119 1.9250000000 3.9441761647 1.9423916270 4.3140920436 0.0000000000
7.1214975351 1.9250000000 3.9437784502 1.9479344237 4.3147183043 0.0000000000
7.1329906925 1.9250000000 3.9435902017 1.9499327004 4.3147646209 0.0000000000
7.1445066499 1.9250000000 3.9435251012 1.9502722700 4.3146400465 0.0000000000
7.1560226400 1.9250000000 3.9435077113 1.9500397411 4.3144774756 0.0000000000
7.1675377058 1.9250000000 3.9435147232 1.9496454150 4.3143477927 0.0000000000
7.1790530251 1.9250000000 3.9435341095 1.9492740681 4.3142767991 0.0000000000
7.1905686223 1.9250000000 3.9435572621 1.9489560516 4.3142422030 0.0000000000
7.2020844404 1.9250000000 3.9435787393 1.9486999795 4.3142256828 0.0000000000
7.2136004206 1.9250000000 3.9435978435 1.9484967150 4.3142207938 0.0000000000
7.2251165063 1.9250000000 3.9436143702 1.9483347696 4.3142221223 0.0000000000
7.2366326528 1.9250000000 3.9436284625 1.9481984179 4.3142239510 0.0000000000
7.2481488201 1.9250000000 3.9436403886 1.9480704140 4.3142204538 0.0000000000
7.2596649769 1.9250000000 3.9436504996 1.9479372686 4.3142076397 0.0000000000
7.2711811228 1.9250000000 3.9436594453 1.9477990126 4.3141881202 0.0000000000
7.2826972646 1.9250000000 3.9436679427 1.9476587158 4.3141659909 0.0000000000
7.2942134085 1.9250000000 3.9436766128 1.9475193077 4.3141449080 0.0000000000
7.3057295581 1.9250000000 3.9436852690 1.9473825339 4.3141248236 0.0000000000
7.3172457153 1.9250000000 3.9436933198 1.9472495457 4.3141038314 0.0000000000
7.3287618822 1.9250000000 3.9437001702 1.9471214900 4.3140800108 0.0000000000
7.3402780590 1.9250000000 3.9437053341 1.9469985437 4.3140514876 0.0000000000
7.3517942394 1.9250000000 3.9437087240 1.9468773162 4.3140165564 0.0000000000
7.3633104158 1.9250000000 3.9437103446 1.9467535970 4.3139735509 0.0000000000
7.3748265804 1.9250000000 3.9437102001 1.9466231757 4.3139208045 0.0000000000
7.3863427258 1.9250000000 3.9437083247 1.9464821927 4.3138569097 0.0000000000
7.3978588472 1.9250000000 3.9437049513 1.9463291500 4.3137821989 0.0000000000
7.4093749408 1.9250000000 3.9437003947 1.9461635221 4.3136977215 0.0000000000
7.4208910026 1.9250000000 3.9436949701 1.9459847867 4.3136045291 0.0000000000
7.4324070287 1.9250000000 3.9436889926 1.9457924224 4.3135036732 0.0000000000
7.4439230162 1.9250000000 3.9436827324 1.9455861526 4.3133961244 0.0000000000
7.4554389635 1.9250000000 3.9436763494 1.9453663051 4.3132826534 0.0000000000
7.4669548696 1.9250000000 3.9436699869 1.9451332994 4.3131640010 0.0000000000
7.4784707332 1.9250000000 3.9436637880 1.9448875549 4.3130409077 0.0000000000
7.4899865533 1.9250000000 3.9436578892 1.9446294947 4.3129140886 0.0000000000
7.5015023298 1.9250000000 3.9436521017 1.9443597116 4.3127830253 0.0000000000
7.5130180644 1.9250000000 3.9436457725 1.9440790406 4.3126454399 0.0000000000
7.5245337585 1.9250000000 3.9436382130 1.9437883353 4.3124989200 0.0000000000
7.5360494139 1.9250000000 3.9436287353 1.9434884488 4.3123410546 0.0000000000
7.5475650302 1.9250000000 3.9436170061 1.9431797484 4.3121706578 0.0000000000
7.5590806017 1.9250000000 3.9436036860 1.9428612409 4.3119899744 0.0000000000
7.5705961218 1.9250000000 3.9435896081 1.9425316969 4.3118018450 0.0000000000
7.5821115839 1.9250000000 3.9435755964 1.9421899037 4.3116090809 0.0000000000
7.5936269865 1.9250000000 3.9435618665 1.9418357686 4.3114125071 0.0000000000
7.6051423365 1.9250000000 3.9435476513 1.9414710076 4.3112097420 0.0000000000
7.6166576416 1.9250000000 3.9435320945 1.9410975009 4.3109981123 0.0000000000
7.6281729050 1.9250000000 3.9435145269 1.9407163346 4.3107753751 0.0000000000
7.6396881043 1.9250000000 3.9434953736 1.9403239450 4.3105418063 0.0000000000
7.6512032074 1.9250000000 3.9434754571 1.9399150818 4.3102985951 0.0000000000
7.6627181870 1.9250000000 3.9434554953 1.9394852804 4.3100468273 0.0000000000
7.6742330589 1.9250000000 3.9434352184 1.9390374854 4.3097866015 0.0000000000
7.6857478624 1.9250000000 3.9434138152 1.9385787011 4.3095174751 0.0000000000
7.6972626284 1.9250000000 3.9433904916 1.9381146090 4.3092385440 0.0000000000
7.7087773291 1.9250000000 3.9433646034 1.9376417171 4.3089458342 0.0000000000
7.7202919125 1.9250000000 3.9433355698 1.9371527584 4.3086341163 0.0000000000
7.7318063471 1.9250000000 3.9433036300 1.9366432516 4.3083025543 0.0000000000
7.7433206547 1.9250000000 3.9432711596 1.9361160084 4.3079617758 0.0000000000
7.7548348632 1.9250000000 3.9432406240 1.9355747584 4.3076231332 0.0000000000
7.7663489708 1.9250000000 3.9432112792 1.9350200034 4.3072838522 0.0000000000
7.7778629546 1.9250000000 3.9431801959 1.9344500444 4.3069315354 0.0000000000
7.7893767972 1.9250000000 3.9431452290 1.9338637823 4.3065571627 0.0000000000
7.8008904900 1.9250000000 3.9431056214 1.9332611965 4.3061576980 0.0000000000
7.8124040278 1.9250000000 3.9430620111 1.9326420756 4.3057356084 0.0000000000
7.8239174126 1.9250000000 3.9430187363 1.9320053486 4.3053078186 0.0000000000
7.8354306455 1.9250000000 3.9429786838 1.9313504010 4.3048856293 0.0000000000
7.8469437203 1.9250000000 3.9429369767 1.9306788572 4.3044501836 0.0000000000
7.8584566110 1.9250000000 3.9428894303 1.9299901545 4.3039845170 0.0000000000
7.8699692331 1.9250000000 3.9428398841 1.9292749597 4.3035002543 0.0000000000
7.8814815509 1.9250000000 3.9427902542 1.9285297207 4.3030036389 0.0000000000
7.8929936619 1.9250000000 3.9427348838 1.9277673187 4.3024771967 0.0000000000
7.9045056630 1.9250000000 3.9426748122 1.9269968238 4.3019287122 0.0000000000
7.9160176018 1.9250000000 3.9426186991 1.9262184555 4.3013929125 0.0000000000
7.9275292792 1.9250000000 3.9425620790 1.9254168870 4.3008458046 0.0000000000
7.9390405014 1.9250000000 3.9424977835 1.9245787445 4.3002533656 0.0000000000
7.9505514202 1.9250000000 3.9424303152 1.9237162030 4.2996384757 0.0000000000
7.9620620473 1.9250000000 3.9423629052 1.9228299903 4.2990143508 0.0000000000
7.9735723323 1.9250000000 3.9422937430 1.9219171653 4.2983725719 0.0000000000
7.9850824629 1.9250000000 3.9422153841 1.9209966210 4.2976909187 0.0000000000
7.9965922058 1.9250000000 3.9421361554 1.9200472116 4.2969942401 0.0000000000
8.0081014209 1.9250000000 3.9420605180 1.9190564579 4.2962953888 0.0000000000
8.0196104499 1.9250000000 3.9419749252 1.9180573924 4.2955533915 0.0000000000
8.0311190978 1.9250000000 3.9418857066 1.9170332466 4.2947868589 0.0000000000
8.0426272779 1.9250000000 3.9417950927 1.9159774363 4.2940020791 0.0000000000
8.0541350147 1.9250000000 3.9417011754 1.9148936154 4.2931928817 0.0000000000
8.0656422376 1.9250000000 3.9416054677 1.9137771941 4.2923634822 0.0000000000
8.0771489719 1.9250000000 3.9415059628 1.9126317320 4.2915072778 0.0000000000
8.0886554369 1.9250000000 3.9413946871 1.9114761674 4.2905999492 0.0000000000
8.1001610480 1.9250000000 3.9412900898 1.9102649314 4.2896970654 0.0000000000
8.1116658991 1.9250000000 3.9411736046 1.9090159597 4.2887315361 0.0000000000
8.1231705276 1.9250000000 3.9410526364 1.9077568289 4.2877440109 0.0000000000
8.1346745279 1.9250000000 3.9409285693 1.9064642065 4.2867306936 0.0000000000
8.1461778091 1.9250000000 3.9408008918 1.9051343008 4.2856880213 0.0000000000
8.1576803392 1.9250000000 3.9406695424 1.9037665716 4.2846155322 0.0000000000
8.1691820809 1.9250000000 3.9405350119 1.9023598603 4.2835147254 0.0000000000
8.1806829168 1.9250000000 3.9403921534 1.9009127347 4.2823644414 0.0000000000
8.1921828381 1.9250000000 3.9402416691 1.8994254269 4.2811675808 0.0000000000
8.2036818420 1.9250000000 3.9400965652 1.8978912401 4.2799734907 0.0000000000
8.2151803408 1.9250000000 3.9399340285 1.8963443628 4.2787045928 0.0000000000
8.2266773007 1.9250000000 3.9397689291 1.8947291629 4.2773981153 0.0000000000
8.2381739815 1.9250000000 3.9396030132 1.8931022007 4.2760836668 0.0000000000
8.2496685596 1.9250000000 3.9394240546 1.8913931104 4.2746841965 0.0000000000
8.2611626901 1.9250000000 3.9392405548 1.8896681145 4.2732601988 0.0000000000
8.2726547601 1.9250000000 3.9390518256 1.8878630209 4.2717832446 0.0000000000
8.2841460868 1.9250000000 3.9388576064 1.8860319696 4.2702739474 0.0000000000
8.2956359531 1.9250000000 3.9386577689 1.8841481656 4.2687210758 0.0000000000
8.3071242773 1.9250000000 3.9384522107 1.8822102431 4.2671236739 0.0000000000
8.3186109436 1.9250000000 3.9382408392 1.8802156370 4.2654803456 0.0000000000
8.3300963285 1.9250000000 3.9380141107 1.8781858410 4.2637615131 0.0000000000
8.3415794469 1.9250000000 3.9377885753 1.8760766716 4.2620157035 0.0000000000
8.3530604552 1.9250000000 3.9375550683 1.8739021817 4.2602118799 0.0000000000
8.3645402143 1.9250000000 3.9373110864 1.8716938062 4.2583526020 0.0000000000
8.3760167261 1.9250000000 3.9370561003 1.8693898596 4.2564110790 0.0000000000
8.3874917418 1.9250000000 3.9367949524 1.8670444189 4.2544283112 0.0000000000
8.3989644917 1.9250000000 3.9365360577 1.8646286372 4.2524264194 0.0000000000
8.4104344141 1.9250000000 3.9362591668 1.8621425740 4.2503244307 0.0000000000
8.4219006981 1.9250000000 3.9359740129 1.8595593780 4.2481505368 0.0000000000
8.4333649151 1.9250000000 3.9356797693 1.8569259728 4.2459202002 0.0000000000
8.4448260606 1.9250000000 3.9353760051 1.8542168490 4.2436214940 0.0000000000
8.4562838046 1.9250000000 3.9350631595 1.8514255443 4.2412535895 0.0000000000
8.4677381247 1.9250000000 3.9347406828 1.8485545330 4.2388152781 0.0000000000
8.4791892815 1.9250000000 3.9344081729 1.8456113647 4.2363079713 0.0000000000
8.4906278505 1.9250000000 3.9340837537 1.8423757586 4.2337160522 0.0000000000
8.5020700436 1.9250000000 3.9337225590 1.8392430501 4.2310181898 0.0000000000
8.5135086219 1.9250000000 3.9333494692 1.8360374782 4.2282436019 0.0000000000
8.5249403142 1.9250000000 3.9329571977 1.8326966187 4.2253381720 0.0000000000
8.5363567572 1.9250000000 3.9325305957 1.8290682675 4.2221804236 0.0000000000
8.5477662869 1.9250000000 3.9320837589 1.8253206990 4.2188940490 0.0000000000
8.5591702707 1.9250000000 3.9316226833 1.8214794007 4.2155132272 0.0000000000
8.5705669813 1.9250000000 3.9311587338 1.8175074995 4.2120686688 0.0000000000
8.5819554622 1.9250000000 3.9306702154 1.8134086908 4.2084750716 0.0000000000
8.5933375771 1.9250000000 3.9301664334 1.8092118351 4.2047812015 0.0000000000
8.6047094392 1.9250000000 3.9296476319 1.8048562244 4.2009637512 0.0000000000
8.6160651988 1.9250000000 3.9291191944 1.8002551560 4.1970095737 0.0000000000
8.6274215809 1.9250000000 3.9285569086 1.7956855320 4.1929325812 0.0000000000
8.6387674277 1.9250000000 3.9279666037 1.7909770239 4.1886879582 0.0000000000
8.6501044771 1.9250000000 3.9273704398 1.7861421719 4.1843693618 0.0000000000
8.6614288707 1.9250000000 3.9267426426 1.7811497785 4.1798612156 0.0000000000
8.6727431053 1.9250000000 3.9260914553 1.7760335696 4.1752099831 0.0000000000
8.6840432349 1.9250000000 3.9254108265 1.7707492874 4.1703737550 0.0000000000
8.6953319325 1.9250000000 3.9247205179 1.7653223240 4.1654417350 0.0000000000
8.7065965635 1.9250000000 3.9240094396 1.7596124206 4.1603134605 0.0000000000
8.7178584354 1.9250000000 3.9232548398 1.7538979524 4.1550092742 0.0000000000
8.7291067219 1.9250000000 3.9224743784 1.7480399972 4.1495442464 0.0000000000
8.7403358343 1.9250000000 3.9216611635 1.7419836743 4.1438688576 0.0000000000
8.7515492696 1.9250000000 3.9208090059 1.7357809739 4.1379791472 0.0000000000
8.7627351926 1.9250000000 3.9199451881 1.7292873968 4.1319264450 0.0000000000
8.7739129645 1.9250000000 3.9190195308 1.7227569282 4.1256116284 0.0000000000
8.7850733899 1.9250000000 3.9180641842 1.7160694933 4.1191152678 0.0000000000
8.7961592546 1.9250000000 3.9170028617 1.7087501247 4.1119422305 0.0000000000
8.8072083794 1.9250000000 3.9158383789 1.7011737926 4.1042537667 0.0000000000
8.8182335393 1.9250000000 3.9146265489 1.6934285746 4.0963083594 0.0000000000
8.8292215598 1.9250000000 3.9133704423 1.6854038104 4.0880740271 0.0000000000
8.8401935546 1.9250000000 3.9120324100 1.6773232076 4.0794896570 0.0000000000
8.8511333781 1.9250000000 3.9106315369 1.6690392186 4.0705725688 0.0000000000
8.8620432752 1.9250000000 3.9091786260 1.6605672760 4.0613721483 0.0000000000
8.8729157226 1.9250000000 3.9076583693 1.6518719331 4.0518129843 0.0000000000
8.8837577401 1.9250000000 3.9060374905 1.6430526645 4.0418017618 0.0000000000
8.8945637712 1.9250000000 3.9043546190 1.6340328820 4.0314623626 0.0000000000
8.9053336497 1.9250000000 3.9025864978 1.6248477245 4.0207158149 0.0000000000
8.9160658274 1.9250000000 3.9007218350 1.6155069089 4.0095208374 0.0000000000
8.9267545702 1.9250000000 3.8986969515 1.6060671840 3.9976454136 0.0000000000
8.9372789810 1.9250000000 3.8963444731 1.5959693861 3.9841963807 0.0000000000
8.9477714535 1.9250000000 3.8938666729 1.5858488933 3.9702369829 0.0000000000
8.9582102716 1.9250000000 3.8912547766 1.5755944114 3.9556876049 0.0000000000
8.9686058459 1.9250000000 3.8884718446 1.5653456048 3.9404563543 0.0000000000
8.9789462742 1.9250000000 3.8855505187 1.5549891642 3.9246284743 0.0000000000
8.9892381872 1.9250000000 3.8824392334 1.5446795540 3.9080594889 0.0000000000
8.9994662843 1.9250000000 3.8791403280 1.5343366124 3.8907266906 0.0000000000
9.0096408161 1.9250000000 3.8756300000 1.5241000000 3.8725907338 0.0000000000
9.0110504279 1.9250000000 3.8751300000 1.5226750000 3.8700207338 0.0000000000
9.0127156841 1.9250000000 3.8744301905 1.5210456193 3.8665697436 0.0000000000
9.0143666971 1.9250000000 3.8737364507 1.5193111050 3.8631009787 0.0000000000
9.0160112315 1.9250000000 3.8730341025 1.5175598707 3.8595910920 0.0000000000
9.0176553737 1.9250000000 3.8723245083 1.5158244571 3.8560585501 0.0000000000
9.0193016789 1.9250000000 3.8716135177 1.5141057155 3.8525270907 0.0000000000
9.0209423042 1.9250000000 3.8708894356 1.5123870160 3.8489432826 0.0000000000
9.0225820702 1.9250000000 3.8701619944 1.5106720502 3.8453475313 0.0000000000
9.0242180459 1.9250000000 3.8694314018 1.5089431427 3.8417335982 0.0000000000
9.0258559909 1.9250000000 3.8686848317 1.5072693230 3.8380777900 0.0000000000
9.0274937824 1.9250000000 3.8679303242 1.5056167672 3.8343987374 0.0000000000
9.0291253030 1.9250000000 3.8671545161 1.5039881429 3.8306440553 0.0000000000
9.0307566937 1.9250000000 3.8663815131 1.5023495318 3.8268965988 0.0000000000
9.0323866522 1.9250000000 3.8656013167 1.5007231846 3.8231252744 0.0000000000
9.0340170317 1.9250000000 3.8648121823 1.4991268214 3.8193301917 0.0000000000
9.0356414664 1.9250000000 3.8640100493 1.4975332631 3.8154842362 0.0000000000
9.0372634025 1.9250000000 3.8632030837 1.4959388997 3.8116186285 0.0000000000
9.0388856557 1.9250000000 3.8623875451 1.4943745561 3.8077307365 0.0000000000
9.0405046592 1.9250000000 3.8615657439 1.4928096584 3.8038175729 0.0000000000
9.0421205653 1.9250000000 3.8607304944 1.4912692409 3.7998604079 0.0000000000
9.0437363368 1.9250000000 3.8598916228 1.4897404718 3.7958934139 0.0000000000
9.0453493252 1.9250000000 3.8590509031 1.4881994717 3.7919141351 0.0000000000
9.0469561010 1.9250000000 3.8581869041 1.4866987581 3.7878578536 0.0000000000
9.0485640793 1.9250000000 3.8573168923 1.4852277630 3.7837894083 0.0000000000
9.0501705605 1.9250000000 3.8564486183 1.4837403561 3.7797213495 0.0000000000
9.0517712025 1.9250000000 3.8555622150 1.4822810515 3.7755920143 0.0000000000
9.0533720830 1.9250000000 3.8546703519 1.4808438510 3.7714496819 0.0000000000
9.0549696124 1.9250000000 3.8537709236 1.4794133763 3.7672797788 0.0000000000
9.0565640004 1.9250000000 3.8528628979 1.4779959640 3.7630807111 0.0000000000
9.0581512701 1.9250000000 3.8519247498 1.4766562162 3.7587922194 0.0000000000
9.0597347728 1.9250000000 3.8510035610 1.4752152608 3.7545310821 0.0000000000
9.0613219164 1.9250000000 3.8500731727 1.4738374646 3.7502584105 0.0000000000
9.0629061534 1.9250000000 3.8491303532 1.4724919256 3.7459489168 0.0000000000
9.0644897565 1.9250000000 3.8481805954 1.4711727161 3.7416222017 0.0000000000
9.0660708865 1.9250000000 3.8472214083 1.4698780725 3.7372675962 0.0000000000
9.0676495914 1.9250000000 3.8462609518 1.4685697717 3.7329024498 0.0000000000
9.0692237258 1.9250000000 3.8452873834 1.4672883974 3.7284956265 0.0000000000
9.0707883639 1.9250000000 3.8442787394 1.4661258118 3.7239960161 0.0000000000
9.0722907619 1.9250000000 3.8431689622 1.4650118088 3.7191113062 0.0000000000
9.0737821403 1.9250000000 3.8420482412 1.4638704561 3.7141718811 0.0000000000
9.0752851015 1.9250000000 3.8409416835 1.4627380900 3.7092927038 0.0000000000
9.0767820932 1.9250000000 3.8398200787 1.4616491939 3.7043707261 0.0000000000
9.0782774888 1.9250000000 3.8386936470 1.4605784180 3.6994366892 0.0000000000
9.0797675161 1.9250000000 3.8375559454 1.4595362909 3.6944690316 0.0000000000
9.0812677180 1.9250000000 3.8364279021 1.4585205079 3.6895505453 0.0000000000
9.0827662194 1.9250000000 3.8352971143 1.4575071635 3.6846220564 0.0000000000
9.0842621864 1.9250000000 3.8341568065 1.4565376747 3.6796730298 0.0000000000
9.0857525904 1.9250000000 3.8330045557 1.4556039788 3.6746905481 0.0000000000
9.0872427994 1.9250000000 3.8318473875 1.4547064156 3.6697028502 0.0000000000
9.0887475577 1.9250000000 3.8307061559 1.4538351781 3.6647894285 0.0000000000
9.0902434668 1.9250000000 3.8295540055 1.4529576444 3.6598298135 0.0000000000
9.0917418834 1.9250000000 3.8284005068 1.4521189028 3.6548803222 0.0000000000
9.0932330970 1.9250000000 3.8272331537 1.4513204894 3.6498915443 0.0000000000
9.0947435173 1.9250000000 3.8260935306 1.4504977818 3.6450039691 0.0000000000
9.0962451094 1.9250000000 3.8249318208 1.4497766697 3.6400686850 0.0000000000
9.0977446964 1.9250000000 3.8237721503 1.4490071235 3.6351221846 0.0000000000
9.0992418108 1.9250000000 3.8226042913 1.4482857187 3.6301621867 0.0000000000
9.1007536667 1.9250000000 3.8214568607 1.4475547992 3.6252800965 0.0000000000
9.1022895046 1.9250000000 3.8203398136 1.4468412748 3.6205264983 0.0000000000
9.1038166327 1.9250000000 3.8192089571 1.4461466286 3.6157252138 0.0000000000
9.1053439304 1.9250000000 3.8180788489 1.4454459748 3.6109245194 0.0000000000
9.1068690371 1.9250000000 3.8169466122 1.4447385099 3.6061125866 0.0000000000
9.1084437616 1.9250000000 3.8158840149 1.4440327054 3.6015798756 0.0000000000
9.1100171183 1.9250000000 3.8148221481 1.4433023647 3.5970402723 0.0000000000
9.1115858547 1.9250000000 3.8137554282 1.4425574642 3.5924754325 0.0000000000
9.1131556570 1.9250000000 3.8126945970 1.4417730302 3.5879183340 0.0000000000
9.1146705388 1.9250000000 3.8115210151 1.4415533393 3.5831361300 0.0000000000
9.1161893655 1.9250000000 3.8103575178 1.4411385890 3.5783162405 0.0000000000
9.1177023289 1.9250000000 3.8091902588 1.4406585333 3.5734551824 0.0000000000
9.1192137523 1.9250000000 3.8080237703 1.4401426698 3.5685828830 0.0000000000
9.1207299733 1.9250000000 3.8068677562 1.4395737651 3.5637312646 0.0000000000
9.1222819109 1.9250000000 3.8057735582 1.4388550911 3.5590670031 0.0000000000
9.1238358423 1.9250000000 3.8047016993 1.4379765340 3.5544281448 0.0000000000
9.1253836785 1.9250000000 3.8036492805 1.4369071101 3.5497907000 0.0000000000
9.1269263830 1.9250000000 3.8026361580 1.4355841909 3.5452090423 0.0000000000
9.1284529176 1.9250000000 3.8016898544 1.4338960275 3.5407485623 0.0000000000
9.1299551697 1.9250000000 3.8008497584 1.4317734626 3.5365391524 0.0000000000
9.1313960189 1.9250000000 3.8001122139 1.4291985329 3.5325590026 0.0000000000
9.1327336585 1.9250000000 3.7994958686 1.4261242464 3.5288639068 0.0000000000
9.1339438569 1.9250000000 3.7990288925 1.4225898396 3.5255822398 0.0000000000
9.1350237906 1.9250000000 3.7986985176 1.4187105047 3.5227090061 0.0000000000
9.1359655068 1.9250000000 3.7984881364 1.4145627430 3.5202083767 0.0000000000
9.1367752682 1.9250000000 3.7984166496 1.4102140043 3.5181829340 0.0000000000
9.1374824337 1.9250000000 3.7984203591 1.4057515233 3.5164127795 0.0000000000
9.1380938398 1.9250000000 3.7985093640 1.4012069781 3.5149509809 0.0000000000
9.1386249319 1.9250000000 3.7986743891 1.3966125276 3.5137733013 0.0000000000
9.1390947959 1.9250000000 3.7988855464 1.3919879489 3.5127680992 0.0000000000
9.1395142907 1.9250000000 3.7991344555 1.3873449339 3.5119065292 0.0000000000
9.1398774897 1.9250000000 3.7994253819 1.3826865996 3.5112069013 0.0000000000
9.1402061733 1.9250000000 3.7997482319 1.3780261010 3.5106341019 0.0000000000
9.1405037814 1.9250000000 3.8000854814 1.3733586661 3.5101161257 0.0000000000
9.1407733801 1.9250000000 3.8004472726 1.3686922449 3.5096967223 0.0000000000
9.1410185002 1.9250000000 3.8008257902 1.3640255691 3.5093441222 0.0000000000
9.1412424784 1.9250000000 3.8012249499 1.3593627414 3.5090756302 0.0000000000
9.1414479252 1.9250000000 3.8016481049 1.3547080471 3.5089063722 0.0000000000
9.1416298254 1.9250000000 3.8020702826 1.3500470859 3.5087306987 0.0000000000
9.1417983187 1.9250000000 3.8025302007 1.3454049900 3.5087135327 0.0000000000
9.1419543443 1.9250000000 3.8030036977 1.3407685001 3.5087529247 0.0000000000
9.1420982891 1.9250000000 3.8034892502 1.3361373048 3.5088426566 0.0000000000
9.1422319858 1.9250000000 3.8039792352 1.3315072748 3.5089505844 0.0000000000
9.1423562195 1.9250000000 3.8044821994 1.3268843396 3.5091132673 0.0000000000
9.1424713384 1.9250000000 3.8049971486 1.3222676424 3.5093263853 0.0000000000
9.1425791551 1.9250000000 3.8055091396 1.3176477802 3.5095264044 0.0000000000
9.1426789912 1.9250000000 3.8060222555 1.3130278072 3.5097308787 0.0000000000
9.1427703653 1.9250000000 3.8065369073 1.3084082292 3.5099416549 0.0000000000
9.1428546860 1.9250000000 3.8070497109 1.3037862387 3.5101440728 0.0000000000
9.1429336026 1.9250000000 3.8076220514 1.2992075375 3.5106019546 0.0000000000
9.1430075717 1.9250000000 3.8082094617 1.2946398997 3.5111245406 0.0000000000
9.1430772383 1.9250000000 3.8087948912 1.2900702594 3.5116384026 0.0000000000
9.1431426370 1.9250000000 3.8093864717 1.2855053858 3.5121787751 0.0000000000
9.1432043545 1.9250000000 3.8099856355 1.2809466102 3.5127519200 0.0000000000
9.1432623920 1.9250000000 3.8105682694 1.2763738881 3.5132533667 0.0000000000
9.1433170310 1.9250000000 3.8111592495 1.2718076969 3.5137908105 0.0000000000
9.1433685639 1.9250000000 3.8117448774 1.2672372178 3.5143051304 0.0000000000
9.1434155290 1.9250000000 3.8123772490 1.2627058493 3.5150220695 0.0000000000
9.1434594475 1.9250000000 3.8130290472 1.2581906476 3.5158231819 0.0000000000
9.1435005393 1.9250000000 3.8136806948 1.2536753328 3.5166236461 0.0000000000
9.1435397914 1.9250000000 3.8143353836 1.2491626238 3.5174373179 0.0000000000
9.1435770974 1.9250000000 3.8149900312 1.2446497780 3.5182507700 0.0000000000
9.1436124109 1.9250000000 3.8156411840 1.2401337090 3.5190489535 0.0000000000
9.1436460973 1.9250000000 3.8163043617 1.2356288924 3.5198997376 0.0000000000
9.1436780266 1.9250000000 3.8169641019 1.2311207313 3.5207354340 0.0000000000
9.1437080541 1.9250000000 3.8176560938 1.2266423814 3.5217120616 0.0000000000
9.1437362636 1.9250000000 3.8183463033 1.2221622513 3.5226808476 0.0000000000
9.1437628571 1.9250000000 3.8190294159 1.2176752530 3.5236184988 0.0000000000
9.1437880224 1.9250000000 3.8197077544 1.2131836576 3.5245352147 0.0000000000
9.1438118807 1.9250000000 3.8203822960 1.2086884731 3.5254353070 0.0000000000
9.1438345779 1.9250000000 3.8210550960 1.2041916254 3.5263277680 0.0000000000
9.1438562819 1.9250000000 3.8217205691 1.1996882617 3.5271883149 0.0000000000
9.1438769705 1.9250000000 3.8224096940 1.1952073071 3.5281524328 0.0000000000
9.1438966949 1.9250000000 3.8231015440 1.1907284730 3.5291282991 0.0000000000
9.1439154011 1.9250000000 3.8237987631 1.1862552221 3.5301278752 0.0000000000
9.1439332327 1.9250000000 3.8244745287 1.1817613127 3.5310333738 0.0000000000
9.1439501955 1.9250000000 3.8251575977 1.1772739833 3.5319707179 0.0000000000
9.1439664226 1.9250000000 3.8258319947 1.1727787294 3.5328702045 0.0000000000
9.1439819186 1.9250000000 3.8265060949 1.1682831833 3.5337683868 0.0000000000
9.1439966787 1.9250000000 3.8271695645 1.1637777836 3.5346201051 0.0000000000
9.1440107198 1.9250000000 3.8278570598 1.1592948197 3.5355769011 0.0000000000
9.1440241632 1.9250000000 3.8285357105 1.1548035540 3.5364949975 0.0000000000
9.1440370953 1.9250000000 3.8292089080 1.1503073318 3.5373892988 0.0000000000
9.1440494539 1.9250000000 3.8298821280 1.1458108871 3.5382836005 0.0000000000
9.1440613445 1.9250000000 3.8305532036 1.1413123677 3.5391684952 0.0000000000
9.1440726634 1.9250000000 3.8312164220 1.1368066416 3.5400190787 0.0000000000
9.1440835815 1.9250000000 3.8318738408 1.1322956743 3.5408443668 0.0000000000
9.1440939953 1.9250000000 3.8325373343 1.1277899141 3.5416960367 0.0000000000
9.1441039639 1.9250000000 3.8332064045 1.1232892948 3.5425720697 0.0000000000
9.1441135408 1.9250000000 3.8338777329 1.1187907526 3.5434579665 0.0000000000
9.1441227615 1.9250000000 3.8345327972 1.1142771918 3.5442727993 0.0000000000
9.1441316489 1.9250000000 3.8351851019 1.1097611764 3.5450756119 0.0000000000
9.1441402412 1.9250000000 3.8358323715 1.1052406150 3.5458564658 0.0000000000
9.1441485655 1.9250000000 3.8364841538 1.1007240835 3.5466569824 0.0000000000
9.1441565767 1.9250000000 3.8371186532 1.0961922359 3.5473822412 0.0000000000
9.1441643052 1.9250000000 3.8377652493 1.0916710470 3.5481601497 0.0000000000
9.1441718107 1.9250000000 3.8384024498 1.0871416097 3.5488971770 0.0000000000
9.1441790554 1.9250000000 3.8390286375 1.0826024978 3.5495862830 0.0000000000
9.1441860582 1.9250000000 3.8396617487 1.0780694444 3.5503055065 0.0000000000
9.1441928910 1.9250000000 3.8402820861 1.0735252923 3.5509691950 0.0000000000
9.1441995277 1.9250000000 3.8408882514 1.0689692701 3.5515714474 0.0000000000
9.1442059987 1.9250000000 3.8415039259 1.0644211775 3.5522149086 0.0000000000
9.1442123123 1.9250000000 3.8421075964 1.0598630484 3.5528063388 0.0000000000
9.1442184763 1.9250000000 3.8427189387 1.0553113119 3.5534310134 0.0000000000
9.1442245131 1.9250000000 3.8433195967 1.0507507124 3.5540094054 0.0000000000
9.1442304209 1.9250000000 3.8439152797 1.0461860399 3.5545662685 0.0000000000
9.1442362843 1.9250000000 3.8445100551 1.0416206351 3.5551192082 0.0000000000
9.1442421098 1.9250000000 3.8451026241 1.0370534742 3.5556626199 0.0000000000
9.1442478767 1.9250000000 3.8456871318 1.0324798112 3.5561711854 0.0000000000
9.1442537125 1.9250000000 3.8462795876 1.0279124912 3.5567140806 0.0000000000
9.1442596556 1.9250000000 3.8468731890 1.0233458004 3.5572618100 0.0000000000
9.1442659168 1.9250000000 3.8474783496 1.0187926692 3.5578612001 0.0000000000
9.1442725398 1.9250000000 3.8480892067 1.0142262124 3.5584780455 0.0000000000
9.1442813619 1.9250000000 3.8487630360 1.0097636156 3.5593883241 0.0000000000
9.1442974100 1.9250000000 3.8496473769 1.0055829158 3.5612534079 0.0000000000
9.1443090565 1.9250000000 3.8496015010 1.0104839229 3.5630303071 0.0000000000
9.1443174013 1.9250000000 3.8494998018 1.0148604332 3.5643741145 0.0000000000
9.1443225184 1.9250000000 3.8492640968 1.0194992084 3.5652868044 0.0000000000
9.1443250120 1.9250000000 3.8489153844 1.0244020553 3.5658530937 0.0000000000
9.1443276846 1.9250000000 3.8485779946 1.0292152383 3.5664288075 0.0000000000
9.1443307464 1.9250000000 3.8482588039 1.0339262233 3.5670364387 0.0000000000
9.1443338350 1.9250000000 3.8479387530 1.0385978193 3.5676248735 0.0000000000
9.1443366393 1.9250000000 3.8476013420 1.0432845384 3.5681499171 0.0000000000
9.1443391422 1.9250000000 3.8472447045 1.0479934523 3.5686069328 0.0000000000
9.1443414305 1.9250000000 3.8468721663 1.0527148003 3.5690053190 0.0000000000
9.1443435913 1.9250000000 3.8464870592 1.0574388017 3.5693544913 0.0000000000
9.1443457112 1.9250000000 3.8460926889 1.0621557556 3.5696637916 0.0000000000
9.1443478413 1.9250000000 3.8456909161 1.0668603358 3.5699385328 0.0000000000
9.1443499802 1.9250000000 3.8452814370 1.0715537716 3.5701779903 0.0000000000
9.1443521219 1.9250000000 3.8448637694 1.0762378307 3.5703809439 0.0000000000
9.1443542608 1.9250000000 3.8444374318 1.0809142807 3.5705461733 0.0000000000
9.1443563908 1.9250000000 3.8440019421 1.0855848892 3.5706724580 0.0000000000
9.1443585066 1.9250000000 3.8435568154 1.0902513644 3.5707585414 0.0000000000
9.1443606088 1.9250000000 3.8431014930 1.0949140338 3.5708023194 0.0000000000
9.1443627047 1.9250000000 3.8426353421 1.0995718398 3.5708008382 0.0000000000
9.1443648020 1.9250000000 3.8421577269 1.1042236639 3.5707511069 0.0000000000
9.1443669080 1.9250000000 3.8416680113 1.1088683879 3.5706501342 0.0000000000
9.1443690303 1.9250000000 3.8411655595 1.1135048933 3.5704949293 0.0000000000
9.1443711764 1.9250000000 3.8406497356 1.1181320618 3.5702825011 0.0000000000
9.1443733539 1.9250000000 3.8401199036 1.1227487751 3.5700098585 0.0000000000
9.1443755703 1.9250000000 3.8395754277 1.1273539148 3.5696740104 0.0000000000
9.1443778331 1.9250000000 3.8390156718 1.1319463626 3.5692719659 0.0000000000
9.1443801498 1.9250000000 3.8384400000 1.1365250000 3.5688007338 0.0000000000
9.1444039654 1.9250000000 3.8323300000 1.1749500000 3.5597307338 0.0000000000
9.1444090951 1.9250000000 3.8311016805 1.1806843533 3.5571111970 0.0000000000
9.1444146014 1.9250000000 3.8297441760 1.1862873223 3.5539223669 0.0000000000
9.1444211169 1.9250000000 3.8281731803 1.1915086541 3.5497269168 0.0000000000
9.1444292743 1.9250000000 3.8263044073 1.1960973948 3.5440873209 0.0000000000
9.1444396395 1.9250000000 3.8240632372 1.1994692101 3.5364713669 0.0000000000
9.1444522766 1.9250000000 3.8214783423 1.2003919708 3.5265008912 0.0000000000
9.1444656210 1.9250000000 3.8189502067 1.1987614104 3.5157361249 0.0000000000
9.1444786017 1.9250000000 3.8166751319 1.1955468625 3.5053500066 0.0000000000
9.1444911972 1.9250000000 3.8145896268 1.1916159863 3.4954356357 0.0000000000
9.1445039963 1.9250000000 3.8126163993 1.1873443235 3.4858340604 0.0000000000
9.1445176149 1.9250000000 3.8107171008 1.1828672862 3.4764460515 0.0000000000
9.1445319290 1.9250000000 3.8087857414 1.1784806629 3.4669659647 0.0000000000
9.1445478537 1.9250000000 3.8068147985 1.1741972673 3.4573688349 0.0000000000
9.1445661591 1.9250000000 3.8047986495 1.1700537411 3.4476468285 0.0000000000
9.1445864964 1.9250000000 3.8026303270 1.1664237489 3.4375215414 0.0000000000
9.1446108474 1.9250000000 3.8003313357 1.1633162322 3.4270825694 0.0000000000
9.1446388945 1.9250000000 3.7978820744 1.1610768323 3.4163897643 0.0000000000
9.1446711816 1.9250000000 3.7953056039 1.1599918589 3.4056498931 0.0000000000
9.1447063983 1.9250000000 3.7926978593 1.1601697087 3.3952900544 0.0000000000
9.1447429599 1.9250000000 3.7901519069 1.1616280368 3.3856895763 0.0000000000
9.1447814025 1.9250000000 3.7877464836 1.1641623748 3.3770816180 0.0000000000
9.1448193155 1.9250000000 3.7855220551 1.1675818915 3.3695517110 0.0000000000
9.1448568468 1.9250000000 3.7834825271 1.1716548431 3.3630227796 0.0000000000
9.1448932266 1.9250000000 3.7815864768 1.1761469748 3.3572354311 0.0000000000
9.1449284664 1.9250000000 3.7798279905 1.1809684927 3.3521300930 0.0000000000
9.1449630492 1.9250000000 3.7782146871 1.1860972896 3.3477283980 0.0000000000
9.1449965708 1.9250000000 3.7766986089 1.1914152006 3.3437912495 0.0000000000
9.1450288605 1.9250000000 3.7752526793 1.1968496511 3.3401813115 0.0000000000
9.1450603313 1.9250000000 3.7738952231 1.2024205632 3.3369798517 0.0000000000
9.1450911712 1.9250000000 3.7726271611 1.2081241936 3.3341890556 0.0000000000
9.1451211685 1.9250000000 3.7714184374 1.2139111565 3.3316689459 0.0000000000
9.1451501940 1.9250000000 3.7702468372 1.2197440047 3.3293156846 0.0000000000
9.1451784196 1.9250000000 3.7691172013 1.2256261649 3.3271500051 0.0000000000
9.1452060561 1.9250000000 3.7680381175 1.2315668999 3.3252099640 0.0000000000
9.1452331675 1.9250000000 3.7670081817 1.2375631952 3.3234887387 0.0000000000
9.1452596989 1.9250000000 3.7660179320 1.2436021351 3.3219433158 0.0000000000
9.1452856013 1.9250000000 3.7650584675 1.2496715933 3.3205332410 0.0000000000
9.1453108918 1.9250000000 3.7641266098 1.2557671973 3.3192440518 0.0000000000
9.1453356173 1.9250000000 3.7632216996 1.2618879881 3.3180727276 0.0000000000
9.1453598242 1.9250000000 3.7623431578 1.2680330434 3.3170165822 0.0000000000
9.1453835567 1.9250000000 3.7614912268 1.2742017018 3.3160763216 0.0000000000
9.1454068575 1.9250000000 3.7606666892 1.2803934736 3.3152548800 0.0000000000
9.1454297690 1.9250000000 3.7598703283 1.2866078661 3.3145551935 0.0000000000
9.1454523152 1.9250000000 3.7591004499 1.2928427885 3.3139696487 0.0000000000
9.1454744759 1.9250000000 3.7583494787 1.2990923554 3.3134655909 0.0000000000
9.1454962242 1.9250000000 3.7576089862 1.3053501309 3.3130067309 0.0000000000
9.1455175351 1.9250000000 3.7568708203 1.3116098799 3.3125579669 0.0000000000
9.1455384227 1.9250000000 3.7561340844 1.3178706394 3.3121153273 0.0000000000
9.1455589431 1.9250000000 3.7554056701 1.3241371045 3.3117082559 0.0000000000
9.1455791547 1.9250000000 3.7546928519 1.3304142493 3.3113678410 0.0000000000
9.1455991145 1.9250000000 3.7540026226 1.3367068548 3.3111239662 0.0000000000
9.1456188455 1.9250000000 3.7533352837 1.3430151259 3.3109779190 0.0000000000
9.1456383363 1.9250000000 3.7526843288 1.3493346118 3.3109018937 0.0000000000
9.1456575738 1.9250000000 3.7520429462 1.3556606528 3.3108667797 0.0000000000
9.1456765453 1.9250000000 3.7514043763 1.3619886231 3.3108436884 0.0000000000
9.1456952567 1.9250000000 3.7507662175 1.3683167016 3.3108222845 0.0000000000
9.1457137467 1.9250000000 3.7501336455 1.3746479457 3.3108244940 0.0000000000
9.1457320570 1.9250000000 3.7495125945 1.3809859006 3.3108754722 0.0000000000
9.1457502294 1.9250000000 3.7489089950 1.3873341096 3.3110003579 0.0000000000
9.1457682890 1.9250000000 3.7483255687 1.3936942201 3.3112106965 0.0000000000
9.1457862141 1.9250000000 3.7477560288 1.4000625579 3.3114798722 0.0000000000
9.1458039750 1.9250000000 3.7471925199 1.4064345220 3.3117746222 0.0000000000
9.1458215418 1.9250000000 3.7466271864 1.4128055114 3.3120616842 0.0000000000
9.1458388994 1.9250000000 3.7460546673 1.4191723631 3.3123183482 0.0000000000
9.1458560845 1.9250000000 3.7454784487 1.4255370148 3.3125593344 0.0000000000
9.1458731453 1.9250000000 3.7449039777 1.4319025348 3.3128076584 0.0000000000
9.1458901302 1.9250000000 3.7443367014 1.4382719913 3.3130863360 0.0000000000
9.1459070784 1.9250000000 3.7437808128 1.4446477475 3.3134130840 0.0000000000
9.1459239873 1.9250000000 3.7432347178 1.4510289131 3.3137811703 0.0000000000
9.1459408424 1.9250000000 3.7426951544 1.4574136600 3.3141768156 0.0000000000
9.1459576293 1.9250000000 3.7421588605 1.4638001601 3.3145862397 0.0000000000
9.1459743385 1.9250000000 3.7416231921 1.4701869303 3.3149982745 0.0000000000
9.1459909847 1.9250000000 3.7410882551 1.4765740214 3.3154133629 0.0000000000
9.1460075889 1.9250000000 3.7405549189 1.4829619105 3.3158351735 0.0000000000
9.1460241719 1.9250000000 3.7400240529 1.4893510746 3.3162673751 0.0000000000
9.1460407533 1.9250000000 3.7394962015 1.4957418169 3.3167122666 0.0000000000
9.1460573450 1.9250000000 3.7389705787 1.5021337294 3.3171665405 0.0000000000
9.1460739574 1.9250000000 3.7384460581 1.5085262221 3.3176254551 0.0000000000
9.1460906009 1.9250000000 3.7379215132 1.5149187049 3.3180842687 0.0000000000
9.1461072866 1.9250000000 3.7373958557 1.5213106089 3.3185384001 0.0000000000
9.1461240286 1.9250000000 3.7368681189 1.5277014332 3.3189837828 0.0000000000
9.1461408414 1.9250000000 3.7363373609 1.5340906904 3.3194164538 0.0000000000
9.1461577395 1.9250000000 3.7358026405 1.5404778935 3.3198324533 0.0000000000
9.1461747358 1.9250000000 3.7352631835 1.5468626259 3.3202285183 0.0000000000
9.1461918390 1.9250000000 3.7347185886 1.5532446281 3.3206029397 0.0000000000
9.1462090575 1.9250000000 3.7341685050 1.5596236620 3.3209542187 0.0000000000
9.1462264003 1.9250000000 3.7336126010 1.5659995008 3.3212809382 0.0000000000
9.1462439132 1.9250000000 3.7330512602 1.5723723432 3.3215847118 0.0000000000
9.1462616884 1.9250000000 3.7324857762 1.5787429290 3.3218710102 0.0000000000
9.1462798211 1.9250000000 3.7319175018 1.5851120331 3.3221455543 0.0000000000
9.1462983960 1.9250000000 3.7313473060 1.5914801435 3.3224120153 0.0000000000
9.1463174106 1.9250000000 3.7307719650 1.5978453198 3.3226567219 0.0000000000
9.1463368181 1.9250000000 3.7301861965 1.6042044000 3.3228572797 0.0000000000
9.1463565733 1.9250000000 3.7295847471 1.6105542373 3.3229914170 0.0000000000
9.1463767169 1.9250000000 3.7289644452 1.6168928116 3.3230456394 0.0000000000
9.1463974097 1.9250000000 3.7283250389 1.6232196828 3.3230187627 0.0000000000
9.1464188216 1.9250000000 3.7276664835 1.6295345203 3.3229104761 0.0000000000
9.1464411212 1.9250000000 3.7269868117 1.6358354361 3.3227121552 0.0000000000
9.1464644744 1.9250000000 3.7262799479 1.6421172148 3.3223974113 0.0000000000
9.1464890488 1.9250000000 3.7255392833 1.6483742030 3.3219375482 0.0000000000
9.1465150978 1.9250000000 3.7247580436 1.6546003901 3.3213030642 0.0000000000
9.1465429853 1.9250000000 3.7239292392 1.6607893004 3.3204634107 0.0000000000
9.1465732817 1.9250000000 3.7230399899 1.6669269588 3.3193614771 0.0000000000
9.1466074388 1.9250000000 3.7220513723 1.6729662888 3.3178227386 0.0000000000
9.1466472660 1.9250000000 3.7209154732 1.6788425588 3.3156296502 0.0000000000
9.1466954802 1.9250000000 3.7195669379 1.6844325473 3.3124715044 0.0000000000
9.1467679515 1.9250000000 3.7176278350 1.6888571231 3.3064849233 0.0000000000
9.1468644878 1.9250000000 3.7151291959 1.6882936221 3.2962649665 0.0000000000
9.1469324346 1.9250000000 3.7134592793 1.6832868683 3.2875825986 0.0000000000
9.1469808179 1.9250000000 3.7123358798 1.6773860014 3.2807286537 0.0000000000
9.1470211855 1.9250000000 3.7114078263 1.6712970411 3.2745808555 0.0000000000
9.1470566337 1.9250000000 3.7105926435 1.6650938623 3.2688388527 0.0000000000
9.1470882420 1.9250000000 3.7098890043 1.6588078605 3.2635098953 0.0000000000
9.1471169353 1.9250000000 3.7092759366 1.6524644002 3.2585202404 0.0000000000
9.1471435738 1.9250000000 3.7087236846 1.6460860629 3.2537598974 0.0000000000
9.1471686961 1.9250000000 3.7082144353 1.6396857520 3.2491627759 0.0000000000
9.1471925950 1.9250000000 3.7077395666 1.6332689550 3.2446965824 0.0000000000
9.1472155323 1.9250000000 3.7072909945 1.6268405625 3.2403309369 0.0000000000
9.1472376717 1.9250000000 3.7068618464 1.6204038377 3.2360396544 0.0000000000
9.1472591523 1.9250000000 3.7064455526 1.6139616378 3.2317975994 0.0000000000
9.1472800800 1.9250000000 3.7060380450 1.6075158541 3.2275892555 0.0000000000
9.1473004571 1.9250000000 3.7056430551 1.6010653655 3.2234291003 0.0000000000
9.1473202656 1.9250000000 3.7052658305 1.5946084652 3.2193374420 0.0000000000
9.1473395007 1.9250000000 3.7049103755 1.5881438833 3.2153297891 0.0000000000
9.1473582272 1.9250000000 3.7045740077 1.5816726969 3.2113958435 0.0000000000
9.1473765335 1.9250000000 3.7042518076 1.5751967690 3.2075166720 0.0000000000
9.1473945066 1.9250000000 3.7039389394 1.5687179334 3.2036736649 0.0000000000
9.1474121960 1.9250000000 3.7036334992 1.5622370154 3.1998595369 0.0000000000
9.1474296049 1.9250000000 3.7033371813 1.5557536024 3.1960809001 0.0000000000
9.1474467337 1.9250000000 3.7030519004 1.5492672057 3.1923452178 0.0000000000
9.1474635870 1.9250000000 3.7027791283 1.5427774537 3.1886582285 0.0000000000
9.1474802151 1.9250000000 3.7025158366 1.5362851600 3.1850081441 0.0000000000
9.1474966944 1.9250000000 3.7022563742 1.5297918294 3.1813729624 0.0000000000
9.1475131017 1.9250000000 3.7019950575 1.5232989750 3.1777305540 0.0000000000
9.1475295030 1.9250000000 3.7017269737 1.5168079046 3.1740617906 0.0000000000
9.1475458812 1.9250000000 3.7014530519 1.5103183659 3.1703702877 0.0000000000
9.1475621818 1.9250000000 3.7011768972 1.5038293927 3.1666700799 0.0000000000
9.1475783495 1.9250000000 3.7009021290 1.4973400149 3.1629752557 0.0000000000
9.1475943372 1.9250000000 3.7006321092 1.4908493449 3.1592989085 0.0000000000
9.1476101418 1.9250000000 3.7003687317 1.4843569662 3.1556484470 0.0000000000
9.1476257760 1.9250000000 3.7001133696 1.4778626294 3.1520292641 0.0000000000
9.1476412525 1.9250000000 3.6998673956 1.4713660854 3.1484467504 0.0000000000
9.1476565840 1.9250000000 3.6996316971 1.4648671882 3.1449043976 0.0000000000
9.1476717840 1.9250000000 3.6994044228 1.4583663761 3.1413949757 0.0000000000
9.1476868658 1.9250000000 3.6991827611 1.4518642917 3.1379074951 0.0000000000
9.1477018428 1.9250000000 3.6989638993 1.4453615780 3.1344309623 0.0000000000
9.1477167269 1.9250000000 3.6987456397 1.4388587455 3.1309567910 0.0000000000
9.1477315202 1.9250000000 3.6985292088 1.4323555664 3.1274897957 0.0000000000
9.1477462216 1.9250000000 3.6983170174 1.4258515579 3.1240394265 0.0000000000
9.1477608300 1.9250000000 3.6981114774 1.4193462368 3.1206151383 0.0000000000
9.1477753502 1.9250000000 3.6979139089 1.4128393374 3.1172221046 0.0000000000
9.1477898149 1.9250000000 3.6977204463 1.4063316268 3.1138451699 0.0000000000
9.1478042650 1.9250000000 3.6975256865 1.3998241782 3.1104631512 0.0000000000
9.1478187416 1.9250000000 3.6973242262 1.3933180650 3.1070548648 0.0000000000
9.1478332702 1.9250000000 3.6971125583 1.3868139825 3.1036065599 0.0000000000
9.1478478189 1.9250000000 3.6968941497 1.3803112364 3.1001318270 0.0000000000
9.1478623430 1.9250000000 3.6966740707 1.3738088125 3.0966505418 0.0000000000
9.1478767978 1.9250000000 3.6964573827 1.3673056986 3.0931825441 0.0000000000
9.1478911542 1.9250000000 3.6962471856 1.3608012761 3.0897399865 0.0000000000
9.1479054191 1.9250000000 3.6960421917 1.3542958060 3.0863178230 0.0000000000
9.1479196041 1.9250000000 3.6958405178 1.3477896692 3.0829086728 0.0000000000
9.1479337207 1.9250000000 3.6956402943 1.3412832436 3.0795052087 0.0000000000
9.1479477768 1.9250000000 3.6954407135 1.3347767001 3.0761042677 0.0000000000
9.1479617748 1.9250000000 3.6952427749 1.3282698565 3.0727097761 0.0000000000
9.1479757162 1.9250000000 3.6950476546 1.3217624963 3.0693263507 0.0000000000
9.1479896025 1.9250000000 3.6948565045 1.3152544073 3.0659585148 0.0000000000
9.1480034366 1.9250000000 3.6946694803 1.3087455608 3.0626068793 0.0000000000
9.1480172225 1.9250000000 3.6944853989 1.3022361745 3.0592667994 0.0000000000
9.1480309644 1.9250000000 3.6943029835 1.2957264831 3.0559332611 0.0000000000
9.1480446664 1.9250000000 3.6941210015 1.2892167138 3.0526014253 0.0000000000
9.1480583264 1.9250000000 3.6939393001 1.2827069014 3.0492706949 0.0000000000
9.1480719362 1.9250000000 3.6937588378 1.2761968826 3.0459448380 0.0000000000
9.1480854874 1.9250000000 3.6935806236 1.2696864855 3.0426278224 0.0000000000
9.1480989728 1.9250000000 3.6934055759 1.2631755533 3.0393232587 0.0000000000
9.1481124041 1.9250000000 3.6932332480 1.2566641599 3.0360293897 0.0000000000
9.1481258079 1.9250000000 3.6930621392 1.2501525575 3.0327403135 0.0000000000
9.1481392108 1.9250000000 3.6928907216 1.2436410029 3.0294500213 0.0000000000
9.1481526370 1.9250000000 3.6927175522 1.2371297389 3.0261528382 0.0000000000
9.1481660846 1.9250000000 3.6925420475 1.2306188673 3.0228464709 0.0000000000
9.1481795362 1.9250000000 3.6923641233 1.2241084082 3.0195305902 0.0000000000
9.1481929743 1.9250000000 3.6921837014 1.2175983805 3.0162048915 0.0000000000
9.1482063834 1.9250000000 3.6920008480 1.2110887772 3.0128696369 0.0000000000
9.1482197595 1.9250000000 3.6918164867 1.2045794382 3.0095284560 0.0000000000
9.1482331030 1.9250000000 3.6916318558 1.1980701467 3.0061862157 0.0000000000
9.1482464143 1.9250000000 3.6914481942 1.1915606859 3.0028477851 0.0000000000
9.1482596940 1.9250000000 3.6912663704 1.1850509038 2.9995165768 0.0000000000
9.1482729445 1.9250000000 3.6910858138 1.1785408989 2.9961903484 0.0000000000
9.1482861685 1.9250000000 3.6909056047 1.1720308309 2.9928654849 0.0000000000
9.1482993686 1.9250000000 3.6907248244 1.1655208591 2.9895383752 0.0000000000
9.1483125447 1.9250000000 3.6905430881 1.1590110513 2.9862075069 0.0000000000
9.1483256886 1.9250000000 3.6903614280 1.1525012318 2.9828769386 0.0000000000
9.1483387910 1.9250000000 3.6901811086 1.1459911850 2.9795516424 0.0000000000
9.1483518428 1.9250000000 3.6900033879 1.1394806966 2.9762365643 0.0000000000
9.1483648428 1.9250000000 3.6898288122 1.1329696735 2.9729338521 0.0000000000
9.1483778060 1.9250000000 3.6896565980 1.1264582498 2.9696404257 0.0000000000
9.1483907486 1.9250000000 3.6894858161 1.1199465840 2.9663526319 0.0000000000
9.1484036868 1.9250000000 3.6893155521 1.1134348327 2.9630668755 0.0000000000
9.1484166254 1.9250000000 3.6891455465 1.1069230426 2.9597821369 0.0000000000
9.1484295530 1.9250000000 3.6889764396 1.1004111107 2.9565009366 0.0000000000
9.1484424574 1.9250000000 3.6888089373 1.0938989226 2.9532260522 0.0000000000
9.1484553267 1.9250000000 3.6886437045 1.0873863709 2.9499601003 0.0000000000
9.1484681589 1.9250000000 3.6884805629 1.0808734847 2.9467023792 0.0000000000
9.1484809612 1.9250000000 3.6883185423 1.0743604219 2.9434490716 0.0000000000
9.1484937412 1.9250000000 3.6881566420 1.0678473451 2.9401962400 0.0000000000
9.1485065059 1.9250000000 3.6879939432 1.0613344031 2.9369402680 0.0000000000
9.1485192526 1.9250000000 3.6878305330 1.0548215759 2.9336814963 0.0000000000
9.1485319724 1.9250000000 3.6876671753 1.0483087293 2.9304229269 0.0000000000
9.1485446563 1.9250000000 3.6875046465 1.0417957275 2.9271676108 0.0000000000
9.1485572999 1.9250000000 3.6873433881 1.0352824923 2.9239172833 0.0000000000
9.1485699347 1.9250000000 3.6871812509 1.0287693947 2.9206634952 0.0000000000
9.1485826087 1.9250000000 3.6870148767 1.0222570148 2.9173930464 0.0000000000
9.1485953702 1.9250000000 3.6868409006 1.0157459343 2.9140927100 0.0000000000
9.1486082504 1.9250000000 3.6866571449 1.0092365295 2.9107539252 0.0000000000
9.1486211992 1.9250000000 3.6864671321 1.0027281920 2.9073905389 0.0000000000
9.1486341420 1.9250000000 3.6862760939 0.9962200179 2.9040231168 0.0000000000
9.1486470043 1.9250000000 3.6860892571 0.9897111046 2.9006722042 0.0000000000
9.1486597499 1.9250000000 3.6859100145 0.9832008704 2.8973511399 0.0000000000
9.1486724364 1.9250000000 3.6857372712 0.9766895207 2.8940556268 0.0000000000
9.1486851357 1.9250000000 3.6855692588 0.9701773785 2.8907787206 0.0000000000
9.1486979188 1.9250000000 3.6854042172 0.9636647656 2.8875135089 0.0000000000
9.1487108177 1.9250000000 3.6852408578 0.9571519089 2.8842549286 0.0000000000
9.1487238053 1.9250000000 3.6850786116 0.9506388914 2.8810007367 0.0000000000
9.1487368494 1.9250000000 3.6849169701 0.9441257838 2.8777489278 0.0000000000
9.1487499177 1.9250000000 3.6847554620 0.9376126516 2.8744976424 0.0000000000
9.1487629775 1.9250000000 3.6845942032 0.9310994759 2.8712473371 0.0000000000
9.1487759956 1.9250000000 3.6844337800 0.9245861702 2.8680003220 0.0000000000
9.1487889389 1.9250000000 3.6842747917 0.9180726463 2.8647589590 0.0000000000
9.1488017839 1.9250000000 3.6841177119 0.9115588344 2.8615251151 0.0000000000
9.1488145692 1.9250000000 3.6839622046 0.9050447850 2.8582974661 0.0000000000
9.1488273579 1.9250000000 3.6838076122 0.8985305961 2.8550734212 0.0000000000
9.1488402134 1.9250000000 3.6836532765 0.8920163658 2.8518503863 0.0000000000
9.1488531817 1.9250000000 3.6834988264 0.8855021510 2.8486268997 0.0000000000
9.1488662488 1.9250000000 3.6833448988 0.8789878630 2.8454054744 0.0000000000
9.1488793874 1.9250000000 3.6831923523 0.8724733814 2.8421894954 0.0000000000
9.1488925703 1.9250000000 3.6830420372 0.8659585866 2.8389823174 0.0000000000
9.1489057657 1.9250000000 3.6828943017 0.8594434264 2.8357853110 0.0000000000
9.1489189346 1.9250000000 3.6827486882 0.8529279559 2.8325966689 0.0000000000
9.1489320376 1.9250000000 3.6826046670 0.8464122397 2.8294142976 0.0000000000
9.1489450386 1.9250000000 3.6824616120 0.8398963582 2.8262357253 0.0000000000
9.1489579505 1.9250000000 3.6823175568 0.8333806109 2.8230532052 0.0000000000
9.1489708220 1.9250000000 3.6821695510 0.8268654573 2.8198551209 0.0000000000
9.1489837024 1.9250000000 3.6820146222 0.8203513610 2.8166297670 0.0000000000
9.1489966366 1.9250000000 3.6818505951 0.8138386614 2.8133685787 0.0000000000
9.1490096398 1.9250000000 3.6816803860 0.8073269070 2.8100830405 0.0000000000
9.1490227151 1.9250000000 3.6815089130 0.8008153354 2.8067925201 0.0000000000
9.1490358660 1.9250000000 3.6813410969 0.7943031836 2.8035163947 0.0000000000
9.1490490857 1.9250000000 3.6811797172 0.7877900234 2.8002656119 0.0000000000
9.1490623388 1.9250000000 3.6810214589 0.7812763791 2.7970271211 0.0000000000
9.1490755847 1.9250000000 3.6808619296 0.7747629437 2.7937836296 0.0000000000
9.1490887834 1.9250000000 3.6806968523 0.7682503917 2.7905182999 0.0000000000
9.1491019103 1.9250000000 3.6805255863 0.7617388212 2.7872286077 0.0000000000
9.1491149589 1.9250000000 3.6803517704 0.7552276520 2.7839288764 0.0000000000
9.1491279237 1.9250000000 3.6801792889 0.7487162651 2.7806343955 0.0000000000
9.1491408013 1.9250000000 3.6800117059 0.7422040927 2.7773591947 0.0000000000
9.1491536083 1.9250000000 3.6798493888 0.7356910809 2.7741047214 0.0000000000
9.1491663727 1.9250000000 3.6796908670 0.7291774707 2.7708651902 0.0000000000
9.1491791227 1.9250000000 3.6795346480 0.7226635070 2.7676347288 0.0000000000
9.1491918841 1.9250000000 3.6793793696 0.7161494117 2.7644079768 0.0000000000
9.1492046688 1.9250000000 3.6792243611 0.7096352858 2.7611822926 0.0000000000
9.1492174845 1.9250000000 3.6790691810 0.7031211903 2.7579559339 0.0000000000
9.1492303387 1.9250000000 3.6789133879 0.6966071861 2.7547271600 0.0000000000
9.1492432287 1.9250000000 3.6787568261 0.6900932934 2.7514953557 0.0000000000
9.1492561221 1.9250000000 3.6786001724 0.6835794127 2.7482631884 0.0000000000
9.1492689813 1.9250000000 3.6784442544 0.6770654231 2.7450339206 0.0000000000
9.1492817687 1.9250000000 3.6782898927 0.6705512048 2.7418107867 0.0000000000
9.1492944722 1.9250000000 3.6781374519 0.6640367039 2.7385952231 0.0000000000
9.1493071193 1.9250000000 3.6779865758 0.6575219713 2.7353858256 0.0000000000
9.1493197407 1.9250000000 3.6778368445 0.6510070668 2.7321809385 0.0000000000
9.1493323673 1.9250000000 3.6776878182 0.6444920536 2.7289788281 0.0000000000
9.1493450211 1.9250000000 3.6775385641 0.6379770717 2.7257758189 0.0000000000
9.1493577159 1.9250000000 3.6773876362 0.6314623410 2.7225662152 0.0000000000
9.1493704649 1.9250000000 3.6772335648 0.6249480852 2.7193442270 0.0000000000
9.1493832786 1.9250000000 3.6770750228 0.6184345065 2.7161046278 0.0000000000
9.1493961348 1.9250000000 3.6769123964 0.6119215471 2.7128489381 0.0000000000
9.1494089902 1.9250000000 3.6767471997 0.6054089783 2.7095831240 0.0000000000
9.1494218008 1.9250000000 3.6765809673 0.5988965684 2.7063132302 0.0000000000
9.1494345304 1.9250000000 3.6764149852 0.5923841234 2.7030443239 0.0000000000
9.1494471870 1.9250000000 3.6762490853 0.5858716717 2.6997757438 0.0000000000
9.1494597950 1.9250000000 3.6760825714 0.5793593219 2.6965047482 0.0000000000
9.1494723787 1.9250000000 3.6759147464 0.5728471828 2.6932285925 0.0000000000
9.1494849627 1.9250000000 3.6757452752 0.5663353062 2.6899459572 0.0000000000
9.1494975730 1.9250000000 3.6755751417 0.5598235352 2.6866607147 0.0000000000
9.1495102356 1.9250000000 3.6754056299 0.5533116653 2.6833779196 0.0000000000
9.1495229768 1.9250000000 3.6752380211 0.5467994927 2.6801026152 0.0000000000
9.1495358026 1.9250000000 3.6750729028 0.5402869235 2.6768371147 0.0000000000
9.1495486730 1.9250000000 3.6749092808 0.5337741152 2.6735775031 0.0000000000
9.1495615420 1.9250000000 3.6747459408 0.5272612599 2.6703190010 0.0000000000
9.1495743637 1.9250000000 3.6745816981 0.5207485452 2.6670569442 0.0000000000
9.1495871108 1.9250000000 3.6744164131 0.5142359945 2.6637907840 0.0000000000
9.1495997790 1.9250000000 3.6742512525 0.5077234254 2.6605251139 0.0000000000
9.1496123654 1.9250000000 3.6740874650 0.5012106428 2.6572648511 0.0000000000
9.1496248689 1.9250000000 3.6739262045 0.4946974663 2.6540145385 0.0000000000
9.1496373190 1.9250000000 3.6737671052 0.4881839527 2.6507727356 0.0000000000
9.1496497693 1.9250000000 3.6736085807 0.4816703489 2.6475331961 0.0000000000
9.1496622743 1.9250000000 3.6734490103 0.4751569076 2.6442895382 0.0000000000
9.1496748806 1.9250000000 3.6732869625 0.4686438517 2.6410361246 0.0000000000
9.1496875504 1.9250000000 3.6731229879 0.4621310955 2.6377751237 0.0000000000
9.1497001957 1.9250000000 3.6729588202 0.4556183689 2.6345133623 0.0000000000
9.1497127279 1.9250000000 3.6727962089 0.4491053994 2.6312577293 0.0000000000
9.1497250823 1.9250000000 3.6726364507 0.4425919850 2.6280133308 0.0000000000
9.1497373236 1.9250000000 3.6724783883 0.4360783068 2.6247756099 0.0000000000
9.1497495599 1.9250000000 3.6723200370 0.4295646750 2.6215367519 0.0000000000
9.1497618997 1.9250000000 3.6721594115 0.4230513998 2.6182889396 0.0000000000
9.1497744159 1.9250000000 3.6719950218 0.4165387144 2.6150263069 0.0000000000
9.1497870425 1.9250000000 3.6718273387 0.4100265474 2.6117507075 0.0000000000
9.1497996787 1.9250000000 3.6716573174 0.4035147520 2.6084659043 0.0000000000
9.1498122243 1.9250000000 3.6714859123 0.3970031817 2.6051756557 0.0000000000
9.1498246194 1.9250000000 3.6713139495 0.3904917070 2.6018832148 0.0000000000
9.1498368819 1.9250000000 3.6711420111 0.3839802314 2.5985908709 0.0000000000
9.1498490383 1.9250000000 3.6709706517 0.3774686617 2.5953008054 0.0000000000
9.1498611153 1.9250000000 3.6708004085 0.3709569080 2.5920151310 0.0000000000
9.1498731545 1.9250000000 3.6706311795 0.3644449863 2.5887334465 0.0000000000
9.1498852157 1.9250000000 3.6704620537 0.3579330465 2.5854521671 0.0000000000
9.1498973601 1.9250000000 3.6702920677 0.3514212477 2.5821675037 0.0000000000
9.1499096444 1.9250000000 3.6701203171 0.3449097389 2.5788758979 0.0000000000
9.1499220372 1.9250000000 3.6699471250 0.3383984679 2.5755786211 0.0000000000
9.1499344233 1.9250000000 3.6697739776 0.3318871913 2.5722815209 0.0000000000
9.1499466842 1.9250000000 3.6696024070 0.3253756586 2.5689906255 0.0000000000
9.1499587194 1.9250000000 3.6694337410 0.3188636523 2.5657111588 0.0000000000
9.1499705850 1.9250000000 3.6692675314 0.3123512445 2.5624413574 0.0000000000
9.1499824174 1.9250000000 3.6691024167 0.3058386565 2.5591758634 0.0000000000
9.1499943538 1.9250000000 3.6689370278 0.2993261105 2.5559092894 0.0000000000
9.1500065080 1.9250000000 3.6687701545 0.2928138034 2.5526368731 0.0000000000
9.1500188089 1.9250000000 3.6686018505 0.2863017291 2.5493588275 0.0000000000
9.1500310973 1.9250000000 3.6684327735 0.2797897847 2.5460777419 0.0000000000
9.1500432130 1.9250000000 3.6682635850 0.2732778663 2.5427962204 0.0000000000
9.1500550538 1.9250000000 3.6680950322 0.2667658534 2.5395172039 0.0000000000
9.1500667235 1.9250000000 3.6679281687 0.2602535647 2.5362448346 0.0000000000
9.1500783718 1.9250000000 3.6677641168 0.2537408054 2.5329835232 0.0000000000
9.1500901485 1.9250000000 3.6676039985 0.2472273806 2.5297376799 0.0000000000
9.1501021597 1.9250000000 3.6674475971 0.2407133262 2.5265064526 0.0000000000
9.1501143561 1.9250000000 3.6672899177 0.2341995019 2.5232702055 0.0000000000
9.1501266537 1.9250000000 3.6671248998 0.2276869507 2.5200051135 0.0000000000
9.1501389688 1.9250000000 3.6669465756 0.2211766999 2.5166877161 0.0000000000
9.1501512381 1.9250000000 3.6667540920 0.2146688895 2.5133146575 0.0000000000
9.1501634288 1.9250000000 3.6665542730 0.2081623282 2.5099127570 0.0000000000
9.1501755104 1.9250000000 3.6663545745 0.2016557152 2.5065113180 0.0000000000
9.1501874546 1.9250000000 3.6661621901 0.1951477957 2.5031386124 0.0000000000
9.1501992752 1.9250000000 3.6659786843 0.1886383003 2.4998007911 0.0000000000
9.1502110265 1.9250000000 3.6658002099 0.1821279077 2.4964827367 0.0000000000
9.1502227645 1.9250000000 3.6656227007 0.1756173347 2.4931684705 0.0000000000
9.1502345421 1.9250000000 3.6654423486 0.1691072533 2.4898430294 0.0000000000
9.1502463641 1.9250000000 3.6652593005 0.1625976474 2.4865069946 0.0000000000
9.1502581977 1.9250000000 3.6650767953 0.1560879635 2.4831731005 0.0000000000
9.1502700091 1.9250000000 3.6648981544 0.1495776334 2.4798544047 0.0000000000
9.1502817710 1.9250000000 3.6647257121 0.1430662562 2.4765600846 0.0000000000
9.1502934871 1.9250000000 3.6645572642 0.1365541999 2.4732814706 0.0000000000
9.1503051694 1.9250000000 3.6643893025 0.1300420534 2.4700047653 0.0000000000
9.1503168301 1.9250000000 3.6642183349 0.1235304030 2.4667162346 0.0000000000
9.1503284769 1.9250000000 3.6640430085 0.1170194784 2.4634105592 0.0000000000
9.1503401081 1.9250000000 3.6638662293 0.1105087993 2.4600991706 0.0000000000
9.1503517212 1.9250000000 3.6636914071 0.1039978017 2.4567954828 0.0000000000
9.1503633136 1.9250000000 3.6635215558 0.0974859867 2.4535113518 0.0000000000
9.1503748841 1.9250000000 3.6633556132 0.0909735274 2.4502425976 0.0000000000
9.1503864323 1.9250000000 3.6631901178 0.0844609924 2.4469756018 0.0000000000
9.1503979577 1.9250000000 3.6630216050 0.0779489506 2.4436967342 0.0000000000
9.1504094754 1.9250000000 3.6628490558 0.0714375694 2.4404019849 0.0000000000
9.1504210271 1.9250000000 3.6626757762 0.0649263053 2.4371043606 0.0000000000
9.1504326573 1.9250000000 3.6625055146 0.0584145421 2.4338186091 0.0000000000
9.1504443938 1.9250000000 3.6623405790 0.0519019027 2.4305538108 0.0000000000
9.1504561897 1.9250000000 3.6621769155 0.0453890652 2.4272940217 0.0000000000
9.1504679781 1.9250000000 3.6620087148 0.0388769987 2.4240163924 0.0000000000
9.1504796972 1.9250000000 3.6618309960 0.0323665339 2.4207013314 0.0000000000
9.1504913292 1.9250000000 3.6616453740 0.0258573965 2.4173551884 0.0000000000
9.1505028773 1.9250000000 3.6614566157 0.0193487842 2.4139967102 0.0000000000
9.1505143479 1.9250000000 3.6612692661 0.0128399325 2.4106437712 0.0000000000
9.1505257912 1.9250000000 3.6610841554 0.0063307050 2.4072996376 0.0000000000
9.1505372926 1.9250000000 3.6608992014 -0.0001785423 2.4039561224 0.0000000000
9.1505489269 1.9250000000 3.6607124648 -0.0066874785 2.4006056018 0.0000000000
9.1505606200 1.9250000000 3.6605249782 -0.0131962862 2.3972521321 0.0000000000
9.1505721912 1.9250000000 3.6603398982 -0.0197055159 2.3939081204 0.0000000000
9.1505834786 1.9250000000 3.6601600532 -0.0262156604 2.3905846825 0.0000000000
9.1505945649 1.9250000000 3.6599839778 -0.0327264636 2.3872760595 0.0000000000
9.1506056886 1.9250000000 3.6598074652 -0.0392371912 2.3839657183 0.0000000000
9.1506170777 1.9250000000 3.6596265240 -0.0457471466 2.3806379710 0.0000000000
9.1506287369 1.9250000000 3.6594415841 -0.0522564045 2.3772945083 0.0000000000
9.1506404835 1.9250000000 3.6592567783 -0.0587656861 2.3739515727 0.0000000000
9.1506521465 1.9250000000 3.6590758499 -0.0652756440 2.3706238757 0.0000000000
9.1506636837 1.9250000000 3.6588988042 -0.0717862757 2.3673114402 0.0000000000
9.1506751108 1.9250000000 3.6587239666 -0.0782972847 2.3640076862 0.0000000000
9.1506864515 1.9250000000 3.6585498330 -0.0848084078 2.3607067026 0.0000000000
9.1506977493 1.9250000000 3.6583753595 -0.0913194719 2.3574043832 0.0000000000
9.1507090502 1.9250000000 3.6581995977 -0.0978303221 2.3540969956 0.0000000000
9.1507203724 1.9250000000 3.6580228420 -0.1043410075 2.3507856988 0.0000000000
9.1507316913 1.9250000000 3.6578472675 -0.1108518861 2.3474790494 0.0000000000
9.1507429808 1.9250000000 3.6576749578 -0.1173633013 2.3441852446 0.0000000000
9.1507542332 1.9250000000 3.6575051519 -0.1238751350 2.3409012875 0.0000000000
9.1507654532 1.9250000000 3.6573352703 -0.1303869741 2.3376170252 0.0000000000
9.1507766301 1.9250000000 3.6571626555 -0.1368983762 2.3343220055 0.0000000000
9.1507877058 1.9250000000 3.6569845014 -0.1434088235 2.3310052099 0.0000000000
9.1507986203 1.9250000000 3.6567981850 -0.1499178221 2.3276563450 0.0000000000
9.1508094479 1.9250000000 3.6566051507 -0.1564256193 2.3242810890 0.0000000000
9.1508203838 1.9250000000 3.6564105022 -0.1629331288 2.3208994911 0.0000000000
9.1508315751 1.9250000000 3.6562182716 -0.1694410726 2.3175273912 0.0000000000
9.1508429584 1.9250000000 3.6560276462 -0.1759493045 2.3141615969 0.0000000000
9.1508544177 1.9250000000 3.6558367089 -0.1824574801 2.3107945776 0.0000000000
9.1508658425 1.9250000000 3.6556453349 -0.1889655773 2.3074258427 0.0000000000
9.1508771277 1.9250000000 3.6554548051 -0.1954738269 2.3040604236 0.0000000000
9.1508882215 1.9250000000 3.6552663693 -0.2019824568 2.3007032284 0.0000000000
9.1508991794 1.9250000000 3.6550811388 -0.2084916758 2.2973586189 0.0000000000
9.1509100685 1.9250000000 3.6548992373 -0.2150015104 2.2940270787 0.0000000000
9.1509209471 1.9250000000 3.6547142573 -0.2215107747 2.2906834530 0.0000000000
9.1509318689 1.9250000000 3.6545174078 -0.2280178396 2.2872932291 0.0000000000
9.1509428413 1.9250000000 3.6543111713 -0.2345231530 2.2838661577 0.0000000000
9.1509538136 1.9250000000 3.6541122998 -0.2410297908 2.2804680165 0.0000000000
9.1509647470 1.9250000000 3.6539320634 -0.2475398240 2.2771430579 0.0000000000
9.1509756512 1.9250000000 3.6537623223 -0.2540517620 2.2738593181 0.0000000000
9.1509865413 1.9250000000 3.6535919328 -0.2605635695 2.2705730372 0.0000000000
9.1509974058 1.9250000000 3.6534145248 -0.2670741319 2.2672591804 0.0000000000
9.1510082225 1.9250000000 3.6532264891 -0.2735828517 2.2639035494 0.0000000000
9.1510189836 1.9250000000 3.6530344008 -0.2800908580 2.2605319940 0.0000000000
9.1510296931 1.9250000000 3.6528525707 -0.2866005915 2.2572007799 0.0000000000
9.1510403968 1.9250000000 3.6526848922 -0.2931127506 2.2539252025 0.0000000000
9.1510512050 1.9250000000 3.6525184893 -0.2996252274 2.2506546003 0.0000000000
9.1510621604 1.9250000000 3.6523408669 -0.3061358635 2.2473398561 0.0000000000
9.1510731034 1.9250000000 3.6521446432 -0.3126430411 2.2439520900 0.0000000000
9.1510839136 1.9250000000 3.6519287201 -0.3191463473 2.2404870754 0.0000000000
9.1510947434 1.9250000000 3.6517120382 -0.3256494895 2.2370190909 0.0000000000
9.1511057456 1.9250000000 3.6515128484 -0.3321560762 2.2336196971 0.0000000000
9.1511167753 1.9250000000 3.6513240639 -0.3386647101 2.2302611054 0.0000000000
9.1511276516 1.9250000000 3.6511332964 -0.3451729472 2.2268947407 0.0000000000
9.1511384559 1.9250000000 3.6509393023 -0.3516805496 2.2235157231 0.0000000000
9.1511493260 1.9250000000 3.6507439979 -0.3581879070 2.2201315628 0.0000000000
9.1511602625 1.9250000000 3.6505475733 -0.3646950779 2.2167429960 0.0000000000
9.1511712241 1.9250000000 3.6503510405 -0.3712022529 2.2133539947 0.0000000000
9.1511821886 1.9250000000 3.6501627470 -0.3777108951 2.2099973637 0.0000000000
9.1511931517 1.9250000000 3.6499876464 -0.3842218649 2.2066925737 0.0000000000
9.1512041502 1.9250000000 3.6498101961 -0.3907324184 2.2033785511 0.0000000000
9.1512152088 1.9250000000 3.6496196000 -0.3972406557 2.2000128714 0.0000000000
9.1512262995 1.9250000000 3.6494278858 -0.4037487129 2.1966427918 0.0000000000
9.1512373992 1.9250000000 3.6492401211 -0.4102574709 2.1932882299 0.0000000000
9.1512485024 1.9250000000 3.6490476236 -0.4167653493 2.1899150886 0.0000000000
9.1512596044 1.9250000000 3.6488503333 -0.4232723509 2.1865231265 0.0000000000
9.1512706996 1.9250000000 3.6486553219 -0.4297797817 2.1831401089 0.0000000000
9.1512817819 1.9250000000 3.6484652079 -0.4362881110 2.1797763209 0.0000000000
9.1512928453 1.9250000000 3.6482788165 -0.4427971150 2.1764271537 0.0000000000
9.1513038844 1.9250000000 3.6480889969 -0.4493055026 2.1730645205 0.0000000000
9.1513148800 1.9250000000 3.6478965215 -0.4558134052 2.1696914577 0.0000000000
9.1513257979 1.9250000000 3.6477135033 -0.4623229890 2.1663555514 0.0000000000
9.1513366614 1.9250000000 3.6475372377 -0.4688337713 2.1630461760 0.0000000000
9.1513475183 1.9250000000 3.6473589588 -0.4753441871 2.1597288942 0.0000000000
9.1513583707 1.9250000000 3.6471845234 -0.4818552939 2.1564267099 0.0000000000
9.1513692203 1.9250000000 3.6470118718 -0.4883667068 2.1531315382 0.0000000000
9.1513800896 1.9250000000 3.6468186889 -0.4948743744 2.1497557396 0.0000000000
9.1513909546 1.9250000000 3.6466129438 -0.5013797853 2.1463305948 0.0000000000
9.1514017752 1.9250000000 3.6464190455 -0.5078874188 2.1429519484 0.0000000000
9.1514125955 1.9250000000 3.6462285262 -0.5143956828 2.1395865656 0.0000000000
9.1514234455 1.9250000000 3.6460334900 -0.5209031060 2.1362034516 0.0000000000
9.1514343071 1.9250000000 3.6458381807 -0.5274104775 2.1328192655 0.0000000000
9.1514451906 1.9250000000 3.6456401945 -0.5339173455 2.1294245736 0.0000000000
9.1514561031 1.9250000000 3.6454403540 -0.5404238633 2.1260226047 0.0000000000
9.1514670155 1.9250000000 3.6452526012 -0.5469326366 2.1226680840 0.0000000000
9.1514779758 1.9250000000 3.6450633841 -0.5534411023 2.1193078295 0.0000000000
9.1514890443 1.9250000000 3.6448546256 -0.5599458694 2.1158708885 0.0000000000
9.1515001466 1.9250000000 3.6446554383 -0.5664524783 2.1124714956 0.0000000000
9.1515112736 1.9250000000 3.6444645688 -0.5729606856 2.1091047348 0.0000000000
9.1515224754 1.9250000000 3.6442649420 -0.5794672356 2.1057036077 0.0000000000
9.1515337825 1.9250000000 3.6440662141 -0.5859739529 2.1023060090 0.0000000000
9.1515451436 1.9250000000 3.6438694015 -0.5924810431 2.0989159226 0.0000000000
9.1515565291 1.9250000000 3.6436754076 -0.5989886521 2.0955369036 0.0000000000
9.1515679910 1.9250000000 3.6434918967 -0.6054981592 2.0921990569 0.0000000000
9.1515795298 1.9250000000 3.6433131962 -0.6120085146 2.0888801126 0.0000000000
9.1515911522 1.9250000000 3.6431315846 -0.6185183520 2.0855497313 0.0000000000
9.1516028626 1.9250000000 3.6429408797 -0.6250265737 2.0821836234 0.0000000000
9.1516146298 1.9250000000 3.6427437538 -0.6315336075 2.0787923059 0.0000000000
9.1516264071 1.9250000000 3.6425655548 -0.6380439983 2.0754753538 0.0000000000
9.1516382627 1.9250000000 3.6423949648 -0.6445557292 2.0721883012 0.0000000000
9.1516502271 1.9250000000 3.6422201821 -0.6510667353 2.0688847682 0.0000000000
9.1516622881 1.9250000000 3.6420381614 -0.6575764936 2.0655527821 0.0000000000
9.1516744702 1.9250000000 3.6418436802 -0.6640840105 2.0621718505 0.0000000000
9.1516867629 1.9250000000 3.6416457119 -0.6705908638 2.0587772358 0.0000000000
9.1516991395 1.9250000000 3.6414437675 -0.6770969536 2.0553670224 0.0000000000
9.1517115347 1.9250000000 3.6412483155 -0.6836042773 2.0519822849 0.0000000000
9.1517240757 1.9250000000 3.6410516524 -0.6901113760 2.0485927931 0.0000000000
9.1517367970 1.9250000000 3.6408485866 -0.6966172454 2.0451781821 0.0000000000
9.1517496075 1.9250000000 3.6406526758 -0.7031244845 2.0417916431 0.0000000000
9.1517625675 1.9250000000 3.6404492070 -0.7096302394 2.0383754659 0.0000000000
9.1517757102 1.9250000000 3.6402418733 -0.7161352836 2.0349441134 0.0000000000
9.1517889792 1.9250000000 3.6400528684 -0.7226437674 2.0315847006 0.0000000000
9.1518024014 1.9250000000 3.6398690778 -0.7291532097 2.0282457611 0.0000000000
9.1518160467 1.9250000000 3.6396735144 -0.7356605110 2.0248605870 0.0000000000
9.1518299372 1.9250000000 3.6394576716 -0.7421637820 2.0213959076 0.0000000000
9.1518437815 1.9250000000 3.6392538633 -0.7486694792 2.0179783952 0.0000000000
9.1518578125 1.9250000000 3.6390626325 -0.7551775674 2.0146102371 0.0000000000
9.1518719762 1.9250000000 3.6388591969 -0.7616833511 2.0111941811 0.0000000000
9.1518862463 1.9250000000 3.6386602995 -0.7681899768 2.0077959409 0.0000000000
9.1519006220 1.9250000000 3.6384741439 -0.7746989940 2.0044477119 0.0000000000
9.1519152187 1.9250000000 3.6382863389 -0.7812076980 2.0010930102 0.0000000000
9.1519300633 1.9250000000 3.6381010181 -0.7877168455 1.9977480680 0.0000000000
9.1519451735 1.9250000000 3.6379189901 -0.7942265734 1.9944160648 0.0000000000
9.1519607722 1.9250000000 3.6377308796 -0.8007351903 1.9910601762 0.0000000000
9.1519768415 1.9250000000 3.6375391570 -0.8072431627 1.9876900969 0.0000000000
9.1519934412 1.9250000000 3.6373555113 -0.8137525502 1.9843517591 0.0000000000
9.1520110716 1.9250000000 3.6371829824 -0.8202638576 1.9810571206 0.0000000000
9.1520300218 1.9250000000 3.6370153912 -0.8267759811 1.9777819064 0.0000000000
9.1520513360 1.9250000000 3.6368104490 -0.8332812852 1.9743600157 0.0000000000
9.1520758967 1.9250000000 3.6366096224 -0.8397873639 1.9709542778 0.0000000000
9.1521066923 1.9250000000 3.6364095875 -0.8462934329 1.9675517106 0.0000000000
9.1521603515 1.9250000000 3.6362200000 -0.8528000000 1.9641907338 0.0000000000
