# logAge Mass logTe Mbol logg C/O
1.6506060708 0.1400000000 3.5227600000 4.1976250000 2.3922180357 0.0000000000
1.6909233937 0.1400000000 3.5227833617 4.1977236811 2.3923509549 0.0000000000
1.7312405785 0.1400000000 3.5227976925 4.1978964285 2.3924773771 0.0000000000
1.7715576330 0.1400000000 3.5228043186 4.1981385643 2.3926007356 0.0000000000
1.8118745648 0.1400000000 3.5228045659 4.1984454105 2.3927244636 0.0000000000
1.8521913817 0.1400000000 3.5227997607 4.1988122893 2.3928519942 0.0000000000
1.8925080913 0.1400000000 3.5227912290 4.1992345228 2.3929867610 0.0000000000
1.9328247013 0.1400000000 3.5227802970 4.1997074330 2.3931321969 0.0000000000
1.9731412194 0.1400000000 3.5227682907 4.2002263420 2.3932917354 0.0000000000
2.0134576534 0.1400000000 3.5227565363 4.2007865719 2.3934688097 0.0000000000
2.0537740108 0.1400000000 3.5227463599 4.2013834447 2.3936668531 0.0000000000
2.0940902995 0.1400000000 3.5227390875 4.2020122827 2.3938892988 0.0000000000
2.1344065270 0.1400000000 3.5227360453 4.2026684078 2.3941395800 0.0000000000
2.1747227011 0.1400000000 3.5227385594 4.2033471421 2.3944211300 0.0000000000
2.2150388005 0.1400000000 3.5227467788 4.2040525055 2.3947361532 0.0000000000
2.2553545865 0.1400000000 3.5227520806 4.2048534803 2.3950777502 0.0000000000
2.2956699210 0.1400000000 3.5227504548 4.2057872741 2.3954447644 0.0000000000
2.3359848370 0.1400000000 3.5227452702 4.2068384612 2.3958445009 0.0000000000
2.3762993721 0.1400000000 3.5227401136 4.2079900621 2.3962845150 0.0000000000
2.4166135280 0.1400000000 3.5227377406 4.2092308031 2.3967713191 0.0000000000
2.4569271471 0.1400000000 3.5227372773 4.2105743238 2.3973068745 0.0000000000
2.4972400284 0.1400000000 3.5227368601 4.2120410609 2.3978919004 0.0000000000
2.5375519711 0.1400000000 3.5227346249 4.2136514515 2.3985271160 0.0000000000
2.5778627745 0.1400000000 3.5227287163 4.2154258929 2.3992132580 0.0000000000
2.6181723533 0.1400000000 3.5227202721 4.2173705077 2.3999573272 0.0000000000
2.6584807504 0.1400000000 3.5227156431 4.2194707076 2.4007788913 0.0000000000
2.6987873441 0.1400000000 3.5227123787 4.2217725351 2.4016865643 0.0000000000
2.7390913612 0.1400000000 3.5227056216 4.2243360334 2.4026849355 0.0000000000
2.7793928598 0.1400000000 3.5226973620 4.2271407261 2.4037737740 0.0000000000
2.8196919630 0.1400000000 3.5226922050 4.2301539207 2.4049584239 0.0000000000
2.8599878441 0.1400000000 3.5226900393 4.2334260281 2.4062586041 0.0000000000
2.9002795544 0.1400000000 3.5226894867 4.2370113338 2.4076905158 0.0000000000
2.9405659382 0.1400000000 3.5226850897 4.2409504632 2.4092485798 0.0000000000
2.9808458569 0.1400000000 3.5226709955 4.2452762851 2.4109225319 0.0000000000
3.0211195728 0.1400000000 3.5226560566 4.2499529218 2.4127334310 0.0000000000
3.0613854110 0.1400000000 3.5226491734 4.2550311640 2.4147371947 0.0000000000
3.1016400428 0.1400000000 3.5226408039 4.2606399182 2.4169472187 0.0000000000
3.1418858703 0.1400000000 3.5226250785 4.2666330777 2.4192815806 0.0000000000
3.1821160858 0.1400000000 3.5226066500 4.2732414155 2.4218512018 0.0000000000
3.2223327631 0.1400000000 3.5225955665 4.2803561179 2.4246527488 0.0000000000
3.2625335976 0.1400000000 3.5225857074 4.2880018498 2.4276716051 0.0000000000
3.3027108101 0.1400000000 3.5225679362 4.2963927053 2.4309568626 0.0000000000
3.3428639581 0.1400000000 3.5225514072 4.3054734675 2.4345230513 0.0000000000
3.3829905897 0.1400000000 3.5225357774 4.3152598694 2.4383750931 0.0000000000
3.4230851073 0.1400000000 3.5225133077 4.3258371137 2.4425161118 0.0000000000
3.4631422100 0.1400000000 3.5224876563 4.3372654556 2.4469848432 0.0000000000
3.5031585479 0.1400000000 3.5224630182 4.3495556975 2.4518023876 0.0000000000
3.5431283100 0.1400000000 3.5224383820 4.3627577037 2.4569846451 0.0000000000
3.5830425046 0.1400000000 3.5224140312 4.3769721259 2.4625730109 0.0000000000
3.6229003761 0.1400000000 3.5223827100 4.3921446006 2.4685167160 0.0000000000
3.6626884654 0.1400000000 3.5223477304 4.4084163335 2.4748854907 0.0000000000
3.7024041451 0.1400000000 3.5223197204 4.4257664149 2.4817134834 0.0000000000
3.7420416440 0.1400000000 3.5222932662 4.4441904588 2.4889772841 0.0000000000
3.7815882705 0.1400000000 3.5222585360 4.4638059998 2.4966845798 0.0000000000
3.8210504530 0.1400000000 3.5222364599 4.4845183445 2.5048812129 0.0000000000
3.8604190364 0.1400000000 3.5222284814 4.5063479281 2.5135811325 0.0000000000
3.8996807580 0.1400000000 3.5222307091 4.5293478174 2.5227899990 0.0000000000
3.9388223553 0.1400000000 3.5222392515 4.5535710793 2.5325134733 0.0000000000
3.9778305657 0.1400000000 3.5222502170 4.5790707804 2.5427572160 0.0000000000
4.0166942561 0.1400000000 3.5222619600 4.6058884615 2.5535312603 0.0000000000
4.0554089341 0.1400000000 3.5222712559 4.6340224402 2.5648220354 0.0000000000
4.0939726123 0.1400000000 3.5222751115 4.6634277939 2.5765995994 0.0000000000
4.1323859968 0.1400000000 3.5222990958 4.6940343428 2.5889381560 0.0000000000
4.1706295791 0.1400000000 3.5223157600 4.7259411733 2.6017675451 0.0000000000
4.2087086337 0.1400000000 3.5223365800 4.7590539673 2.6150959426 0.0000000000
4.2466247296 0.1400000000 3.5223619671 4.7933163742 2.6289024539 0.0000000000
4.2843651749 0.1400000000 3.5223906460 4.8287705716 2.6431988482 0.0000000000
4.3219337563 0.1400000000 3.5224250146 4.8653472777 2.6579670053 0.0000000000
4.3593344227 0.1400000000 3.5224569539 4.9029835100 2.6731492553 0.0000000000
4.3965662006 0.1400000000 3.5225069958 4.9416527085 2.6888171021 0.0000000000
4.4336259109 0.1400000000 3.5225458446 4.9813416683 2.7048480813 0.0000000000
4.4705196913 0.1400000000 3.5225984582 5.0219852105 2.7213159527 0.0000000000
4.5072471017 0.1400000000 3.5226624643 5.0635596587 2.7382017563 0.0000000000
4.5438162059 0.1400000000 3.5227152852 5.1059976448 2.7553882344 0.0000000000
4.5802284333 0.1400000000 3.5227819765 5.1492702677 2.7729640486 0.0000000000
4.6164867848 0.1400000000 3.5228487431 5.1933431998 2.7908602880 0.0000000000
4.6525974369 0.1400000000 3.5229163607 5.2381676819 2.8090605513 0.0000000000
4.6885660615 0.1400000000 3.5229859361 5.2837002984 2.8275518993 0.0000000000
4.7243980545 0.1400000000 3.5230538422 5.3299013594 2.8463039481 0.0000000000
4.7600988096 0.1400000000 3.5231343137 5.3767330068 2.8653584933 0.0000000000
4.7956732555 0.1400000000 3.5232143880 5.4241616404 2.8846502440 0.0000000000
4.8311240329 0.1400000000 3.5232876369 5.4721655777 2.9041448146 0.0000000000
4.8664633410 0.1400000000 3.5233703239 5.5206803075 2.9238814544 0.0000000000
4.9016967749 0.1400000000 3.5234542296 5.5696740666 2.9438145806 0.0000000000
4.9368217793 0.1400000000 3.5235433544 5.6191520240 2.9639622627 0.0000000000
4.9718581594 0.1400000000 3.5236401994 5.6690211704 2.9842973015 0.0000000000
5.0068279307 0.1400000000 3.5237448217 5.7191814706 3.0047799105 0.0000000000
5.0416572079 0.1400000000 3.5238276098 5.7699485708 3.0254179031 0.0000000000
5.0762764874 0.1400000000 3.5238288489 5.8216061740 3.0460859010 0.0000000000
5.1106892774 0.1400000000 3.5237561368 5.8741186389 3.0668000383 0.0000000000
5.1449119741 0.1400000000 3.5236200921 5.9274011366 3.0875688586 0.0000000000
5.1789441531 0.1400000000 3.5234003114 5.9814394044 3.1083050429 0.0000000000
5.2127906833 0.1400000000 3.5231026893 6.0361992053 3.1290184748 0.0000000000
5.2464687108 0.1400000000 3.5227286750 6.0916017166 3.1496834222 0.0000000000
5.2799986529 0.1400000000 3.5222870491 6.1475599388 3.1703002077 0.0000000000
5.3134817559 0.1400000000 3.5217736420 6.2036895011 3.1906984043 0.0000000000
5.3470880398 0.1400000000 3.5212070085 6.2593531540 3.2106973312 0.0000000000
5.3809244076 0.1400000000 3.5205944920 6.3141351200 3.2301600517 0.0000000000
5.4152494576 0.1400000000 3.5199487429 6.3669767287 3.2487136986 0.0000000000
5.4503988165 0.1400000000 3.5193277089 6.4163041392 3.2659605270 0.0000000000
5.4865497611 0.1400000000 3.5187382555 6.4608721558 3.2814299201 0.0000000000
5.5237923897 0.1400000000 3.5181867161 6.4994134199 3.2946402680 0.0000000000
5.5621193684 0.1400000000 3.5177232501 6.5306289465 3.3052726147 0.0000000000
5.6012765112 0.1400000000 3.5173618184 6.5545088049 3.3133788311 0.0000000000
5.6409829336 0.1400000000 3.5170928266 6.5719453719 3.3192774907 0.0000000000
5.6809472466 0.1400000000 3.5168719585 6.5851883767 3.3236912206 0.0000000000
5.7210599266 0.1400000000 3.5167089206 6.5953229056 3.3270928804 0.0000000000
5.7612176692 0.1400000000 3.5165749392 6.6042516232 3.3301284416 0.0000000000
5.8014068916 0.1400000000 3.5164417511 6.6122733874 3.3328043952 0.0000000000
5.8415557119 0.1400000000 3.5162983408 6.6214591258 3.3359050493 0.0000000000
5.8816993041 0.1400000000 3.5161472724 6.6307928418 3.3390342620 0.0000000000
5.9217629266 0.1400000000 3.5159652048 6.6420775703 3.3428198830 0.0000000000
5.9617490940 0.1400000000 3.5157451260 6.6549204499 3.3470767198 0.0000000000
6.0015566571 0.1400000000 3.5154586649 6.6709007540 3.3523229970 0.0000000000
6.0411756406 0.1400000000 3.5151304085 6.6895527059 3.3584707522 0.0000000000
6.0804170545 0.1400000000 3.5147083743 6.7126413325 3.3660180658 0.0000000000
6.1190799301 0.1400000000 3.5141849442 6.7412173980 3.3753547717 0.0000000000
6.1567259826 0.1400000000 3.5135029323 6.7771908670 3.3870161116 0.0000000000
6.1925850910 0.1400000000 3.5126053767 6.8231556461 3.4018118010 0.0000000000
6.2255108587 0.1400000000 3.5114324977 6.8811227766 3.4203071370 0.0000000000
6.2541995867 0.1400000000 3.5099446662 6.9517175104 3.4425937048 0.0000000000
6.2781327117 0.1400000000 3.5081667376 7.0326194600 3.4678427700 0.0000000000
6.2981910385 0.1400000000 3.5062012848 7.1198812526 3.4948856759 0.0000000000
6.3160268129 0.1400000000 3.5040873227 7.2101146625 3.5225231916 0.0000000000
6.3334647515 0.1400000000 3.5019261507 7.3008303399 3.5501647746 0.0000000000
6.3516587363 0.1400000000 3.4997861480 7.3906141461 3.5775182861 0.0000000000
6.3708481003 0.1400000000 3.4976751011 7.4790971468 3.6044672989 0.0000000000
6.3910418375 0.1400000000 3.4955916795 7.5661757863 3.6309650680 0.0000000000
6.4122415673 0.1400000000 3.4935750967 7.6517572724 3.6571313313 0.0000000000
6.4343738652 0.1400000000 3.4916168265 7.7358587006 3.6829388219 0.0000000000
6.4573883388 0.1400000000 3.4897019633 7.8184739829 3.7083254821 0.0000000000
6.4812655296 0.1400000000 3.4878537866 7.8995549863 3.7333651765 0.0000000000
6.5060057012 0.1400000000 3.4861102076 7.9790161813 3.7581753387 0.0000000000
6.5316345703 0.1400000000 3.4844798800 8.0567119195 3.7827323233 0.0000000000
6.5581420546 0.1400000000 3.4830116064 8.1325636726 3.8071999303 0.0000000000
6.5855169315 0.1400000000 3.4817193057 8.2064853351 3.8315993926 0.0000000000
6.6137476432 0.1400000000 3.4806224137 8.2783871551 3.8559725524 0.0000000000
6.6428229068 0.1400000000 3.4797510249 8.3481737759 3.8804016456 0.0000000000
6.6727466475 0.1400000000 3.4791400463 8.4156986514 3.9049676815 0.0000000000
6.7035153942 0.1400000000 3.4788148953 8.4808192979 3.9297153360 0.0000000000
6.7351178569 0.1400000000 3.4788180391 8.5434001590 3.9547602558 0.0000000000
6.7675408033 0.1400000000 3.4791766622 8.6032932754 3.9801519948 0.0000000000
6.8006379562 0.1400000000 3.4798463614 8.6608213460 4.0058420198 0.0000000000
6.8339917627 0.1400000000 3.4806227970 8.7174113028 4.0315837450 0.0000000000
6.8673845308 0.1400000000 3.4813859373 8.7738585602 4.0572152090 0.0000000000
6.9008074764 0.1400000000 3.4821364598 8.8301951672 4.0827519416 0.0000000000
6.9342578930 0.1400000000 3.4828794294 8.8864303936 4.1082179108 0.0000000000
6.9677270702 0.1400000000 3.4836038764 8.9425973255 4.1335824717 0.0000000000
7.0012122265 0.1400000000 3.4843199774 8.9987053772 4.1588900963 0.0000000000
7.0347091828 0.1400000000 3.4850144700 9.0547710930 4.1840943529 0.0000000000
7.0682129371 0.1400000000 3.4856950455 9.1108124609 4.2092332021 0.0000000000
7.1017238921 0.1400000000 3.4863507514 9.1668287917 4.2342625579 0.0000000000
7.1352345239 0.1400000000 3.4869952760 9.2228471473 4.2592479986 0.0000000000
7.1687465833 0.1400000000 3.4876135342 9.2788620083 4.2841269759 0.0000000000
7.2022589235 0.1400000000 3.4882138830 9.3348770187 4.3089343753 0.0000000000
7.2357642641 0.1400000000 3.4887964480 9.3909193684 4.3336815751 0.0000000000
7.2692542535 0.1400000000 3.4893459341 9.4470211373 4.3583202268 0.0000000000
7.3027421440 0.1400000000 3.4898875952 9.5031312005 4.3829308965 0.0000000000
7.3362323251 0.1400000000 3.4904009827 9.5592343894 4.4074257223 0.0000000000
7.3697226313 0.1400000000 3.4909046646 9.6153376709 4.4318817624 0.0000000000
7.4032038403 0.1400000000 3.4913859196 9.6714761077 4.4562621573 0.0000000000
7.4366889886 0.1400000000 3.4918490593 9.7276007988 4.4805645922 0.0000000000
7.4702055238 0.1400000000 3.4923239486 9.7836075782 4.5048668614 0.0000000000
7.5037631046 0.1400000000 3.4928021723 9.8394604521 4.5291209056 0.0000000000
7.5373121087 0.1400000000 3.4932617657 9.8953464702 4.5533136864 0.0000000000
7.5708537843 0.1400000000 3.4937050756 9.9512608030 4.5774526594 0.0000000000
7.6043790436 0.1400000000 3.4941199843 10.0072379993 4.6015031726 0.0000000000
7.6378918278 0.1400000000 3.4945187041 10.0632625961 4.6255078906 0.0000000000
7.6713918356 0.1400000000 3.4948997926 10.1193357004 4.6494614864 0.0000000000
7.7048623583 0.1400000000 3.4952414902 10.1755203194 4.6733021242 0.0000000000
7.7383254669 0.1400000000 3.4955675338 10.2317331158 4.6970914173 0.0000000000
7.7717695864 0.1400000000 3.4958568651 10.2880177761 4.7207626063 0.0000000000
7.8051990357 0.1400000000 3.4961155674 10.3443577847 4.7443334193 0.0000000000
7.8386193231 0.1400000000 3.4963449779 10.4007325497 4.7678009671 0.0000000000
7.8720339971 0.1400000000 3.4965373747 10.4571289926 4.7911291313 0.0000000000
7.9054495136 0.1400000000 3.4966993318 10.5135228984 4.8143345223 0.0000000000
7.9388763309 0.1400000000 3.4968196762 10.5698755673 4.8373569672 0.0000000000
7.9723300915 0.1400000000 3.4969033620 10.6261286014 4.8601929243 0.0000000000
8.0058277756 0.1400000000 3.4969514385 10.6822183162 4.8828211162 0.0000000000
8.0393966378 0.1400000000 3.4969546181 10.7380414968 4.9051631067 0.0000000000
8.0730537184 0.1400000000 3.4969206027 10.7935315312 4.9272230589 0.0000000000
8.1068612428 0.1400000000 3.4968443333 10.8484466059 4.9488840114 0.0000000000
8.1408486965 0.1400000000 3.4967266804 10.9026622241 4.9700996471 0.0000000000
8.1750887766 0.1400000000 3.4965679034 10.9558741097 4.9907492931 0.0000000000
8.2096685088 0.1400000000 3.4963934145 11.0076930515 5.0107789141 0.0000000000
8.2446470796 0.1400000000 3.4961863757 11.0578098102 5.0299974625 0.0000000000
8.2801083889 0.1400000000 3.4959439144 11.1057569985 5.0482064925 0.0000000000
8.3161291577 0.1400000000 3.4956940691 11.1510190473 5.0653119311 0.0000000000
8.3527824806 0.1400000000 3.4954184600 11.1929836465 5.0809953345 0.0000000000
8.3901303690 0.1400000000 3.4951588781 11.2309248021 5.0951334690 0.0000000000
8.4281605052 0.1400000000 3.4949039556 11.2643622225 5.1074887473 0.0000000000
8.4668267289 0.1400000000 3.4946769127 11.2928802859 5.1179878009 0.0000000000
8.5060300728 0.1400000000 3.4944719223 11.3163753278 5.1265658560 0.0000000000
8.5456496678 0.1400000000 3.4943084323 11.3350148987 5.1333677245 0.0000000000
8.5855597823 0.1400000000 3.4941769358 11.3492736577 5.1385452420 0.0000000000
8.6256584940 0.1400000000 3.4940799084 11.3597304172 5.1423398363 0.0000000000
8.6658657358 0.1400000000 3.4940060637 11.3671494351 5.1450120645 0.0000000000
8.7061326705 0.1400000000 3.4939660988 11.3721645833 5.1468582643 0.0000000000
8.7464283715 0.1400000000 3.4939324165 11.3754401168 5.1480337484 0.0000000000
8.7867370155 0.1400000000 3.4939200000 11.3775000000 5.1488080357 0.0000000000
8.9847229038 0.1400000000 3.4939200000 11.3799000000 5.1497680357 0.0000000000
8.9905401695 0.1400000000 3.4939194933 11.3799016390 5.1497666643 0.0000000000
8.9963574345 0.1400000000 3.4939192341 11.3799012960 5.1497654905 0.0000000000
9.0021746987 0.1400000000 3.4939192058 11.3798990811 5.1497644912 0.0000000000
9.0079919622 0.1400000000 3.4939193914 11.3798951045 5.1497636430 0.0000000000
9.0138092251 0.1400000000 3.4939197742 11.3798894763 5.1497629228 0.0000000000
9.0196264873 0.1400000000 3.4939203372 11.3798823068 5.1497623073 0.0000000000
9.0254437490 0.1400000000 3.4939210638 11.3798737060 5.1497617734 0.0000000000
9.0312610103 0.1400000000 3.4939219371 11.3798637842 5.1497612977 0.0000000000
9.0370782710 0.1400000000 3.4939229402 11.3798526515 5.1497608571 0.0000000000
9.0428955313 0.1400000000 3.4939240563 11.3798404180 5.1497604283 0.0000000000
9.0487127913 0.1400000000 3.4939252687 11.3798271940 5.1497599881 0.0000000000
9.0545300509 0.1400000000 3.4939265604 11.3798130896 5.1497595132 0.0000000000
9.0603473102 0.1400000000 3.4939279147 11.3797982149 5.1497589806 0.0000000000
9.0661645694 0.1400000000 3.4939293148 11.3797826801 5.1497583668 0.0000000000
9.0719818283 0.1400000000 3.4939307437 11.3797665954 5.1497576488 0.0000000000
9.0777990870 0.1400000000 3.4939321848 11.3797500709 5.1497568032 0.0000000000
9.0836163457 0.1400000000 3.4939336211 11.3797332169 5.1497558069 0.0000000000
9.0894336043 0.1400000000 3.4939350359 11.3797161434 5.1497546366 0.0000000000
9.0952508629 0.1400000000 3.4939364123 11.3796989607 5.1497532692 0.0000000000
9.1010681216 0.1400000000 3.4939377335 11.3796817788 5.1497516812 0.0000000000
9.1068853803 0.1400000000 3.4939389827 11.3796647080 5.1497498497 0.0000000000
9.1127026391 0.1400000000 3.4939401431 11.3796478583 5.1497477513 0.0000000000
9.1185198981 0.1400000000 3.4939412172 11.3796312842 5.1497454180 0.0000000000
9.1243371572 0.1400000000 3.4939422604 11.3796148875 5.1497430322 0.0000000000
9.1301544163 0.1400000000 3.4939433372 11.3795985443 5.1497408020 0.0000000000
9.1359716753 0.1400000000 3.4939445118 11.3795821307 5.1497389353 0.0000000000
9.1417889341 0.1400000000 3.4939458489 11.3795655228 5.1497376402 0.0000000000
9.1476061927 0.1400000000 3.4939474126 11.3795485965 5.1497371247 0.0000000000
9.1534234510 0.1400000000 3.4939492675 11.3795312280 5.1497375969 0.0000000000
9.1592407089 0.1400000000 3.4939514705 11.3795133003 5.1497392378 0.0000000000
9.1650579664 0.1400000000 3.4939539868 11.3794947848 5.1497418968 0.0000000000
9.1708752236 0.1400000000 3.4939567194 11.3794757120 5.1497451982 0.0000000000
9.1766924805 0.1400000000 3.4939595702 11.3794561141 5.1497487622 0.0000000000
9.1825097370 0.1400000000 3.4939624410 11.3794360227 5.1497522089 0.0000000000
9.1883269934 0.1400000000 3.4939652337 11.3794154699 5.1497551586 0.0000000000
9.1941442496 0.1400000000 3.4939678502 11.3793944875 5.1497572313 0.0000000000
9.1999615056 0.1400000000 3.4939701922 11.3793731073 5.1497580474 0.0000000000
9.2057787616 0.1400000000 3.4939721936 11.3793513551 5.1497573521 0.0000000000
9.2115960174 0.1400000000 3.4939738865 11.3793292369 5.1497552763 0.0000000000
9.2174132730 0.1400000000 3.4939753217 11.3793067554 5.1497520244 0.0000000000
9.2232305285 0.1400000000 3.4939765501 11.3792839129 5.1497478013 0.0000000000
9.2290477839 0.1400000000 3.4939776227 11.3792607120 5.1497428114 0.0000000000
9.2348650390 0.1400000000 3.4939785904 11.3792371553 5.1497372595 0.0000000000
9.2406822939 0.1400000000 3.4939795041 11.3792132451 5.1497313502 0.0000000000
9.2464995486 0.1400000000 3.4939804144 11.3791889834 5.1497252866 0.0000000000
9.2523168031 0.1400000000 3.4939813622 11.3791643557 5.1497192269 0.0000000000
9.2581340573 0.1400000000 3.4939823779 11.3791393287 5.1497132788 0.0000000000
9.2639513111 0.1400000000 3.4939834911 11.3791138682 5.1497075472 0.0000000000
9.2697685645 0.1400000000 3.4939847313 11.3790879399 5.1497021368 0.0000000000
9.2755858175 0.1400000000 3.4939861283 11.3790615096 5.1496971526 0.0000000000
9.2814030701 0.1400000000 3.4939877116 11.3790345430 5.1496926993 0.0000000000
9.2872203221 0.1400000000 3.4939895109 11.3790070059 5.1496888818 0.0000000000
9.2930375737 0.1400000000 3.4939915511 11.3789788761 5.1496857907 0.0000000000
9.2988548247 0.1400000000 3.4939938154 11.3789502371 5.1496833922 0.0000000000
9.3046720754 0.1400000000 3.4939962655 11.3789212268 5.1496815884 0.0000000000
9.3104893258 0.1400000000 3.4939988629 11.3788919836 5.1496802807 0.0000000000
9.3163065762 0.1400000000 3.4940015691 11.3788626461 5.1496793705 0.0000000000
9.3221238266 0.1400000000 3.4940043457 11.3788333524 5.1496787594 0.0000000000
9.3279410771 0.1400000000 3.4940071542 11.3788042412 5.1496783489 0.0000000000
9.3337583278 0.1400000000 3.4940099561 11.3787754508 5.1496780403 0.0000000000
9.3395755789 0.1400000000 3.4940127182 11.3787470665 5.1496777352 0.0000000000
9.3453928303 0.1400000000 3.4940154300 11.3787189508 5.1496773360 0.0000000000
9.3512100817 0.1400000000 3.4940180865 11.3786909077 5.1496767448 0.0000000000
9.3570273330 0.1400000000 3.4940206830 11.3786627413 5.1496758641 0.0000000000
9.3628445841 0.1400000000 3.4940232145 11.3786342557 5.1496745961 0.0000000000
9.3686618348 0.1400000000 3.4940256764 11.3786052550 5.1496728432 0.0000000000
9.3744790849 0.1400000000 3.4940280637 11.3785755432 5.1496705078 0.0000000000
9.3802963344 0.1400000000 3.4940303717 11.3785449245 5.1496674923 0.0000000000
9.3861135830 0.1400000000 3.4940326117 11.3785132601 5.1496637864 0.0000000000
9.3919308308 0.1400000000 3.4940348345 11.3784805517 5.1496595945 0.0000000000
9.3977480776 0.1400000000 3.4940370974 11.3784468224 5.1496551541 0.0000000000
9.4035653234 0.1400000000 3.4940394571 11.3784120955 5.1496507022 0.0000000000
9.4093825683 0.1400000000 3.4940419707 11.3783763940 5.1496464762 0.0000000000
9.4151998120 0.1400000000 3.4940446953 11.3783397410 5.1496427134 0.0000000000
9.4210170547 0.1400000000 3.4940476879 11.3783021598 5.1496396510 0.0000000000
9.4268342961 0.1400000000 3.4940510047 11.3782636738 5.1496375239 0.0000000000
9.4326515365 0.1400000000 3.4940546482 11.3782243360 5.1496363630 0.0000000000
9.4384687759 0.1400000000 3.4940585276 11.3781842507 5.1496358465 0.0000000000
9.4442860145 0.1400000000 3.4940625427 11.3781435272 5.1496356173 0.0000000000
9.4501032525 0.1400000000 3.4940665932 11.3781022748 5.1496353184 0.0000000000
9.4559204900 0.1400000000 3.4940705790 11.3780606027 5.1496345926 0.0000000000
9.4617377274 0.1400000000 3.4940743998 11.3780186204 5.1496330829 0.0000000000
9.4675549647 0.1400000000 3.4940779555 11.3779764371 5.1496304323 0.0000000000
9.4733722021 0.1400000000 3.4940811476 11.3779341598 5.1496262898 0.0000000000
9.4791894397 0.1400000000 3.4940839580 11.3778917919 5.1496205845 0.0000000000
9.4850066771 0.1400000000 3.4940864804 11.3778491924 5.1496136341 0.0000000000
9.4908239142 0.1400000000 3.4940888164 11.3778062100 5.1496057851 0.0000000000
9.4966411506 0.1400000000 3.4940910678 11.3777626930 5.1495973842 0.0000000000
9.5024583862 0.1400000000 3.4940933365 11.3777184901 5.1495887777 0.0000000000
9.5082756205 0.1400000000 3.4940957242 11.3776734497 5.1495803123 0.0000000000
9.5140928534 0.1400000000 3.4940983326 11.3776274204 5.1495723344 0.0000000000
9.5199100847 0.1400000000 3.4941012616 11.3775802549 5.1495651841 0.0000000000
9.5257273142 0.1400000000 3.4941045383 11.3775319564 5.1495589716 0.0000000000
9.5315445423 0.1400000000 3.4941080995 11.3774827158 5.1495535200 0.0000000000
9.5373617694 0.1400000000 3.4941118762 11.3774327357 5.1495486348 0.0000000000
9.5431789958 0.1400000000 3.4941157995 11.3773822187 5.1495441212 0.0000000000
9.5489962218 0.1400000000 3.4941198005 11.3773313674 5.1495397847 0.0000000000
9.5548134476 0.1400000000 3.4941238102 11.3772803846 5.1495354305 0.0000000000
9.5606306738 0.1400000000 3.4941277598 11.3772294728 5.1495308639 0.0000000000
9.5664479005 0.1400000000 3.4941315817 11.3771788277 5.1495258936 0.0000000000
9.5722651277 0.1400000000 3.4941352622 11.3771284044 5.1495204461 0.0000000000
9.5780823547 0.1400000000 3.4941388534 11.3770778603 5.1495145932 0.0000000000
9.5838995811 0.1400000000 3.4941424116 11.3770268345 5.1495084158 0.0000000000
9.5897168060 0.1400000000 3.4941459932 11.3769749661 5.1495019947 0.0000000000
9.5955340289 0.1400000000 3.4941496544 11.3769218941 5.1494954109 0.0000000000
9.6013512491 0.1400000000 3.4941534516 11.3768672576 5.1494887453 0.0000000000
9.6071684661 0.1400000000 3.4941574412 11.3768106956 5.1494820786 0.0000000000
9.6129856791 0.1400000000 3.4941616784 11.3767518543 5.1494754909 0.0000000000
9.6188028882 0.1400000000 3.4941661789 11.3766906807 5.1494690237 0.0000000000
9.6246200938 0.1400000000 3.4941709054 11.3766275239 5.1494626669 0.0000000000
9.6304372968 0.1400000000 3.4941758166 11.3765627616 5.1494564068 0.0000000000
9.6362544976 0.1400000000 3.4941808714 11.3764967712 5.1494502299 0.0000000000
9.6420716970 0.1400000000 3.4941860287 11.3764299302 5.1494441224 0.0000000000
9.6478888957 0.1400000000 3.4941912471 11.3763626160 5.1494380706 0.0000000000
9.6537060942 0.1400000000 3.4941964857 11.3762952062 5.1494320610 0.0000000000
9.6595232933 0.1400000000 3.4942017036 11.3762280739 5.1494260796 0.0000000000
9.6653404930 0.1400000000 3.4942068824 11.3761613216 5.1494200940 0.0000000000
9.6711576927 0.1400000000 3.4942120393 11.3760946251 5.1494140430 0.0000000000
9.6769748918 0.1400000000 3.4942171944 11.3760276229 5.1494078626 0.0000000000
9.6827920894 0.1400000000 3.4942223680 11.3759599536 5.1494014890 0.0000000000
9.6886092848 0.1400000000 3.4942275801 11.3758912555 5.1493948583 0.0000000000
9.6944264773 0.1400000000 3.4942328510 11.3758211673 5.1493879067 0.0000000000
9.7002436663 0.1400000000 3.4942382009 11.3757493272 5.1493805703 0.0000000000
9.7060608509 0.1400000000 3.4942436487 11.3756754051 5.1493727926 0.0000000000
9.7118780314 0.1400000000 3.4942491990 11.3755994309 5.1493646039 0.0000000000
9.7176952081 0.1400000000 3.4942548469 11.3755216669 5.1493560899 0.0000000000
9.7235123817 0.1400000000 3.4942605875 11.3754423792 5.1493473373 0.0000000000
9.7293295526 0.1400000000 3.4942664159 11.3753618337 5.1493384329 0.0000000000
9.7351467214 0.1400000000 3.4942723273 11.3752802964 5.1493294633 0.0000000000
9.7409638886 0.1400000000 3.4942783166 11.3751980335 5.1493205153 0.0000000000
9.7467810546 0.1400000000 3.4942843794 11.3751152694 5.1493116611 0.0000000000
9.7525982190 0.1400000000 3.4942905161 11.3750318315 5.1493028326 0.0000000000
9.7584153806 0.1400000000 3.4942967295 11.3749473259 5.1492938841 0.0000000000
9.7642325385 0.1400000000 3.4943030226 11.3748613559 5.1492846686 0.0000000000
9.7700496916 0.1400000000 3.4943093984 11.3747735253 5.1492750394 0.0000000000
9.7758668389 0.1400000000 3.4943158598 11.3746834375 5.1492648497 0.0000000000
9.7816839793 0.1400000000 3.4943224097 11.3745907043 5.1492539560 0.0000000000
9.7875011129 0.1400000000 3.4943290501 11.3744953282 5.1492423674 0.0000000000
9.7933182411 0.1400000000 3.4943357819 11.3743978665 5.1492303099 0.0000000000
9.7991353654 0.1400000000 3.4943426057 11.3742989190 5.1492180261 0.0000000000
9.8049524873 0.1400000000 3.4943495222 11.3741990852 5.1492057586 0.0000000000
9.8107696083 0.1400000000 3.4943565321 11.3740989647 5.1491937500 0.0000000000
9.8165867300 0.1400000000 3.4943636360 11.3739991300 5.1491822319 0.0000000000
9.8224038522 0.1400000000 3.4943708351 11.3738995564 5.1491711988 0.0000000000
9.8282209731 0.1400000000 3.4943781309 11.3737996375 5.1491604141 0.0000000000
9.8340380912 0.1400000000 3.4943855247 11.3736987430 5.1491496316 0.0000000000
9.8398552046 0.1400000000 3.4943930181 11.3735962427 5.1491386052 0.0000000000
9.8456723116 0.1400000000 3.4944006126 11.3734915061 5.1491270885 0.0000000000
9.8514894107 0.1400000000 3.4944083096 11.3733840041 5.1491148759 0.0000000000
9.8573065009 0.1400000000 3.4944161106 11.3732735259 5.1491018884 0.0000000000
9.8631235812 0.1400000000 3.4944240168 11.3731599231 5.1490880723 0.0000000000
9.8689406509 0.1400000000 3.4944320297 11.3730430476 5.1490733737 0.0000000000
9.8747577090 0.1400000000 3.4944401507 11.3729227511 5.1490577387 0.0000000000
9.8805747555 0.1400000000 3.4944483810 11.3727990932 5.1490411969 0.0000000000
9.8863917932 0.1400000000 3.4944567223 11.3726729209 5.1490240931 0.0000000000
9.8922088258 0.1400000000 3.4944651760 11.3725452674 5.1490068466 0.0000000000
9.8980258569 0.1400000000 3.4944737437 11.3724171657 5.1489898768 0.0000000000
9.9038428900 0.1400000000 3.4944824270 11.3722896403 5.1489735997 0.0000000000
9.9096599257 0.1400000000 3.4944912273 11.3721628991 5.1489581045 0.0000000000
9.9154769595 0.1400000000 3.4945001463 11.3720356819 5.1489428937 0.0000000000
9.9212939860 0.1400000000 3.4945091856 11.3719065748 5.1489274080 0.0000000000
9.9271109999 0.1400000000 3.4945183468 11.3717741644 5.1489110885 0.0000000000
9.9329279970 0.1400000000 3.4945276314 11.3716372674 5.1488934683 0.0000000000
9.9387449787 0.1400000000 3.4945370412 11.3714962941 5.1488747182 0.0000000000
9.9445619489 0.1400000000 3.4945465779 11.3713523280 5.1488552785 0.0000000000
9.9503789117 0.1400000000 3.4945562432 11.3712064550 5.1488355904 0.0000000000
9.9561958707 0.1400000000 3.4945660388 11.3710596723 5.1488160596 0.0000000000
9.9620128246 0.1400000000 3.4945759664 11.3709117233 5.1487965907 0.0000000000
9.9678297681 0.1400000000 3.4945860279 11.3707614239 5.1487767169 0.0000000000
9.9736466961 0.1400000000 3.4945962251 11.3706075679 5.1487559632 0.0000000000
9.9794636036 0.1400000000 3.4946065597 11.3704490423 5.1487338914 0.0000000000
9.9852804912 0.1400000000 3.4946170336 11.3702859582 5.1487105535 0.0000000000
9.9910973626 0.1400000000 3.4946276488 11.3701192897 5.1486863466 0.0000000000
9.9969142220 0.1400000000 3.4946384070 11.3699500294 5.1486616755 0.0000000000
10.0027310728 0.1400000000 3.4946493103 11.3697790359 5.1486368913 0.0000000000
10.0085479150 0.1400000000 3.4946603606 11.3696063329 5.1486120112 0.0000000000
10.0143647471 0.1400000000 3.4946715599 11.3694316216 5.1485869239 0.0000000000
10.0201815679 0.1400000000 3.4946829102 11.3692546036 5.1485615177 0.0000000000
10.0259983760 0.1400000000 3.4946944134 11.3690750558 5.1485357117 0.0000000000
10.0318151710 0.1400000000 3.4947060718 11.3688928994 5.1485094826 0.0000000000
10.0376319520 0.1400000000 3.4947178873 11.3687080722 5.1484828139 0.0000000000
10.0434487188 0.1400000000 3.4947298622 11.3685205550 5.1484557063 0.0000000000
10.0492654727 0.1400000000 3.4947419984 11.3683306235 5.1484282787 0.0000000000
10.0550822160 0.1400000000 3.4947542983 11.3681386779 5.1484007000 0.0000000000
10.0608989504 0.1400000000 3.4947667640 11.3679450592 5.1483731153 0.0000000000
10.0667156711 0.1400000000 3.4947793978 11.3677489697 5.1483452146 0.0000000000
10.0725323676 0.1400000000 3.4947922018 11.3675485885 5.1483162783 0.0000000000
10.0783490292 0.1400000000 3.4948051784 11.3673420963 5.1482855879 0.0000000000
10.0841656535 0.1400000000 3.4948183299 11.3671291678 5.1482530225 0.0000000000
10.0899822495 0.1400000000 3.4948316587 11.3669114319 5.1482192433 0.0000000000
10.0957988266 0.1400000000 3.4948451671 11.3666906318 5.1481849570 0.0000000000
10.1016153899 0.1400000000 3.4948588577 11.3664677315 5.1481505590 0.0000000000
10.1074319393 0.1400000000 3.4948727328 11.3662426310 5.1481160192 0.0000000000
10.1132484735 0.1400000000 3.4948867949 11.3660151293 5.1480812671 0.0000000000
10.1190649872 0.1400000000 3.4949010466 11.3657844135 5.1480459875 0.0000000000
10.1248814700 0.1400000000 3.4949154904 11.3655490284 5.1480096086 0.0000000000
10.1306979116 0.1400000000 3.4949301289 11.3653074882 5.1479715464 0.0000000000
10.1365143014 0.1400000000 3.4949449645 11.3650583073 5.1479312167 0.0000000000
10.1423306290 0.1400000000 3.4949600000 11.3648000000 5.1478880357 0.0000000000
10.1720322443 0.1400000000 3.4950400000 11.3634500000 5.1476680357 0.0000000000
10.1734624997 0.1400000000 3.4950446509 11.3633800358 5.1476586535 0.0000000000
10.1748927542 0.1400000000 3.4950491031 11.3633098740 5.1476483975 0.0000000000
10.1763230079 0.1400000000 3.4950533807 11.3632395100 5.1476373626 0.0000000000
10.1777532604 0.1400000000 3.4950575081 11.3631689394 5.1476256438 0.0000000000
10.1791835117 0.1400000000 3.4950615093 11.3630981577 5.1476133361 0.0000000000
10.1806137618 0.1400000000 3.4950654087 11.3630271603 5.1476005346 0.0000000000
10.1820440103 0.1400000000 3.4950692304 11.3629559429 5.1475873342 0.0000000000
10.1834742572 0.1400000000 3.4950729985 11.3628845007 5.1475738300 0.0000000000
10.1849045025 0.1400000000 3.4950767374 11.3628128294 5.1475601169 0.0000000000
10.1863347458 0.1400000000 3.4950804711 11.3627409245 5.1475462900 0.0000000000
10.1877649872 0.1400000000 3.4950842240 11.3626687814 5.1475324443 0.0000000000
10.1891952265 0.1400000000 3.4950880202 11.3625963956 5.1475186747 0.0000000000
10.1906254636 0.1400000000 3.4950918839 11.3625237627 5.1475050763 0.0000000000
10.1920556983 0.1400000000 3.4950958393 11.3624508780 5.1474917441 0.0000000000
10.1934859305 0.1400000000 3.4950999106 11.3623777372 5.1474787731 0.0000000000
10.1949161600 0.1400000000 3.4951041221 11.3623043358 5.1474662583 0.0000000000
10.1963463868 0.1400000000 3.4951084978 11.3622306691 5.1474542947 0.0000000000
10.1977766108 0.1400000000 3.4951130621 11.3621567327 5.1474429773 0.0000000000
10.1992068317 0.1400000000 3.4951178391 11.3620825222 5.1474324011 0.0000000000
10.2006370495 0.1400000000 3.4951228508 11.3620080336 5.1474226524 0.0000000000
10.2020672643 0.1400000000 3.4951280794 11.3619332753 5.1474136633 0.0000000000
10.2034974764 0.1400000000 3.4951334734 11.3618582658 5.1474052358 0.0000000000
10.2049276862 0.1400000000 3.4951389806 11.3617830240 5.1473971675 0.0000000000
10.2063578941 0.1400000000 3.4951445482 11.3617075687 5.1473892561 0.0000000000
10.2077881003 0.1400000000 3.4951501240 11.3616319189 5.1473812993 0.0000000000
10.2092183052 0.1400000000 3.4951556554 11.3615560933 5.1473730947 0.0000000000
10.2106485092 0.1400000000 3.4951610900 11.3614801108 5.1473644401 0.0000000000
10.2120787126 0.1400000000 3.4951663753 11.3614039904 5.1473551331 0.0000000000
10.2135089157 0.1400000000 3.4951714592 11.3613277504 5.1473449728 0.0000000000
10.2149391185 0.1400000000 3.4951763199 11.3612513757 5.1473338656 0.0000000000
10.2163693202 0.1400000000 3.4951809880 11.3611747930 5.1473219048 0.0000000000
10.2177995199 0.1400000000 3.4951854993 11.3610979231 5.1473092021 0.0000000000
10.2192297168 0.1400000000 3.4951898897 11.3610206867 5.1472958694 0.0000000000
10.2206599100 0.1400000000 3.4951941952 11.3609430048 5.1472820183 0.0000000000
10.2220900988 0.1400000000 3.4951984514 11.3608647981 5.1472677607 0.0000000000
10.2235202821 0.1400000000 3.4952026944 11.3607859875 5.1472532083 0.0000000000
10.2249504593 0.1400000000 3.4952069600 11.3607064937 5.1472384730 0.0000000000
10.2263806295 0.1400000000 3.4952112837 11.3606262383 5.1472236659 0.0000000000
10.2278107923 0.1400000000 3.4952156856 11.3605451978 5.1472088571 0.0000000000
10.2292409485 0.1400000000 3.4952201582 11.3604634433 5.1471940459 0.0000000000
10.2306710987 0.1400000000 3.4952246917 11.3603810551 5.1471792245 0.0000000000
10.2321012437 0.1400000000 3.4952292760 11.3602981135 5.1471643851 0.0000000000
10.2335313843 0.1400000000 3.4952339012 11.3602146990 5.1471495200 0.0000000000
10.2349615212 0.1400000000 3.4952385573 11.3601308919 5.1471346216 0.0000000000
10.2363916551 0.1400000000 3.4952432343 11.3600467726 5.1471196819 0.0000000000
10.2378217869 0.1400000000 3.4952479223 11.3599624214 5.1471046934 0.0000000000
10.2392519171 0.1400000000 3.4952526116 11.3598779155 5.1470896484 0.0000000000
10.2406820460 0.1400000000 3.4952572993 11.3597932751 5.1470745430 0.0000000000
10.2421121733 0.1400000000 3.4952619880 11.3597084716 5.1470593763 0.0000000000
10.2435422987 0.1400000000 3.4952666806 11.3596234746 5.1470441478 0.0000000000
10.2449724218 0.1400000000 3.4952713798 11.3595382538 5.1470288566 0.0000000000
10.2464025425 0.1400000000 3.4952760887 11.3594527787 5.1470135020 0.0000000000
10.2478326604 0.1400000000 3.4952808100 11.3593670191 5.1469980832 0.0000000000
10.2492627751 0.1400000000 3.4952855465 11.3592809445 5.1469825997 0.0000000000
10.2506928864 0.1400000000 3.4952903012 11.3591945247 5.1469670505 0.0000000000
10.2521229942 0.1400000000 3.4952950762 11.3591077420 5.1469514373 0.0000000000
10.2535530986 0.1400000000 3.4952998712 11.3590206212 5.1469357689 0.0000000000
10.2549832000 0.1400000000 3.4953046855 11.3589331955 5.1469200558 0.0000000000
10.2564132987 0.1400000000 3.4953095183 11.3588454984 5.1469043082 0.0000000000
10.2578433951 0.1400000000 3.4953143690 11.3587575632 5.1468885368 0.0000000000
10.2592734894 0.1400000000 3.4953192367 11.3586694234 5.1468727518 0.0000000000
10.2607035821 0.1400000000 3.4953241208 11.3585811123 5.1468569637 0.0000000000
10.2621336735 0.1400000000 3.4953290205 11.3584926633 5.1468411829 0.0000000000
10.2635637637 0.1400000000 3.4953339351 11.3584040973 5.1468254152 0.0000000000
10.2649938521 0.1400000000 3.4953388648 11.3583153437 5.1468096322 0.0000000000
10.2664239373 0.1400000000 3.4953438097 11.3582262904 5.1467937905 0.0000000000
10.2678540184 0.1400000000 3.4953487701 11.3581368256 5.1467778464 0.0000000000
10.2692840940 0.1400000000 3.4953537464 11.3580468371 5.1467617561 0.0000000000
10.2707141630 0.1400000000 3.4953587388 11.3579562128 5.1467454761 0.0000000000
10.2721442242 0.1400000000 3.4953637477 11.3578648409 5.1467289628 0.0000000000
10.2735742764 0.1400000000 3.4953687733 11.3577726091 5.1467121724 0.0000000000
10.2750043186 0.1400000000 3.4953738159 11.3576794217 5.1466950678 0.0000000000
10.2764343512 0.1400000000 3.4953788755 11.3575853208 5.1466776658 0.0000000000
10.2778643755 0.1400000000 3.4953839520 11.3574904183 5.1466600108 0.0000000000
10.2792943924 0.1400000000 3.4953890453 11.3573948268 5.1466421475 0.0000000000
10.2807244033 0.1400000000 3.4953941553 11.3572986586 5.1466241204 0.0000000000
10.2821544092 0.1400000000 3.4953992820 11.3572020264 5.1466059741 0.0000000000
10.2835844112 0.1400000000 3.4954044251 11.3571050426 5.1465877532 0.0000000000
10.2850144106 0.1400000000 3.4954095847 11.3570078196 5.1465695022 0.0000000000
10.2864444083 0.1400000000 3.4954147606 11.3569104501 5.1465512582 0.0000000000
10.2878744042 0.1400000000 3.4954199533 11.3568129244 5.1465330186 0.0000000000
10.2893043977 0.1400000000 3.4954251631 11.3567152010 5.1465147687 0.0000000000
10.2907343885 0.1400000000 3.4954303906 11.3566172380 5.1464964934 0.0000000000
10.2921643761 0.1400000000 3.4954356362 11.3565189937 5.1464781780 0.0000000000
10.2935943599 0.1400000000 3.4954409003 11.3564204262 5.1464598074 0.0000000000
10.2950243396 0.1400000000 3.4954461834 11.3563214938 5.1464413669 0.0000000000
10.2964543148 0.1400000000 3.4954514860 11.3562221550 5.1464228417 0.0000000000
10.2978842851 0.1400000000 3.4954568078 11.3561223976 5.1464042261 0.0000000000
10.2993142513 0.1400000000 3.4954621476 11.3560222618 5.1463855309 0.0000000000
10.3007442136 0.1400000000 3.4954675039 11.3559217931 5.1463667687 0.0000000000
10.3021741728 0.1400000000 3.4954728753 11.3558210372 5.1463479519 0.0000000000
10.3036041292 0.1400000000 3.4954782604 11.3557200395 5.1463290930 0.0000000000
10.3050340835 0.1400000000 3.4954836577 11.3556188457 5.1463102046 0.0000000000
10.3064640362 0.1400000000 3.4954890657 11.3555175014 5.1462912991 0.0000000000
10.3078939875 0.1400000000 3.4954944838 11.3554160336 5.1462723844 0.0000000000
10.3093239363 0.1400000000 3.4954999158 11.3553143437 5.1462534365 0.0000000000
10.3107538807 0.1400000000 3.4955053676 11.3552122809 5.1462344185 0.0000000000
10.3121838189 0.1400000000 3.4955108449 11.3551096945 5.1462152931 0.0000000000
10.3136137489 0.1400000000 3.4955163536 11.3550064333 5.1461960233 0.0000000000
10.3150436691 0.1400000000 3.4955218994 11.3549023467 5.1461765720 0.0000000000
10.3164735776 0.1400000000 3.4955274882 11.3547972836 5.1461569020 0.0000000000
10.3179034726 0.1400000000 3.4955331251 11.3546911018 5.1461369766 0.0000000000
10.3193333542 0.1400000000 3.4955388006 11.3545838136 5.1461167634 0.0000000000
10.3207632244 0.1400000000 3.4955444930 11.3544755662 5.1460962342 0.0000000000
10.3221930849 0.1400000000 3.4955501801 11.3543665111 5.1460753606 0.0000000000
10.3236229377 0.1400000000 3.4955558397 11.3542567999 5.1460541145 0.0000000000
10.3250527847 0.1400000000 3.4955614496 11.3541465842 5.1460324678 0.0000000000
10.3264826277 0.1400000000 3.4955669876 11.3540360155 5.1460103922 0.0000000000
10.3279124686 0.1400000000 3.4955724330 11.3539252425 5.1459878647 0.0000000000
10.3293423078 0.1400000000 3.4955778138 11.3538143209 5.1459650192 0.0000000000
10.3307721444 0.1400000000 3.4955832130 11.3537032008 5.1459421680 0.0000000000
10.3322019773 0.1400000000 3.4955887168 11.3535918268 5.1459196336 0.0000000000
10.3336318053 0.1400000000 3.4955944113 11.3534801432 5.1458977381 0.0000000000
10.3350616275 0.1400000000 3.4956003826 11.3533680943 5.1458768039 0.0000000000
10.3364914426 0.1400000000 3.4956067169 11.3532556245 5.1458571533 0.0000000000
10.3379212496 0.1400000000 3.4956134955 11.3531426809 5.1458390899 0.0000000000
10.3393510488 0.1400000000 3.4956206899 11.3530292662 5.1458225016 0.0000000000
10.3407808415 0.1400000000 3.4956281643 11.3529154388 5.1458068684 0.0000000000
10.3422106291 0.1400000000 3.4956357784 11.3528012589 5.1457916529 0.0000000000
10.3436404132 0.1400000000 3.4956433918 11.3526867869 5.1457763176 0.0000000000
10.3450701950 0.1400000000 3.4956508641 11.3525720833 5.1457603253 0.0000000000
10.3464999761 0.1400000000 3.4956580549 11.3524572085 5.1457431386 0.0000000000
10.3479297575 0.1400000000 3.4956648383 11.3523422068 5.1457242715 0.0000000000
10.3493595378 0.1400000000 3.4956712276 11.3522269677 5.1457037332 0.0000000000
10.3507893138 0.1400000000 3.4956773141 11.3521112940 5.1456818098 0.0000000000
10.3522190824 0.1400000000 3.4956831899 11.3519949875 5.1456587902 0.0000000000
10.3536488405 0.1400000000 3.4956889470 11.3518778502 5.1456349637 0.0000000000
10.3550785850 0.1400000000 3.4956946775 11.3517596839 5.1456106193 0.0000000000
10.3565083127 0.1400000000 3.4957004735 11.3516402906 5.1455860460 0.0000000000
10.3579380218 0.1400000000 3.4957064024 11.3515195559 5.1455614677 0.0000000000
10.3593677143 0.1400000000 3.4957124540 11.3513976283 5.1455369031 0.0000000000
10.3607973930 0.1400000000 3.4957186030 11.3512747080 5.1455123310 0.0000000000
10.3622270606 0.1400000000 3.4957248241 11.3511509952 5.1454877301 0.0000000000
10.3636567200 0.1400000000 3.4957310918 11.3510266899 5.1454630790 0.0000000000
10.3650863738 0.1400000000 3.4957373809 11.3509019924 5.1454383564 0.0000000000
10.3665160248 0.1400000000 3.4957436671 11.3507770936 5.1454135415 0.0000000000
10.3679456736 0.1400000000 3.4957499432 11.3506520374 5.1453886233 0.0000000000
10.3693753189 0.1400000000 3.4957562156 11.3505267497 5.1453635981 0.0000000000
10.3708049598 0.1400000000 3.4957624915 11.3504011529 5.1453384627 0.0000000000
10.3722345951 0.1400000000 3.4957687776 11.3502751696 5.1453132138 0.0000000000
10.3736642237 0.1400000000 3.4957750809 11.3501487222 5.1452878481 0.0000000000
10.3750938444 0.1400000000 3.4957814083 11.3500217335 5.1452623624 0.0000000000
10.3765234569 0.1400000000 3.4957877644 11.3498941785 5.1452367647 0.0000000000
10.3779530624 0.1400000000 3.4957941486 11.3497661419 5.1452110867 0.0000000000
10.3793826625 0.1400000000 3.4958005596 11.3496377221 5.1451853629 0.0000000000
10.3808122585 0.1400000000 3.4958069964 11.3495090174 5.1451596280 0.0000000000
10.3822418518 0.1400000000 3.4958134576 11.3493801262 5.1451339167 0.0000000000
10.3836714441 0.1400000000 3.4958199422 11.3492511469 5.1451082634 0.0000000000
10.3851010356 0.1400000000 3.4958264489 11.3491221081 5.1450826744 0.0000000000
10.3865306224 0.1400000000 3.4958329756 11.3489927515 5.1450570387 0.0000000000
10.3879601995 0.1400000000 3.4958395204 11.3488627453 5.1450312154 0.0000000000
10.3893897618 0.1400000000 3.4958460812 11.3487317576 5.1450050635 0.0000000000
10.3908193043 0.1400000000 3.4958526559 11.3485994567 5.1449784420 0.0000000000
10.3922488220 0.1400000000 3.4958592425 11.3484655105 5.1449512101 0.0000000000
10.3936783113 0.1400000000 3.4958658404 11.3483296900 5.1449232733 0.0000000000
10.3951077775 0.1400000000 3.4958724568 11.3481923468 5.1448948016 0.0000000000
10.3965372291 0.1400000000 3.4958791019 11.3480540369 5.1448660579 0.0000000000
10.3979666743 0.1400000000 3.4958857857 11.3479153163 5.1448373051 0.0000000000
10.3993961216 0.1400000000 3.4958925184 11.3477767413 5.1448088060 0.0000000000
10.4008255793 0.1400000000 3.4958993102 11.3476388680 5.1447808236 0.0000000000
10.4022550539 0.1400000000 3.4959061651 11.3475021234 5.1447535455 0.0000000000
10.4036845413 0.1400000000 3.4959130552 11.3473662345 5.1447267501 0.0000000000
10.4051140340 0.1400000000 3.4959199414 11.3472306917 5.1447000780 0.0000000000
10.4065435244 0.1400000000 3.4959267849 11.3470949853 5.1446731695 0.0000000000
10.4079730050 0.1400000000 3.4959335468 11.3469586056 5.1446456650 0.0000000000
10.4094024683 0.1400000000 3.4959401880 11.3468210430 5.1446172048 0.0000000000
10.4108319077 0.1400000000 3.4959467039 11.3466818758 5.1445876017 0.0000000000
10.4122613206 0.1400000000 3.4959532156 11.3465410058 5.1445573004 0.0000000000
10.4136907055 0.1400000000 3.4959598730 11.3463984091 5.1445268911 0.0000000000
10.4151200605 0.1400000000 3.4959668259 11.3462540615 5.1444969638 0.0000000000
10.4165493841 0.1400000000 3.4959742243 11.3461079390 5.1444681085 0.0000000000
10.4179786745 0.1400000000 3.4959822168 11.3459600196 5.1444409108 0.0000000000
10.4194079344 0.1400000000 3.4959908234 11.3458104803 5.1444155213 0.0000000000
10.4208371740 0.1400000000 3.4959998266 11.3456598650 5.1443912880 0.0000000000
10.4222664045 0.1400000000 3.4960089835 11.3455087571 5.1443674726 0.0000000000
10.4236956371 0.1400000000 3.4960180513 11.3453577401 5.1443433367 0.0000000000
10.4251248830 0.1400000000 3.4960267868 11.3452073974 5.1443181420 0.0000000000
10.4265541523 0.1400000000 3.4960349630 11.3450582633 5.1442911930 0.0000000000
10.4279834425 0.1400000000 3.4960425722 11.3449101801 5.1442623964 0.0000000000
10.4294127413 0.1400000000 3.4960497688 11.3447624802 5.1442321030 0.0000000000
10.4308420365 0.1400000000 3.4960567112 11.3446144840 5.1442006740 0.0000000000
10.4322713156 0.1400000000 3.4960635575 11.3444655117 5.1441684705 0.0000000000
10.4337005662 0.1400000000 3.4960704661 11.3443148839 5.1441358536 0.0000000000
10.4351297799 0.1400000000 3.4960775545 11.3441621326 5.1441031068 0.0000000000
10.4365589603 0.1400000000 3.4960848074 11.3440074828 5.1440702582 0.0000000000
10.4379881139 0.1400000000 3.4960921819 11.3438513016 5.1440372840 0.0000000000
10.4394172469 0.1400000000 3.4960996355 11.3436939561 5.1440041602 0.0000000000
10.4408463659 0.1400000000 3.4961071255 11.3435358132 5.1439708629 0.0000000000
10.4422754769 0.1400000000 3.4961146111 11.3433772304 5.1439373724 0.0000000000
10.4437045838 0.1400000000 3.4961220801 11.3432184319 5.1439037288 0.0000000000
10.4451336890 0.1400000000 3.4961295408 11.3430595432 5.1438700161 0.0000000000
10.4465627945 0.1400000000 3.4961370021 11.3429006879 5.1438363193 0.0000000000
10.4479919027 0.1400000000 3.4961444731 11.3427419893 5.1438027237 0.0000000000
10.4494210156 0.1400000000 3.4961519625 11.3425835709 5.1437693141 0.0000000000
10.4508501356 0.1400000000 3.4961594794 11.3424255560 5.1437361757 0.0000000000
10.4522792648 0.1400000000 3.4961670327 11.3422680681 5.1437033936 0.0000000000
10.4537084053 0.1400000000 3.4961746313 11.3421112305 5.1436710529 0.0000000000
10.4551375595 0.1400000000 3.4961822841 11.3419551666 5.1436392385 0.0000000000
10.4565667295 0.1400000000 3.4961900000 11.3418000000 5.1436080357 0.0000000000
