# logAge Mass logTe Mbol logg C/O
4.1860800861 0.5800000000 3.7139200000 0.8834250000 2.4484779936 0.0000000000
4.1943828476 0.5800000000 3.7139102577 0.8831146583 2.4483148876 0.0000000000
4.2026857063 0.5800000000 3.7139006469 0.8828068597 2.4481533252 0.0000000000
4.2109886600 0.5800000000 3.7138911777 0.8825017653 2.4479934103 0.0000000000
4.2192917061 0.5800000000 3.7138818598 0.8821995360 2.4478352472 0.0000000000
4.2275948423 0.5800000000 3.7138727034 0.8819003326 2.4476789401 0.0000000000
4.2358980663 0.5800000000 3.7138637183 0.8816043163 2.4475245931 0.0000000000
4.2442013756 0.5800000000 3.7138549144 0.8813116477 2.4473723103 0.0000000000
4.2525047678 0.5800000000 3.7138463018 0.8810224880 2.4472221960 0.0000000000
4.2608082407 0.5800000000 3.7138378904 0.8807369981 2.4470743543 0.0000000000
4.2691117917 0.5800000000 3.7138296901 0.8804553388 2.4469288893 0.0000000000
4.2774154186 0.5800000000 3.7138217108 0.8801776711 2.4467859053 0.0000000000
4.2857191188 0.5800000000 3.7138139626 0.8799041560 2.4466455063 0.0000000000
4.2940228902 0.5800000000 3.7138064553 0.8796349543 2.4465077966 0.0000000000
4.3023267302 0.5800000000 3.7137991990 0.8793702270 2.4463728802 0.0000000000
4.3106306364 0.5800000000 3.7137922035 0.8791101351 2.4462408615 0.0000000000
4.3189346066 0.5800000000 3.7137854788 0.8788548395 2.4461118445 0.0000000000
4.3272386383 0.5800000000 3.7137790348 0.8786045011 2.4459859333 0.0000000000
4.3355427291 0.5800000000 3.7137728816 0.8783592808 2.4458632322 0.0000000000
4.3438468767 0.5800000000 3.7137670290 0.8781193396 2.4457438454 0.0000000000
4.3521510787 0.5800000000 3.7137614870 0.8778848384 2.4456278769 0.0000000000
4.3604553326 0.5800000000 3.7137562655 0.8776559382 2.4455154309 0.0000000000
4.3687596362 0.5800000000 3.7137513745 0.8774327998 2.4454066117 0.0000000000
4.3770639869 0.5800000000 3.7137468240 0.8772155843 2.4453015233 0.0000000000
4.3853683825 0.5800000000 3.7137426238 0.8770044525 2.4452002699 0.0000000000
4.3936728206 0.5800000000 3.7137387840 0.8767995654 2.4451029557 0.0000000000
4.4019772987 0.5800000000 3.7137353145 0.8766010839 2.4450096849 0.0000000000
4.4102818146 0.5800000000 3.7137322251 0.8764091689 2.4449205616 0.0000000000
4.4185863657 0.5800000000 3.7137295260 0.8762239815 2.4448356900 0.0000000000
4.4268909498 0.5800000000 3.7137272269 0.8760456824 2.4447551742 0.0000000000
4.4351955644 0.5800000000 3.7137253379 0.8758744327 2.4446791184 0.0000000000
4.4435002072 0.5800000000 3.7137238690 0.8757103933 2.4446076267 0.0000000000
4.4518048757 0.5800000000 3.7137228299 0.8755537251 2.4445408034 0.0000000000
4.4601095677 0.5800000000 3.7137222308 0.8754045890 2.4444787525 0.0000000000
4.4684142806 0.5800000000 3.7137220816 0.8752631461 2.4444215784 0.0000000000
4.4767190122 0.5800000000 3.7137223921 0.8751295571 2.4443693850 0.0000000000
4.4850237601 0.5800000000 3.7137231724 0.8750039831 2.4443222766 0.0000000000
4.4933285218 0.5800000000 3.7137244324 0.8748865850 2.4442803573 0.0000000000
4.5016332950 0.5800000000 3.7137261821 0.8747775238 2.4442437313 0.0000000000
4.5099380773 0.5800000000 3.7137284313 0.8746769602 2.4442125028 0.0000000000
4.5182428663 0.5800000000 3.7137311900 0.8745850554 2.4441867759 0.0000000000
4.5265476597 0.5800000000 3.7137344683 0.8745019702 2.4441666547 0.0000000000
4.5348524550 0.5800000000 3.7137382759 0.8744278655 2.4441522436 0.0000000000
4.5431572499 0.5800000000 3.7137426230 0.8743629023 2.4441436465 0.0000000000
4.5514620419 0.5800000000 3.7137475194 0.8743072416 2.4441409677 0.0000000000
4.5597668288 0.5800000000 3.7137529750 0.8742610442 2.4441443113 0.0000000000
4.5680716081 0.5800000000 3.7137589999 0.8742244711 2.4441537815 0.0000000000
4.5763763774 0.5800000000 3.7137656039 0.8741976832 2.4441694825 0.0000000000
4.5846811344 0.5800000000 3.7137727971 0.8741808415 2.4441915184 0.0000000000
4.5929858767 0.5800000000 3.7137805893 0.8741741068 2.4442199933 0.0000000000
4.6012906019 0.5800000000 3.7137889905 0.8741776402 2.4442550115 0.0000000000
4.6095953076 0.5800000000 3.7137980106 0.8741916026 2.4442966771 0.0000000000
4.6178999914 0.5800000000 3.7138076597 0.8742161548 2.4443450943 0.0000000000
4.6262046509 0.5800000000 3.7138179476 0.8742514579 2.4444003672 0.0000000000
4.6345092839 0.5800000000 3.7138288843 0.8742976727 2.4444626000 0.0000000000
4.6428138878 0.5800000000 3.7138404798 0.8743549602 2.4445318968 0.0000000000
4.6511184603 0.5800000000 3.7138527439 0.8744234814 2.4446083619 0.0000000000
4.6594229990 0.5800000000 3.7138656867 0.8745033971 2.4446920993 0.0000000000
4.6677275015 0.5800000000 3.7138793181 0.8745948683 2.4447832133 0.0000000000
4.6760319655 0.5800000000 3.7138936480 0.8746980560 2.4448818080 0.0000000000
4.6843363886 0.5800000000 3.7139086864 0.8748131210 2.4449879875 0.0000000000
4.6926407683 0.5800000000 3.7139244432 0.8749402243 2.4451018560 0.0000000000
4.7009451024 0.5800000000 3.7139409284 0.8750795268 2.4452235178 0.0000000000
4.7092493883 0.5800000000 3.7139581519 0.8752311895 2.4453530769 0.0000000000
4.7175536239 0.5800000000 3.7139761236 0.8753953733 2.4454906375 0.0000000000
4.7258578065 0.5800000000 3.7139948536 0.8755722391 2.4456363037 0.0000000000
4.7341619340 0.5800000000 3.7140143518 0.8757619479 2.4457901798 0.0000000000
4.7424660038 0.5800000000 3.7140346280 0.8759646606 2.4459523699 0.0000000000
4.7507700136 0.5800000000 3.7140556923 0.8761805381 2.4461229782 0.0000000000
4.7590739611 0.5800000000 3.7140775547 0.8764097414 2.4463021088 0.0000000000
4.7673778438 0.5800000000 3.7141002249 0.8766524314 2.4464898658 0.0000000000
4.7756816602 0.5800000000 3.7141237032 0.8769086384 2.4466862617 0.0000000000
4.7839854120 0.5800000000 3.7141479511 0.8771778853 2.4468909522 0.0000000000
4.7922891017 0.5800000000 3.7141729210 0.8774595719 2.4471035064 0.0000000000
4.8005927318 0.5800000000 3.7141985652 0.8777530978 2.4473234934 0.0000000000
4.8088963048 0.5800000000 3.7142248359 0.8780578627 2.4475504824 0.0000000000
4.8171998233 0.5800000000 3.7142516856 0.8783732664 2.4477840424 0.0000000000
4.8255032896 0.5800000000 3.7142790665 0.8786987085 2.4480237428 0.0000000000
4.8338067063 0.5800000000 3.7143069309 0.8790335888 2.4482691525 0.0000000000
4.8421100759 0.5800000000 3.7143352311 0.8793773069 2.4485198407 0.0000000000
4.8504134009 0.5800000000 3.7143639195 0.8797292627 2.4487753766 0.0000000000
4.8587166838 0.5800000000 3.7143929484 0.8800888557 2.4490353293 0.0000000000
4.8670199271 0.5800000000 3.7144222700 0.8804554856 2.4492992679 0.0000000000
4.8753231332 0.5800000000 3.7144518368 0.8808285523 2.4495667615 0.0000000000
4.8836263048 0.5800000000 3.7144816009 0.8812074554 2.4498373793 0.0000000000
4.8919294443 0.5800000000 3.7145115148 0.8815915946 2.4501106905 0.0000000000
4.9002325541 0.5800000000 3.7145415307 0.8819803695 2.4503862642 0.0000000000
4.9085356368 0.5800000000 3.7145716010 0.8823731800 2.4506636694 0.0000000000
4.9168386949 0.5800000000 3.7146016779 0.8827694257 2.4509424754 0.0000000000
4.9251417309 0.5800000000 3.7146317138 0.8831685064 2.4512222512 0.0000000000
4.9334447472 0.5800000000 3.7146616610 0.8835698217 2.4515025661 0.0000000000
4.9417477465 0.5800000000 3.7146914718 0.8839727713 2.4517829891 0.0000000000
4.9500507311 0.5800000000 3.7147210987 0.8843767565 2.4520630910 0.0000000000
4.9583537041 0.5800000000 3.7147505057 0.8847812467 2.4523425151 0.0000000000
4.9666566691 0.5800000000 3.7147796724 0.8851858062 2.4526210055 0.0000000000
4.9749596298 0.5800000000 3.7148085794 0.8855900062 2.4528983135 0.0000000000
4.9832625898 0.5800000000 3.7148372075 0.8859934176 2.4531741906 0.0000000000
4.9915655529 0.5800000000 3.7148655374 0.8863956118 2.4534483881 0.0000000000
4.9998685228 0.5800000000 3.7148935500 0.8867961598 2.4537206574 0.0000000000
5.0081715031 0.5800000000 3.7149212258 0.8871946328 2.4539907499 0.0000000000
5.0164744975 0.5800000000 3.7149485457 0.8875906019 2.4542584171 0.0000000000
5.0247775096 0.5800000000 3.7149754904 0.8879836383 2.4545234104 0.0000000000
5.0330805433 0.5800000000 3.7150020405 0.8883733131 2.4547854810 0.0000000000
5.0413836021 0.5800000000 3.7150281770 0.8887591975 2.4550443805 0.0000000000
5.0496866898 0.5800000000 3.7150538804 0.8891408625 2.4552998602 0.0000000000
5.0579898100 0.5800000000 3.7150791315 0.8895178795 2.4555516715 0.0000000000
5.0662929664 0.5800000000 3.7151039111 0.8898898194 2.4557995658 0.0000000000
5.0745961627 0.5800000000 3.7151281999 0.8902562534 2.4560432946 0.0000000000
5.0828994026 0.5800000000 3.7151519786 0.8906167527 2.4562826091 0.0000000000
5.0912026898 0.5800000000 3.7151752280 0.8909708884 2.4565172609 0.0000000000
5.0995060279 0.5800000000 3.7151979288 0.8913182317 2.4567470013 0.0000000000
5.1078094200 0.5800000000 3.7152200654 0.8916584103 2.4569716192 0.0000000000
5.1161128656 0.5800000000 3.7152416420 0.8919913506 2.4571911019 0.0000000000
5.1244163630 0.5800000000 3.7152626693 0.8923170775 2.4574055018 0.0000000000
5.1327199107 0.5800000000 3.7152831579 0.8926356161 2.4576148717 0.0000000000
5.1410235069 0.5800000000 3.7153031185 0.8929469912 2.4578192640 0.0000000000
5.1493271501 0.5800000000 3.7153225617 0.8932512278 2.4580187314 0.0000000000
5.1576308386 0.5800000000 3.7153414981 0.8935483509 2.4582133264 0.0000000000
5.1659345708 0.5800000000 3.7153599384 0.8938383854 2.4584031015 0.0000000000
5.1742383450 0.5800000000 3.7153778933 0.8941213563 2.4585881094 0.0000000000
5.1825421597 0.5800000000 3.7153953734 0.8943972885 2.4587684027 0.0000000000
5.1908460131 0.5800000000 3.7154123894 0.8946662070 2.4589440339 0.0000000000
5.1991499036 0.5800000000 3.7154289518 0.8949281367 2.4591150555 0.0000000000
5.2074538297 0.5800000000 3.7154450714 0.8951831027 2.4592815203 0.0000000000
5.2157577896 0.5800000000 3.7154607588 0.8954311298 2.4594434807 0.0000000000
5.2240617817 0.5800000000 3.7154760246 0.8956722430 2.4596009893 0.0000000000
5.2323658045 0.5800000000 3.7154908796 0.8959064673 2.4597540987 0.0000000000
5.2406698562 0.5800000000 3.7155053342 0.8961338287 2.4599028619 0.0000000000
5.2489739354 0.5800000000 3.7155193991 0.8963544044 2.4600473516 0.0000000000
5.2572780411 0.5800000000 3.7155330843 0.8965683432 2.4601876681 0.0000000000
5.2655821722 0.5800000000 3.7155464001 0.8967757991 2.4603239136 0.0000000000
5.2738863276 0.5800000000 3.7155593566 0.8969769262 2.4604561904 0.0000000000
5.2821905063 0.5800000000 3.7155719640 0.8971718784 2.4605846009 0.0000000000
5.2904947071 0.5800000000 3.7155842324 0.8973608098 2.4607092472 0.0000000000
5.2987989290 0.5800000000 3.7155961721 0.8975438744 2.4608302318 0.0000000000
5.3071031709 0.5800000000 3.7156077932 0.8977212264 2.4609476568 0.0000000000
5.3154074318 0.5800000000 3.7156191058 0.8978930196 2.4610616246 0.0000000000
5.3237117106 0.5800000000 3.7156301202 0.8980594082 2.4611722375 0.0000000000
5.3320160061 0.5800000000 3.7156408464 0.8982205462 2.4612795977 0.0000000000
5.3403203174 0.5800000000 3.7156512947 0.8983765877 2.4613838076 0.0000000000
5.3486246433 0.5800000000 3.7156614753 0.8985276866 2.4614849693 0.0000000000
5.3569289828 0.5800000000 3.7156713983 0.8986739970 2.4615831854 0.0000000000
5.3652333348 0.5800000000 3.7156810738 0.8988156729 2.4616785579 0.0000000000
5.3735376984 0.5800000000 3.7156905083 0.8989528579 2.4617711699 0.0000000000
5.3818420731 0.5800000000 3.7156996974 0.8990856655 2.4618610495 0.0000000000
5.3901464585 0.5800000000 3.7157086349 0.8992142036 2.4619482148 0.0000000000
5.3984508541 0.5800000000 3.7157173145 0.8993385806 2.4620326839 0.0000000000
5.4067552595 0.5800000000 3.7157257299 0.8994589043 2.4621144751 0.0000000000
5.4150596743 0.5800000000 3.7157338749 0.8995752831 2.4621936065 0.0000000000
5.4233640981 0.5800000000 3.7157417432 0.8996878249 2.4622700962 0.0000000000
5.4316685304 0.5800000000 3.7157493285 0.8997966379 2.4623439625 0.0000000000
5.4399729709 0.5800000000 3.7157566245 0.8999018301 2.4624152236 0.0000000000
5.4482774191 0.5800000000 3.7157636250 0.9000035098 2.4624838975 0.0000000000
5.4565818746 0.5800000000 3.7157703237 0.9001017850 2.4625500024 0.0000000000
5.4648863370 0.5800000000 3.7157767144 0.9001967637 2.4626135566 0.0000000000
5.4731908058 0.5800000000 3.7157827907 0.9002885542 2.4626745781 0.0000000000
5.4814952807 0.5800000000 3.7157885465 0.9003772645 2.4627330852 0.0000000000
5.4897997611 0.5800000000 3.7157939762 0.9004629953 2.4627890965 0.0000000000
5.4981042469 0.5800000000 3.7157990822 0.9005457795 2.4628426342 0.0000000000
5.5064087379 0.5800000000 3.7158038709 0.9006256144 2.4628937227 0.0000000000
5.5147132337 0.5800000000 3.7158083486 0.9007024965 2.4629423865 0.0000000000
5.5230177342 0.5800000000 3.7158125217 0.9007764228 2.4629886497 0.0000000000
5.5313222392 0.5800000000 3.7158163968 0.9008473899 2.4630325367 0.0000000000
5.5396267485 0.5800000000 3.7158199802 0.9009153945 2.4630740720 0.0000000000
5.5479312618 0.5800000000 3.7158232782 0.9009804335 2.4631132799 0.0000000000
5.5562357790 0.5800000000 3.7158262974 0.9010425036 2.4631501847 0.0000000000
5.5645402997 0.5800000000 3.7158290442 0.9011016014 2.4631848107 0.0000000000
5.5728448239 0.5800000000 3.7158315248 0.9011577239 2.4632171824 0.0000000000
5.5811493512 0.5800000000 3.7158337459 0.9012108676 2.4632473241 0.0000000000
5.5894538815 0.5800000000 3.7158357137 0.9012610294 2.4632752601 0.0000000000
5.5977584145 0.5800000000 3.7158374347 0.9013082061 2.4633010147 0.0000000000
5.6060629501 0.5800000000 3.7158389153 0.9013523943 2.4633246124 0.0000000000
5.6143674880 0.5800000000 3.7158401619 0.9013935907 2.4633460775 0.0000000000
5.6226720280 0.5800000000 3.7158411810 0.9014317923 2.4633654343 0.0000000000
5.6309765699 0.5800000000 3.7158419788 0.9014669956 2.4633827072 0.0000000000
5.6392811135 0.5800000000 3.7158425620 0.9014991975 2.4633979205 0.0000000000
5.6475856585 0.5800000000 3.7158429368 0.9015283947 2.4634110986 0.0000000000
5.6558902047 0.5800000000 3.7158431097 0.9015545839 2.4634222658 0.0000000000
5.6641947520 0.5800000000 3.7158430871 0.9015777620 2.4634314466 0.0000000000
5.6724993001 0.5800000000 3.7158428753 0.9015979255 2.4634386652 0.0000000000
5.6808038488 0.5800000000 3.7158424810 0.9016150714 2.4634439459 0.0000000000
5.6891083978 0.5800000000 3.7158419103 0.9016291963 2.4634473133 0.0000000000
5.6974129471 0.5800000000 3.7158411698 0.9016402969 2.4634487915 0.0000000000
5.7057174962 0.5800000000 3.7158402658 0.9016483701 2.4634484049 0.0000000000
5.7140220451 0.5800000000 3.7158392037 0.9016534181 2.4634461757 0.0000000000
5.7223265937 0.5800000000 3.7158379784 0.9016554929 2.4634421044 0.0000000000
5.7306311419 0.5800000000 3.7158365793 0.9016546736 2.4634361802 0.0000000000
5.7389356898 0.5800000000 3.7158349958 0.9016510392 2.4634283924 0.0000000000
5.7472402372 0.5800000000 3.7158332172 0.9016446691 2.4634187300 0.0000000000
5.7555447843 0.5800000000 3.7158312329 0.9016356423 2.4634071823 0.0000000000
5.7638493309 0.5800000000 3.7158290323 0.9016240381 2.4633937382 0.0000000000
5.7721538771 0.5800000000 3.7158266048 0.9016099357 2.4633783870 0.0000000000
5.7804584228 0.5800000000 3.7158239396 0.9015934141 2.4633611178 0.0000000000
5.7887629681 0.5800000000 3.7158210263 0.9015745527 2.4633419196 0.0000000000
5.7970675128 0.5800000000 3.7158178540 0.9015534305 2.4633207818 0.0000000000
5.8053720571 0.5800000000 3.7158144122 0.9015301268 2.4632976933 0.0000000000
5.8136766008 0.5800000000 3.7158106904 0.9015047208 2.4632726433 0.0000000000
5.8219811440 0.5800000000 3.7158066795 0.9014772634 2.4632456168 0.0000000000
5.8302856862 0.5800000000 3.7158023831 0.9014476117 2.4632165706 0.0000000000
5.8385902269 0.5800000000 3.7157978098 0.9014155412 2.4631854494 0.0000000000
5.8468947656 0.5800000000 3.7157929684 0.9013808271 2.4631521979 0.0000000000
5.8551993018 0.5800000000 3.7157878674 0.9013432447 2.4631167610 0.0000000000
5.8635038350 0.5800000000 3.7157825155 0.9013025691 2.4630790833 0.0000000000
5.8718083646 0.5800000000 3.7157769215 0.9012585756 2.4630391097 0.0000000000
5.8801128903 0.5800000000 3.7157710939 0.9012110394 2.4629967849 0.0000000000
5.8884174113 0.5800000000 3.7157650414 0.9011597357 2.4629520535 0.0000000000
5.8967219273 0.5800000000 3.7157587728 0.9011044397 2.4629048605 0.0000000000
5.9050264377 0.5800000000 3.7157522966 0.9010449267 2.4628551504 0.0000000000
5.9133309420 0.5800000000 3.7157456215 0.9009809718 2.4628028682 0.0000000000
5.9216354398 0.5800000000 3.7157387562 0.9009123509 2.4627479587 0.0000000000
5.9299399306 0.5800000000 3.7157317072 0.9008390034 2.4626904238 0.0000000000
5.9382444151 0.5800000000 3.7157244762 0.9007612556 2.4626304006 0.0000000000
5.9465488937 0.5800000000 3.7157170639 0.9006794900 2.4625680452 0.0000000000
5.9548533669 0.5800000000 3.7157094712 0.9005940889 2.4625035141 0.0000000000
5.9631578353 0.5800000000 3.7157016990 0.9005054347 2.4624369636 0.0000000000
5.9714622993 0.5800000000 3.7156937482 0.9004139097 2.4623685501 0.0000000000
5.9797667596 0.5800000000 3.7156856194 0.9003198963 2.4622984299 0.0000000000
5.9880712166 0.5800000000 3.7156773137 0.9002237769 2.4622267593 0.0000000000
5.9963756708 0.5800000000 3.7156688319 0.9001259339 2.4621536948 0.0000000000
6.0046801229 0.5800000000 3.7156601748 0.9000267496 2.4620793927 0.0000000000
6.0129845732 0.5800000000 3.7156513433 0.8999266064 2.4620040092 0.0000000000
6.0212890224 0.5800000000 3.7156423382 0.8998258866 2.4619277009 0.0000000000
6.0295934708 0.5800000000 3.7156331592 0.8997249233 2.4618505997 0.0000000000
6.0378979182 0.5800000000 3.7156237959 0.8996236111 2.4617726217 0.0000000000
6.0462023635 0.5800000000 3.7156142326 0.8995216142 2.4616935698 0.0000000000
6.0545068061 0.5800000000 3.7156044536 0.8994185953 2.4616132459 0.0000000000
6.0628112451 0.5800000000 3.7155944429 0.8993142168 2.4615314517 0.0000000000
6.0711156796 0.5800000000 3.7155841848 0.8992081412 2.4614479892 0.0000000000
6.0794201089 0.5800000000 3.7155736636 0.8991000309 2.4613626602 0.0000000000
6.0877245322 0.5800000000 3.7155628634 0.8989895484 2.4612752665 0.0000000000
6.0960289485 0.5800000000 3.7155517685 0.8988763562 2.4611856100 0.0000000000
6.1043333571 0.5800000000 3.7155403631 0.8987601167 2.4610934926 0.0000000000
6.1126377572 0.5800000000 3.7155286314 0.8986404924 2.4609987160 0.0000000000
6.1209421478 0.5800000000 3.7155165576 0.8985171458 2.4609010822 0.0000000000
6.1292465283 0.5800000000 3.7155041269 0.8983897496 2.4608004010 0.0000000000
6.1375508985 0.5800000000 3.7154913501 0.8982582503 2.4606966939 0.0000000000
6.1458552588 0.5800000000 3.7154782656 0.8981228918 2.4605902128 0.0000000000
6.1541596098 0.5800000000 3.7154649136 0.8979839327 2.4604812209 0.0000000000
6.1624639520 0.5800000000 3.7154513338 0.8978416314 2.4603699812 0.0000000000
6.1707682860 0.5800000000 3.7154375662 0.8976962467 2.4602567569 0.0000000000
6.1790726123 0.5800000000 3.7154236507 0.8975480371 2.4601418113 0.0000000000
6.1873769314 0.5800000000 3.7154096274 0.8973972613 2.4600254076 0.0000000000
6.1956812439 0.5800000000 3.7153955360 0.8972441778 2.4599078088 0.0000000000
6.2039855504 0.5800000000 3.7153814166 0.8970890453 2.4597892782 0.0000000000
6.2122898513 0.5800000000 3.7153673091 0.8969321223 2.4596700790 0.0000000000
6.2205941472 0.5800000000 3.7153532529 0.8967736647 2.4595504709 0.0000000000
6.2288984386 0.5800000000 3.7153392722 0.8966138552 2.4594306242 0.0000000000
6.2372027258 0.5800000000 3.7153253756 0.8964528001 2.4593106159 0.0000000000
6.2455070093 0.5800000000 3.7153115710 0.8962906021 2.4591905182 0.0000000000
6.2538112894 0.5800000000 3.7152978661 0.8961273638 2.4590704035 0.0000000000
6.2621155665 0.5800000000 3.7152842688 0.8959631879 2.4589503441 0.0000000000
6.2704198409 0.5800000000 3.7152707870 0.8957981769 2.4588304122 0.0000000000
6.2787241132 0.5800000000 3.7152574283 0.8956324336 2.4587106802 0.0000000000
6.2870283837 0.5800000000 3.7152442007 0.8954660605 2.4585912205 0.0000000000
6.2953326527 0.5800000000 3.7152311119 0.8952991603 2.4584721054 0.0000000000
6.3036369206 0.5800000000 3.7152181698 0.8951318356 2.4583534070 0.0000000000
6.3119411878 0.5800000000 3.7152053819 0.8949641869 2.4582351960 0.0000000000
6.3202454544 0.5800000000 3.7151927429 0.8947962121 2.4581174500 0.0000000000
6.3285497197 0.5800000000 3.7151802288 0.8946277615 2.4580000134 0.0000000000
6.3368539831 0.5800000000 3.7151678144 0.8944586741 2.4578827207 0.0000000000
6.3451582441 0.5800000000 3.7151554742 0.8942887890 2.4577654061 0.0000000000
6.3534625019 0.5800000000 3.7151431831 0.8941179452 2.4576479040 0.0000000000
6.3617667561 0.5800000000 3.7151309156 0.8939459818 2.4575300487 0.0000000000
6.3700710060 0.5800000000 3.7151186464 0.8937727376 2.4574116744 0.0000000000
6.3783752510 0.5800000000 3.7151063508 0.8935980538 2.4572926181 0.0000000000
6.3866794910 0.5800000000 3.7150940394 0.8934219309 2.4571729234 0.0000000000
6.3949837272 0.5800000000 3.7150817842 0.8932446423 2.4570529874 0.0000000000
6.4032879607 0.5800000000 3.7150696633 0.8930664883 2.4569332422 0.0000000000
6.4115921925 0.5800000000 3.7150577546 0.8928877690 2.4568141195 0.0000000000
6.4198964239 0.5800000000 3.7150461360 0.8927087847 2.4566960514 0.0000000000
6.4282006559 0.5800000000 3.7150348855 0.8925298356 2.4565794697 0.0000000000
6.4365048895 0.5800000000 3.7150240756 0.8923511982 2.4564647754 0.0000000000
6.4448091243 0.5800000000 3.7150136812 0.8921727218 2.4563518072 0.0000000000
6.4531133582 0.5800000000 3.7150035921 0.8919938836 2.4562399153 0.0000000000
6.4614175892 0.5800000000 3.7149936951 0.8918141484 2.4561284332 0.0000000000
6.4697218153 0.5800000000 3.7149838771 0.8916329811 2.4560166945 0.0000000000
6.4780260343 0.5800000000 3.7149740252 0.8914498464 2.4559040330 0.0000000000
6.4863302446 0.5800000000 3.7149640385 0.8912642667 2.4557898543 0.0000000000
6.4946344475 0.5800000000 3.7149540033 0.8910766413 2.4556746634 0.0000000000
6.5029386472 0.5800000000 3.7149441520 0.8908880538 2.4555598230 0.0000000000
6.5112428479 0.5800000000 3.7149347206 0.8906996057 2.4554467182 0.0000000000
6.5195470536 0.5800000000 3.7149259454 0.8905123987 2.4553367344 0.0000000000
6.5278512686 0.5800000000 3.7149180612 0.8903275308 2.4552312506 0.0000000000
6.5361554954 0.5800000000 3.7149111660 0.8901457185 2.4551309451 0.0000000000
6.5444597336 0.5800000000 3.7149050980 0.8899669531 2.4550351668 0.0000000000
6.5527639825 0.5800000000 3.7148996660 0.8897911452 2.4549431155 0.0000000000
6.5610682412 0.5800000000 3.7148946789 0.8896182052 2.4548539914 0.0000000000
6.5693725092 0.5800000000 3.7148899459 0.8894480436 2.4547669945 0.0000000000
6.5776767855 0.5800000000 3.7148853152 0.8892804873 2.4546814494 0.0000000000
6.5859810685 0.5800000000 3.7148807879 0.8891150411 2.4545971615 0.0000000000
6.5942853565 0.5800000000 3.7148764016 0.8889511319 2.4545140527 0.0000000000
6.6025896478 0.5800000000 3.7148721941 0.8887881864 2.4544320445 0.0000000000
6.6108939409 0.5800000000 3.7148682086 0.8886256581 2.4543510910 0.0000000000
6.6191982362 0.5800000000 3.7148646419 0.8884637509 2.4542720616 0.0000000000
6.6275025367 0.5800000000 3.7148618629 0.8883035072 2.4541968481 0.0000000000
6.6358068454 0.5800000000 3.7148602493 0.8881460136 2.4541273962 0.0000000000
6.6441111655 0.5800000000 3.7148601723 0.8879923428 2.4540656198 0.0000000000
6.6524154981 0.5800000000 3.7148617112 0.8878429539 2.4540120200 0.0000000000
6.6607198420 0.5800000000 3.7148645443 0.8876974625 2.4539651557 0.0000000000
6.6690241955 0.5800000000 3.7148683205 0.8875554231 2.4539234446 0.0000000000
6.6773285575 0.5800000000 3.7148727068 0.8874164725 2.4538854100 0.0000000000
6.6856329294 0.5800000000 3.7148776368 0.8872814669 2.4538511277 0.0000000000
6.6939373147 0.5800000000 3.7148832468 0.8871521912 2.4538218573 0.0000000000
6.7022417172 0.5800000000 3.7148896782 0.8870304539 2.4537988880 0.0000000000
6.7105461395 0.5800000000 3.7148970645 0.8869176955 2.4537833300 0.0000000000
6.7188505797 0.5800000000 3.7149055025 0.8868136644 2.4537754691 0.0000000000
6.7271550344 0.5800000000 3.7149150780 0.8867176224 2.4537753547 0.0000000000
6.7354595003 0.5800000000 3.7149258785 0.8866288111 2.4537830319 0.0000000000
6.7437639741 0.5800000000 3.7149380128 0.8865460649 2.4537984707 0.0000000000
6.7520684521 0.5800000000 3.7149516102 0.8864678410 2.4538215707 0.0000000000
6.7603729310 0.5800000000 3.7149667934 0.8863926365 2.4538522219 0.0000000000
6.7686774113 0.5800000000 3.7149834531 0.8863206771 2.4538900769 0.0000000000
6.7769818984 0.5800000000 3.7150012042 0.8862542408 2.4539345067 0.0000000000
6.7852863979 0.5800000000 3.7150196701 0.8861956958 2.4539849523 0.0000000000
6.7935909092 0.5800000000 3.7150389906 0.8861467897 2.4540426719 0.0000000000
6.8018954262 0.5800000000 3.7150597957 0.8861086815 2.4541106491 0.0000000000
6.8101999429 0.5800000000 3.7150827349 0.8860825069 2.4541919361 0.0000000000
6.8185044528 0.5800000000 3.7151084576 0.8860694013 2.4542895847 0.0000000000
6.8268089498 0.5800000000 3.7151376133 0.8860705004 2.4544066470 0.0000000000
6.8351134280 0.5800000000 3.7151707534 0.8860867430 2.4545457044 0.0000000000
6.8434178890 0.5800000000 3.7152070292 0.8861162547 2.4547026122 0.0000000000
6.8517223395 0.5800000000 3.7152445474 0.8861550638 2.4548682088 0.0000000000
6.8600267826 0.5800000000 3.7152820770 0.8862012146 2.4550367873 0.0000000000
6.8683312112 0.5800000000 3.7153203060 0.8862585249 2.4552126276 0.0000000000
6.8766356151 0.5800000000 3.7153601877 0.8863318360 2.4554014788 0.0000000000
6.8849399745 0.5800000000 3.7154020900 0.8864261914 2.4556068303 0.0000000000
6.8932442649 0.5800000000 3.7154460977 0.8865465662 2.4558310109 0.0000000000
6.9015484831 0.5800000000 3.7154930928 0.8866893850 2.4560761188 0.0000000000
6.9098526568 0.5800000000 3.7155451111 0.8868387314 2.4563439306 0.0000000000
6.9181567993 0.5800000000 3.7156025946 0.8869867336 2.4566330652 0.0000000000
6.9264608737 0.5800000000 3.7156608791 0.8871528300 2.4569326418 0.0000000000
6.9347648418 0.5800000000 3.7157165693 0.8873543052 2.4572359927 0.0000000000
6.9430686981 0.5800000000 3.7157747962 0.8875805269 2.4575593890 0.0000000000
6.9513724419 0.5800000000 3.7158410945 0.8878179710 2.4579195599 0.0000000000
6.9596760573 0.5800000000 3.7159126072 0.8880725107 2.4583074267 0.0000000000
6.9679795294 0.5800000000 3.7159845522 0.8883538725 2.4587077515 0.0000000000
6.9762828744 0.5800000000 3.7160563174 0.8886588921 2.4591168198 0.0000000000
6.9845860993 0.5800000000 3.7161286767 0.8889830499 2.4595359204 0.0000000000
6.9928891197 0.5800000000 3.7162022788 0.8893358398 2.4599714447 0.0000000000
7.0011919340 0.5800000000 3.7162775550 0.8897160026 2.4604246147 0.0000000000
7.0094947996 0.5800000000 3.7163545181 0.8900871967 2.4608809445 0.0000000000
7.0177976909 0.5800000000 3.7164338617 0.8904514647 2.4613440261 0.0000000000
7.0261002290 0.5800000000 3.7165171542 0.8908581460 2.4618398686 0.0000000000
7.0344022297 0.5800000000 3.7166061510 0.8913229125 2.4623817627 0.0000000000
7.0427036746 0.5800000000 3.7167019873 0.8918372637 2.4629708483 0.0000000000
7.0510048233 0.5800000000 3.7167995408 0.8923793222 2.4635778856 0.0000000000
7.0593058314 0.5800000000 3.7168966145 0.8929354107 2.4641886160 0.0000000000
7.0676061784 0.5800000000 3.7170082455 0.8935325906 2.4648740119 0.0000000000
7.0759061599 0.5800000000 3.7171343723 0.8941453119 2.4656236075 0.0000000000
7.0842063579 0.5800000000 3.7172649593 0.8947335261 2.4663812411 0.0000000000
7.0925057289 0.5800000000 3.7174061236 0.8953742047 2.4672021698 0.0000000000
7.1008038857 0.5800000000 3.7175583818 0.8960955396 2.4680997364 0.0000000000
7.1091014173 0.5800000000 3.7177141885 0.8968550721 2.4690267763 0.0000000000
7.1173989532 0.5800000000 3.7178700495 0.8976138487 2.4699537311 0.0000000000
7.1256963057 0.5800000000 3.7180203383 0.8983917360 2.4708660411 0.0000000000
7.1339927766 0.5800000000 3.7181629915 0.8992351357 2.4717740137 0.0000000000
7.1422883278 0.5800000000 3.7183095179 0.9001292428 2.4727177623 0.0000000000
7.1505833858 0.5800000000 3.7184579749 0.9010494945 2.4736796911 0.0000000000
7.1588781561 0.5800000000 3.7186078946 0.9019843287 2.4746533034 0.0000000000
7.1671723455 0.5800000000 3.7187617982 0.9029469622 2.4756539712 0.0000000000
7.1754654666 0.5800000000 3.7189168452 0.9039647542 2.4766812761 0.0000000000
7.1837569125 0.5800000000 3.7190958083 0.9050407910 2.4778275430 0.0000000000
7.1920472878 0.5800000000 3.7192942838 0.9061474460 2.4790641070 0.0000000000
7.2003374537 0.5800000000 3.7194925184 0.9072635588 2.4803034909 0.0000000000
7.2086277772 0.5800000000 3.7196879793 0.9083756946 2.4815301885 0.0000000000
7.2169176629 0.5800000000 3.7198916334 0.9094987232 2.4827940164 0.0000000000
7.2252053883 0.5800000000 3.7201098277 0.9107019064 2.4841480668 0.0000000000
7.2334908908 0.5800000000 3.7203394662 0.9119846947 2.4855797361 0.0000000000
7.2417746328 0.5800000000 3.7205786041 0.9133260838 2.4870728436 0.0000000000
7.2500575870 0.5800000000 3.7208283284 0.9146862545 2.4886158090 0.0000000000
7.2583430654 0.5800000000 3.7210587619 0.9159687784 2.4900505526 0.0000000000
7.2666270225 0.5800000000 3.7212713823 0.9173286205 2.4914449710 0.0000000000
7.2749074572 0.5800000000 3.7214860005 0.9188168072 2.4928987186 0.0000000000
7.2831870354 0.5800000000 3.7217108244 0.9203240838 2.4944009246 0.0000000000
7.2914687951 0.5800000000 3.7219260890 0.9217640561 2.4958379720 0.0000000000
7.2997482575 0.5800000000 3.7221823455 0.9232426935 2.4974544528 0.0000000000
7.3080219485 0.5800000000 3.7224705711 0.9248796960 2.4992621563 0.0000000000
7.3162951007 0.5800000000 3.7227583818 0.9265331753 2.5010747910 0.0000000000
7.3245682511 0.5800000000 3.7230488909 0.9281841986 2.5028972367 0.0000000000
7.3328404348 0.5800000000 3.7233127056 0.9298924135 2.5046357813 0.0000000000
7.3411170306 0.5800000000 3.7235700268 0.9314671933 2.5062949779 0.0000000000
7.3493858701 0.5800000000 3.7238554120 0.9332547032 2.5081515230 0.0000000000
7.3576573885 0.5800000000 3.7241309256 0.9349694337 2.5099394693 0.0000000000
7.3659296828 0.5800000000 3.7244231990 0.9366442871 2.5117785045 0.0000000000
7.3741941350 0.5800000000 3.7247414451 0.9385210612 2.5138021986 0.0000000000
7.3824600025 0.5800000000 3.7250532530 0.9403641972 2.5157866844 0.0000000000
7.3907244310 0.5800000000 3.7253649729 0.9422475863 2.5177869195 0.0000000000
7.3989885522 0.5800000000 3.7256913029 0.9441242882 2.5198429204 0.0000000000
7.4072479076 0.5800000000 3.7260199329 0.9461245508 2.5219575453 0.0000000000
7.4155112124 0.5800000000 3.7263097024 0.9480591916 2.5238904800 0.0000000000
7.4237755485 0.5800000000 3.7266029643 0.9499631271 2.5258251015 0.0000000000
7.4320371328 0.5800000000 3.7269114158 0.9519249629 2.5278436419 0.0000000000
7.4402955310 0.5800000000 3.7272437400 0.9539457579 2.5299812568 0.0000000000
7.4485624617 0.5800000000 3.7275685281 0.9557431102 2.5319993501 0.0000000000
7.4568190802 0.5800000000 3.7279333918 0.9577767326 2.5342722537 0.0000000000
7.4650799348 0.5800000000 3.7282432203 0.9597562168 2.5363033616 0.0000000000
7.4733440644 0.5800000000 3.7285203308 0.9616808990 2.5381816762 0.0000000000
7.4816043579 0.5800000000 3.7288092536 0.9636957543 2.5401433098 0.0000000000
7.4898685324 0.5800000000 3.7291094723 0.9655970786 2.5421047142 0.0000000000
7.4981358605 0.5800000000 3.7294336415 0.9673839633 2.5441161449 0.0000000000
7.5064040216 0.5800000000 3.7297484371 0.9691570940 2.5460845795 0.0000000000
7.5146710582 0.5800000000 3.7300610018 0.9709663264 2.5480585315 0.0000000000
7.5229440223 0.5800000000 3.7303340852 0.9726411135 2.5498207798 0.0000000000
7.5312207791 0.5800000000 3.7305934883 0.9742095152 2.5514857528 0.0000000000
7.5394919210 0.5800000000 3.7308650406 0.9759412223 2.5532646448 0.0000000000
7.5477665684 0.5800000000 3.7311203777 0.9775791388 2.5549411599 0.0000000000
7.5560425243 0.5800000000 3.7313863514 0.9791633971 2.5566387579 0.0000000000
7.5643194166 0.5800000000 3.7316494204 0.9807217933 2.5583143925 0.0000000000
7.5725956966 0.5800000000 3.7319195948 0.9822866613 2.5600210374 0.0000000000
7.5808743986 0.5800000000 3.7321633709 0.9838057960 2.5616037956 0.0000000000
7.5891577283 0.5800000000 3.7323680290 0.9851881775 2.5629753805 0.0000000000
7.5974442451 0.5800000000 3.7325580569 0.9864611113 2.5642446656 0.0000000000
7.6057288673 0.5800000000 3.7327605496 0.9878035206 2.5655916003 0.0000000000
7.6140196415 0.5800000000 3.7329221553 0.9889130538 2.5666818361 0.0000000000
7.6223124362 0.5800000000 3.7330731910 0.9899314235 2.5676933270 0.0000000000
7.6306044814 0.5800000000 3.7332370245 0.9909702282 2.5687641828 0.0000000000
7.6388997876 0.5800000000 3.7333838266 0.9918611383 2.5697077553 0.0000000000
7.6471984009 0.5800000000 3.7334788373 0.9925644417 2.5703691193 0.0000000000
7.6554988209 0.5800000000 3.7335558500 0.9931637201 2.5709168815 0.0000000000
7.6637998811 0.5800000000 3.7336373005 0.9937424942 2.5714741933 0.0000000000
7.6721039683 0.5800000000 3.7336097851 0.9938715104 2.5714157381 0.0000000000
7.6804059045 0.5800000000 3.7336412366 0.9941883013 2.5716682604 0.0000000000
7.6887094287 0.5800000000 3.7336077867 0.9942430409 2.5715563567 0.0000000000
7.6970121016 0.5800000000 3.7335999704 0.9942493309 2.5715276076 0.0000000000
7.7053152451 0.5800000000 3.7335003369 0.9939756460 2.5710195995 0.0000000000
7.7136176660 0.5800000000 3.7333961278 0.9936063838 2.5704550582 0.0000000000
7.7219175070 0.5800000000 3.7332787139 0.9929642495 2.5697285491 0.0000000000
7.7302089588 0.5800000000 3.7330860060 0.9919910678 2.5685684447 0.0000000000
7.7385018914 0.5800000000 3.7329028034 0.9910133124 2.5674445322 0.0000000000
7.7467857633 0.5800000000 3.7326575511 0.9896849921 2.5659321948 0.0000000000
7.7550449854 0.5800000000 3.7323392270 0.9878132535 2.5639102030 0.0000000000
7.7633254570 0.5800000000 3.7321170932 0.9864881560 2.5624916289 0.0000000000
7.7715865294 0.5800000000 3.7317805361 0.9845490318 2.5603697508 0.0000000000
7.7798347988 0.5800000000 3.7313868258 0.9823210107 2.5579037010 0.0000000000
7.7880260789 0.5800000000 3.7309031496 0.9794002397 2.5548006878 0.0000000000
7.7962514565 0.5800000000 3.7305277678 0.9767772295 2.5522499565 0.0000000000
7.8044622164 0.5800000000 3.7301006654 0.9738735684 2.5493800824 0.0000000000
7.8126429210 0.5800000000 3.7295729878 0.9705630484 2.5459451641 0.0000000000
7.8207982777 0.5800000000 3.7289827007 0.9669437686 2.5421363039 0.0000000000
7.8289361232 0.5800000000 3.7284625342 0.9630200785 2.5384861619 0.0000000000
7.8370805296 0.5800000000 3.7279835404 0.9591614103 2.5350267195 0.0000000000
7.8451422836 0.5800000000 3.7272476501 0.9545351187 2.5302326414 0.0000000000
7.8531784497 0.5800000000 3.7265684935 0.9495844746 2.5255357572 0.0000000000
7.8611847458 0.5800000000 3.7259036972 0.9443285763 2.5207742127 0.0000000000
7.8692452817 0.5800000000 3.7254313131 0.9401969022 2.5172320068 0.0000000000
7.8771550267 0.5800000000 3.7246279559 0.9347851259 2.5118538674 0.0000000000
7.8848835815 0.5800000000 3.7237084735 0.9275452220 2.5052799765 0.0000000000
7.8926663467 0.5800000000 3.7228855311 0.9206021402 2.4992109741 0.0000000000
7.9004303305 0.5800000000 3.7220029195 0.9135736330 2.4928691248 0.0000000000
7.9081386199 0.5800000000 3.7212225231 0.9061025806 2.4867591181 0.0000000000
7.9158022419 0.5800000000 3.7203365085 0.8984213690 2.4801425752 0.0000000000
7.9234619857 0.5800000000 3.7194824782 0.8906605658 2.4736221326 0.0000000000
7.9299797068 0.5800000000 3.7195285049 0.8911158244 2.4739883429 0.0000000000
7.9365178786 0.5800000000 3.7182346996 0.8787843876 2.4638805472 0.0000000000
7.9430704658 0.5800000000 3.7169408093 0.8664546891 2.4537731062 0.0000000000
7.9497672332 0.5800000000 3.7158839264 0.8544727268 2.4447527901 0.0000000000
7.9564968633 0.5800000000 3.7147708644 0.8426314126 2.4355640161 0.0000000000
7.9633259489 0.5800000000 3.7138347153 0.8310597738 2.4271907642 0.0000000000
7.9701896895 0.5800000000 3.7128499653 0.8196528265 2.4186889856 0.0000000000
7.9770214500 0.5800000000 3.7119116061 0.8080885483 2.4103098372 0.0000000000
7.9831912128 0.5800000000 3.7110073430 0.7943882261 2.4012126561 0.0000000000
7.9893878289 0.5800000000 3.7099877481 0.7808041424 2.3917006429 0.0000000000
7.9954229640 0.5800000000 3.7090864018 0.7667223852 2.3824625550 0.0000000000
8.0012069601 0.5800000000 3.7081038185 0.7520429465 2.3726604463 0.0000000000
8.0067558136 0.5800000000 3.7071582501 0.7367952506 2.3627790943 0.0000000000
8.0114638761 0.5800000000 3.7061257293 0.7201322627 2.3519838157 0.0000000000
8.0146743672 0.5800000000 3.7049532806 0.7012121868 2.3397259907 0.0000000000
8.0175371756 0.5800000000 3.7039621720 0.6818846534 2.3280305431 0.0000000000
8.0199662599 0.5800000000 3.7027575138 0.6622638339 2.3153635823 0.0000000000
8.0220257571 0.5800000000 3.7016240171 0.6423534538 2.3028654433 0.0000000000
8.0237619323 0.5800000000 3.7003629453 0.6222985450 2.2897991928 0.0000000000
8.0252283850 0.5800000000 3.6991410438 0.6020938912 2.2768297252 0.0000000000
8.0264682786 0.5800000000 3.6978144671 0.5818360468 2.2634202809 0.0000000000
8.0275249257 0.5800000000 3.6965991758 0.5614714260 2.2504132671 0.0000000000
8.0284242877 0.5800000000 3.6952798306 0.5410989216 2.2369868848 0.0000000000
8.0291965663 0.5800000000 3.6939462169 0.5206986281 2.2234923125 0.0000000000
8.0298717837 0.5800000000 3.6926917444 0.5002452177 2.2102930583 0.0000000000
8.0304593605 0.5800000000 3.6913352196 0.4798168540 2.1966956136 0.0000000000
8.0309700208 0.5800000000 3.6900160079 0.4593592261 2.1832357154 0.0000000000
8.0314148389 0.5800000000 3.6886589033 0.4389072501 2.1696265070 0.0000000000
8.0318054611 0.5800000000 3.6872759784 0.4184593766 2.1559156578 0.0000000000
8.0321495946 0.5800000000 3.6860455111 0.3979453705 2.1427881862 0.0000000000
8.0324538165 0.5800000000 3.6846431691 0.3774969996 2.1289994697 0.0000000000
8.0327184438 0.5800000000 3.6833328990 0.3570082290 2.1155628811 0.0000000000
8.0329462375 0.5800000000 3.6821141378 0.3364805698 2.1024767728 0.0000000000
8.0331449039 0.5800000000 3.6807741589 0.3159970367 2.0889234439 0.0000000000
8.0333196953 0.5800000000 3.6795085395 0.2954829570 2.0756553344 0.0000000000
8.0334751504 0.5800000000 3.6782555179 0.2749630603 2.0624352895 0.0000000000
8.0336140081 0.5800000000 3.6769844097 0.2544494156 2.0491453986 0.0000000000
8.0337385592 0.5800000000 3.6756744549 0.2339503625 2.0357059581 0.0000000000
8.0338511510 0.5800000000 3.6744080848 0.2134350405 2.0224343488 0.0000000000
8.0339528133 0.5800000000 3.6732249240 0.1928879004 2.0094828498 0.0000000000
8.0340453645 0.5800000000 3.6720593142 0.1723338455 1.9965987887 0.0000000000
8.0341298800 0.5800000000 3.6707565817 0.1518307146 1.9831866064 0.0000000000
8.0342073099 0.5800000000 3.6695625359 0.1312871114 1.9701929818 0.0000000000
8.0342783828 0.5800000000 3.6683849857 0.1107373857 1.9572628907 0.0000000000
8.0343443030 0.5800000000 3.6672858545 0.0901592889 1.9446351269 0.0000000000
8.0344056380 0.5800000000 3.6660082165 0.0696459741 1.9313192494 0.0000000000
8.0344623910 0.5800000000 3.6649075333 0.0490684339 1.9186855002 0.0000000000
8.0345158595 0.5800000000 3.6637800000 0.0285000000 1.9059479936 0.0000000000
8.0345511233 0.5800000000 3.6629200000 0.0142250000 1.8967979936 0.0000000000
8.0346592707 0.5800000000 3.6604430373 -0.0333137724 1.8678746338 0.0000000000
8.0347575395 0.5800000000 3.6579114919 -0.0808354118 1.8387397966 0.0000000000
8.0348479709 0.5800000000 3.6554673165 -0.1283861927 1.8099427826 0.0000000000
8.0349369745 0.5800000000 3.6531263877 -0.1759687890 1.7815460290 0.0000000000
8.0350245066 0.5800000000 3.6506495179 -0.2235089396 1.7526224894 0.0000000000
8.0351103810 0.5800000000 3.6483718763 -0.2711118451 1.7244707607 0.0000000000
8.0351954275 0.5800000000 3.6461126222 -0.3187205914 1.6963902459 0.0000000000
8.0352802305 0.5800000000 3.6437795095 -0.3663071250 1.6680231817 0.0000000000
8.0353660062 0.5800000000 3.6415706512 -0.4139302663 1.6401384919 0.0000000000
8.0354544178 0.5800000000 3.6393819873 -0.4615596562 1.6123320803 0.0000000000
8.0355483802 0.5800000000 3.6372196021 -0.5091971104 1.5846275577 0.0000000000
8.0356503599 0.5800000000 3.6350696544 -0.5568457710 1.5569683029 0.0000000000
8.0357826332 0.5800000000 3.6329589074 -0.6046278622 1.5294124782 0.0000000000
8.0360998278 0.5800000000 3.6321991498 -0.6254322221 1.5180517038 0.0000000000
8.0362140160 0.5800000000 3.6346447230 -0.5728554021 1.5488647246 0.0000000000
8.0363433470 0.5800000000 3.6368371143 -0.5259323920 1.5764034941 0.0000000000
8.0364841474 0.5800000000 3.6390366741 -0.4784047198 1.6042128020 0.0000000000
8.0367130844 0.5800000000 3.6412271256 -0.4307840719 1.6320228670 0.0000000000
8.0371260737 0.5800000000 3.6434355021 -0.3831706928 1.6599017248 0.0000000000
8.0375811425 0.5800000000 3.6458265013 -0.3356153784 1.6884878473 0.0000000000
8.0383271303 0.5800000000 3.6480322540 -0.2880526289 1.7163359581 0.0000000000
8.0398593097 0.5800000000 3.6501562873 -0.2399923649 1.7440561967 0.0000000000
8.0448144331 0.5800000000 3.6477863214 -0.2753981859 1.7204140049 0.0000000000
8.0478447794 0.5800000000 3.6454177673 -0.3223759551 1.6921486806 0.0000000000
8.0508661647 0.5800000000 3.6430428906 -0.3693485026 1.6638601550 0.0000000000
8.0537795456 0.5800000000 3.6408505513 -0.4164175011 1.6362631982 0.0000000000
8.0565275655 0.5800000000 3.6386770694 -0.4635536167 1.6087148245 0.0000000000
8.0590896284 0.5800000000 3.6365164351 -0.5107587923 1.5811902171 0.0000000000
8.0614755562 0.5800000000 3.6343793163 -0.5580283090 1.5537339351 0.0000000000
8.0636845840 0.5800000000 3.6322619257 -0.6053570848 1.5263328624 0.0000000000
8.0657266287 0.5800000000 3.6301516217 -0.6527347117 1.4989405957 0.0000000000
8.0676152456 0.5800000000 3.6280584893 -0.7001568637 1.4715992052 0.0000000000
8.0693941833 0.5800000000 3.6259834919 -0.7476105362 1.4443177465 0.0000000000
8.0710457157 0.5800000000 3.6239239791 -0.7950971945 1.4170850321 0.0000000000
8.0725836943 0.5800000000 3.6218507312 -0.8426039298 1.3897893463 0.0000000000
8.0740197788 0.5800000000 3.6198340148 -0.8901457421 1.3627057557 0.0000000000
8.0753666088 0.5800000000 3.6178782235 -0.9377194499 1.3358531075 0.0000000000
8.0766343680 0.5800000000 3.6158757927 -0.9852948782 1.3088132132 0.0000000000
8.0778343563 0.5800000000 3.6138710950 -1.0328808334 1.2817600401 0.0000000000
8.0789869638 0.5800000000 3.6118553455 -1.0804712097 1.2546608917 0.0000000000
8.0800874537 0.5800000000 3.6098448790 -1.1280706132 1.2275792644 0.0000000000
8.0811426997 0.5800000000 3.6080134700 -1.1757217308 1.2011931811 0.0000000000
8.0821555762 0.5800000000 3.6060058055 -1.2233339884 1.1741176202 0.0000000000
8.0831322529 0.5800000000 3.6040021066 -1.2709521467 1.1470555615 0.0000000000
8.0840768669 0.5800000000 3.6020101549 -1.3185774506 1.1200376329 0.0000000000
8.0849923997 0.5800000000 3.6000849770 -1.3662234143 1.0932785358 0.0000000000
8.0858858739 0.5800000000 3.5981295095 -1.4138642159 1.0664003452 0.0000000000
8.0867550114 0.5800000000 3.5961861702 -1.4615109196 1.0395683064 0.0000000000
8.0876008370 0.5800000000 3.5942026284 -1.5091499926 1.0125785099 0.0000000000
8.0884209784 0.5800000000 3.5922233983 -1.5567930020 0.9856043860 0.0000000000
8.0892111142 0.5800000000 3.5902345425 -1.6044366766 0.9585914927 0.0000000000
8.0899623414 0.5800000000 3.5882380731 -1.6520822838 0.9315473726 0.0000000000
8.0906610705 0.5800000000 3.5862366281 -1.6997315785 0.9044818744 0.0000000000
8.0912907726 0.5800000000 3.5842317195 -1.7473859671 0.8774004846 0.0000000000
8.0918394484 0.5800000000 3.5822251557 -1.7950461657 0.8503101499 0.0000000000
8.0923129134 0.5800000000 3.5801966342 -1.8427056247 0.8231322803 0.0000000000
8.0927366032 0.5800000000 3.5781330728 -1.8903586199 0.7958168366 0.0000000000
8.0931292012 0.5800000000 3.5760676101 -1.9380127770 0.7684933230 0.0000000000
8.0934816010 0.5800000000 3.5738945486 -1.9856387977 0.7407506690 0.0000000000
8.0937914926 0.5800000000 3.5717802359 -2.0332832842 0.7132356234 0.0000000000
8.0940726796 0.5800000000 3.5697150295 -2.0809425121 0.6859111068 0.0000000000
8.0943394999 0.5800000000 3.5674473079 -2.1285445976 0.6577993861 0.0000000000
8.0945974118 0.5800000000 3.5653419889 -2.1761937210 0.6303184609 0.0000000000
8.0948465154 0.5800000000 3.5630650516 -2.2237928763 0.6021710494 0.0000000000
8.0950880182 0.5800000000 3.5609254112 -2.2714325877 0.5745566034 0.0000000000
8.0953240612 0.5800000000 3.5586512515 -2.3190336570 0.5464195366 0.0000000000
8.0955585294 0.5800000000 3.5563802544 -2.3666350102 0.5182950071 0.0000000000
8.0957945133 0.5800000000 3.5541621461 -2.4142517174 0.4903758909 0.0000000000
8.0960251321 0.5800000000 3.5518326144 -2.4618360156 0.4620240449 0.0000000000
8.0962421376 0.5800000000 3.5496573565 -2.5094664758 0.4342708294 0.0000000000
8.0964614518 0.5800000000 3.5473000672 -2.5570424869 0.4058112676 0.0000000000
8.0966829682 0.5800000000 3.5449710714 -2.6046241044 0.3774626375 0.0000000000
8.0969076167 0.5800000000 3.5426718871 -2.6522177251 0.3492284518 0.0000000000
8.0971396516 0.5800000000 3.5403266370 -2.6997962721 0.3208160329 0.0000000000
8.0973839275 0.5800000000 3.5380713089 -2.7474024200 0.2927522612 0.0000000000
8.0976389680 0.5800000000 3.5358062855 -2.7950041169 0.2646514887 0.0000000000
8.0979022843 0.5800000000 3.5335645243 -2.8426117902 0.2366413748 0.0000000000
8.0981853088 0.5800000000 3.5313006832 -2.8902191784 0.2085430549 0.0000000000
8.0984037146 0.5800000000 3.5306546203 -2.9092400676 0.1983504478 0.0000000000
8.0984151524 0.5800000000 3.5332287279 -2.8628191644 0.2272152393 0.0000000000
8.0984222316 0.5800000000 3.5358235027 -2.8156835680 0.2564485770 0.0000000000
8.0984303256 0.5800000000 3.5383747953 -2.7681286505 0.2856757145 0.0000000000
8.0984370696 0.5800000000 3.5409256611 -2.7209248657 0.3147606917 0.0000000000
8.0984601531 0.5800000000 3.5397223499 -2.7432261870 0.3010269184 0.0000000000
8.0984727730 0.5800000000 3.5373471034 -2.7880388294 0.2736008755 0.0000000000
8.0984835212 0.5800000000 3.5347446408 -2.8354381446 0.2442312988 0.0000000000
8.0984946541 0.5800000000 3.5321765771 -2.8829489598 0.2149547179 0.0000000000
8.0985068276 0.5800000000 3.5296174013 -2.9304623613 0.1857126540 0.0000000000
8.0985204513 0.5800000000 3.5269030000 -2.9779226868 0.1558709189 0.0000000000
8.0985359662 0.5800000000 3.5243230622 -3.0254290837 0.1265486090 0.0000000000
8.0985537991 0.5800000000 3.5216271707 -3.0728960457 0.0967782580 0.0000000000
8.0985742275 0.5800000000 3.5189019178 -3.1203525564 0.0668946421 0.0000000000
8.0985975039 0.5800000000 3.5162791703 -3.1678451191 0.0374066270 0.0000000000
8.0986241435 0.5800000000 3.5136660929 -3.2153410676 0.0079559382 0.0000000000
8.0986552970 0.5800000000 3.5109050574 -3.2627849360 -0.0220657511 0.0000000000
8.0986939589 0.5800000000 3.5083349325 -3.3103097223 -0.0513561652 0.0000000000
8.0987739248 0.5800000000 3.5063138453 -3.3492133173 -0.0750019521 0.0000000000
8.0987919735 0.5800000000 3.5092384278 -3.3002373686 -0.0437132425 0.0000000000
8.0987950616 0.5800000000 3.5112200000 -3.2674500000 -0.0226720064 0.0000000000
