# logAge Mass logTe Mbol logg C/O
-0.5779413385 1.2500000000 3.5556100000 -1.9293750000 1.0236000130 0.0000000000
-0.5326152707 1.2500000000 3.5556093014 -1.9293139846 1.0236216247 0.0000000000
-0.4872892037 1.2500000000 3.5556108952 -1.9292486214 1.0236541451 0.0000000000
-0.4419631380 1.2500000000 3.5556141747 -1.9291777882 1.0236955965 0.0000000000
-0.3966370742 1.2500000000 3.5556185333 -1.9291003632 1.0237440011 0.0000000000
-0.3513110127 1.2500000000 3.5556233645 -1.9290152243 1.0237973811 0.0000000000
-0.3059849541 1.2500000000 3.5556280614 -1.9289212496 1.0238537588 0.0000000000
-0.2606588989 1.2500000000 3.5556320934 -1.9288172863 1.0239114722 0.0000000000
-0.2153328483 1.2500000000 3.5556363708 -1.9287015959 1.0239748578 0.0000000000
-0.1700068038 1.2500000000 3.5556430467 -1.9285718874 1.0240534447 0.0000000000
-0.1246807682 1.2500000000 3.5556524447 -1.9284247383 1.0241498966 0.0000000000
-0.0793547456 1.2500000000 3.5556624311 -1.9282552928 1.0242576204 0.0000000000
-0.0340287378 1.2500000000 3.5556717227 -1.9280623599 1.0243719597 0.0000000000
0.0112972580 1.2500000000 3.5556810135 -1.9278520564 1.0244932444 0.0000000000
0.0566232430 1.2500000000 3.5556907080 -1.9276280465 1.0246216265 0.0000000000
0.1019492119 1.2500000000 3.5556997020 -1.9273843847 1.0247550672 0.0000000000
0.1472751572 1.2500000000 3.5557075071 -1.9271135187 1.0248946341 0.0000000000
0.1926010667 1.2500000000 3.5557176071 -1.9268085056 1.0250570392 0.0000000000
0.2379269283 1.2500000000 3.5557337279 -1.9264635868 1.0252594901 0.0000000000
0.2832527398 1.2500000000 3.5557536245 -1.9260799973 1.0254925119 0.0000000000
0.3285785018 1.2500000000 3.5557729036 -1.9256611715 1.0257371590 0.0000000000
0.3739042015 1.2500000000 3.5557912572 -1.9252022550 1.0259941396 0.0000000000
0.4192298166 1.2500000000 3.5558109086 -1.9246932436 1.0262763499 0.0000000000
0.4645553165 1.2500000000 3.5558338784 -1.9241242136 1.0265958411 0.0000000000
0.5098806629 1.2500000000 3.5558619149 -1.9234855230 1.0269634633 0.0000000000
0.5552058311 1.2500000000 3.5558946324 -1.9227729218 1.0273793739 0.0000000000
0.6005308140 1.2500000000 3.5559289101 -1.9219890913 1.0278300167 0.0000000000
0.6458555783 1.2500000000 3.5559642562 -1.9211302081 1.0283149545 0.0000000000
0.6911800396 1.2500000000 3.5560054851 -1.9201792944 1.0288602358 0.0000000000
0.7365041138 1.2500000000 3.5560553254 -1.9191208049 1.0294829928 0.0000000000
0.7818277353 1.2500000000 3.5561090325 -1.9179472735 1.0301672337 0.0000000000
0.8271508244 1.2500000000 3.5561625453 -1.9166506398 1.0308999382 0.0000000000
0.8724732294 1.2500000000 3.5562201568 -1.9152144226 1.0317048713 0.0000000000
0.9177947802 1.2500000000 3.5562875601 -1.9136206902 1.0326119775 0.0000000000
0.9631153118 1.2500000000 3.5563652568 -1.9118564915 1.0336284438 0.0000000000
1.0084346472 1.2500000000 3.5564517652 -1.9099097800 1.0347531619 0.0000000000
1.0537524707 1.2500000000 3.5565463811 -1.9077576012 1.0359924968 0.0000000000
1.0990683841 1.2500000000 3.5566489401 -1.9053707813 1.0373574610 0.0000000000
1.1443819709 1.2500000000 3.5567607160 -1.9027226325 1.0388638242 0.0000000000
1.1896927833 1.2500000000 3.5568841104 -1.8997878271 1.0405313237 0.0000000000
1.2349998489 1.2500000000 3.5570188677 -1.8965141323 1.0423798308 0.0000000000
1.2803015645 1.2500000000 3.5571615016 -1.8928170719 1.0444291907 0.0000000000
1.3255968110 1.2500000000 3.5573116958 -1.8886520244 1.0466959864 0.0000000000
1.3708853862 1.2500000000 3.5574750450 -1.8840477988 1.0491910734 0.0000000000
1.4161665384 1.2500000000 3.5576555115 -1.8790098314 1.0519281264 0.0000000000
1.4614378488 1.2500000000 3.5578512651 -1.8734635813 1.0549296409 0.0000000000
1.5066973772 1.2500000000 3.5580628955 -1.8673538144 1.0582200692 0.0000000000
1.5519461089 1.2500000000 3.5583041312 -1.8607513412 1.0618260012 0.0000000000
1.5971844998 1.2500000000 3.5585876818 -1.8537145201 1.0657749323 0.0000000000
1.6424054838 1.2500000000 3.5589006734 -1.8460401252 1.0700966565 0.0000000000
1.6876000605 1.2500000000 3.5592239506 -1.8374596256 1.0748219651 0.0000000000
1.7327675694 1.2500000000 3.5595695851 -1.8280133992 1.0799829936 0.0000000000
1.7779116563 1.2500000000 3.5599657215 -1.8179020382 1.0856120836 0.0000000000
1.8230304752 1.2500000000 3.5604191311 -1.8071346650 1.0917326715 0.0000000000
1.8681174018 1.2500000000 3.5609188531 -1.7955587537 1.0983619238 0.0000000000
1.9131578390 1.2500000000 3.5614513564 -1.7829108794 1.1055510870 0.0000000000
1.9581285320 1.2500000000 3.5620015583 -1.7688170635 1.1133894210 0.0000000000
2.0030206864 1.2500000000 3.5625714855 -1.7532260911 1.1219055184 0.0000000000
2.0478373354 1.2500000000 3.5631775370 -1.7363451648 1.1310820953 0.0000000000
2.0925741782 1.2500000000 3.5638318838 -1.7182080854 1.1409543140 0.0000000000
2.1372338362 1.2500000000 3.5645546999 -1.6989289490 1.1515572329 0.0000000000
2.1818205972 1.2500000000 3.5653607234 -1.6786464060 1.1628943441 0.0000000000
2.2263212500 1.2500000000 3.5662374347 -1.6572312389 1.1749672562 0.0000000000
2.2706909057 1.2500000000 3.5671545968 -1.6341842008 1.1878547199 0.0000000000
2.3148284920 1.2500000000 3.5680249530 -1.6085024378 1.2016088498 0.0000000000
2.3588622310 1.2500000000 3.5689853706 -1.5817437335 1.2161540020 0.0000000000
2.4027693181 1.2500000000 3.5700139739 -1.5537297255 1.2314740183 0.0000000000
2.4465909608 1.2500000000 3.5711708552 -1.5249202121 1.2476253491 0.0000000000
2.4901740756 1.2500000000 3.5723072726 -1.4939395403 1.2645632873 0.0000000000
2.5335122369 1.2500000000 3.5734503727 -1.4608723099 1.2823625799 0.0000000000
2.5766972313 1.2500000000 3.5746621433 -1.4265878847 1.3009234324 0.0000000000
2.6197488908 1.2500000000 3.5759586762 -1.3912996688 1.3202248503 0.0000000000
2.6626483777 1.2500000000 3.5773224794 -1.3548973810 1.3402409782 0.0000000000
2.7051141896 1.2500000000 3.5785440637 -1.3153929613 1.3609290832 0.0000000000
2.7474862215 1.2500000000 3.5798850991 -1.2753017111 1.3823297248 0.0000000000
2.7897952499 1.2500000000 3.5813476098 -1.2348139817 1.4043748595 0.0000000000
2.8317885453 1.2500000000 3.5827538684 -1.1923182672 1.4269981798 0.0000000000
2.8735336441 1.2500000000 3.5841550668 -1.1483150700 1.4502042520 0.0000000000
2.9152240579 1.2500000000 3.5856800121 -1.1040128209 1.4740249332 0.0000000000
2.9567816293 1.2500000000 3.5872463198 -1.0589521654 1.4983144262 0.0000000000
2.9978950383 1.2500000000 3.5886647145 -1.0113779504 1.5230176910 0.0000000000
3.0389499821 1.2500000000 3.5901608262 -0.9635038729 1.5481517685 0.0000000000
3.0800190934 1.2500000000 3.5917875047 -0.9157288509 1.5737684915 0.0000000000
3.1206098047 1.2500000000 3.5932390800 -0.8654398266 1.5996904022 0.0000000000
3.1611463120 1.2500000000 3.5947522920 -0.8148841768 1.6259655105 0.0000000000
3.2016800795 1.2500000000 3.5963557778 -0.7643319834 1.6526003310 0.0000000000
3.2419779647 1.2500000000 3.5979175510 -0.7126105521 1.6795359963 0.0000000000
3.2820330219 1.2500000000 3.5994119522 -0.6597100451 1.7066738039 0.0000000000
3.3221913534 1.2500000000 3.6010453067 -0.6073257893 1.7341609241 0.0000000000
3.3621315412 1.2500000000 3.6026159245 -0.5539118092 1.7618089872 0.0000000000
3.4017913938 1.2500000000 3.6040953998 -0.4991768427 1.7896208751 0.0000000000
3.4415416385 1.2500000000 3.6056717822 -0.4448710500 1.8176487220 0.0000000000
3.4812608111 1.2500000000 3.6072892818 -0.3904389859 1.8458915457 0.0000000000
3.5205629232 1.2500000000 3.6087156603 -0.3341029738 1.8741314646 0.0000000000
3.5600080837 1.2500000000 3.6102676513 -0.2784186295 1.9026131666 0.0000000000
3.5994742733 1.2500000000 3.6118745098 -0.2228370944 1.9312732146 0.0000000000
3.6385556923 1.2500000000 3.6132931829 -0.1655517956 1.9598620262 0.0000000000
3.6777327187 1.2500000000 3.6147994095 -0.1086896708 1.9886317827 0.0000000000
3.7169432625 1.2500000000 3.6163569308 -0.0519804595 2.0175455523 0.0000000000
3.7559288868 1.2500000000 3.6178094461 0.0057041426 2.0464294546 0.0000000000
3.7948459512 1.2500000000 3.6192485629 0.0636798608 2.0753762088 0.0000000000
3.8338045907 1.2500000000 3.6207255896 0.1214768413 2.1044031080 0.0000000000
3.8727769220 1.2500000000 3.6222350240 0.1792100145 2.1335341148 0.0000000000
3.9114761850 1.2500000000 3.6235939498 0.2381039897 2.1625274080 0.0000000000
3.9502361050 1.2500000000 3.6250070884 0.2967403690 2.1916345144 0.0000000000
3.9890841184 1.2500000000 3.6264886141 0.3550013952 2.2208650276 0.0000000000
4.0277049974 1.2500000000 3.6278406437 0.4142136516 2.2499580485 0.0000000000
4.0663070969 1.2500000000 3.6291959075 0.4735058509 2.2790959833 0.0000000000
4.1049679489 1.2500000000 3.6305887164 0.5325529039 2.3082860402 0.0000000000
4.1436548023 1.2500000000 3.6320087414 0.5914888701 2.3375405266 0.0000000000
4.1820747081 1.2500000000 3.6332709876 0.6515292867 2.3666056781 0.0000000000
4.2205892827 1.2500000000 3.6345912401 0.7111809054 2.3957473354 0.0000000000
4.2591303414 1.2500000000 3.6359193949 0.7707247263 2.4248774833 0.0000000000
4.2976552263 1.2500000000 3.6372448784 0.8303337988 2.4540230462 0.0000000000
4.3360374433 1.2500000000 3.6384754690 0.8905281558 2.4830231512 0.0000000000
4.3744598923 1.2500000000 3.6397255145 0.9505594676 2.5120358582 0.0000000000
4.4129363415 1.2500000000 3.6409827023 1.0103734844 2.5409902160 0.0000000000
4.4514747887 1.2500000000 3.6422447133 1.0699368946 2.5698636242 0.0000000000
4.4898870854 1.2500000000 3.6433782233 1.1300230394 2.5984321219 0.0000000000
4.5284477455 1.2500000000 3.6445298034 1.1895098435 2.6268331642 0.0000000000
4.5672676269 1.2500000000 3.6456825027 1.2479327691 2.6548131314 0.0000000000
4.6063994678 1.2500000000 3.6468153977 1.3050407468 2.6821879027 0.0000000000
4.6458564811 1.2500000000 3.6478091423 1.3607486051 2.7084460243 0.0000000000
4.6860192827 1.2500000000 3.6487395626 1.4132074385 2.7331512388 0.0000000000
4.7271289919 1.2500000000 3.6495850715 1.4608569697 2.7555930870 0.0000000000
4.7692982175 1.2500000000 3.6503281523 1.5023288640 2.7751541677 0.0000000000
4.8124406338 1.2500000000 3.6509462180 1.5370049220 2.7914968540 0.0000000000
4.8562803235 1.2500000000 3.6514618137 1.5657383636 2.8050526132 0.0000000000
4.9004800302 1.2500000000 3.6519087966 1.5908140212 2.8168708080 0.0000000000
4.9447401548 1.2500000000 3.6523218618 1.6152234687 2.8282868478 0.0000000000
4.9888133517 1.2500000000 3.6527455421 1.6416593358 2.8405559159 0.0000000000
5.0324083118 1.2500000000 3.6532318270 1.6726391841 2.8548929947 0.0000000000
5.0750624320 1.2500000000 3.6538497282 1.7108948694 2.8726668736 0.0000000000
5.1159743032 1.2500000000 3.6546251759 1.7595335786 2.8952241482 0.0000000000
5.1540677492 1.2500000000 3.6555989396 1.8207648276 2.9236117026 0.0000000000
5.1887110599 1.2500000000 3.6567505002 1.8936981585 2.9573912773 0.0000000000
5.2208282833 1.2500000000 3.6579103557 1.9735910449 2.9939878539 0.0000000000
5.2525598515 1.2500000000 3.6590270643 2.0544568936 3.0308010278 0.0000000000
5.2848600095 1.2500000000 3.6601094663 2.1339051098 3.0669099222 0.0000000000
5.3177026069 1.2500000000 3.6611417911 2.2119558778 3.1022595287 0.0000000000
5.3510212169 1.2500000000 3.6621216412 2.2887403076 3.1368927009 0.0000000000
5.3846476101 1.2500000000 3.6629732540 2.3646911916 3.1706795056 0.0000000000
5.4186711393 1.2500000000 3.6637956537 2.4395305471 3.2039048465 0.0000000000
5.4530489518 1.2500000000 3.6645696093 2.5133549319 3.2365304229 0.0000000000
5.4877237152 1.2500000000 3.6653029648 2.5863086326 3.2686453253 0.0000000000
5.5226779864 1.2500000000 3.6659893134 2.6584270198 3.3002380745 0.0000000000
5.5578556792 1.2500000000 3.6666340179 2.7298655887 3.3313923201 0.0000000000
5.5932102754 1.2500000000 3.6672164717 2.8007600755 3.3620799302 0.0000000000
5.6287043569 1.2500000000 3.6677280806 2.8712208015 3.3923106560 0.0000000000
5.6643721683 1.2500000000 3.6682066928 2.9411324817 3.4221897767 0.0000000000
5.7001670965 1.2500000000 3.6686355826 3.0106389715 3.4517079318 0.0000000000
5.7361178128 1.2500000000 3.6690257514 3.0796423426 3.4808699557 0.0000000000
5.7721517815 1.2500000000 3.6693699010 3.1483754250 3.5097397870 0.0000000000
5.8082965581 1.2500000000 3.6696756702 3.2167450223 3.5383107028 0.0000000000
5.8445141753 1.2500000000 3.6699300225 3.2848749109 3.5665800672 0.0000000000
5.8807882037 1.2500000000 3.6701422430 3.3528178844 3.5946061386 0.0000000000
5.9171225377 1.2500000000 3.6703081635 3.4205600784 3.6223666986 0.0000000000
5.9535086090 1.2500000000 3.6704207669 3.4881292080 3.6498447636 0.0000000000
5.9899311068 1.2500000000 3.6704916420 3.5555758511 3.6771069213 0.0000000000
6.0263884213 1.2500000000 3.6705138096 3.6229050497 3.7041272712 0.0000000000
6.0628842089 1.2500000000 3.6704985950 3.6901037906 3.7309459092 0.0000000000
6.0993928157 1.2500000000 3.6704343483 3.7572587917 3.7575509229 0.0000000000
6.1359575743 1.2500000000 3.6703357152 3.8242222185 3.7839417613 0.0000000000
6.1725701590 1.2500000000 3.6701976110 3.8910218389 3.8101091926 0.0000000000
6.2092399503 1.2500000000 3.6700217598 3.9576244150 3.8360468182 0.0000000000
6.2460086160 1.2500000000 3.6698287484 4.0238851878 3.8617790817 0.0000000000
6.2828809419 1.2500000000 3.6696054332 4.0897843111 3.8872454702 0.0000000000
6.3198994426 1.2500000000 3.6693816888 4.1551691775 3.9125044391 0.0000000000
6.3570911201 1.2500000000 3.6691594575 4.2199367591 3.9375225468 0.0000000000
6.3945057754 1.2500000000 3.6689448659 4.2838967070 3.9622481592 0.0000000000
6.4321888282 1.2500000000 3.6687818432 4.3468646174 3.9867832329 0.0000000000
6.4701861794 1.2500000000 3.6686626945 4.4086406867 4.0110170655 0.0000000000
6.5085669354 1.2500000000 3.6686419510 4.4689188207 4.0350453453 0.0000000000
6.5473989160 1.2500000000 3.6687218814 4.5273604309 4.0587417110 0.0000000000
6.5867608349 1.2500000000 3.6689683888 4.5835378120 4.0821986929 0.0000000000
6.6267455175 1.2500000000 3.6694113685 4.6368853834 4.1053096402 0.0000000000
6.6674547741 1.2500000000 3.6701325387 4.6866655421 4.1281063848 0.0000000000
6.7089937536 1.2500000000 3.6711885186 4.7319119656 4.1504288737 0.0000000000
6.7514307020 1.2500000000 3.6727027521 4.7714999655 4.1723210076 0.0000000000
6.7948338562 1.2500000000 3.6747859147 4.8036493145 4.1935133976 0.0000000000
6.8391820619 1.2500000000 3.6776343957 4.8257339931 4.2137411929 0.0000000000
6.8841765476 1.2500000000 3.6814247707 4.8346836069 4.2324825384 0.0000000000
6.9290883014 1.2500000000 3.6863205383 4.8269465451 4.2489707843 0.0000000000
6.9726221211 1.2500000000 3.6923573549 4.7998204803 4.2622676249 0.0000000000
7.0132083336 1.2500000000 3.6994072906 4.7528846148 4.2716930212 0.0000000000
7.0498355681 1.2500000000 3.7070898870 4.6891458089 4.2769278844 0.0000000000
7.0822039901 1.2500000000 3.7150836883 4.6124876035 4.2782398076 0.0000000000
7.1106753473 1.2500000000 3.7231153584 4.5266954492 4.2760496262 0.0000000000
7.1357760116 1.2500000000 3.7310453469 4.4344871424 4.2708862575 0.0000000000
7.1580521397 1.2500000000 3.7387651123 4.3377273617 4.2630614067 0.0000000000
7.1780710203 1.2500000000 3.7463027135 4.2378365747 4.2532554969 0.0000000000
7.1964671793 1.2500000000 3.7536647460 4.1359289146 4.2419405628 0.0000000000
7.2136570120 1.2500000000 3.7609409160 4.0326709829 4.2297420701 0.0000000000
7.2302571279 1.2500000000 3.7682834546 3.9288394977 4.2175796304 0.0000000000
7.2474169546 1.2500000000 3.7761214735 3.8258159854 4.2077223010 0.0000000000
7.2698299817 1.2500000000 3.7858118450 3.7308861127 4.2085118382 0.0000000000
7.3046200990 1.2500000000 3.7958505485 3.7567221188 4.2590010545 0.0000000000
7.3245641939 1.2500000000 3.7975709616 3.8581623287 4.3064587909 0.0000000000
7.3404738062 1.2500000000 3.7967695565 3.9642391223 4.3456838881 0.0000000000
7.3573243254 1.2500000000 3.7947100000 4.0692750000 4.3794600130 0.0000000000
7.3665602433 1.2500000000 3.7935400000 4.1131500000 4.3923300130 0.0000000000
7.3725276865 1.2500000000 3.7929010034 4.1345257340 4.3983243204 0.0000000000
7.3798557970 1.2500000000 3.7922843172 4.1530692216 4.4032749705 0.0000000000
7.3889584380 1.2500000000 3.7917831827 4.1657530995 4.4063439837 0.0000000000
7.3992946966 1.2500000000 3.7915543919 4.1695571146 4.4069504263 0.0000000000
7.4096576309 1.2500000000 3.7916129778 4.1660475903 4.4057809602 0.0000000000
7.4197110496 1.2500000000 3.7918464145 4.1589256310 4.4038659235 0.0000000000
7.4295770700 1.2500000000 3.7921714393 4.1503852857 4.4017498844 0.0000000000
7.4394012732 1.2500000000 3.7925459244 4.1415582448 4.3997170084 0.0000000000
7.4492502748 1.2500000000 3.7929599230 4.1329149114 4.3979156697 0.0000000000
7.4591513176 1.2500000000 3.7934037917 4.1246588188 4.3963887072 0.0000000000
7.4691039768 1.2500000000 3.7938668834 4.1168110504 4.3951019668 0.0000000000
7.4791002081 1.2500000000 3.7943451770 4.1093238314 4.3940202535 0.0000000000
7.4891230222 1.2500000000 3.7948433010 4.1020661981 4.3931096962 0.0000000000
7.4991567126 1.2500000000 3.7953651432 4.0949158664 4.3923369324 0.0000000000
7.5091981830 1.2500000000 3.7959057463 4.0878460385 4.3916714138 0.0000000000
7.5192495211 1.2500000000 3.7964565172 4.0808691692 4.3910837493 0.0000000000
7.5293136003 1.2500000000 3.7970090949 4.0740062027 4.3905488739 0.0000000000
7.5393984498 1.2500000000 3.7975567512 4.0673341360 4.3900706721 0.0000000000
7.5495142166 1.2500000000 3.7980934276 4.0609529855 4.3896649177 0.0000000000
7.5596707821 1.2500000000 3.7986130720 4.0549622603 4.3893472052 0.0000000000
7.5698730165 1.2500000000 3.7991097046 4.0494508236 4.3891291609 0.0000000000
7.5801213863 1.2500000000 3.7995774092 4.0444981832 4.3890189231 0.0000000000
7.5904162075 1.2500000000 3.8000102722 4.0401835198 4.3890245096 0.0000000000
7.6007557888 1.2500000000 3.8004035268 4.0365590427 4.3891477372 0.0000000000
7.6111319811 1.2500000000 3.8007560964 4.0335901818 4.3893704713 0.0000000000
7.6215353390 1.2500000000 3.8010676451 4.0312249480 4.3896705726 0.0000000000
7.6319564212 1.2500000000 3.8013378397 4.0294113282 4.3900259032 0.0000000000
7.6423875859 1.2500000000 3.8015676126 4.0280863357 4.3904149976 0.0000000000
7.6528258193 1.2500000000 3.8017611503 4.0271587613 4.3908181186 0.0000000000
7.6632688417 1.2500000000 3.8019231555 4.0265329205 4.3912158033 0.0000000000
7.6737143734 1.2500000000 3.8020583310 4.0261131290 4.3915885888 0.0000000000
7.6841602945 1.2500000000 3.8021712458 4.0258087734 4.3919185054 0.0000000000
7.6946059374 1.2500000000 3.8022652531 4.0255753229 4.3922011546 0.0000000000
7.7050514094 1.2500000000 3.8023430583 4.0253928260 4.3924393764 0.0000000000
7.7154968250 1.2500000000 3.8024073603 4.0252415612 4.3926360786 0.0000000000
7.7259422986 1.2500000000 3.8024608582 4.0251018070 4.3927941688 0.0000000000
7.7363879307 1.2500000000 3.8025060579 4.0249558440 4.3929165823 0.0000000000
7.7468337218 1.2500000000 3.8025440837 4.0248002610 4.3930064521 0.0000000000
7.7572796285 1.2500000000 3.8025754587 4.0246378728 4.3930669969 0.0000000000
7.7677256076 1.2500000000 3.8026007037 4.0244715199 4.3931014359 0.0000000000
7.7781716156 1.2500000000 3.8026203395 4.0243040429 4.3931129883 0.0000000000
7.7886176097 1.2500000000 3.8026348869 4.0241382496 4.3931048605 0.0000000000
7.7990635686 1.2500000000 3.8026448695 4.0239754646 4.3930796767 0.0000000000
7.8095095011 1.2500000000 3.8026508148 4.0238149523 4.3930392529 0.0000000000
7.8199554183 1.2500000000 3.8026532506 4.0236558253 4.3929853454 0.0000000000
7.8304013312 1.2500000000 3.8026527047 4.0234971961 4.3929197103 0.0000000000
7.8408472509 1.2500000000 3.8026497050 4.0233381768 4.3928441037 0.0000000000
7.8512931803 1.2500000000 3.8026447901 4.0231767118 4.3927598581 0.0000000000
7.8617390964 1.2500000000 3.8026385332 4.0230070021 4.3926669465 0.0000000000
7.8721849712 1.2500000000 3.8026315144 4.0228225000 4.3925650704 0.0000000000
7.8826307765 1.2500000000 3.8026243138 4.0226166575 4.3924539313 0.0000000000
7.8930764844 1.2500000000 3.8026175075 4.0223830044 4.3923332447 0.0000000000
7.9035220781 1.2500000000 3.8026114832 4.0221185076 4.3922033489 0.0000000000
7.9139675556 1.2500000000 3.8026063703 4.0218248650 4.3920654400 0.0000000000
7.9244129163 1.2500000000 3.8026022790 4.0215041184 4.3919207763 0.0000000000
7.9348581594 1.2500000000 3.8025993198 4.0211583101 4.3917706161 0.0000000000
7.9453032842 1.2500000000 3.8025976030 4.0207894819 4.3916162176 0.0000000000
7.9557482899 1.2500000000 3.8025972390 4.0203996760 4.3914588393 0.0000000000
7.9661931759 1.2500000000 3.8025983382 4.0199909342 4.3912997394 0.0000000000
7.9766379414 1.2500000000 3.8026010099 4.0195652903 4.3911401688 0.0000000000
7.9870825880 1.2500000000 3.8026052920 4.0191241850 4.3909808550 0.0000000000
7.9975271211 1.2500000000 3.8026111050 4.0186680875 4.3908216679 0.0000000000
8.0079715464 1.2500000000 3.8026183585 4.0181973769 4.3906623978 0.0000000000
8.0184158695 1.2500000000 3.8026269164 4.0177124915 4.3905026751 0.0000000000
8.0288600952 1.2500000000 3.8026363000 4.0172143099 4.3903409370 0.0000000000
8.0393042279 1.2500000000 3.8026458760 4.0167039102 4.3901750809 0.0000000000
8.0497482725 1.2500000000 3.8026550649 4.0161824072 4.3900032355 0.0000000000
8.0601922404 1.2500000000 3.8026642601 4.0156515524 4.3898276743 0.0000000000
8.0706361486 1.2500000000 3.8026746893 4.0151136430 4.3896542273 0.0000000000
8.0810800143 1.2500000000 3.8026875124 4.0145709599 4.3894884465 0.0000000000
8.0915238520 1.2500000000 3.8027022107 4.0140251748 4.3893289257 0.0000000000
8.1019676740 1.2500000000 3.8027168282 4.0134774382 4.3891683011 0.0000000000
8.1124114879 1.2500000000 3.8027296094 4.0129283885 4.3889998058 0.0000000000
8.1228552632 1.2500000000 3.8027408261 4.0123745966 4.3888231560 0.0000000000
8.1332989506 1.2500000000 3.8027517442 4.0118106452 4.3886412478 0.0000000000
8.1437425253 1.2500000000 3.8027633692 4.0112338530 4.3884570311 0.0000000000
8.1541860235 1.2500000000 3.8027760339 4.0106484692 4.3882735362 0.0000000000
8.1646294860 1.2500000000 3.8027898083 4.0100592193 4.3880929340 0.0000000000
8.1750729007 1.2500000000 3.8028031590 4.0094647580 4.3879085522 0.0000000000
8.1855162257 1.2500000000 3.8028136937 4.0088602879 4.3877089030 0.0000000000
8.1959594450 1.2500000000 3.8028220070 4.0082441803 4.3874957131 0.0000000000
8.2064025767 1.2500000000 3.8028326331 4.0076190308 4.3872881578 0.0000000000
8.2168456175 1.2500000000 3.8028474094 4.0069849587 4.3870936339 0.0000000000
8.2272885118 1.2500000000 3.8028617120 4.0063360615 4.3868912854 0.0000000000
8.2377312258 1.2500000000 3.8028722510 4.0056687802 4.3866665289 0.0000000000
8.2481738020 1.2500000000 3.8028815917 4.0049879609 4.3864315642 0.0000000000
8.2586162846 1.2500000000 3.8028920826 4.0042984263 4.3861977140 0.0000000000
8.2690586881 1.2500000000 3.8029031383 4.0036014509 4.3859631464 0.0000000000
8.2795009810 1.2500000000 3.8029142171 4.0028941657 4.3857245476 0.0000000000
8.2899430615 1.2500000000 3.8029256272 4.0021677476 4.3854796207 0.0000000000
8.3003849419 1.2500000000 3.8029373122 4.0014234521 4.3852286428 0.0000000000
8.3108267370 1.2500000000 3.8029489331 4.0006716607 4.3849744098 0.0000000000
8.3212683831 1.2500000000 3.8029616409 3.9999072931 4.3847194938 0.0000000000
8.3317097738 1.2500000000 3.8029751594 3.9991214292 4.3844592223 0.0000000000
8.3421509316 1.2500000000 3.8029836467 3.9983159801 4.3841709917 0.0000000000
8.3525918300 1.2500000000 3.8029901143 3.9974897532 4.3838663715 0.0000000000
8.3630324327 1.2500000000 3.8030030588 3.9966409803 4.3835786404 0.0000000000
8.3734729045 1.2500000000 3.8030179263 3.9957822852 4.3832946324 0.0000000000
8.3839132322 1.2500000000 3.8030317547 3.9949126976 4.3830021110 0.0000000000
8.3943532332 1.2500000000 3.8030461775 3.9940189206 4.3827022913 0.0000000000
8.4047928557 1.2500000000 3.8030625570 3.9930982361 4.3823995355 0.0000000000
8.4152323786 1.2500000000 3.8030735495 3.9921698132 4.3820721364 0.0000000000
8.4256716437 1.2500000000 3.8030819074 3.9912236381 4.3817270979 0.0000000000
8.4361102597 1.2500000000 3.8030985301 3.9902340989 4.3813977729 0.0000000000
8.4465487948 1.2500000000 3.8031150088 3.9892392316 4.3810657410 0.0000000000
8.4569869985 1.2500000000 3.8031331739 3.9882231665 4.3807319753 0.0000000000
8.4674247878 1.2500000000 3.8031448287 3.9871801267 4.3803613787 0.0000000000
8.4778620937 1.2500000000 3.8031560569 3.9861074890 4.3799772361 0.0000000000
8.4882991388 1.2500000000 3.8031765654 3.9850195522 4.3796240954 0.0000000000
8.4987358829 1.2500000000 3.8031923019 3.9839137732 4.3792447300 0.0000000000
8.5091718614 1.2500000000 3.8032032118 3.9827629130 4.3788280254 0.0000000000
8.5196076613 1.2500000000 3.8032221761 3.9816029798 4.3784399095 0.0000000000
8.5300425363 1.2500000000 3.8032325829 3.9803911987 4.3779968239 0.0000000000
8.5404773261 1.2500000000 3.8032549872 3.9791759694 4.3776003494 0.0000000000
8.5509114737 1.2500000000 3.8032728445 3.9779263111 4.3771719153 0.0000000000
8.5613450218 1.2500000000 3.8032868775 3.9766455344 4.3767157367 0.0000000000
8.5717779278 1.2500000000 3.8033061389 3.9753328028 4.3762676896 0.0000000000
8.5822100766 1.2500000000 3.8033149958 3.9739822815 4.3757629088 0.0000000000
8.5926420520 1.2500000000 3.8033364553 3.9726242858 4.3753055486 0.0000000000
8.6030728678 1.2500000000 3.8033500772 3.9712112785 4.3747948334 0.0000000000
8.6135029326 1.2500000000 3.8033646823 3.9697639567 4.3742743248 0.0000000000
8.6239324370 1.2500000000 3.8033863882 3.9682925434 4.3737725831 0.0000000000
8.6343610998 1.2500000000 3.8033972694 3.9667830258 4.3732123011 0.0000000000
8.6447891722 1.2500000000 3.8034223190 3.9652494819 4.3726990818 0.0000000000
8.6552159489 1.2500000000 3.8034339415 3.9636610391 4.3721101945 0.0000000000
8.6656417506 1.2500000000 3.8034587336 3.9620338061 4.3715584700 0.0000000000
8.6760668305 1.2500000000 3.8034725264 3.9603771058 4.3709509608 0.0000000000
8.6864907782 1.2500000000 3.8034974855 3.9586773922 4.3703709119 0.0000000000
8.6969135250 1.2500000000 3.8035167158 3.9569318159 4.3697496027 0.0000000000
8.7073357801 1.2500000000 3.8035394608 3.9551681832 4.3691351297 0.0000000000
8.7177560064 1.2500000000 3.8035603304 3.9533311333 4.3684837879 0.0000000000
8.7281757783 1.2500000000 3.8035810172 3.9514779847 4.3678252759 0.0000000000
8.7385931410 1.2500000000 3.8036069480 3.9495423786 4.3671547563 0.0000000000
8.7490104289 1.2500000000 3.8036242316 3.9476034813 4.3664483318 0.0000000000
8.7594252381 1.2500000000 3.8036542056 3.9455842915 4.3657605522 0.0000000000
8.7698385339 1.2500000000 3.8036711506 3.9435160579 4.3650010384 0.0000000000
8.7802509810 1.2500000000 3.8037000432 3.9414220093 4.3642789894 0.0000000000
8.7906616445 1.2500000000 3.8037190680 3.9392723754 4.3634952353 0.0000000000
8.8010694682 1.2500000000 3.8037381251 3.9370384671 4.3626779003 0.0000000000
8.8114761991 1.2500000000 3.8037691220 3.9347739563 4.3618960835 0.0000000000
8.8218816653 1.2500000000 3.8037896463 3.9324725069 4.3610576010 0.0000000000
8.8322840601 1.2500000000 3.8038212106 3.9300868178 4.3602295826 0.0000000000
8.8426843233 1.2500000000 3.8038426281 3.9276428276 4.3593376564 0.0000000000
8.8530830394 1.2500000000 3.8038649215 3.9251583362 4.3584330336 0.0000000000
8.8634783925 1.2500000000 3.8038878638 3.9225875700 4.3574964961 0.0000000000
8.8738717322 1.2500000000 3.8039114316 3.9199664206 4.3565423078 0.0000000000
8.8842629709 1.2500000000 3.8039360058 3.9172937996 4.3555715558 0.0000000000
8.8946513042 1.2500000000 3.8039503443 3.9145506900 4.3545316661 0.0000000000
8.9050364974 1.2500000000 3.8039733312 3.9117348519 4.3534972784 0.0000000000
8.9154177298 1.2500000000 3.8039922778 3.9088287069 4.3524106069 0.0000000000
8.9257967030 1.2500000000 3.8040146650 3.9058727192 4.3513177608 0.0000000000
8.9361720252 1.2500000000 3.8040368762 3.9028380213 4.3501927263 0.0000000000
8.9465434997 1.2500000000 3.8040569448 3.8997218522 4.3490265330 0.0000000000
8.9569128318 1.2500000000 3.8040769998 3.8965615055 4.3478426143 0.0000000000
8.9672765809 1.2500000000 3.8041026631 3.8932889699 4.3466362533 0.0000000000
8.9776364969 1.2500000000 3.8041233329 3.8899411420 4.3453798014 0.0000000000
8.9879920025 1.2500000000 3.8041441030 3.8865089927 4.3440900221 0.0000000000
8.9983440001 1.2500000000 3.8041662944 3.8830114017 4.3427797514 0.0000000000
9.0086908669 1.2500000000 3.8041818617 3.8794201965 4.3414055382 0.0000000000
9.0190323517 1.2500000000 3.8041989804 3.8757335761 4.3399993651 0.0000000000
9.0293694699 1.2500000000 3.8042144446 3.8719707392 4.3385560871 0.0000000000
9.0397002769 1.2500000000 3.8042299945 3.8681012692 4.3370704987 0.0000000000
9.0500269941 1.2500000000 3.8042423503 3.8641640192 4.3355450220 0.0000000000
9.0603466990 1.2500000000 3.8042553930 3.8601134351 4.3339769590 0.0000000000
9.0706590322 1.2500000000 3.8042685722 3.8559472611 4.3323632064 0.0000000000
9.0809659924 1.2500000000 3.8042821604 3.8516986833 4.3307181280 0.0000000000
9.0912658746 1.2500000000 3.8042963465 3.8473445424 4.3290332160 0.0000000000
9.1015578479 1.2500000000 3.8043081438 3.8428745038 4.3272923896 0.0000000000
9.1118433357 1.2500000000 3.8043175709 3.8383125349 4.3255053106 0.0000000000
9.1221212615 1.2500000000 3.8043242405 3.8336432101 4.3236642592 0.0000000000
9.1323913393 1.2500000000 3.8043277248 3.8288658065 4.3217672349 0.0000000000
9.1426522961 1.2500000000 3.8043291921 3.8239679778 4.3198139725 0.0000000000
9.1529028454 1.2500000000 3.8043298323 3.8189372196 4.3178042301 0.0000000000
9.1631427672 1.2500000000 3.8043287105 3.8137739579 4.3157344382 0.0000000000
9.1733793127 1.2500000000 3.8043091795 3.8085691139 4.3135743767 0.0000000000
9.1836002275 1.2500000000 3.8042915164 3.8031756843 4.3113463523 0.0000000000
9.1938127416 1.2500000000 3.8042636625 3.7976842283 4.3090383544 0.0000000000
9.2040137407 1.2500000000 3.8042346013 3.7920607670 4.3066727250 0.0000000000
9.2142064433 1.2500000000 3.8042060642 3.7863438002 4.3042717899 0.0000000000
9.2243833861 1.2500000000 3.8041639896 3.7804547609 4.3017478758 0.0000000000
9.2345523497 1.2500000000 3.8041144075 3.7744804974 4.2991598420 0.0000000000
9.2447070891 1.2500000000 3.8040583761 3.7683577641 4.2964866229 0.0000000000
9.2548518191 1.2500000000 3.8039906323 3.7621328705 4.2937256906 0.0000000000
9.2650017692 1.2500000000 3.8039100319 3.7559784729 4.2909415297 0.0000000000
9.2751131560 1.2500000000 3.8038358686 3.7494241053 4.2880231294 0.0000000000
9.2852204069 1.2500000000 3.8037588732 3.7428295949 4.2850773436 0.0000000000
9.2953144178 1.2500000000 3.8036693911 3.7361108181 4.2820319045 0.0000000000
9.3053972206 1.2500000000 3.8035677846 3.7292888999 4.2788967113 0.0000000000
9.3154669505 1.2500000000 3.8034427518 3.7223503430 4.2756211575 0.0000000000
9.3255345686 1.2500000000 3.8032764504 3.7153973581 4.2721747579 0.0000000000
9.3355974767 1.2500000000 3.8031027536 3.7084032609 4.2686823319 0.0000000000
9.3456533383 1.2500000000 3.8029016146 3.7013507909 4.2650567879 0.0000000000
9.3557088138 1.2500000000 3.8026904609 3.6942974917 4.2613908534 0.0000000000
9.3657594774 1.2500000000 3.8024360730 3.6872101204 4.2575383533 0.0000000000
9.3758121228 1.2500000000 3.8021531555 3.6801471107 4.2535814795 0.0000000000
9.3858751917 1.2500000000 3.8018149242 3.6732077129 4.2494527952 0.0000000000
9.3959357604 1.2500000000 3.8014449718 3.6662413939 4.2451864578 0.0000000000
9.4059550458 1.2500000000 3.8009816324 3.6590263309 4.2404470750 0.0000000000
9.4160235693 1.2500000000 3.8005000000 3.6522000000 4.2357900130 0.0000000000
9.4178446925 1.2500000000 3.8004200000 3.6504750000 4.2347800130 0.0000000000
9.4193508764 1.2500000000 3.8003350501 3.6496034416 4.2340915902 0.0000000000
9.4208524218 1.2500000000 3.8002503717 3.6486830299 4.2333847117 0.0000000000
9.4223547172 1.2500000000 3.8001649604 3.6477704706 4.2326780427 0.0000000000
9.4238566627 1.2500000000 3.8000802595 3.6468537855 4.2319725653 0.0000000000
9.4253605734 1.2500000000 3.7999877579 3.6459625332 4.2312460581 0.0000000000
9.4268618704 1.2500000000 3.7998933069 3.6450449342 4.2305012144 0.0000000000
9.4283687129 1.2500000000 3.7998082564 3.6441751727 4.2298131078 0.0000000000
9.4298045206 1.2500000000 3.7996856258 3.6427874441 4.2287674938 0.0000000000
9.4312845216 1.2500000000 3.7996022607 3.6417023043 4.2279999777 0.0000000000
9.4327889575 1.2500000000 3.7995036168 3.6408219188 4.2272532478 0.0000000000
9.4342929689 1.2500000000 3.7994049797 3.6399355081 4.2265041352 0.0000000000
9.4357978200 1.2500000000 3.7993055822 3.6390587128 4.2257558268 0.0000000000
9.4373025981 1.2500000000 3.7992057343 3.6381816095 4.2250055940 0.0000000000
9.4388083145 1.2500000000 3.7991044364 3.6373176546 4.2242548204 0.0000000000
9.4402902254 1.2500000000 3.7989971003 3.6362649495 4.2234043940 0.0000000000
9.4417783752 1.2500000000 3.7988898665 3.6352430311 4.2225666914 0.0000000000
9.4432859605 1.2500000000 3.7987905747 3.6343949403 4.2218302879 0.0000000000
9.4447924868 1.2500000000 3.7986900652 3.6335367478 4.2210849731 0.0000000000
9.4462974382 1.2500000000 3.7985770381 3.6326714824 4.2202867585 0.0000000000
9.4478051145 1.2500000000 3.7984753791 3.6318272439 4.2195424271 0.0000000000
9.4493126900 1.2500000000 3.7983729028 3.6309825090 4.2187946277 0.0000000000
9.4508204747 1.2500000000 3.7982578734 3.6301517628 4.2180022116 0.0000000000
9.4522976558 1.2500000000 3.7981144304 3.6290751626 4.2169977995 0.0000000000
9.4537080661 1.2500000000 3.7979955742 3.6274991179 4.2158919568 0.0000000000
9.4551991141 1.2500000000 3.7978858582 3.6265119348 4.2150582198 0.0000000000
9.4567112190 1.2500000000 3.7977733731 3.6257289307 4.2142950777 0.0000000000
9.4582195606 1.2500000000 3.7976603162 3.6249013815 4.2135118306 0.0000000000
9.4597297520 1.2500000000 3.7975462875 3.6240965614 4.2127337876 0.0000000000
9.4612413171 1.2500000000 3.7974312071 3.6233085892 4.2119582772 0.0000000000
9.4627497178 1.2500000000 3.7973059118 3.6224928133 4.2111307855 0.0000000000
9.4642683629 1.2500000000 3.7971776577 3.6218183422 4.2103479807 0.0000000000
9.4657743362 1.2500000000 3.7970579883 3.6209697076 4.2095298494 0.0000000000
9.4672854846 1.2500000000 3.7969396635 3.6201799047 4.2087406289 0.0000000000
9.4687971043 1.2500000000 3.7968085089 3.6194081665 4.2079073150 0.0000000000
9.4703091863 1.2500000000 3.7966772100 3.6186420639 4.2070756785 0.0000000000
9.4718208105 1.2500000000 3.7965450703 3.6178712354 4.2062387883 0.0000000000
9.4733315359 1.2500000000 3.7964114618 3.6170914124 4.2053924253 0.0000000000
9.4748329090 1.2500000000 3.7962585578 3.6162462428 4.2044427411 0.0000000000
9.4762552154 1.2500000000 3.7961038688 3.6148001550 4.2032455503 0.0000000000
9.4777673178 1.2500000000 3.7959639096 3.6140480765 4.2023848820 0.0000000000
9.4792769843 1.2500000000 3.7958227002 3.6132650279 4.2015068250 0.0000000000
9.4807854459 1.2500000000 3.7956800563 3.6124681349 4.2006174922 0.0000000000
9.4822966873 1.2500000000 3.7955363617 3.6117060603 4.1997378841 0.0000000000
9.4838072078 1.2500000000 3.7954008237 3.6109263867 4.1988838626 0.0000000000
9.4853182310 1.2500000000 3.7952525257 3.6101681897 4.1979873915 0.0000000000
9.4868290727 1.2500000000 3.7951100459 3.6094002418 4.1971102934 0.0000000000
9.4883387243 1.2500000000 3.7949624816 3.6086233406 4.1962092755 0.0000000000
9.4898506373 1.2500000000 3.7948148412 3.6078743584 4.1953191213 0.0000000000
9.4913615388 1.2500000000 3.7946650739 3.6071152665 4.1944164152 0.0000000000
9.4928715558 1.2500000000 3.7945143526 3.6063464410 4.1935059997 0.0000000000
9.4943827546 1.2500000000 3.7943754581 3.6055796705 4.1926437135 0.0000000000
9.4959000600 1.2500000000 3.7942023836 3.6049541061 4.1917011898 0.0000000000
9.4973095499 1.2500000000 3.7940556921 3.6036127189 4.1905778689 0.0000000000
9.4987910046 1.2500000000 3.7939001638 3.6026437920 4.1895681849 0.0000000000
9.5003083648 1.2500000000 3.7937161859 3.6020374502 4.1885897366 0.0000000000
9.5018233023 1.2500000000 3.7935426506 3.6013652561 4.1876267177 0.0000000000
9.5033411817 1.2500000000 3.7933669582 3.6007391244 4.1866734956 0.0000000000
9.5048591237 1.2500000000 3.7931923345 3.6001119884 4.1857241463 0.0000000000
9.5063767745 1.2500000000 3.7930038634 3.5995075003 4.1847284668 0.0000000000
9.5078944098 1.2500000000 3.7928253035 3.5988882637 4.1837665325 0.0000000000
9.5094100218 1.2500000000 3.7926353946 3.5982551217 4.1827536399 0.0000000000
9.5109278345 1.2500000000 3.7924322306 3.5977160574 4.1817253585 0.0000000000
9.5124248007 1.2500000000 3.7922476114 3.5968748226 4.1806503875 0.0000000000
9.5139379560 1.2500000000 3.7920564413 3.5962027657 4.1796168845 0.0000000000
9.5153608894 1.2500000000 3.7918482741 3.5947779148 4.1782142752 0.0000000000
9.5168703576 1.2500000000 3.7916602841 3.5940687285 4.1771786408 0.0000000000
9.5183846863 1.2500000000 3.7914674761 3.5934218552 4.1761486596 0.0000000000
9.5198986151 1.2500000000 3.7912743019 3.5927700908 4.1751152571 0.0000000000
9.5214119705 1.2500000000 3.7910882618 3.5920969719 4.1741018491 0.0000000000
9.5229273472 1.2500000000 3.7908852237 3.5914860138 4.1730453133 0.0000000000
9.5244390867 1.2500000000 3.7906895384 3.5908071628 4.1719910319 0.0000000000
9.5259520627 1.2500000000 3.7904926339 3.5901480351 4.1709397628 0.0000000000
9.5274618866 1.2500000000 3.7902942478 3.5894475046 4.1698660062 0.0000000000
9.5289710946 1.2500000000 3.7900957732 3.5887384734 4.1687884952 0.0000000000
9.5304797236 1.2500000000 3.7898958291 3.5880243450 4.1677030675 0.0000000000
9.5319879042 1.2500000000 3.7896946056 3.5873065097 4.1666110392 0.0000000000
9.5334927361 1.2500000000 3.7895022733 3.5865333037 4.1655324278 0.0000000000
9.5349987356 1.2500000000 3.7892990441 3.5857920867 4.1644230242 0.0000000000
9.5365043970 1.2500000000 3.7890943171 3.5850803357 4.1633194157 0.0000000000
9.5380030870 1.2500000000 3.7889002179 3.5842371901 4.1622057608 0.0000000000
9.5395014306 1.2500000000 3.7887105563 3.5833853489 4.1611063778 0.0000000000
9.5409973102 1.2500000000 3.7885241595 3.5825016810 4.1600073232 0.0000000000
9.5424935559 1.2500000000 3.7883379117 3.5816216711 4.1589103281 0.0000000000
9.5439855071 1.2500000000 3.7881556057 3.5806927208 4.1578095243 0.0000000000
9.5454743719 1.2500000000 3.7879732048 3.5797326624 4.1566958970 0.0000000000
9.5469587928 1.2500000000 3.7877941229 3.5787271636 4.1555773700 0.0000000000
9.5484393205 1.2500000000 3.7876188406 3.5776823811 4.1544583280 0.0000000000
9.5499276271 1.2500000000 3.7874355581 3.5767325329 4.1533452586 0.0000000000
9.5513917278 1.2500000000 3.7872691395 3.5755407911 4.1522028875 0.0000000000
9.5528617386 1.2500000000 3.7870972371 3.5744139167 4.1510645280 0.0000000000
9.5543574993 1.2500000000 3.7868814375 3.5735768571 4.1498665060 0.0000000000
9.5558425898 1.2500000000 3.7866430066 3.5728273698 4.1486129872 0.0000000000
9.5562588359 1.2500000000 3.7864516308 3.5753271072 4.1488473791 0.0000000000
9.5568905404 1.2500000000 3.7861834140 3.5735498566 4.1470636116 0.0000000000
9.5581620509 1.2500000000 3.7860299161 3.5718353268 4.1457638080 0.0000000000
9.5595061431 1.2500000000 3.7859070675 3.5709220547 4.1449071048 0.0000000000
9.5609845672 1.2500000000 3.7857210795 3.5699334232 4.1437677004 0.0000000000
9.5624251492 1.2500000000 3.7855429181 3.5686476599 4.1425407493 0.0000000000
9.5638473129 1.2500000000 3.7853671234 3.5672123042 4.1412634283 0.0000000000
9.5652649397 1.2500000000 3.7852114628 3.5657180519 4.1400430849 0.0000000000
9.5666614337 1.2500000000 3.7850620403 3.5640984719 4.1387975630 0.0000000000
9.5680510773 1.2500000000 3.7849248911 3.5624340996 4.1375832172 0.0000000000
9.5693661948 1.2500000000 3.7848123182 3.5604178601 4.1363264299 0.0000000000
9.5706440993 1.2500000000 3.7847226155 3.5582517134 4.1351011602 0.0000000000
9.5718881990 1.2500000000 3.7846509254 3.5559549372 4.1338956893 0.0000000000
9.5731335948 1.2500000000 3.7845843045 3.5536627769 4.1327123418 0.0000000000
9.5743359759 1.2500000000 3.7845366414 3.5512273846 4.1315475323 0.0000000000
9.5754698949 1.2500000000 3.7845040356 3.5485942700 4.1303638634 0.0000000000
9.5765236589 1.2500000000 3.7845046967 3.5457586625 4.1292322650 0.0000000000
9.5775336528 1.2500000000 3.7845321968 3.5428254266 4.1281689710 0.0000000000
9.5785112329 1.2500000000 3.7845680200 3.5398263762 4.1271126433 0.0000000000
9.5795282635 1.2500000000 3.7846031154 3.5369094175 4.1260862418 0.0000000000
9.5804758376 1.2500000000 3.7846534450 3.5338514953 4.1250643909 0.0000000000
9.5813594016 1.2500000000 3.7847259696 3.5306807852 4.1240862057 0.0000000000
9.5821443504 1.2500000000 3.7848123332 3.5273601729 4.1231034148 0.0000000000
9.5827989076 1.2500000000 3.7849368602 3.5238665131 4.1222040590 0.0000000000
9.5834235311 1.2500000000 3.7850713976 3.5203433706 4.1213329517 0.0000000000
9.5839723654 1.2500000000 3.7852118359 3.5167467947 4.1204560747 0.0000000000
9.5844729865 1.2500000000 3.7853753376 3.5131071446 4.1196542214 0.0000000000
9.5849519686 1.2500000000 3.7855511654 3.5094529017 4.1188958351 0.0000000000
9.5853837934 1.2500000000 3.7857209976 3.5057605278 4.1180982147 0.0000000000
9.5857878254 1.2500000000 3.7859115958 3.5020548071 4.1173783190 0.0000000000
9.5861685205 1.2500000000 3.7861039338 3.4983341420 4.1166594050 0.0000000000
9.5865276572 1.2500000000 3.7863043391 3.4946025564 4.1159683921 0.0000000000
9.5868531209 1.2500000000 3.7865091271 3.4908529933 4.1152877187 0.0000000000
9.5871621241 1.2500000000 3.7867136008 3.4870945099 4.1146022201 0.0000000000
9.5874570090 1.2500000000 3.7869165646 3.4833283975 4.1139076306 0.0000000000
9.5877344139 1.2500000000 3.7871303436 3.4795582488 4.1132546869 0.0000000000
9.5879886611 1.2500000000 3.7873284569 3.4757720854 4.1125326748 0.0000000000
9.5882260179 1.2500000000 3.7875348870 3.4719821883 4.1118424364 0.0000000000
9.5884458998 1.2500000000 3.7877416491 3.4681858262 4.1111509399 0.0000000000
9.5886607747 1.2500000000 3.7879524132 3.4643890748 4.1104752955 0.0000000000
9.5888657634 1.2500000000 3.7881673956 3.4605905150 4.1098158016 0.0000000000
9.5890535468 1.2500000000 3.7883794239 3.4567854272 4.1091418796 0.0000000000
9.5892300797 1.2500000000 3.7885946157 3.4529779508 4.1084796563 0.0000000000
9.5894025515 1.2500000000 3.7888079507 3.4491686494 4.1078092756 0.0000000000
9.5895689908 1.2500000000 3.7890200516 3.4453572358 4.1071331137 0.0000000000
9.5897274754 1.2500000000 3.7892359055 3.4415451385 4.1064716905 0.0000000000
9.5898721116 1.2500000000 3.7894426608 3.4377262046 4.1057711380 0.0000000000
9.5900104462 1.2500000000 3.7896570671 3.4339084897 4.1051016773 0.0000000000
9.5901444056 1.2500000000 3.7898696774 3.4300892799 4.1044244346 0.0000000000
9.5902715346 1.2500000000 3.7900860391 3.4262698641 4.1037621150 0.0000000000
9.5903902370 1.2500000000 3.7903001112 3.4224479035 4.1030896193 0.0000000000
9.5905020498 1.2500000000 3.7905072240 3.4186223057 4.1023878311 0.0000000000
9.5906086523 1.2500000000 3.7907239945 3.4147989111 4.1017255553 0.0000000000
9.5907120609 1.2500000000 3.7909344161 3.4109729022 4.1010368384 0.0000000000
9.5908114322 1.2500000000 3.7911424595 3.4071454912 4.1003380476 0.0000000000
9.5909067496 1.2500000000 3.7913451974 3.4033156146 4.0996170484 0.0000000000
9.5909977648 1.2500000000 3.7915492002 3.3994855554 4.0989010360 0.0000000000
9.5910853669 1.2500000000 3.7917566167 3.3956562718 4.0981989884 0.0000000000
9.5911692904 1.2500000000 3.7919609642 3.3918252405 4.0974839659 0.0000000000
9.5912507312 1.2500000000 3.7921574367 3.3879912036 4.0967362411 0.0000000000
9.5913293630 1.2500000000 3.7923448253 3.3841536925 4.0959507914 0.0000000000
9.5914053896 1.2500000000 3.7925342338 3.3803164785 4.0951735395 0.0000000000
9.5914786523 1.2500000000 3.7927258195 3.3764795609 4.0944051155 0.0000000000
9.5915500280 1.2500000000 3.7929078119 3.3726398648 4.0935972067 0.0000000000
9.5916194672 1.2500000000 3.7930813880 3.3687976571 4.0927546277 0.0000000000
9.5916873335 1.2500000000 3.7932588282 3.3649563450 4.0919278637 0.0000000000
9.5917533399 1.2500000000 3.7934294759 3.3611129290 4.0910730883 0.0000000000
9.5918163843 1.2500000000 3.7936043570 3.3572703901 4.0902355970 0.0000000000
9.5918778156 1.2500000000 3.7937670475 3.3534242507 4.0893479033 0.0000000000
9.5919380977 1.2500000000 3.7939357346 3.3495795359 4.0884847660 0.0000000000
9.5919971639 1.2500000000 3.7940960353 3.3457321862 4.0875870288 0.0000000000
9.5920565412 1.2500000000 3.7942627692 3.3418865351 4.0867157039 0.0000000000
9.5921158571 1.2500000000 3.7944144341 3.3380376004 4.0857827896 0.0000000000
9.5921758493 1.2500000000 3.7945646283 3.3341885380 4.0848439414 0.0000000000
9.5922362603 1.2500000000 3.7947077655 3.3303376305 4.0838761273 0.0000000000
9.5922981720 1.2500000000 3.7948325070 3.3264828373 4.0828331760 0.0000000000
9.5923625043 1.2500000000 3.7949586676 3.3226288823 4.0817962364 0.0000000000
9.5924301515 1.2500000000 3.7950675439 3.3187721192 4.0806890361 0.0000000000
9.5925040274 1.2500000000 3.7951575169 3.3149129748 4.0795052706 0.0000000000
9.5925885933 1.2500000000 3.7952242298 3.3110517927 4.0782276491 0.0000000000
9.5926920919 1.2500000000 3.7952502591 3.3071900350 4.0767870634 0.0000000000
9.5928286670 1.2500000000 3.7951832589 3.3033386005 4.0749784887 0.0000000000
9.5929887414 1.2500000000 3.7950533626 3.2995035184 4.0729248709 0.0000000000
9.5931787140 1.2500000000 3.7949035279 3.2956813334 4.0707966580 0.0000000000
9.5934974487 1.2500000000 3.7947224756 3.2919244445 4.0685696930 0.0000000000
9.5941154450 1.2500000000 3.7944847728 3.2884372782 4.0662240156 0.0000000000
9.5950375311 1.2500000000 3.7942143673 3.2854088345 4.0639310161 0.0000000000
9.5960882958 1.2500000000 3.7939319310 3.2826557687 4.0617000445 0.0000000000
9.5972111345 1.2500000000 3.7936636044 3.2800761879 4.0595949058 0.0000000000
9.5983811165 1.2500000000 3.7933796730 3.2776424749 4.0574856949 0.0000000000
9.5995833239 1.2500000000 3.7930980099 3.2753061768 4.0554245235 0.0000000000
9.6008116509 1.2500000000 3.7928144968 3.2730590854 4.0533916344 0.0000000000
9.6020632984 1.2500000000 3.7925199711 3.2709018075 4.0513506204 0.0000000000
9.6033283516 1.2500000000 3.7922310321 3.2687892822 4.0493498541 0.0000000000
9.6046048444 1.2500000000 3.7919352288 3.2667273403 4.0473418644 0.0000000000
9.6058912587 1.2500000000 3.7916239907 3.2647183461 4.0452933142 0.0000000000
9.6071834755 1.2500000000 3.7913081263 3.2627366669 4.0432371848 0.0000000000
9.6084777856 1.2500000000 3.7909967645 3.2607595762 4.0412009014 0.0000000000
9.6097723135 1.2500000000 3.7906890844 3.2587800166 4.0391783573 0.0000000000
9.6110654917 1.2500000000 3.7903826589 3.2567935217 4.0371580572 0.0000000000
9.6123558003 1.2500000000 3.7900764512 3.2547949771 4.0351338085 0.0000000000
9.6136417693 1.2500000000 3.7897708862 3.2527785874 4.0331049926 0.0000000000
9.6149219312 1.2500000000 3.7894664581 3.2507385253 4.0310712554 0.0000000000
9.6161948185 1.2500000000 3.7891636612 3.2486689630 4.0290322429 0.0000000000
9.6174589636 1.2500000000 3.7888629897 3.2465640731 4.0269876010 0.0000000000
9.6187128991 1.2500000000 3.7885649379 3.2444180279 4.0249369757 0.0000000000
9.6199551574 1.2500000000 3.7882700000 3.2422250000 4.0228800130 0.0000000000
9.6328138365 1.2500000000 3.7851400000 3.2150000000 3.9994700130 0.0000000000
9.6371584624 1.2500000000 3.7839981471 3.2037657127 3.9904088866 0.0000000000
9.6413654401 1.2500000000 3.7828238984 3.1922279665 3.9810967933 0.0000000000
9.6454384843 1.2500000000 3.7815450630 3.1804625633 3.9712752904 0.0000000000
9.6494235779 1.2500000000 3.7801063708 3.1686247590 3.9607853999 0.0000000000
9.6534020533 1.2500000000 3.7784851548 3.1569204880 3.9496188274 0.0000000000
9.6574479714 1.2500000000 3.7765850026 3.1456350813 3.9375040561 0.0000000000
9.6616319402 1.2500000000 3.7741862063 3.1353066904 3.9237775146 0.0000000000
9.6660521760 1.2500000000 3.7710774002 3.1270188902 3.9080271698 0.0000000000
9.6706002593 1.2500000000 3.7669151661 3.1237878930 3.8900858346 0.0000000000
9.6743567917 1.2500000000 3.7623259603 3.1289824409 3.8738068307 0.0000000000
9.6768745528 1.2500000000 3.7583562003 3.1396026849 3.8621758881 0.0000000000
9.6786399457 1.2500000000 3.7549829301 3.1523090059 3.8537653357 0.0000000000
9.6800003952 1.2500000000 3.7520317247 3.1659554156 3.8474190780 0.0000000000
9.6811025891 1.2500000000 3.7493129746 3.1800446936 3.8421797890 0.0000000000
9.6820493040 1.2500000000 3.7467992765 3.1944399888 3.8378831143 0.0000000000
9.6828799454 1.2500000000 3.7443828851 3.2089837282 3.8340350445 0.0000000000
9.6836363585 1.2500000000 3.7420877969 3.2236746565 3.8307310632 0.0000000000
9.6843301332 1.2500000000 3.7398088507 3.2384006919 3.8275056924 0.0000000000
9.6849889918 1.2500000000 3.7375885543 3.2531927455 3.8245413283 0.0000000000
9.6856199216 1.2500000000 3.7353706696 3.2679945707 3.8215905199 0.0000000000
9.6862372962 1.2500000000 3.7331467840 3.2827943255 3.8186148791 0.0000000000
9.6868522944 1.2500000000 3.7308813086 3.2975553146 3.8154573732 0.0000000000
9.6874750773 1.2500000000 3.7285518193 3.3122517020 3.8120179710 0.0000000000
9.6881278971 1.2500000000 3.7261082914 3.3268237005 3.8080726587 0.0000000000
9.6888317295 1.2500000000 3.7234762001 3.3411736979 3.8032842924 0.0000000000
9.6896391124 1.2500000000 3.7205314270 3.3551005723 3.7970759499 0.0000000000
9.6906660317 1.2500000000 3.7169307892 3.3679095451 3.7877969878 0.0000000000
9.6923207163 1.2500000000 3.7116889532 3.3746490977 3.7695254649 0.0000000000
9.6939093830 1.2500000000 3.7074381531 3.3641790345 3.7483342393 0.0000000000
9.6949251288 1.2500000000 3.7051120213 3.3496307728 3.7332104072 0.0000000000
9.6957157785 1.2500000000 3.7035199456 3.3343812817 3.7207423082 0.0000000000
9.6963977691 1.2500000000 3.7022787131 3.3188967757 3.7095835757 0.0000000000
9.6970136841 1.2500000000 3.7012343501 3.3033040776 3.6991690443 0.0000000000
9.6975840202 1.2500000000 3.7003301821 3.2876457977 3.6892890606 0.0000000000
9.6981174688 1.2500000000 3.6995552803 3.2719361914 3.6799056106 0.0000000000
9.6986216930 1.2500000000 3.6988808641 3.2561915392 3.6709100850 0.0000000000
9.6991067820 1.2500000000 3.6982673079 3.2404276054 3.6621502866 0.0000000000
9.6995708323 1.2500000000 3.6977228018 3.2246437994 3.6536587399 0.0000000000
9.7000194392 1.2500000000 3.6972431054 3.2088441766 3.6454201052 0.0000000000
9.7004553874 1.2500000000 3.6967792915 3.1930392765 3.6372428896 0.0000000000
9.7008814429 1.2500000000 3.6963441811 3.1772276229 3.6291777867 0.0000000000
9.7012963476 1.2500000000 3.6959278813 3.1614109737 3.6211859275 0.0000000000
9.7017029093 1.2500000000 3.6955504964 3.1455868202 3.6133467267 0.0000000000
9.7021008235 1.2500000000 3.6951947377 3.1297581843 3.6055922375 0.0000000000
9.7024916012 1.2500000000 3.6948597198 3.1139255956 3.5979191305 0.0000000000
9.7028747949 1.2500000000 3.6945450809 3.0980892870 3.5903260515 0.0000000000
9.7032531041 1.2500000000 3.6942499970 3.0822498381 3.5828099361 0.0000000000
9.7036231870 1.2500000000 3.6939543467 3.0664092438 3.5752910973 0.0000000000
9.7039877167 1.2500000000 3.6936821770 3.0505652465 3.5678648197 0.0000000000
9.7043481361 1.2500000000 3.6934203456 3.0347195453 3.5604792137 0.0000000000
9.7047044060 1.2500000000 3.6931713746 3.0188719560 3.5531442936 0.0000000000
9.7050515319 1.2500000000 3.6929062648 3.0030247611 3.5457449765 0.0000000000
9.7053983702 1.2500000000 3.6926863179 2.9871731760 3.5385245549 0.0000000000
9.7057409632 1.2500000000 3.6924659373 2.9713210731 3.5313021914 0.0000000000
9.7060726536 1.2500000000 3.6922243530 2.9554694123 3.5239951897 0.0000000000
9.7064046068 1.2500000000 3.6920241323 2.9396143033 3.5168522637 0.0000000000
9.7067339262 1.2500000000 3.6917962543 2.9237610735 3.5095994597 0.0000000000
9.7070565798 1.2500000000 3.6915590487 2.9079080961 3.5023094461 0.0000000000
9.7073802117 1.2500000000 3.6913509770 2.8920524780 3.4951349122 0.0000000000
9.7076964502 1.2500000000 3.6911383975 2.8761963215 3.4879421314 0.0000000000
9.7080075934 1.2500000000 3.6909237518 2.8603397483 3.4807409197 0.0000000000
9.7083146531 1.2500000000 3.6907076599 2.8444827984 3.4735337720 0.0000000000
9.7086227776 1.2500000000 3.6905038489 2.8286250058 3.4663754111 0.0000000000
9.7089219088 1.2500000000 3.6902921269 2.8127666635 3.4591851861 0.0000000000
9.7092163217 1.2500000000 3.6900876353 2.7969072024 3.4520234350 0.0000000000
9.7095140309 1.2500000000 3.6898948390 2.7810472048 3.4449082508 0.0000000000
9.7098040663 1.2500000000 3.6896928754 2.7651871136 3.4377563600 0.0000000000
9.7100938481 1.2500000000 3.6895074658 2.7493256125 3.4306701213 0.0000000000
9.7103753989 1.2500000000 3.6893074903 2.7334643317 3.4235257068 0.0000000000
9.7106501560 1.2500000000 3.6891017099 2.7176027473 3.4163579516 0.0000000000
9.7109273952 1.2500000000 3.6889184492 2.7017399254 3.4092797800 0.0000000000
9.7112026112 1.2500000000 3.6887287492 2.6858771583 3.4021758730 0.0000000000
9.7114734266 1.2500000000 3.6885371883 2.6700141604 3.3950644305 0.0000000000
9.7117397916 1.2500000000 3.6883491536 2.6541503009 3.3879667478 0.0000000000
9.7119965069 1.2500000000 3.6881450689 2.6382867514 3.3808049894 0.0000000000
9.7122551308 1.2500000000 3.6879530086 2.6224224109 3.3736910116 0.0000000000
9.7125107413 1.2500000000 3.6877573895 2.6065580294 3.3665627828 0.0000000000
9.7127616401 1.2500000000 3.6875583872 2.5906934456 3.3594209399 0.0000000000
9.7130078867 1.2500000000 3.6873605971 2.5748283143 3.3522837271 0.0000000000
9.7132519067 1.2500000000 3.6871652487 2.5589628111 3.3451561321 0.0000000000
9.7134964724 1.2500000000 3.6869724897 2.5430971446 3.3380388297 0.0000000000
9.7137388819 1.2500000000 3.6867710470 2.5272319094 3.3308869648 0.0000000000
9.7139784836 1.2500000000 3.6865516846 2.5113679159 3.3236639176 0.0000000000
9.7142111204 1.2500000000 3.6863368611 2.4955029549 3.3164586395 0.0000000000
9.7144392269 1.2500000000 3.6861048195 2.4796390392 3.3091849066 0.0000000000
9.7146645987 1.2500000000 3.6858810631 2.4637741105 3.3019439096 0.0000000000
9.7148918387 1.2500000000 3.6856726605 2.4479080892 3.2947638907 0.0000000000
9.7151143001 1.2500000000 3.6854470396 2.4320430734 3.2875154006 0.0000000000
9.7153323660 1.2500000000 3.6852245902 2.4161774098 3.2802793379 0.0000000000
9.7155502169 1.2500000000 3.6850089524 2.4003111822 3.2730702957 0.0000000000
9.7157598772 1.2500000000 3.6847764585 2.3844456890 3.2657941226 0.0000000000
9.7159724339 1.2500000000 3.6845595843 2.3685790851 3.2585799843 0.0000000000
9.7161766122 1.2500000000 3.6843268825 2.3527131756 3.2513028132 0.0000000000
9.7163861228 1.2500000000 3.6841086302 2.3368464150 3.2440831000 0.0000000000
9.7165862266 1.2500000000 3.6838674742 2.3209809699 3.2367722979 0.0000000000
9.7167813718 1.2500000000 3.6836346227 2.3051143746 3.2294942537 0.0000000000
9.7169813246 1.2500000000 3.6834176704 2.2892467321 3.2222793873 0.0000000000
9.7171748490 1.2500000000 3.6831847864 2.2733800101 3.2150011625 0.0000000000
9.7173664417 1.2500000000 3.6829594606 2.2575125049 3.2077528574 0.0000000000
9.7175514528 1.2500000000 3.6827302978 2.2416448172 3.2004891312 0.0000000000
9.7177409264 1.2500000000 3.6825072816 2.2257768990 3.1932498990 0.0000000000
9.7179241687 1.2500000000 3.6822776585 2.2099091841 3.1859843208 0.0000000000
9.7181063750 1.2500000000 3.6820501507 2.1940411239 3.1787270652 0.0000000000
9.7182832431 1.2500000000 3.6817881160 2.1781760181 3.1713328843 0.0000000000
9.7184628126 1.2500000000 3.6815407676 2.1623096272 3.1639969343 0.0000000000
9.7186378905 1.2500000000 3.6812811191 2.1464442425 3.1566121865 0.0000000000
9.7188095527 1.2500000000 3.6810197981 2.1305787333 3.1492206987 0.0000000000
9.7189775781 1.2500000000 3.6807553164 2.1147132976 3.1418165978 0.0000000000
9.7191464872 1.2500000000 3.6804946815 2.0988475366 3.1344277537 0.0000000000
9.7193146502 1.2500000000 3.6802264419 2.0829824846 3.1270087746 0.0000000000
9.7194760331 1.2500000000 3.6799569366 2.0671171636 3.1195846250 0.0000000000
9.7196363427 1.2500000000 3.6796988023 2.0512505645 3.1122054482 0.0000000000
9.7197935095 1.2500000000 3.6794340468 2.0353845018 3.1048000009 0.0000000000
9.7199519306 1.2500000000 3.6791851457 2.0195168577 3.0974573391 0.0000000000
9.7201071584 1.2500000000 3.6789240591 2.0036502387 3.0900663450 0.0000000000
9.7202589468 1.2500000000 3.6786666180 1.9877830644 3.0826897108 0.0000000000
9.7204096030 1.2500000000 3.6784061164 1.9719161475 3.0753009375 0.0000000000
9.7205553848 1.2500000000 3.6781391616 1.9560495695 3.0678864874 0.0000000000
9.7207010999 1.2500000000 3.6778846238 1.9401817584 3.0605212117 0.0000000000
9.7208462551 1.2500000000 3.6776273967 1.9243141785 3.0531452713 0.0000000000
9.7209888486 1.2500000000 3.6773700246 1.9084464549 3.0457686935 0.0000000000
9.7211288675 1.2500000000 3.6771047977 1.8925794133 3.0383609690 0.0000000000
9.7212669245 1.2500000000 3.6768266663 1.8767137430 3.0309021753 0.0000000000
9.7214033496 1.2500000000 3.6765401026 1.8608488149 3.0234099493 0.0000000000
9.7215384096 1.2500000000 3.6762538460 1.8449837771 3.0159189078 0.0000000000
9.7216701632 1.2500000000 3.6759657509 1.8291187882 3.0084205319 0.0000000000
9.7218022265 1.2500000000 3.6756821949 1.8132532787 3.0009401039 0.0000000000
9.7219318350 1.2500000000 3.6753944539 1.7973881363 2.9934430833 0.0000000000
9.7220596010 1.2500000000 3.6751054246 1.7815230292 2.9859409229 0.0000000000
9.7221846714 1.2500000000 3.6748011036 1.7656596086 2.9783782707 0.0000000000
9.7223085443 1.2500000000 3.6744998261 1.7497957635 2.9708276227 0.0000000000
9.7224316132 1.2500000000 3.6742178494 1.7339296362 2.9633532650 0.0000000000
9.7225518740 1.2500000000 3.6739263923 1.7180644561 2.9558413645 0.0000000000
9.7226713073 1.2500000000 3.6736367515 1.7021990248 2.9483366291 0.0000000000
9.7227881981 1.2500000000 3.6733563921 1.6863324739 2.9408685709 0.0000000000
9.7229037956 1.2500000000 3.6730685920 1.6704666654 2.9333710470 0.0000000000
9.7230179355 1.2500000000 3.6727791129 1.6546009706 2.9258668528 0.0000000000
9.7231318411 1.2500000000 3.6724907735 1.6387351515 2.9183671675 0.0000000000
9.7232431599 1.2500000000 3.6722098124 1.6228683505 2.9108966027 0.0000000000
9.7233531059 1.2500000000 3.6719118773 1.6070034792 2.9033589138 0.0000000000
9.7234619659 1.2500000000 3.6716040119 1.5911397313 2.8957819532 0.0000000000
9.7235694954 1.2500000000 3.6712872309 1.5752769766 2.8881697272 0.0000000000
9.7236755524 1.2500000000 3.6709799315 1.5594130369 2.8805949539 0.0000000000
9.7237803666 1.2500000000 3.6706631145 1.5435502249 2.8729825609 0.0000000000
9.7238840063 1.2500000000 3.6703451355 1.5276874785 2.8653655464 0.0000000000
9.7239861460 1.2500000000 3.6700432888 1.5118227442 2.8578122658 0.0000000000
9.7240873339 1.2500000000 3.6697258044 1.4959598450 2.8501971684 0.0000000000
9.7241874972 1.2500000000 3.6694054783 1.4800973280 2.8425708573 0.0000000000
9.7242861953 1.2500000000 3.6691046387 1.4642322871 2.8350214827 0.0000000000
9.7243837411 1.2500000000 3.6687943619 1.4483683459 2.8274347988 0.0000000000
9.7244802576 1.2500000000 3.6684582091 1.4325076882 2.8197459245 0.0000000000
9.7245756247 1.2500000000 3.6681504108 1.4166435044 2.8121690579 0.0000000000
9.7246699730 1.2500000000 3.6678271855 1.4007811164 2.8045312016 0.0000000000
9.7247630286 1.2500000000 3.6675100193 1.3849179240 2.7969172596 0.0000000000
9.7248550477 1.2500000000 3.6672065529 1.3690529752 2.7893574147 0.0000000000
9.7249461691 1.2500000000 3.6668855201 1.3531902137 2.7817281790 0.0000000000
9.7250364677 1.2500000000 3.6665506200 1.3373291513 2.7740441535 0.0000000000
9.7251257215 1.2500000000 3.6662188441 1.3214676022 2.7663724303 0.0000000000
9.7252139023 1.2500000000 3.6658800047 1.3056069484 2.7586728110 0.0000000000
9.7253010417 1.2500000000 3.6655487432 1.2897453200 2.7510031137 0.0000000000
9.7253873245 1.2500000000 3.6652173828 1.2738836795 2.7433330158 0.0000000000
9.7254727997 1.2500000000 3.6648727462 1.2580237069 2.7356104805 0.0000000000
9.7255570133 1.2500000000 3.6645502747 1.2421608803 2.7279754640 0.0000000000
9.7256407107 1.2500000000 3.6642125875 1.2262999809 2.7202803553 0.0000000000
9.7257235592 1.2500000000 3.6638748881 1.2104390597 2.7125851895 0.0000000000
9.7258053306 1.2500000000 3.6635478640 1.1945767340 2.7049321625 0.0000000000
9.7258863580 1.2500000000 3.6632178865 1.1787147698 2.6972674668 0.0000000000
9.7259668611 1.2500000000 3.6628775786 1.1628541670 2.6895619941 0.0000000000
9.7260463784 1.2500000000 3.6625602327 1.1469904417 2.6819471205 0.0000000000
9.7261253304 1.2500000000 3.6622266401 1.1311288446 2.6742681111 0.0000000000
9.7262037846 1.2500000000 3.6618870230 1.1152680977 2.6665653440 0.0000000000
9.7262818383 1.2500000000 3.6615342313 1.0994091082 2.6588105816 0.0000000000
9.7263593443 1.2500000000 3.6611784837 1.0835504934 2.6510441450 0.0000000000
9.7264362142 1.2500000000 3.6608264183 1.0676914331 2.6432922596 0.0000000000
9.7265130162 1.2500000000 3.6604719175 1.0518326386 2.6355307383 0.0000000000
9.7265897003 1.2500000000 3.6600929198 1.0359774079 2.6276726552 0.0000000000
9.7266659887 1.2500000000 3.6597391662 1.0201187432 2.6199141753 0.0000000000
9.7267421843 1.2500000000 3.6593916668 1.0042590231 2.6121802894 0.0000000000
9.7268187259 1.2500000000 3.6590421775 0.9883995974 2.6044385619 0.0000000000
9.7268954565 1.2500000000 3.6587034680 0.9725386042 2.5967393269 0.0000000000
9.7269734049 1.2500000000 3.6583355512 0.9566817609 2.5889249223 0.0000000000
9.7270524060 1.2500000000 3.6579788772 0.9408234710 2.5811549102 0.0000000000
9.7271330771 1.2500000000 3.6576336139 0.9249636556 2.5734299309 0.0000000000
9.7272166313 1.2500000000 3.6573018920 0.9091019061 2.5657583435 0.0000000000
9.7273046074 1.2500000000 3.6569603661 0.8932418097 2.5580482013 0.0000000000
9.7274002307 1.2500000000 3.6566083065 0.8773834906 2.5502966351 0.0000000000
9.7275101919 1.2500000000 3.6562462606 0.8615273521 2.5425059963 0.0000000000
9.7276602936 1.2500000000 3.6559158239 0.8456689696 2.5348408966 0.0000000000
9.7279838533 1.2500000000 3.6561336756 0.8492255476 2.5371349344 0.0000000000
9.7280873440 1.2500000000 3.6565898742 0.8650670438 2.5452963271 0.0000000000
9.7281593297 1.2500000000 3.6570197505 0.8809143418 2.5533547519 0.0000000000
9.7282181670 1.2500000000 3.6574188050 0.8967670519 2.5612920536 0.0000000000
9.7282691013 1.2500000000 3.6578125576 0.9126207505 2.5692085436 0.0000000000
9.7283151645 1.2500000000 3.6582044856 0.9284747994 2.5771178751 0.0000000000
9.7283585329 1.2500000000 3.6586047065 0.9443275750 2.5850598689 0.0000000000
9.7284004513 1.2500000000 3.6590146251 0.9601789026 2.5930400746 0.0000000000
9.7284420268 1.2500000000 3.6594270764 0.9760297618 2.6010302232 0.0000000000
9.7284857819 1.2500000000 3.6598300108 0.9918814435 2.6089826337 0.0000000000
9.7285721581 1.2500000000 3.6601696447 1.0036211779 2.6150370631 0.0000000000
9.7286152364 1.2500000000 3.6597902480 0.9880758437 2.6073013424 0.0000000000
9.7286549190 1.2500000000 3.6594329392 0.9722025561 2.5995227921 0.0000000000
9.7287161932 1.2500000000 3.6590580889 0.9563464525 2.5916809495 0.0000000000
9.7287783492 1.2500000000 3.6586833827 0.9404901326 2.5838395969 0.0000000000
9.7288400076 1.2500000000 3.6583324646 0.9246304301 2.5760920435 0.0000000000
9.7289018743 1.2500000000 3.6579880667 0.9087697446 2.5683701778 0.0000000000
9.7289637690 1.2500000000 3.6576371580 0.8929099569 2.5606226280 0.0000000000
9.7290254292 1.2500000000 3.6572889899 0.8770498648 2.5528859184 0.0000000000
9.7290870031 1.2500000000 3.6569387635 0.8611900901 2.5451411031 0.0000000000
9.7291482340 1.2500000000 3.6565577807 0.8453346986 2.5372750153 0.0000000000
9.7292093647 1.2500000000 3.6561813629 0.8294785460 2.5294268831 0.0000000000
9.7292699729 1.2500000000 3.6557894156 0.8136247863 2.5215175900 0.0000000000
9.7293298503 1.2500000000 3.6554197656 0.7977677271 2.5136961661 0.0000000000
9.7293893339 1.2500000000 3.6550532665 0.7819102081 2.5058871623 0.0000000000
9.7294483948 1.2500000000 3.6546665499 0.7660556473 2.4979984717 0.0000000000
9.7295069845 1.2500000000 3.6542903842 0.7501995852 2.4901513839 0.0000000000
9.7295647096 1.2500000000 3.6539360847 0.7343402530 2.4823904528 0.0000000000
9.7296220749 1.2500000000 3.6535566824 0.7184846290 2.4745305941 0.0000000000
9.7296787411 1.2500000000 3.6531940518 0.7026264912 2.4667368168 0.0000000000
9.7297348299 1.2500000000 3.6528264160 0.6867690246 2.4589232867 0.0000000000
9.7297904322 1.2500000000 3.6524670051 0.6709105240 2.4511422431 0.0000000000
9.7298453926 1.2500000000 3.6521088723 0.6550517073 2.4433661850 0.0000000000
9.7298998244 1.2500000000 3.6517261652 0.6391964370 2.4354932486 0.0000000000
9.7299537621 1.2500000000 3.6513215878 0.6233446087 2.4275342079 0.0000000000
9.7300070380 1.2500000000 3.6509372683 0.6074895271 2.4196548972 0.0000000000
9.7300599149 1.2500000000 3.6505488125 0.5916351203 2.4117593110 0.0000000000
9.7301118245 1.2500000000 3.6501600605 0.5757807118 2.4038625397 0.0000000000
9.7301633851 1.2500000000 3.6497749109 0.5599256600 2.3959799207 0.0000000000
9.7302144020 1.2500000000 3.6493876362 0.5440709183 2.3880889253 0.0000000000
9.7302647113 1.2500000000 3.6489937178 0.5282174170 2.3801718511 0.0000000000
9.7303144183 1.2500000000 3.6486272769 0.5123598109 2.3723630449 0.0000000000
9.7303637782 1.2500000000 3.6482261187 0.4965074669 2.3644174745 0.0000000000
9.7304123767 1.2500000000 3.6478453970 0.4806519017 2.3565523615 0.0000000000
9.7304603538 1.2500000000 3.6474813758 0.4647939413 2.3487530927 0.0000000000
9.7305079189 1.2500000000 3.6471169652 0.4489359414 2.3409522503 0.0000000000
9.7305549263 1.2500000000 3.6467213473 0.4330826020 2.3330284431 0.0000000000
9.7306014745 1.2500000000 3.6463151480 0.4172308600 2.3250629492 0.0000000000
9.7306473743 1.2500000000 3.6459061730 0.4013795214 2.3170865135 0.0000000000
9.7306928686 1.2500000000 3.6455024746 0.3855277400 2.3091310073 0.0000000000
9.7307380519 1.2500000000 3.6450478567 0.3696842731 2.3009751492 0.0000000000
9.7307823493 1.2500000000 3.6446522234 0.3538308593 2.2930512504 0.0000000000
9.7308260678 1.2500000000 3.6442721744 0.3379751422 2.2851887673 0.0000000000
9.7308693885 1.2500000000 3.6438809373 0.3221210912 2.2772821987 0.0000000000
9.7309121997 1.2500000000 3.6434816526 0.3062683543 2.2693439653 0.0000000000
9.7309543852 1.2500000000 3.6431105698 0.2904110266 2.2615167030 0.0000000000
9.7309961633 1.2500000000 3.6427301287 0.2745552025 2.2536526087 0.0000000000
9.7310374516 1.2500000000 3.6423459221 0.2586999597 2.2457736855 0.0000000000
9.7310783270 1.2500000000 3.6419678430 0.2428436505 2.2379188454 0.0000000000
9.7311189498 1.2500000000 3.6415063680 0.2270011444 2.2297359428 0.0000000000
9.7311590348 1.2500000000 3.6410787623 0.2111530095 2.2216862659 0.0000000000
9.7311987460 1.2500000000 3.6406487711 0.1953053119 2.2136272221 0.0000000000
9.7312380270 1.2500000000 3.6402240396 0.1794566342 2.2055888251 0.0000000000
9.7312769333 1.2500000000 3.6398263136 0.1636035629 2.1976566924 0.0000000000
9.7313155418 1.2500000000 3.6394220408 0.1477515421 2.1896987932 0.0000000000
9.7313538602 1.2500000000 3.6390102298 0.1319004390 2.1817111078 0.0000000000
9.7313917498 1.2500000000 3.6386276535 0.1160449947 2.1738386247 0.0000000000
9.7314291844 1.2500000000 3.6382285669 0.1001924689 2.1659012683 0.0000000000
9.7314657910 1.2500000000 3.6378271817 0.0843399286 2.1579547112 0.0000000000
9.7315018362 1.2500000000 3.6374490922 0.0684838851 2.1500999358 0.0000000000
9.7315374184 1.2500000000 3.6370623453 0.0526290802 2.1422110261 0.0000000000
9.7315726937 1.2500000000 3.6366103361 0.0367852416 2.1340654539 0.0000000000
9.7316077564 1.2500000000 3.6361214187 0.0209481040 2.1257749295 0.0000000000
9.7316421607 1.2500000000 3.6356850366 0.0051011410 2.1176906156 0.0000000000
9.7316760455 1.2500000000 3.6352761986 -0.0107500707 2.1097147790 0.0000000000
9.7317096818 1.2500000000 3.6348530243 -0.0265990518 2.1016824894 0.0000000000
9.7317428500 1.2500000000 3.6344181654 -0.0424462631 2.0936041694 0.0000000000
9.7317756153 1.2500000000 3.6340253175 -0.0583001434 2.0856912258 0.0000000000
9.7318079806 1.2500000000 3.6336205640 -0.0741520852 2.0777314349 0.0000000000
9.7318399762 1.2500000000 3.6331854080 -0.0899987088 2.0696521614 0.0000000000
9.7318715481 1.2500000000 3.6328000344 -0.1058538206 2.0617686225 0.0000000000
9.7319027169 1.2500000000 3.6324043565 -0.1217072539 2.0538445376 0.0000000000
9.7319335394 1.2500000000 3.6320098148 -0.1375608839 2.0459249186 0.0000000000
9.7319641043 1.2500000000 3.6315513781 -0.1534038701 2.0377539775 0.0000000000
9.7319944323 1.2500000000 3.6310421080 -0.1692367297 2.0293837533 0.0000000000
9.7320242293 1.2500000000 3.6305921356 -0.1850805733 2.0212463260 0.0000000000
9.7320537286 1.2500000000 3.6301525976 -0.2009268065 2.0131496807 0.0000000000
9.7320828836 1.2500000000 3.6297049604 -0.2167714160 2.0050212882 0.0000000000
9.7321116617 1.2500000000 3.6292951088 -0.2326226445 1.9970413902 0.0000000000
9.7321401460 1.2500000000 3.6288835634 -0.2484735751 1.9890548365 0.0000000000
9.7321682066 1.2500000000 3.6284488674 -0.2643205144 1.9809772769 0.0000000000
9.7321959004 1.2500000000 3.6280407016 -0.2801721130 1.9730039741 0.0000000000
9.7322232496 1.2500000000 3.6276406319 -0.2960252286 1.9650624490 0.0000000000
9.7322502705 1.2500000000 3.6272341995 -0.3118769383 1.9570960358 0.0000000000
9.7322770214 1.2500000000 3.6268097104 -0.3277253907 1.9490586985 0.0000000000
9.7323035050 1.2500000000 3.6263373946 -0.3435655344 1.9408333778 0.0000000000
9.7323296312 1.2500000000 3.6258896686 -0.3594102915 1.9327045707 0.0000000000
9.7323555441 1.2500000000 3.6253709691 -0.3752417770 1.9242971786 0.0000000000
9.7323811003 1.2500000000 3.6248986865 -0.3910819240 1.9160719893 0.0000000000
9.7324062657 1.2500000000 3.6244667060 -0.4069291754 1.9080051667 0.0000000000
9.7324311353 1.2500000000 3.6240418127 -0.4227782228 1.8999659745 0.0000000000
9.7324557171 1.2500000000 3.6235900623 -0.4386223070 1.8918213394 0.0000000000
9.7324799624 1.2500000000 3.6231878911 -0.4544746586 1.8838717138 0.0000000000
9.7325039859 1.2500000000 3.6227803047 -0.4703262462 1.8759007332 0.0000000000
9.7325276805 1.2500000000 3.6223589638 -0.4861751567 1.8678758053 0.0000000000
9.7325511060 1.2500000000 3.6219525610 -0.5020263941 1.8599096995 0.0000000000
9.7325743612 1.2500000000 3.6214689646 -0.5178645658 1.8516400450 0.0000000000
9.7325973165 1.2500000000 3.6210059927 -0.5337063760 1.8434514335 0.0000000000
9.7326200346 1.2500000000 3.6205225568 -0.5495445291 1.8351824286 0.0000000000
9.7326424687 1.2500000000 3.6200324340 -0.5653813773 1.8268871981 0.0000000000
9.7326646024 1.2500000000 3.6195879069 -0.5812268351 1.8187709066 0.0000000000
9.7326865685 1.2500000000 3.6191390919 -0.5970709319 1.8106380077 0.0000000000
9.7327082693 1.2500000000 3.6186374785 -0.6129049593 1.8022979435 0.0000000000
9.7327296258 1.2500000000 3.6182248703 -0.6287554421 1.7943073176 0.0000000000
9.7327507861 1.2500000000 3.6178060539 -0.6446048949 1.7862922707 0.0000000000
9.7327716644 1.2500000000 3.6173735310 -0.6604520622 1.7782233122 0.0000000000
9.7327922804 1.2500000000 3.6169790853 -0.6763056074 1.7703041113 0.0000000000
9.7328128043 1.2500000000 3.6164731995 -0.6921392359 1.7619471167 0.0000000000
9.7328331013 1.2500000000 3.6159857063 -0.7079763693 1.7536622903 0.0000000000
9.7328531394 1.2500000000 3.6155017975 -0.7238146182 1.7453913556 0.0000000000
9.7328729401 1.2500000000 3.6149923134 -0.7396477863 1.7370201520 0.0000000000
9.7328924431 1.2500000000 3.6145368971 -0.7554908407 1.7288612651 0.0000000000
9.7329117593 1.2500000000 3.6140888964 -0.7713352338 1.7207315049 0.0000000000
9.7329308921 1.2500000000 3.6136016118 -0.7871725648 1.7124474344 0.0000000000
9.7329497341 1.2500000000 3.6131577578 -0.8030171970 1.7043341655 0.0000000000
9.7329683460 1.2500000000 3.6127390853 -0.8188669051 1.6963195921 0.0000000000
9.7329867459 1.2500000000 3.6122918909 -0.8347114005 1.6881930163 0.0000000000
9.7330049731 1.2500000000 3.6118633480 -0.8505593253 1.6801396749 0.0000000000
9.7330229955 1.2500000000 3.6113530421 -0.8663921577 1.6717653182 0.0000000000
9.7330408240 1.2500000000 3.6108470543 -0.8822251498 1.6634081703 0.0000000000
9.7330584464 1.2500000000 3.6103542919 -0.8980611050 1.6551027386 0.0000000000
9.7330758616 1.2500000000 3.6098402481 -0.9138930430 1.6467137882 0.0000000000
9.7330930311 1.2500000000 3.6093797852 -0.9297352818 1.6385350410 0.0000000000
9.7331100203 1.2500000000 3.6089198326 -0.9455774867 1.6303583489 0.0000000000
9.7331268485 1.2500000000 3.6084152166 -0.9614108744 1.6220065297 0.0000000000
9.7331434466 1.2500000000 3.6079677670 -0.9772557854 1.6138787668 0.0000000000
9.7331598168 1.2500000000 3.6075293362 -0.9931024063 1.6057863955 0.0000000000
9.7331760177 1.2500000000 3.6070967962 -1.0089492368 1.5977175032 0.0000000000
9.7331920811 1.2500000000 3.6065967701 -1.0247836533 1.5893836323 0.0000000000
9.7332079868 1.2500000000 3.6060687921 -1.0406125400 1.5809401653 0.0000000000
9.7332236912 1.2500000000 3.6055642673 -1.0564461107 1.5725886380 0.0000000000
9.7332392040 1.2500000000 3.6050508814 -1.0722770810 1.5642027064 0.0000000000
9.7332545563 1.2500000000 3.6045333329 -1.0881079437 1.5558001672 0.0000000000
9.7332696798 1.2500000000 3.6040679318 -1.1039496714 1.5476018717 0.0000000000
9.7332846465 1.2500000000 3.6036101633 -1.1197931309 1.5394334140 0.0000000000
9.7332994620 1.2500000000 3.6031121524 -1.1356274659 1.5311076364 0.0000000000
9.7333140813 1.2500000000 3.6026747976 -1.1514732349 1.5230199095 0.0000000000
9.7333285306 1.2500000000 3.6022367870 -1.1673195101 1.5149293568 0.0000000000
9.7333428654 1.2500000000 3.6017640823 -1.1831588893 1.5067027866 0.0000000000
9.7333570489 1.2500000000 3.6012205854 -1.1989842155 1.4981986686 0.0000000000
9.7333710991 1.2500000000 3.6006435604 -1.2148021839 1.4895633812 0.0000000000
9.7333849404 1.2500000000 3.6001268817 -1.2306330502 1.4811643196 0.0000000000
9.7333986522 1.2500000000 3.5996349663 -1.2464691945 1.4728622004 0.0000000000
9.7334122324 1.2500000000 3.5991016343 -1.2622970296 1.4643977385 0.0000000000
9.7334256339 1.2500000000 3.5986234112 -1.2781354755 1.4561494675 0.0000000000
9.7334388825 1.2500000000 3.5981698805 -1.2939785567 1.4479981121 0.0000000000
9.7334520131 1.2500000000 3.5976786090 -1.3098151636 1.4396983834 0.0000000000
9.7334649597 1.2500000000 3.5972459610 -1.3256617589 1.4316291533 0.0000000000
9.7334778149 1.2500000000 3.5967450668 -1.3414948426 1.4232923431 0.0000000000
9.7334905708 1.2500000000 3.5961893870 -1.3573173577 1.4147406180 0.0000000000
9.7335031314 1.2500000000 3.5956408374 -1.3731414957 1.4062167645 0.0000000000
9.7335155123 1.2500000000 3.5950610766 -1.3889587035 1.3975708380 0.0000000000
9.7335277217 1.2500000000 3.5945546953 -1.4047916053 1.3892121522 0.0000000000
9.7335397714 1.2500000000 3.5940623014 -1.4206268571 1.3809084756 0.0000000000
9.7335517012 1.2500000000 3.5935079604 -1.4364503970 1.3723616957 0.0000000000
9.7335634541 1.2500000000 3.5930528192 -1.4522927048 1.3642042077 0.0000000000
9.7335750774 1.2500000000 3.5925996937 -1.4681353846 1.3560546338 0.0000000000
9.7335865722 1.2500000000 3.5921337755 -1.4839756050 1.3478548729 0.0000000000
9.7335979860 1.2500000000 3.5915925648 -1.4998008477 1.3393599330 0.0000000000
9.7336092714 1.2500000000 3.5909883183 -1.5156126547 1.3306182244 0.0000000000
9.7336204089 1.2500000000 3.5904343811 -1.5314346557 1.3220736750 0.0000000000
9.7336314391 1.2500000000 3.5898908414 -1.5472597366 1.3135694840 0.0000000000
9.7336423313 1.2500000000 3.5893126233 -1.5630780090 1.3049293026 0.0000000000
9.7336530771 1.2500000000 3.5888091982 -1.5789109775 1.2965824147 0.0000000000
9.7336637109 1.2500000000 3.5883348561 -1.5947495740 1.2883496078 0.0000000000
9.7336742400 1.2500000000 3.5878088660 -1.6105780984 1.2799142376 0.0000000000
9.7336846216 1.2500000000 3.5873507076 -1.6264198687 1.2717448960 0.0000000000
9.7336949042 1.2500000000 3.5868574146 -1.6422547054 1.2634377894 0.0000000000
9.7337051127 1.2500000000 3.5862628997 -1.6580684610 1.2547342275 0.0000000000
9.7337152042 1.2500000000 3.5856686179 -1.6738829831 1.2460312915 0.0000000000
9.7337251507 1.2500000000 3.5850529284 -1.6896916113 1.2372450822 0.0000000000
9.7337350032 1.2500000000 3.5845192274 -1.7055178877 1.2287797676 0.0000000000
9.7337447521 1.2500000000 3.5840081862 -1.7213489413 1.2204031811 0.0000000000
9.7337543945 1.2500000000 3.5834239709 -1.7371646584 1.2117400334 0.0000000000
9.7337639069 1.2500000000 3.5829440668 -1.7530024658 1.2034852937 0.0000000000
9.7337733412 1.2500000000 3.5824676813 -1.7688411336 1.1952442846 0.0000000000
9.7337826537 1.2500000000 3.5819821094 -1.7846778434 1.1869673132 0.0000000000
9.7337919184 1.2500000000 3.5813466630 -1.8004816100 1.1781040211 0.0000000000
9.7338010732 1.2500000000 3.5806780981 -1.8162776623 1.1691113404 0.0000000000
9.7338101298 1.2500000000 3.5800832272 -1.8320902913 1.1604068053 0.0000000000
9.7338190881 1.2500000000 3.5795024435 -1.8479058558 1.1517574446 0.0000000000
9.7338279479 1.2500000000 3.5788802840 -1.8637116263 1.1429464985 0.0000000000
9.7338366966 1.2500000000 3.5783870182 -1.8795477159 1.1346389994 0.0000000000
9.7338453539 1.2500000000 3.5778874628 -1.8953824529 1.1263068830 0.0000000000
9.7338539174 1.2500000000 3.5773665482 -1.9112125399 1.1178911898 0.0000000000
9.7338624070 1.2500000000 3.5768573332 -1.9270435310 1.1095219333 0.0000000000
9.7338708393 1.2500000000 3.5762003463 -1.9428405566 1.1005751755 0.0000000000
9.7338791713 1.2500000000 3.5755991331 -1.9586512694 1.0918460376 0.0000000000
9.7338874308 1.2500000000 3.5749865714 -1.9744589699 1.0830727107 0.0000000000
9.7338956167 1.2500000000 3.5743485718 -1.9902604482 1.0742001211 0.0000000000
9.7339036935 1.2500000000 3.5738211384 -2.0060895474 1.0657587477 0.0000000000
9.7339116803 1.2500000000 3.5733027389 -2.0219208973 1.0573526098 0.0000000000
9.7339196077 1.2500000000 3.5727278066 -2.0377371486 1.0487263802 0.0000000000
9.7339274398 1.2500000000 3.5722400318 -2.0535735753 1.0404407101 0.0000000000
9.7339352216 1.2500000000 3.5716296684 -2.0693809167 1.0316763199 0.0000000000
9.7339429219 1.2500000000 3.5709843793 -2.0851801625 1.0227754654 0.0000000000
9.7339505496 1.2500000000 3.5703167660 -2.1009733713 1.0137877283 0.0000000000
9.7339581105 1.2500000000 3.5696128175 -2.1167568543 1.0046585414 0.0000000000
9.7339655589 1.2500000000 3.5690644202 -2.1325812039 0.9961352122 0.0000000000
9.7339729229 1.2500000000 3.5685099731 -2.1484050012 0.9875879051 0.0000000000
9.7339802135 1.2500000000 3.5678965969 -2.1642122057 0.9788115184 0.0000000000
9.7339874181 1.2500000000 3.5673972838 -2.1800452457 0.9704810497 0.0000000000
9.7339945648 1.2500000000 3.5668270547 -2.1958623592 0.9618732881 0.0000000000
9.7340016540 1.2500000000 3.5661550680 -2.2116539988 0.9528686856 0.0000000000
9.7340086603 1.2500000000 3.5654703603 -2.2274425023 0.9438144534 0.0000000000
9.7340156225 1.2500000000 3.5647782054 -2.2432284502 0.9347314544 0.0000000000
9.7340224766 1.2500000000 3.5641907643 -2.2590443889 0.9260553146 0.0000000000
9.7340292712 1.2500000000 3.5635974233 -2.2748579851 0.9173565124 0.0000000000
9.7340360008 1.2500000000 3.5629809687 -2.2906637514 0.9085683873 0.0000000000
9.7340426383 1.2500000000 3.5624787389 -2.3064946194 0.9002271210 0.0000000000
9.7340492340 1.2500000000 3.5619258497 -2.3223145128 0.8916876067 0.0000000000
9.7340557674 1.2500000000 3.5612055124 -2.3380924556 0.8824950803 0.0000000000
9.7340622469 1.2500000000 3.5604891847 -2.3538721503 0.8733178917 0.0000000000
9.7340686553 1.2500000000 3.5597590928 -2.3696475488 0.8640873648 0.0000000000
9.7340749928 1.2500000000 3.5591659063 -2.3854600626 0.8553896132 0.0000000000
9.7340812654 1.2500000000 3.5585440183 -2.4012652195 0.8465799985 0.0000000000
9.7340874774 1.2500000000 3.5579136304 -2.4170678155 0.8377374085 0.0000000000
9.7340936174 1.2500000000 3.5573807157 -2.4328912923 0.8292763587 0.0000000000
9.7340997076 1.2500000000 3.5567588963 -2.4486934117 0.8204682336 0.0000000000
9.7341057478 1.2500000000 3.5560686137 -2.4644816653 0.8113918018 0.0000000000
9.7341117284 1.2500000000 3.5553886119 -2.4802743453 0.8023547224 0.0000000000
9.7341176512 1.2500000000 3.5546673283 -2.4960536573 0.7931578634 0.0000000000
9.7341235132 1.2500000000 3.5540795644 -2.5118643270 0.7844825397 0.0000000000
9.7341293189 1.2500000000 3.5534411614 -2.5276640516 0.7756090380 0.0000000000
9.7341350573 1.2500000000 3.5528183786 -2.5434673285 0.7667965962 0.0000000000
9.7341407468 1.2500000000 3.5522586869 -2.5592837383 0.7582312652 0.0000000000
9.7341464018 1.2500000000 3.5515549550 -2.5750630303 0.7491046209 0.0000000000
9.7341520131 1.2500000000 3.5508340751 -2.5908428412 0.7399091767 0.0000000000
9.7341575756 1.2500000000 3.5500669247 -2.6066100009 0.7305337115 0.0000000000
9.7341630671 1.2500000000 3.5493117102 -2.6223762114 0.7212063693 0.0000000000
9.7341685139 1.2500000000 3.5487042691 -2.6381805949 0.7124548514 0.0000000000
9.7341739140 1.2500000000 3.5480609907 -2.6539760362 0.7035635613 0.0000000000
9.7341792569 1.2500000000 3.5474384273 -2.6697769898 0.6947529264 0.0000000000
9.7341845561 1.2500000000 3.5468434167 -2.6855839109 0.6860501155 0.0000000000
9.7341898121 1.2500000000 3.5461374635 -2.7013637906 0.6769143507 0.0000000000
9.7341950273 1.2500000000 3.5454448001 -2.7171464089 0.6678306497 0.0000000000
9.7342002123 1.2500000000 3.5447196340 -2.7329201355 0.6586204947 0.0000000000
9.7342053476 1.2500000000 3.5439911393 -2.7486933035 0.6493972489 0.0000000000
9.7342104316 1.2500000000 3.5433278937 -2.7644823942 0.6404286303 0.0000000000
9.7342154507 1.2500000000 3.5426588669 -2.7802705523 0.6314372596 0.0000000000
9.7342204104 1.2500000000 3.5420353532 -2.7960703604 0.6226232815 0.0000000000
9.7342253884 1.2500000000 3.5412808411 -2.8118345820 0.6132995447 0.0000000000
9.7342302761 1.2500000000 3.5405503849 -2.8276040078 0.6040699494 0.0000000000
9.7342351166 1.2500000000 3.5398803948 -2.8433904040 0.5950754307 0.0000000000
9.7342398911 1.2500000000 3.5391679358 -2.8591650380 0.5859157410 0.0000000000
9.7342446408 1.2500000000 3.5384827590 -2.8749470564 0.5768622265 0.0000000000
9.7342493540 1.2500000000 3.5378323012 -2.8907383250 0.5679438879 0.0000000000
9.7342540291 1.2500000000 3.5371690688 -2.9065253742 0.5589761385 0.0000000000
9.7342586470 1.2500000000 3.5364485340 -2.9222964850 0.5497855548 0.0000000000
9.7342632079 1.2500000000 3.5356763209 -2.9380518604 0.5403945524 0.0000000000
9.7342677430 1.2500000000 3.5349403186 -2.9538177954 0.5311441693 0.0000000000
9.7342722420 1.2500000000 3.5342429184 -2.9695943747 0.5220439366 0.0000000000
9.7342766907 1.2500000000 3.5334914591 -2.9853557289 0.5127335581 0.0000000000
9.7342810950 1.2500000000 3.5328149071 -3.0011386722 0.5037141727 0.0000000000
9.7342854632 1.2500000000 3.5321371912 -3.0169212858 0.4946902634 0.0000000000
9.7342898018 1.2500000000 3.5313944581 -3.0326835158 0.4854144389 0.0000000000
9.7342940923 1.2500000000 3.5306206196 -3.0484371591 0.4760176277 0.0000000000
9.7342983574 1.2500000000 3.5298496278 -3.0641906473 0.4666322653 0.0000000000
9.7343025746 1.2500000000 3.5291253027 -3.0799591520 0.4574275629 0.0000000000
9.7343067633 1.2500000000 3.5284668034 -3.0957489357 0.4484776523 0.0000000000
9.7343109005 1.2500000000 3.5277410795 -3.1115169636 0.4392675454 0.0000000000
9.7343150010 1.2500000000 3.5270372335 -3.1272921523 0.4301420862 0.0000000000
9.7343190719 1.2500000000 3.5262565192 -3.1430419514 0.4207193092 0.0000000000
9.7343231116 1.2500000000 3.5255342942 -3.1588114469 0.4115226111 0.0000000000
9.7343271160 1.2500000000 3.5247901007 -3.1745733407 0.4022410796 0.0000000000
9.7343310899 1.2500000000 3.5240251136 -3.1903282057 0.3928791850 0.0000000000
9.7343350354 1.2500000000 3.5232902462 -3.2060925550 0.3836339759 0.0000000000
9.7343389445 1.2500000000 3.5225413494 -3.2218535313 0.3743339981 0.0000000000
9.7343428254 1.2500000000 3.5217943743 -3.2376166792 0.3650408383 0.0000000000
9.7343466734 1.2500000000 3.5210173883 -3.2533675147 0.3556325605 0.0000000000
9.7343504906 1.2500000000 3.5202013472 -3.2691032980 0.3460740827 0.0000000000
9.7343542794 1.2500000000 3.5193856588 -3.2848406853 0.3365163741 0.0000000000
9.7343580478 1.2500000000 3.5185786124 -3.3005821351 0.3269916086 0.0000000000
9.7343617751 1.2500000000 3.5178246553 -3.3163445583 0.3176708108 0.0000000000
9.7343654721 1.2500000000 3.5171274000 -3.3321300713 0.3085675845 0.0000000000
9.7343691379 1.2500000000 3.5163125215 -3.3478678308 0.2990129668 0.0000000000
9.7343727721 1.2500000000 3.5154966128 -3.3636048684 0.2894545167 0.0000000000
9.7343763765 1.2500000000 3.5146684618 -3.3793399242 0.2798478906 0.0000000000
9.7343799543 1.2500000000 3.5138727909 -3.3950866179 0.2703665293 0.0000000000
9.7343835102 1.2500000000 3.5131602984 -3.4108670946 0.2612043687 0.0000000000
9.7343870299 1.2500000000 3.5123615912 -3.4266168313 0.2517096453 0.0000000000
9.7343905221 1.2500000000 3.5115310634 -3.4423548104 0.2420923426 0.0000000000
9.7343939885 1.2500000000 3.5106719328 -3.4580794510 0.2323659639 0.0000000000
9.7343974204 1.2500000000 3.5098240228 -3.4738097479 0.2226822051 0.0000000000
9.7344008368 1.2500000000 3.5090242525 -3.4895641902 0.2131813470 0.0000000000
9.7344042237 1.2500000000 3.5081729906 -3.5052965890 0.2034833398 0.0000000000
9.7344075845 1.2500000000 3.5074304568 -3.5210667547 0.1942051384 0.0000000000
9.7344109247 1.2500000000 3.5066335765 -3.5368150067 0.1847183165 0.0000000000
9.7344142406 1.2500000000 3.5057521499 -3.5525340427 0.1749049956 0.0000000000
9.7344175323 1.2500000000 3.5048953334 -3.5682696237 0.1651834972 0.0000000000
9.7344208031 1.2500000000 3.5039895781 -3.5839830364 0.1552751107 0.0000000000
9.7344240584 1.2500000000 3.5032190478 -3.5997416861 0.1458895298 0.0000000000
9.7344272965 1.2500000000 3.5025191559 -3.6155204316 0.1367784639 0.0000000000
9.7344305281 1.2500000000 3.5017781352 -3.6312842411 0.1275088575 0.0000000000
9.7344337408 1.2500000000 3.5008181363 -3.6469779411 0.1173913819 0.0000000000
9.7344369559 1.2500000000 3.4998422995 -3.6626650537 0.1072131895 0.0000000000
9.7344401749 1.2500000000 3.4990002128 -3.6783967667 0.0975521577 0.0000000000
9.7344434167 1.2500000000 3.4982003807 -3.6941446214 0.0880536873 0.0000000000
9.7344467299 1.2500000000 3.4974104419 -3.7098937762 0.0785942702 0.0000000000
9.7344501526 1.2500000000 3.4965974181 -3.7256334557 0.0690463033 0.0000000000
9.7344542979 1.2500000000 3.4957200000 -3.7413500000 0.0592500130 0.0000000000
