# logAge Mass logTe Mbol logg C/O
4.1398790864 0.5800000000 4.0553700000 0.9675250000 3.8479179936 0.0000000000
4.1482928245 0.5800000000 4.0553580510 0.9672847556 3.8477740998 0.0000000000
4.1567065723 0.5800000000 4.0553458294 0.9670477345 3.8476304051 0.0000000000
4.1651203297 0.5800000000 4.0553333400 0.9668138972 3.8474869124 0.0000000000
4.1735340967 0.5800000000 4.0553205874 0.9665832039 3.8473436246 0.0000000000
4.1819478730 0.5800000000 4.0553075762 0.9663556151 3.8472005445 0.0000000000
4.1903616585 0.5800000000 4.0552943113 0.9661310910 3.8470576751 0.0000000000
4.1987754532 0.5800000000 4.0552807972 0.9659095922 3.8469150192 0.0000000000
4.2071892568 0.5800000000 4.0552670386 0.9656910788 3.8467725797 0.0000000000
4.2156030693 0.5800000000 4.0552530403 0.9654755114 3.8466303594 0.0000000000
4.2240168905 0.5800000000 4.0552388069 0.9652628502 3.8464883614 0.0000000000
4.2324307202 0.5800000000 4.0552243431 0.9650530557 3.8463465884 0.0000000000
4.2408445585 0.5800000000 4.0552096536 0.9648460881 3.8462050433 0.0000000000
4.2492584050 0.5800000000 4.0551947431 0.9646419079 3.8460637290 0.0000000000
4.2576722597 0.5800000000 4.0551796162 0.9644404755 3.8459226484 0.0000000000
4.2660861225 0.5800000000 4.0551642776 0.9642417511 3.8457818044 0.0000000000
4.2744999932 0.5800000000 4.0551487321 0.9640456952 3.8456411998 0.0000000000
4.2829138717 0.5800000000 4.0551329842 0.9638522681 3.8455008376 0.0000000000
4.2913277578 0.5800000000 4.0551170387 0.9636614302 3.8453607206 0.0000000000
4.2997416515 0.5800000000 4.0551009004 0.9634731418 3.8452208517 0.0000000000
4.3081555526 0.5800000000 4.0550845737 0.9632873634 3.8450812338 0.0000000000
4.3165694610 0.5800000000 4.0550680635 0.9631040552 3.8449418697 0.0000000000
4.3249833765 0.5800000000 4.0550513744 0.9629231777 3.8448027624 0.0000000000
4.3333972990 0.5800000000 4.0550345112 0.9627446912 3.8446639147 0.0000000000
4.3418112284 0.5800000000 4.0550174784 0.9625685560 3.8445253295 0.0000000000
4.3502251645 0.5800000000 4.0550002808 0.9623947326 3.8443870098 0.0000000000
4.3586391072 0.5800000000 4.0549829230 0.9622231813 3.8442489582 0.0000000000
4.3670530565 0.5800000000 4.0549654098 0.9620538625 3.8441111779 0.0000000000
4.3754670121 0.5800000000 4.0549477458 0.9618867365 3.8439736715 0.0000000000
4.3838809739 0.5800000000 4.0549299358 0.9617217638 3.8438364421 0.0000000000
4.3922949417 0.5800000000 4.0549119843 0.9615589046 3.8436994925 0.0000000000
4.4007089156 0.5800000000 4.0548938961 0.9613981193 3.8435628256 0.0000000000
4.4091228953 0.5800000000 4.0548756758 0.9612393683 3.8434264442 0.0000000000
4.4175368806 0.5800000000 4.0548573282 0.9610826120 3.8432903513 0.0000000000
4.4259508716 0.5800000000 4.0548388580 0.9609278107 3.8431545497 0.0000000000
4.4343648680 0.5800000000 4.0548202697 0.9607749248 3.8430190423 0.0000000000
4.4427788696 0.5800000000 4.0548015681 0.9606239147 3.8428838320 0.0000000000
4.4511928765 0.5800000000 4.0547827580 0.9604747406 3.8427489216 0.0000000000
4.4596068884 0.5800000000 4.0547638438 0.9603273631 3.8426143142 0.0000000000
4.4680209052 0.5800000000 4.0547448305 0.9601817424 3.8424800124 0.0000000000
4.4764349268 0.5800000000 4.0547257225 0.9600378390 3.8423460193 0.0000000000
4.4848489530 0.5800000000 4.0547065247 0.9598956131 3.8422123376 0.0000000000
4.4932629838 0.5800000000 4.0546872417 0.9597550252 3.8420789704 0.0000000000
4.5016770189 0.5800000000 4.0546678781 0.9596160356 3.8419459204 0.0000000000
4.5100910583 0.5800000000 4.0546484388 0.9594786047 3.8418131905 0.0000000000
4.5185051018 0.5800000000 4.0546289282 0.9593426928 3.8416807837 0.0000000000
4.5269191493 0.5800000000 4.0546093513 0.9592082603 3.8415487027 0.0000000000
4.5353332007 0.5800000000 4.0545897125 0.9590752676 3.8414169506 0.0000000000
4.5437472558 0.5800000000 4.0545700166 0.9589436751 3.8412855301 0.0000000000
4.5521613145 0.5800000000 4.0545502684 0.9588134430 3.8411544442 0.0000000000
4.5605753766 0.5800000000 4.0545304724 0.9586845318 3.8410236957 0.0000000000
4.5689894421 0.5800000000 4.0545106333 0.9585569019 3.8408932875 0.0000000000
4.5774035108 0.5800000000 4.0544907559 0.9584305135 3.8407632226 0.0000000000
4.5858175826 0.5800000000 4.0544708448 0.9583053272 3.8406335036 0.0000000000
4.5942316573 0.5800000000 4.0544509047 0.9581813031 3.8405041337 0.0000000000
4.6026457349 0.5800000000 4.0544309403 0.9580584018 3.8403751156 0.0000000000
4.6110598151 0.5800000000 4.0544109563 0.9579365835 3.8402464522 0.0000000000
4.6194738979 0.5800000000 4.0543909574 0.9578158086 3.8401181464 0.0000000000
4.6278879831 0.5800000000 4.0543709481 0.9576960375 3.8399902012 0.0000000000
4.6363020706 0.5800000000 4.0543509334 0.9575772306 3.8398626192 0.0000000000
4.6447161602 0.5800000000 4.0543309177 0.9574593482 3.8397354036 0.0000000000
4.6531302519 0.5800000000 4.0543109058 0.9573423507 3.8396085570 0.0000000000
4.6615443454 0.5800000000 4.0542909024 0.9572261985 3.8394820825 0.0000000000
4.6699584407 0.5800000000 4.0542709121 0.9571108518 3.8393559829 0.0000000000
4.6783725377 0.5800000000 4.0542509397 0.9569962712 3.8392302610 0.0000000000
4.6867866362 0.5800000000 4.0542309899 0.9568824169 3.8391049198 0.0000000000
4.6952007360 0.5800000000 4.0542110672 0.9567692493 3.8389799621 0.0000000000
4.7036148371 0.5800000000 4.0541911765 0.9566567288 3.8388553909 0.0000000000
4.7120289393 0.5800000000 4.0541713223 0.9565448157 3.8387312090 0.0000000000
4.7204430424 0.5800000000 4.0541515094 0.9564334705 3.8386074192 0.0000000000
4.7288571465 0.5800000000 4.0541317444 0.9563226688 3.8384840385 0.0000000000
4.7372712516 0.5800000000 4.0541120438 0.9562124639 3.8383611545 0.0000000000
4.7456853580 0.5800000000 4.0540924274 0.9561029334 3.8382388766 0.0000000000
4.7540994659 0.5800000000 4.0540729148 0.9559941547 3.8381173147 0.0000000000
4.7625135756 0.5800000000 4.0540535256 0.9558862056 3.8379965783 0.0000000000
4.7709276873 0.5800000000 4.0540342796 0.9557791635 3.8378767772 0.0000000000
4.7793418012 0.5800000000 4.0540151962 0.9556731060 3.8377580209 0.0000000000
4.7877559175 0.5800000000 4.0539962953 0.9555681106 3.8376404192 0.0000000000
4.7961700366 0.5800000000 4.0539775965 0.9554642550 3.8375240817 0.0000000000
4.8045841586 0.5800000000 4.0539591195 0.9553616166 3.8374091180 0.0000000000
4.8129982838 0.5800000000 4.0539408838 0.9552602731 3.8372956379 0.0000000000
4.8214124124 0.5800000000 4.0539229091 0.9551603020 3.8371837509 0.0000000000
4.8298265447 0.5800000000 4.0539052152 0.9550617808 3.8370735668 0.0000000000
4.8382406808 0.5800000000 4.0538878217 0.9549647872 3.8369651951 0.0000000000
4.8466548210 0.5800000000 4.0538707482 0.9548693986 3.8368587457 0.0000000000
4.8550689656 0.5800000000 4.0538540143 0.9547756926 3.8367543280 0.0000000000
4.8634831147 0.5800000000 4.0538376399 0.9546837469 3.8366520518 0.0000000000
4.8718972687 0.5800000000 4.0538216444 0.9545936389 3.8365520268 0.0000000000
4.8803114277 0.5800000000 4.0538060476 0.9545054462 3.8364543625 0.0000000000
4.8887255921 0.5800000000 4.0537908691 0.9544192464 3.8363591687 0.0000000000
4.8971397619 0.5800000000 4.0537761287 0.9543351171 3.8362665551 0.0000000000
4.9055539375 0.5800000000 4.0537618453 0.9542531348 3.8361766288 0.0000000000
4.9139681188 0.5800000000 4.0537480300 0.9541733613 3.8360894581 0.0000000000
4.9223823056 0.5800000000 4.0537346868 0.9540958459 3.8360050791 0.0000000000
4.9307964977 0.5800000000 4.0537218195 0.9540206376 3.8359235268 0.0000000000
4.9392106948 0.5800000000 4.0537094321 0.9539477854 3.8358448363 0.0000000000
4.9476248967 0.5800000000 4.0536975284 0.9538773382 3.8357690426 0.0000000000
4.9560391032 0.5800000000 4.0536861123 0.9538093450 3.8356961808 0.0000000000
4.9644533140 0.5800000000 4.0536751876 0.9537438549 3.8356262861 0.0000000000
4.9728675289 0.5800000000 4.0536647583 0.9536809168 3.8355593935 0.0000000000
4.9812817477 0.5800000000 4.0536548282 0.9536205796 3.8354955380 0.0000000000
4.9896959701 0.5800000000 4.0536454011 0.9535628924 3.8354347548 0.0000000000
4.9981101960 0.5800000000 4.0536364809 0.9535079041 3.8353770789 0.0000000000
5.0065244250 0.5800000000 4.0536280716 0.9534556638 3.8353225453 0.0000000000
5.0149386569 0.5800000000 4.0536201769 0.9534062203 3.8352711893 0.0000000000
5.0233528915 0.5800000000 4.0536128008 0.9533596228 3.8352230458 0.0000000000
5.0317671287 0.5800000000 4.0536059471 0.9533159201 3.8351781499 0.0000000000
5.0401813681 0.5800000000 4.0535996197 0.9532751612 3.8351365367 0.0000000000
5.0485956094 0.5800000000 4.0535938224 0.9532373952 3.8350982412 0.0000000000
5.0570098526 0.5800000000 4.0535885592 0.9532026709 3.8350632987 0.0000000000
5.0654240973 0.5800000000 4.0535838339 0.9531710375 3.8350317440 0.0000000000
5.0738383434 0.5800000000 4.0535796503 0.9531425438 3.8350036124 0.0000000000
5.0822525905 0.5800000000 4.0535760124 0.9531172389 3.8349789388 0.0000000000
5.0906668385 0.5800000000 4.0535729240 0.9530951717 3.8349577583 0.0000000000
5.0990810871 0.5800000000 4.0535703890 0.9530763913 3.8349401061 0.0000000000
5.1074953361 0.5800000000 4.0535684113 0.9530609465 3.8349260172 0.0000000000
5.1159095852 0.5800000000 4.0535669947 0.9530488864 3.8349155267 0.0000000000
5.1243238343 0.5800000000 4.0535661430 0.9530402599 3.8349086697 0.0000000000
5.1327380831 0.5800000000 4.0535658603 0.9530351161 3.8349054811 0.0000000000
5.1411523313 0.5800000000 4.0535661503 0.9530335039 3.8349059962 0.0000000000
5.1495665788 0.5800000000 4.0535670169 0.9530354723 3.8349102500 0.0000000000
5.1579808252 0.5800000000 4.0535684639 0.9530410703 3.8349182775 0.0000000000
5.1663950704 0.5800000000 4.0535704954 0.9530503469 3.8349301138 0.0000000000
5.1748093142 0.5800000000 4.0535731150 0.9530633510 3.8349457941 0.0000000000
5.1832235562 0.5800000000 4.0535763268 0.9530801316 3.8349653533 0.0000000000
5.1916377963 0.5800000000 4.0535801345 0.9531007377 3.8349888266 0.0000000000
5.2000520343 0.5800000000 4.0535845383 0.9531251926 3.8350162236 0.0000000000
5.2084662700 0.5800000000 4.0535895244 0.9531534267 3.8350474617 0.0000000000
5.2168805032 0.5800000000 4.0535950760 0.9531853490 3.8350824371 0.0000000000
5.2252947339 0.5800000000 4.0536011764 0.9532208688 3.8351210466 0.0000000000
5.2337089619 0.5800000000 4.0536078087 0.9532598952 3.8351631863 0.0000000000
5.2421231870 0.5800000000 4.0536149561 0.9533023376 3.8352087529 0.0000000000
5.2505374091 0.5800000000 4.0536226018 0.9533481049 3.8352576427 0.0000000000
5.2589516281 0.5800000000 4.0536307290 0.9533971066 3.8353097522 0.0000000000
5.2673658438 0.5800000000 4.0536393209 0.9534492516 3.8353649778 0.0000000000
5.2757800561 0.5800000000 4.0536483607 0.9535044493 3.8354232160 0.0000000000
5.2841942649 0.5800000000 4.0536578315 0.9535626089 3.8354843632 0.0000000000
5.2926084700 0.5800000000 4.0536677166 0.9536236394 3.8355483158 0.0000000000
5.3010226713 0.5800000000 4.0536779992 0.9536874502 3.8356149704 0.0000000000
5.3094368686 0.5800000000 4.0536886624 0.9537539504 3.8356842233 0.0000000000
5.3178510618 0.5800000000 4.0536996894 0.9538230492 3.8357559710 0.0000000000
5.3262652509 0.5800000000 4.0537110648 0.9538946612 3.8358301172 0.0000000000
5.3346794357 0.5800000000 4.0537227787 0.9539687246 3.8359065981 0.0000000000
5.3430936164 0.5800000000 4.0537348227 0.9540451840 3.8359853581 0.0000000000
5.3515077929 0.5800000000 4.0537471887 0.9541239839 3.8360663419 0.0000000000
5.3599219653 0.5800000000 4.0537598683 0.9542050690 3.8361494942 0.0000000000
5.3683361335 0.5800000000 4.0537728531 0.9542883839 3.8362347596 0.0000000000
5.3767502978 0.5800000000 4.0537861350 0.9543738731 3.8363220829 0.0000000000
5.3851644580 0.5800000000 4.0537997056 0.9544614811 3.8364114085 0.0000000000
5.3935786141 0.5800000000 4.0538135566 0.9545511527 3.8365026812 0.0000000000
5.4019927664 0.5800000000 4.0538276798 0.9546428324 3.8365958457 0.0000000000
5.4104069146 0.5800000000 4.0538420668 0.9547364647 3.8366908465 0.0000000000
5.4188210589 0.5800000000 4.0538567093 0.9548319942 3.8367876283 0.0000000000
5.4272351994 0.5800000000 4.0538715990 0.9549293656 3.8368861357 0.0000000000
5.4356493359 0.5800000000 4.0538867276 0.9550285235 3.8369863135 0.0000000000
5.4440634687 0.5800000000 4.0539020860 0.9551294082 3.8370881008 0.0000000000
5.4524775978 0.5800000000 4.0539176573 0.9552319283 3.8371913941 0.0000000000
5.4608917235 0.5800000000 4.0539334214 0.9553359774 3.8372960701 0.0000000000
5.4693058461 0.5800000000 4.0539493581 0.9554414491 3.8374020054 0.0000000000
5.4777199657 0.5800000000 4.0539654471 0.9555482369 3.8375090767 0.0000000000
5.4861340827 0.5800000000 4.0539816683 0.9556562345 3.8376171604 0.0000000000
5.4945481973 0.5800000000 4.0539980014 0.9557653352 3.8377261333 0.0000000000
5.5029623097 0.5800000000 4.0540144263 0.9558754327 3.8378358719 0.0000000000
5.5113764201 0.5800000000 4.0540309228 0.9559864205 3.8379462528 0.0000000000
5.5197905289 0.5800000000 4.0540474705 0.9560981922 3.8380571526 0.0000000000
5.5282046362 0.5800000000 4.0540640495 0.9562106413 3.8381684479 0.0000000000
5.5366187423 0.5800000000 4.0540806393 0.9563236613 3.8382800153 0.0000000000
5.5450328475 0.5800000000 4.0540972198 0.9564371459 3.8383917313 0.0000000000
5.5534469519 0.5800000000 4.0541137709 0.9565509884 3.8385034725 0.0000000000
5.5618610559 0.5800000000 4.0541302681 0.9566650822 3.8386150986 0.0000000000
5.5702751597 0.5800000000 4.0541466784 0.9567793191 3.8387264348 0.0000000000
5.5786892636 0.5800000000 4.0541629679 0.9568935914 3.8388373018 0.0000000000
5.5871033680 0.5800000000 4.0541791027 0.9570077909 3.8389475206 0.0000000000
5.5955174729 0.5800000000 4.0541950486 0.9571218098 3.8390569121 0.0000000000
5.6039315789 0.5800000000 4.0542107719 0.9572355401 3.8391652970 0.0000000000
5.6123456861 0.5800000000 4.0542262383 0.9573488737 3.8392724964 0.0000000000
5.6207597949 0.5800000000 4.0542414141 0.9574617026 3.8393783309 0.0000000000
5.6291739054 0.5800000000 4.0542562651 0.9575739190 3.8394826216 0.0000000000
5.6375880181 0.5800000000 4.0542707575 0.9576854148 3.8395851893 0.0000000000
5.6460021332 0.5800000000 4.0542848571 0.9577960821 3.8396858548 0.0000000000
5.6544162510 0.5800000000 4.0542985301 0.9579058128 3.8397844391 0.0000000000
5.6628303717 0.5800000000 4.0543117425 0.9580144990 3.8398807630 0.0000000000
5.6712444956 0.5800000000 4.0543244710 0.9581220501 3.8399746975 0.0000000000
5.6796586227 0.5800000000 4.0543367214 0.9582284218 3.8400662480 0.0000000000
5.6880727530 0.5800000000 4.0543485044 0.9583335777 3.8401554423 0.0000000000
5.6964868866 0.5800000000 4.0543598305 0.9584374814 3.8402423081 0.0000000000
5.7049010232 0.5800000000 4.0543707103 0.9585400964 3.8403268733 0.0000000000
5.7133151631 0.5800000000 4.0543811544 0.9586413864 3.8404091657 0.0000000000
5.7217293062 0.5800000000 4.0543911734 0.9587413147 3.8404892130 0.0000000000
5.7301434524 0.5800000000 4.0544007779 0.9588398451 3.8405670431 0.0000000000
5.7385576017 0.5800000000 4.0544099784 0.9589369411 3.8406426837 0.0000000000
5.7469717542 0.5800000000 4.0544187856 0.9590325662 3.8407161626 0.0000000000
5.7553859099 0.5800000000 4.0544272101 0.9591266841 3.8407875077 0.0000000000
5.7638000686 0.5800000000 4.0544352625 0.9592192582 3.8408567467 0.0000000000
5.7722142305 0.5800000000 4.0544429532 0.9593102522 3.8409239073 0.0000000000
5.7806283955 0.5800000000 4.0544502914 0.9593996339 3.8409890126 0.0000000000
5.7890425636 0.5800000000 4.0544572837 0.9594873767 3.8410520791 0.0000000000
5.7974567347 0.5800000000 4.0544639370 0.9595734542 3.8411131234 0.0000000000
5.8058709087 0.5800000000 4.0544702580 0.9596578401 3.8411721616 0.0000000000
5.8142850857 0.5800000000 4.0544762533 0.9597405081 3.8412292100 0.0000000000
5.8226992655 0.5800000000 4.0544819297 0.9598214320 3.8412842851 0.0000000000
5.8311134482 0.5800000000 4.0544872938 0.9599005853 3.8413374031 0.0000000000
5.8395276337 0.5800000000 4.0544923525 0.9599779419 3.8413885802 0.0000000000
5.8479418220 0.5800000000 4.0544971123 0.9600534753 3.8414378329 0.0000000000
5.8563560129 0.5800000000 4.0545015800 0.9601271594 3.8414851774 0.0000000000
5.8647702066 0.5800000000 4.0545057624 0.9601989677 3.8415306301 0.0000000000
5.8731844028 0.5800000000 4.0545096660 0.9602688740 3.8415742071 0.0000000000
5.8815986016 0.5800000000 4.0545132944 0.9603368742 3.8416159210 0.0000000000
5.8900128028 0.5800000000 4.0545166343 0.9604030804 3.8416557629 0.0000000000
5.8984270061 0.5800000000 4.0545196667 0.9604676427 3.8416937174 0.0000000000
5.9068412114 0.5800000000 4.0545223727 0.9605307111 3.8417297689 0.0000000000
5.9152554185 0.5800000000 4.0545247336 0.9605924355 3.8417639021 0.0000000000
5.9236696272 0.5800000000 4.0545267303 0.9606529661 3.8417961013 0.0000000000
5.9320838371 0.5800000000 4.0545283441 0.9607124528 3.8418263511 0.0000000000
5.9404980482 0.5800000000 4.0545295560 0.9607710457 3.8418546359 0.0000000000
5.9489122603 0.5800000000 4.0545303472 0.9608288948 3.8418809404 0.0000000000
5.9573264730 0.5800000000 4.0545306988 0.9608861502 3.8419052489 0.0000000000
5.9657406862 0.5800000000 4.0545305919 0.9609429617 3.8419275459 0.0000000000
5.9741548998 0.5800000000 4.0545300077 0.9609994796 3.8419478161 0.0000000000
5.9825691135 0.5800000000 4.0545289447 0.9610557808 3.8419660847 0.0000000000
5.9909833276 0.5800000000 4.0545274737 0.9611116426 3.8419825452 0.0000000000
5.9993975424 0.5800000000 4.0545256837 0.9611667651 3.8419974344 0.0000000000
6.0078117581 0.5800000000 4.0545236640 0.9612208485 3.8420109890 0.0000000000
6.0162259751 0.5800000000 4.0545215038 0.9612735928 3.8420234457 0.0000000000
6.0246401935 0.5800000000 4.0545192921 0.9613246982 3.8420350412 0.0000000000
6.0330544139 0.5800000000 4.0545171182 0.9613738649 3.8420460122 0.0000000000
6.0414686363 0.5800000000 4.0545150712 0.9614207928 3.8420565954 0.0000000000
6.0498828611 0.5800000000 4.0545132403 0.9614651823 3.8420670276 0.0000000000
6.0582970886 0.5800000000 4.0545117146 0.9615067333 3.8420775454 0.0000000000
6.0667113190 0.5800000000 4.0545105834 0.9615451461 3.8420883856 0.0000000000
6.0751255527 0.5800000000 4.0545099357 0.9615801219 3.8420997852 0.0000000000
6.0835397895 0.5800000000 4.0545098502 0.9616118275 3.8421121253 0.0000000000
6.0919540279 0.5800000000 4.0545103786 0.9616416164 3.8421261543 0.0000000000
6.1003682663 0.5800000000 4.0545115683 0.9616710282 3.8421426780 0.0000000000
6.1087825031 0.5800000000 4.0545134669 0.9617016025 3.8421625023 0.0000000000
6.1171967367 0.5800000000 4.0545161220 0.9617348790 3.8421864330 0.0000000000
6.1256109654 0.5800000000 4.0545195809 0.9617723972 3.8422152760 0.0000000000
6.1340251876 0.5800000000 4.0545238913 0.9618156968 3.8422498373 0.0000000000
6.1424394016 0.5800000000 4.0545291005 0.9618663173 3.8422909226 0.0000000000
6.1508536064 0.5800000000 4.0545352267 0.9619254490 3.8423390798 0.0000000000
6.1592678030 0.5800000000 4.0545420972 0.9619920316 3.8423931950 0.0000000000
6.1676819937 0.5800000000 4.0545494643 0.9620641131 3.8424514959 0.0000000000
6.1760961808 0.5800000000 4.0545570798 0.9621397396 3.8425122085 0.0000000000
6.1845103665 0.5800000000 4.0545646956 0.9622169569 3.8425735588 0.0000000000
6.1929245530 0.5800000000 4.0545720638 0.9622938108 3.8426337730 0.0000000000
6.2013387425 0.5800000000 4.0545789361 0.9623683473 3.8426910769 0.0000000000
6.2097529374 0.5800000000 4.0545850646 0.9624386122 3.8427436968 0.0000000000
6.2181671397 0.5800000000 4.0545902011 0.9625026515 3.8427898586 0.0000000000
6.2265813509 0.5800000000 4.0545942204 0.9625593088 3.8428285986 0.0000000000
6.2349955689 0.5800000000 4.0545974278 0.9626102254 3.8428617948 0.0000000000
6.2434097911 0.5800000000 4.0546002230 0.9626576561 3.8428919481 0.0000000000
6.2518240146 0.5800000000 4.0546030059 0.9627038553 3.8429215593 0.0000000000
6.2602382370 0.5800000000 4.0546061761 0.9627510777 3.8429531292 0.0000000000
6.2686524553 0.5800000000 4.0546101335 0.9628015779 3.8429891586 0.0000000000
6.2770666677 0.5800000000 4.0546151471 0.9628570277 3.8430313929 0.0000000000
6.2854808747 0.5800000000 4.0546210087 0.9629169675 3.8430788152 0.0000000000
6.2938950776 0.5800000000 4.0546274008 0.9629804506 3.8431297772 0.0000000000
6.3023092774 0.5800000000 4.0546340061 0.9630465304 3.8431826303 0.0000000000
6.3107234755 0.5800000000 4.0546405072 0.9631142602 3.8432357263 0.0000000000
6.3191376729 0.5800000000 4.0546465865 0.9631826933 3.8432874167 0.0000000000
6.3275518709 0.5800000000 4.0546519302 0.9632508927 3.8433360715 0.0000000000
6.3359660701 0.5800000000 4.0546563816 0.9633183409 3.8433808565 0.0000000000
6.3443802704 0.5800000000 4.0546599986 0.9633850935 3.8434220254 0.0000000000
6.3527944716 0.5800000000 4.0546628544 0.9634512476 3.8434599100 0.0000000000
6.3612086737 0.5800000000 4.0546650222 0.9635169003 3.8434948424 0.0000000000
6.3696228765 0.5800000000 4.0546665754 0.9635821485 3.8435271544 0.0000000000
6.3780370798 0.5800000000 4.0546675872 0.9636470892 3.8435571779 0.0000000000
6.3864512835 0.5800000000 4.0546681309 0.9637118194 3.8435852449 0.0000000000
6.3948654875 0.5800000000 4.0546682798 0.9637764362 3.8436116873 0.0000000000
6.4032796916 0.5800000000 4.0546681072 0.9638410365 3.8436368369 0.0000000000
6.4116938956 0.5800000000 4.0546676863 0.9639057174 3.8436610258 0.0000000000
6.4201080995 0.5800000000 4.0546670905 0.9639705759 3.8436845858 0.0000000000
6.4285223031 0.5800000000 4.0546663929 0.9640357090 3.8437078488 0.0000000000
6.4369365062 0.5800000000 4.0546656670 0.9641012136 3.8437311468 0.0000000000
6.4453507087 0.5800000000 4.0546649858 0.9641671869 3.8437548117 0.0000000000
6.4537649105 0.5800000000 4.0546644229 0.9642337258 3.8437791754 0.0000000000
6.4621791113 0.5800000000 4.0546640513 0.9643009273 3.8438045698 0.0000000000
6.4705933112 0.5800000000 4.0546639445 0.9643688884 3.8438313268 0.0000000000
6.4790075099 0.5800000000 4.0546641756 0.9644377062 3.8438597784 0.0000000000
6.4874217073 0.5800000000 4.0546648180 0.9645074776 3.8438902564 0.0000000000
6.4958359032 0.5800000000 4.0546659448 0.9645782997 3.8439230928 0.0000000000
6.5042500976 0.5800000000 4.0546676296 0.9646502694 3.8439586196 0.0000000000
6.5126642902 0.5800000000 4.0546699454 0.9647234838 3.8439971685 0.0000000000
6.5210784808 0.5800000000 4.0546728594 0.9647981214 3.8440386798 0.0000000000
6.5294926685 0.5800000000 4.0546758875 0.9648747074 3.8440814267 0.0000000000
6.5379068522 0.5800000000 4.0546784255 0.9649538590 3.8441232393 0.0000000000
6.5463210308 0.5800000000 4.0546798692 0.9650361936 3.8441619479 0.0000000000
6.5547352035 0.5800000000 4.0546796462 0.9651222535 3.8441954799 0.0000000000
6.5631493716 0.5800000000 4.0546777861 0.9652111630 3.8442236030 0.0000000000
6.5715635384 0.5800000000 4.0546748553 0.9653007806 3.8442477271 0.0000000000
6.5799777076 0.5800000000 4.0546714395 0.9653889206 3.8442693199 0.0000000000
6.5883918824 0.5800000000 4.0546681054 0.9654735372 3.8442898301 0.0000000000
6.5968060625 0.5800000000 4.0546651156 0.9655548611 3.8443104005 0.0000000000
6.6052202446 0.5800000000 4.0546624858 0.9656349710 3.8443319251 0.0000000000
6.6136344254 0.5800000000 4.0546602244 0.9657159993 3.8443552909 0.0000000000
6.6220486023 0.5800000000 4.0546582532 0.9657996808 3.8443808786 0.0000000000
6.6304627756 0.5800000000 4.0546560106 0.9658855388 3.8444062515 0.0000000000
6.6388769469 0.5800000000 4.0546527681 0.9659723320 3.8444279986 0.0000000000
6.6472911175 0.5800000000 4.0546478180 0.9660588433 3.8444428029 0.0000000000
6.6557052881 0.5800000000 4.0546413135 0.9661448731 3.8444511968 0.0000000000
6.6641194575 0.5800000000 4.0546345484 0.9662315704 3.8444588153 0.0000000000
6.6725336246 0.5800000000 4.0546288909 0.9663201780 3.8444716283 0.0000000000
6.6809477873 0.5800000000 4.0546250318 0.9664121176 3.8444929679 0.0000000000
6.6893619411 0.5800000000 4.0546222533 0.9665091825 3.8445206797 0.0000000000
6.6977760813 0.5800000000 4.0546196620 0.9666132098 3.8445519255 0.0000000000
6.7061902072 0.5800000000 4.0546166045 0.9667241513 3.8445840719 0.0000000000
6.7146043296 0.5800000000 4.0546130939 0.9668367159 3.8446150556 0.0000000000
6.7230184613 0.5800000000 4.0546092589 0.9669447256 3.8446429192 0.0000000000
6.7314326066 0.5800000000 4.0546052996 0.9670461040 3.8446676337 0.0000000000
6.7398467501 0.5800000000 4.0546015822 0.9671482306 3.8446936145 0.0000000000
6.7482608747 0.5800000000 4.0545984518 0.9672594753 3.8447255908 0.0000000000
6.7566749770 0.5800000000 4.0545953370 0.9673811560 3.8447618038 0.0000000000
6.7650890673 0.5800000000 4.0545907975 0.9675079082 3.8447943467 0.0000000000
6.7735031554 0.5800000000 4.0545836953 0.9676345688 3.8448166024 0.0000000000
6.7819172477 0.5800000000 4.0545749139 0.9677587638 3.8448311547 0.0000000000
6.7903313486 0.5800000000 4.0545660478 0.9678792596 3.8448438885 0.0000000000
6.7987454544 0.5800000000 4.0545575358 0.9679978052 3.8448572587 0.0000000000
6.8071595519 0.5800000000 4.0545485155 0.9681194986 3.8448698551 0.0000000000
6.8155736370 0.5800000000 4.0545388293 0.9682460996 3.8448817505 0.0000000000
6.8239877295 0.5800000000 4.0545302707 0.9683705005 3.8448972765 0.0000000000
6.8324018417 0.5800000000 4.0545244455 0.9684883087 3.8449210992 0.0000000000
6.8408159350 0.5800000000 4.0545207640 0.9686134402 3.8449564257 0.0000000000
6.8492299628 0.5800000000 4.0545179574 0.9687626802 3.8450048954 0.0000000000
6.8576439336 0.5800000000 4.0545141670 0.9689323264 3.8450575922 0.0000000000
6.8660578849 0.5800000000 4.0545072491 0.9691077840 3.8451001034 0.0000000000
6.8744718491 0.5800000000 4.0544969065 0.9692773645 3.8451265655 0.0000000000
6.8828858498 0.5800000000 4.0544856956 0.9694342796 3.8451444879 0.0000000000
6.8912998832 0.5800000000 4.0544750139 0.9695805559 3.8451602714 0.0000000000
6.8997139108 0.5800000000 4.0544644013 0.9697291937 3.8451772763 0.0000000000
6.9081279058 0.5800000000 4.0544537776 0.9698887444 3.8451986018 0.0000000000
6.9165418555 0.5800000000 4.0544435155 0.9700625791 3.8452270871 0.0000000000
6.9249557592 0.5800000000 4.0544336842 0.9702501592 3.8452627942 0.0000000000
6.9333696260 0.5800000000 4.0544239820 0.9704480117 3.8453031263 0.0000000000
6.9417834810 0.5800000000 4.0544120442 0.9706478589 3.8453353138 0.0000000000
6.9501973593 0.5800000000 4.0543949206 0.9708389350 3.8453432499 0.0000000000
6.9586112811 0.5800000000 4.0543752705 0.9710166276 3.8453357265 0.0000000000
6.9670252188 0.5800000000 4.0543561477 0.9711897130 3.8453284696 0.0000000000
6.9754390705 0.5800000000 4.0543372917 0.9713863225 3.8453316893 0.0000000000
6.9838528348 0.5800000000 4.0543194728 0.9716071214 3.8453487331 0.0000000000
6.9922665820 0.5800000000 4.0543022515 0.9718321773 3.8453698703 0.0000000000
7.0006803899 0.5800000000 4.0542779093 0.9720364419 3.8453542076 0.0000000000
7.0090942414 0.5800000000 4.0542497418 0.9722271166 3.8453178074 0.0000000000
7.0175080384 0.5800000000 4.0542298956 0.9724379101 3.8453227401 0.0000000000
7.0259217999 0.5800000000 4.0542084866 0.9726567770 3.8453246509 0.0000000000
7.0343355256 0.5800000000 4.0541794855 0.9728787122 3.8452974205 0.0000000000
7.0427492019 0.5800000000 4.0541456976 0.9731082362 3.8452540786 0.0000000000
7.0511629451 0.5800000000 4.0541072242 0.9733158651 3.8451832364 0.0000000000
7.0595767590 0.5800000000 4.0540695333 0.9735067687 3.8451088341 0.0000000000
7.0679905432 0.5800000000 4.0540335035 0.9737072285 3.8450448992 0.0000000000
7.0764042391 0.5800000000 4.0539854524 0.9739152654 3.8449359092 0.0000000000
7.0848179005 0.5800000000 4.0539215840 0.9741046677 3.8447561968 0.0000000000
7.0932316896 0.5800000000 4.0538562166 0.9742496074 3.8445527031 0.0000000000
7.1016455415 0.5800000000 4.0537960843 0.9743845613 3.8443661552 0.0000000000
7.1100592314 0.5800000000 4.0537325420 0.9745669674 3.8441849487 0.0000000000
7.1184729164 0.5800000000 4.0536701729 0.9747542321 3.8440103779 0.0000000000
7.1268864742 0.5800000000 4.0535830629 0.9749090358 3.8437238596 0.0000000000
7.1353001511 0.5800000000 4.0534939928 0.9750098660 3.8434079113 0.0000000000
7.1437138215 0.5800000000 4.0534086874 0.9751292828 3.8431144563 0.0000000000
7.1521273834 0.5800000000 4.0533263911 0.9753023609 3.8428545024 0.0000000000
7.1605409570 0.5800000000 4.0532441556 0.9754683951 3.8425919741 0.0000000000
7.1689543947 0.5800000000 4.0531393205 0.9755975935 3.8422243130 0.0000000000
7.1773676237 0.5800000000 4.0530135660 0.9756820841 3.8417550911 0.0000000000
7.1857809423 0.5800000000 4.0528907495 0.9757209655 3.8412793776 0.0000000000
7.1941943095 0.5800000000 4.0527791530 0.9758464492 3.8408831854 0.0000000000
7.2026074462 0.5800000000 4.0526477413 0.9759371937 3.8403938361 0.0000000000
7.2110202303 0.5800000000 4.0524921857 0.9759713393 3.8397852722 0.0000000000
7.2194331756 0.5800000000 4.0523446183 0.9759516745 3.8391871365 0.0000000000
7.2278461181 0.5800000000 4.0521974810 0.9759905765 3.8386141482 0.0000000000
7.2362589733 0.5800000000 4.0520459709 0.9760575341 3.8380348909 0.0000000000
7.2446712889 0.5800000000 4.0518685465 0.9760383283 3.8373175110 0.0000000000
7.2530835893 0.5800000000 4.0516885106 0.9759804845 3.8365742297 0.0000000000
7.2614957096 0.5800000000 4.0514989231 0.9759853983 3.8358178454 0.0000000000
7.2699067608 0.5800000000 4.0512721515 0.9758767295 3.8348672914 0.0000000000
7.2783177407 0.5800000000 4.0510502638 0.9756912899 3.8339055646 0.0000000000
7.2867289255 0.5800000000 4.0508251035 0.9755988883 3.8329679628 0.0000000000
7.2951390982 0.5800000000 4.0505782547 0.9753991591 3.8319006760 0.0000000000
7.3035485481 0.5800000000 4.0503119324 0.9751512118 3.8307362080 0.0000000000
7.3119574589 0.5800000000 4.0500304984 0.9748949415 3.8295079637 0.0000000000
7.3203656876 0.5800000000 4.0497356465 0.9746038122 3.8282121045 0.0000000000
7.3287718235 0.5800000000 4.0493994751 0.9742037300 3.8267073860 0.0000000000
7.3371834570 0.5800000000 4.0491975445 0.9741371654 3.8258730377 0.0000000000
7.3455939685 0.5800000000 4.0489601873 0.9739275926 3.8248397796 0.0000000000
7.3540009022 0.5800000000 4.0486398769 0.9735951145 3.8234255471 0.0000000000
7.3624059222 0.5800000000 4.0483013910 0.9730888616 3.8218691024 0.0000000000
7.3708110577 0.5800000000 4.0479545545 0.9726519970 3.8203070103 0.0000000000
7.3792151809 0.5800000000 4.0475938366 0.9721000474 3.8186433590 0.0000000000
7.3875994407 0.5800000000 4.0470316363 0.9710467269 3.8159732296 0.0000000000
7.3959955202 0.5800000000 4.0465964798 0.9703053623 3.8139360577 0.0000000000
7.4043971062 0.5800000000 4.0462151414 0.9697646557 3.8121944213 0.0000000000
7.4128021027 0.5800000000 4.0458570484 0.9692240659 3.8105458137 0.0000000000
7.4211699332 0.5800000000 4.0451859733 0.9678777102 3.8073229710 0.0000000000
7.4295705823 0.5800000000 4.0447793859 0.9671932976 3.8054228562 0.0000000000
7.4379662100 0.5800000000 4.0443178530 0.9664085384 3.8032628207 0.0000000000
7.4463538775 0.5800000000 4.0437761234 0.9654325928 3.8007055242 0.0000000000
7.4547335048 0.5800000000 4.0431781993 0.9642513516 3.7978413313 0.0000000000
7.4631099749 0.5800000000 4.0425533375 0.9630192726 3.7948490525 0.0000000000
7.4714838591 0.5800000000 4.0419076409 0.9617443682 3.7917563046 0.0000000000
7.4798485178 0.5800000000 4.0412101473 0.9602768758 3.7883793330 0.0000000000
7.4882104179 0.5800000000 4.0404963733 0.9587793841 3.7849252403 0.0000000000
7.4965478832 0.5800000000 4.0396761042 0.9570045455 3.7809342286 0.0000000000
7.5048918372 0.5800000000 4.0389114089 0.9553382604 3.7772089331 0.0000000000
7.5131819556 0.5800000000 4.0378869987 0.9530639563 3.7722015710 0.0000000000
7.5215621377 0.5800000000 4.0372930459 0.9517847556 3.7693140792 0.0000000000
7.5299099306 0.5800000000 4.0364839254 0.9500972033 3.7654025763 0.0000000000
7.5382421348 0.5800000000 4.0356089504 0.9481505627 3.7611240201 0.0000000000
7.5465616452 0.5800000000 4.0346755268 0.9460395261 3.7565459110 0.0000000000
7.5548739924 0.5800000000 4.0337107511 0.9438537626 3.7518125030 0.0000000000
7.5631596115 0.5800000000 4.0326757827 0.9413661220 3.7466775732 0.0000000000
7.5713574976 0.5800000000 4.0313730223 0.9382028753 3.7402012328 0.0000000000
7.5796509686 0.5800000000 4.0304209622 0.9361323324 3.7355647755 0.0000000000
7.5879235316 0.5800000000 4.0292772069 0.9335740991 3.7299664608 0.0000000000
7.5961665511 0.5800000000 4.0280559052 0.9306587854 3.7239151283 0.0000000000
7.6044196200 0.5800000000 4.0268790893 0.9278092573 3.7180680538 0.0000000000
7.6126339704 0.5800000000 4.0255751877 0.9246250246 3.7115787542 0.0000000000
7.6208303879 0.5800000000 4.0242139504 0.9213035339 3.7048052086 0.0000000000
7.6290147719 0.5800000000 4.0228216437 0.9178788978 3.6978661276 0.0000000000
7.6372008028 0.5800000000 4.0214387261 0.9144591483 3.6909665572 0.0000000000
7.6453534768 0.5800000000 4.0199543501 0.9108109676 3.6835697809 0.0000000000
7.6535157604 0.5800000000 4.0185000895 0.9072252467 3.6763184504 0.0000000000
7.6616084726 0.5800000000 4.0168566503 0.9031895300 3.6681304067 0.0000000000
7.6697064889 0.5800000000 4.0152487323 0.8991311311 3.6600753751 0.0000000000
7.6777738331 0.5800000000 4.0135503360 0.8949249019 3.6515992984 0.0000000000
7.6858413203 0.5800000000 4.0118631563 0.8906969263 3.6431593892 0.0000000000
7.6938286262 0.5800000000 4.0099809972 0.8860486859 3.6337714567 0.0000000000
7.7017291512 0.5800000000 4.0079342750 0.8809327586 3.6235381970 0.0000000000
7.7096767775 0.5800000000 4.0059881244 0.8760480927 3.6137997281 0.0000000000
7.7175467095 0.5800000000 4.0038864380 0.8707745445 3.6032835636 0.0000000000
7.7255017099 0.5800000000 4.0019589245 0.8659228215 3.5936328200 0.0000000000
7.7333207143 0.5800000000 3.9997761943 0.8604071805 3.5826956430 0.0000000000
7.7410522854 0.5800000000 3.9974303922 0.8545347953 3.5709634805 0.0000000000
7.7488754642 0.5800000000 3.9952830332 0.8489970555 3.5601589485 0.0000000000
7.7566550899 0.5800000000 3.9930177237 0.8433414735 3.5488354777 0.0000000000
7.7643150174 0.5800000000 3.9905655856 0.8371652134 3.5365564213 0.0000000000
7.7719238345 0.5800000000 3.9880425325 0.8307777635 3.5239092288 0.0000000000
7.7794788937 0.5800000000 3.9854456869 0.8241779073 3.5108819043 0.0000000000
7.7871318738 0.5800000000 3.9830057475 0.8179255599 3.4986212073 0.0000000000
7.7947256230 0.5800000000 3.9804788867 0.8114313597 3.4859160842 0.0000000000
7.8022395707 0.5800000000 3.9778336911 0.8046625422 3.4726277748 0.0000000000
7.8096943041 0.5800000000 3.9751140297 0.7976686009 3.4589515526 0.0000000000
7.8173044135 0.5800000000 3.9726876663 0.7911090029 3.4466222598 0.0000000000
7.8246837985 0.5800000000 3.9698488645 0.7839375167 3.4323984582 0.0000000000
7.8319802995 0.5800000000 3.9669430716 0.7763914735 3.4177568692 0.0000000000
7.8392471660 0.5800000000 3.9640133920 0.7687240444 3.4029711795 0.0000000000
7.8464404378 0.5800000000 3.9609975359 0.7608361955 3.3877526155 0.0000000000
7.8536390836 0.5800000000 3.9580192132 0.7528905258 3.3726610566 0.0000000000
7.8608213731 0.5800000000 3.9550233447 0.7448944484 3.3574791515 0.0000000000
7.8679028129 0.5800000000 3.9519698051 0.7365340177 3.3419208209 0.0000000000
7.8746667346 0.5800000000 3.9485717920 0.7273506506 3.3246554216 0.0000000000
7.8816074922 0.5800000000 3.9454183916 0.7184489033 3.3084811213 0.0000000000
7.8886018464 0.5800000000 3.9423449750 0.7096345824 3.2926617264 0.0000000000
7.8956911776 0.5800000000 3.9394357601 0.7010921449 3.2776078919 0.0000000000
7.9027289386 0.5800000000 3.9371490694 0.6934614574 3.2654088542 0.0000000000
7.9096016746 0.5800000000 3.9343523903 0.6847243088 3.2507272781 0.0000000000
7.9165544592 0.5800000000 3.9317599387 0.6765999010 3.2371077089 0.0000000000
7.9234583920 0.5800000000 3.9294662056 0.6690055682 3.2248950433 0.0000000000
7.9303119907 0.5800000000 3.9270594534 0.6604670289 3.2118526189 0.0000000000
7.9370718673 0.5800000000 3.9246079099 0.6511461018 3.1983180741 0.0000000000
7.9436246190 0.5800000000 3.9219059610 0.6403652591 3.1831979411 0.0000000000
7.9500553907 0.5800000000 3.9193613375 0.6295373431 3.1686882810 0.0000000000
7.9552573485 0.5800000000 3.9169114204 0.6197659329 3.1549800481 0.0000000000
7.9603144799 0.5800000000 3.9142575842 0.6085257676 3.1398686374 0.0000000000
7.9656168987 0.5800000000 3.9125268776 0.5984176560 3.1289025662 0.0000000000
7.9704111343 0.5800000000 3.9100824285 0.5866129487 3.1144028872 0.0000000000
7.9755857715 0.5800000000 3.9076365943 0.5722056285 3.0988566222 0.0000000000
7.9793187122 0.5800000000 3.9053557393 0.5543084442 3.0825743285 0.0000000000
7.9828549929 0.5800000000 3.9036162235 0.5357352778 3.0681869989 0.0000000000
7.9857007794 0.5800000000 3.9015208313 0.5166606348 3.0521755726 0.0000000000
7.9879579589 0.5800000000 3.8989450091 0.4974585058 3.0341914322 0.0000000000
7.9896932600 0.5800000000 3.8957366374 0.4785130371 3.0137797581 0.0000000000
7.9910004120 0.5800000000 3.8919041181 0.4600781654 2.9910757322 0.0000000000
7.9920636760 0.5800000000 3.8876700889 0.4420987963 2.9669478675 0.0000000000
7.9928791242 0.5800000000 3.8829005098 0.4248929614 2.9409872174 0.0000000000
7.9935416462 0.5800000000 3.8778435510 0.4081632731 2.9140675066 0.0000000000
7.9940960603 0.5800000000 3.8724930276 0.3919889940 2.8861957017 0.0000000000
7.9945556772 0.5800000000 3.8668768228 0.3763693967 2.8574830436 0.0000000000
7.9949335232 0.5800000000 3.8610192978 0.3612977949 2.8280243026 0.0000000000
7.9952607058 0.5800000000 3.8550042455 0.3466112827 2.7980894885 0.0000000000
7.9955462877 0.5800000000 3.8488306958 0.3323366002 2.7676854169 0.0000000000
7.9957960849 0.5800000000 3.8425137869 0.3184550739 2.7368651705 0.0000000000
7.9960109695 0.5800000000 3.8360415483 0.3050249062 2.7056041494 0.0000000000
7.9961952265 0.5800000000 3.8294451490 0.2919740261 2.6739981999 0.0000000000
7.9963569627 0.5800000000 3.8227590671 0.2792098303 2.6421481942 0.0000000000
7.9965006731 0.5800000000 3.8159941103 0.2667064295 2.6100870067 0.0000000000
7.9966301262 0.5800000000 3.8091770604 0.2543801455 2.5778882932 0.0000000000
7.9967475212 0.5800000000 3.8023105250 0.2422258370 2.5455604283 0.0000000000
7.9968553228 0.5800000000 3.7954256026 0.2301361656 2.5131848700 0.0000000000
7.9969559905 0.5800000000 3.7885574468 0.2179868598 2.4808525248 0.0000000000
7.9970526499 0.5800000000 3.7818278452 0.2053650360 2.4488853887 0.0000000000
7.9971516640 0.5800000000 3.7755494688 0.1913738525 2.4181754096 0.0000000000
7.9972513608 0.5800000000 3.7697873891 0.1760515022 2.3889981508 0.0000000000
7.9973489202 0.5800000000 3.7645162131 0.1596615573 2.3613574688 0.0000000000
7.9974441001 0.5800000000 3.7598401763 0.1421807934 2.3356610159 0.0000000000
7.9975361537 0.5800000000 3.7558200097 0.1237069179 2.3121907995 0.0000000000
7.9976242094 0.5800000000 3.7523570403 0.1045392382 2.2906718501 0.0000000000
7.9977074284 0.5800000000 3.7492814915 0.0849610176 2.2705383664 0.0000000000
7.9977850647 0.5800000000 3.7464151641 0.0651846191 2.2511624975 0.0000000000
7.9978576216 0.5800000000 3.7437577703 0.0452272675 2.2325499819 0.0000000000
7.9979252362 0.5800000000 3.7412990836 0.0251106064 2.2146685707 0.0000000000
7.9979882109 0.5800000000 3.7389168991 0.0049366129 2.1970702352 0.0000000000
7.9980469815 0.5800000000 3.7367300000 -0.0153750000 2.1801979936 0.0000000000
7.9980840508 0.5800000000 3.7353500000 -0.0289250000 2.1692579936 0.0000000000
7.9982786730 0.5800000000 3.7277595542 -0.1102442566 2.1063685078 0.0000000000
7.9984452645 0.5800000000 3.7213025564 -0.1921808881 2.0477658641 0.0000000000
7.9986073362 0.5800000000 3.7155199471 -0.2744368518 1.9917330411 0.0000000000
7.9987690298 0.5800000000 3.7102511299 -0.3569087457 1.9376690148 0.0000000000
7.9989319790 0.5800000000 3.7053036897 -0.4395050798 1.8848407203 0.0000000000
7.9991062913 0.5800000000 3.7006689371 -0.5222074486 1.8332207625 0.0000000000
7.9993451125 0.5800000000 3.6964146077 -0.6035301799 1.7836743523 0.0000000000
7.9998155935 0.5800000000 3.6991715780 -0.5631712787 1.8108457940 0.0000000000
8.0001840602 0.5800000000 3.7038117258 -0.4803357820 1.8625405841 0.0000000000
8.0012490357 0.5800000000 3.7084914910 -0.3976535504 1.9143325373 0.0000000000
8.0076077651 0.5800000000 3.7057561000 -0.4192009414 1.8947720171 0.0000000000
8.0113482186 0.5800000000 3.7004021680 -0.5010104353 1.8406324916 0.0000000000
8.0156065474 0.5800000000 3.6957794388 -0.5830360846 1.7893313150 0.0000000000
8.0196505338 0.5800000000 3.6915603011 -0.6652656905 1.7395629216 0.0000000000
8.0232675905 0.5800000000 3.6874575843 -0.7476555032 1.6901961296 0.0000000000
8.0265489113 0.5800000000 3.6835243278 -0.8301853421 1.6414511681 0.0000000000
8.0294672216 0.5800000000 3.6796150716 -0.9128076305 1.5927652279 0.0000000000
8.0320633221 0.5800000000 3.6759404261 -0.9955646386 1.5449638424 0.0000000000
8.0343889670 0.5800000000 3.6722217281 -1.0783596242 1.4969710563 0.0000000000
8.0365075441 0.5800000000 3.6686044591 -1.1612175557 1.4493588075 0.0000000000
8.0384345091 0.5800000000 3.6651449619 -1.2441469375 1.4023490660 0.0000000000
8.0402092941 0.5800000000 3.6615925828 -1.3270727207 1.3549692367 0.0000000000
8.0418735798 0.5800000000 3.6581286612 -1.4100365581 1.3079280152 0.0000000000
8.0434568024 0.5800000000 3.6546875756 -1.4930160631 1.2609718709 0.0000000000
8.0449648100 0.5800000000 3.6512780438 -1.5760125270 1.2141351578 0.0000000000
8.0464090277 0.5800000000 3.6478542145 -1.6590125281 1.1672398404 0.0000000000
8.0477963455 0.5800000000 3.6445809109 -1.7420563413 1.1209291007 0.0000000000
8.0491188709 0.5800000000 3.6412137297 -1.8250828143 1.0742497866 0.0000000000
8.0503065181 0.5800000000 3.6378534649 -1.9081244080 1.0275920898 0.0000000000
8.0513104868 0.5800000000 3.6346413461 -1.9912173914 0.9815064212 0.0000000000
8.0521022020 0.5800000000 3.6313198073 -2.0742979199 0.9349880547 0.0000000000
8.0527919344 0.5800000000 3.6280350769 -2.1573932800 0.8886109893 0.0000000000
8.0533727454 0.5800000000 3.6247809925 -2.2405007439 0.8423516659 0.0000000000
8.0538963643 0.5800000000 3.6215480669 -2.3236158926 0.7961739042 0.0000000000
8.0544297300 0.5800000000 3.6183406538 -2.4067376271 0.7500955579 0.0000000000
8.0549142991 0.5800000000 3.6151671394 -2.4898694281 0.7041487798 0.0000000000
8.0554045443 0.5800000000 3.6120041359 -2.5730027736 0.6582434276 0.0000000000
8.0558469315 0.5800000000 3.6088741846 -2.6561452430 0.6124666347 0.0000000000
8.0562730549 0.5800000000 3.6058028232 -2.7392936080 0.5669218433 0.0000000000
8.0563672496 0.5800000000 3.6024908300 -2.8226321484 0.5203384540 0.0000000000
8.0564659371 0.5800000000 3.6037347005 -2.7957988835 0.5360472423 0.0000000000
8.0564772964 0.5800000000 3.6070948541 -2.7125963677 0.5827688628 0.0000000000
8.0564808087 0.5800000000 3.6108565522 -2.6341977955 0.6291750843 0.0000000000
8.0564813078 0.5800000000 3.6143402595 -2.5511383855 0.6763336774 0.0000000000
8.0564816835 0.5800000000 3.6177645129 -2.4680604795 0.7232618532 0.0000000000
8.0564820055 0.5800000000 3.6211873884 -2.3849825621 0.7701845224 0.0000000000
8.0564822937 0.5800000000 3.6244843651 -2.3018724320 0.8166164811 0.0000000000
8.0564825547 0.5800000000 3.6277830189 -2.2187641179 0.8630544221 0.0000000000
8.0564827921 0.5800000000 3.6310941303 -2.1356574532 0.9095415335 0.0000000000
8.0564830075 0.5800000000 3.6343121453 -2.0525281613 0.9556653101 0.0000000000
8.0564832046 0.5800000000 3.6374197657 -1.9693730638 1.0013578307 0.0000000000
8.0564833874 0.5800000000 3.6405730548 -1.8862276654 1.0472291466 0.0000000000
8.0564835573 0.5800000000 3.6436119629 -1.8030560963 1.0926534064 0.0000000000
8.0564837189 0.5800000000 3.6465373251 -1.7198590308 1.1376336815 0.0000000000
8.0564838767 0.5800000000 3.6494219793 -1.6366527199 1.1824548229 0.0000000000
8.0564840368 0.5800000000 3.6521614455 -1.5534152242 1.2267076859 0.0000000000
8.0564842211 0.5800000000 3.6547109441 -1.4698048863 1.2703498154 0.0000000000
8.0564846128 0.5800000000 3.6532903021 -1.4678777230 1.2654381129 0.0000000000
8.0564846952 0.5800000000 3.6501371580 -1.5489758210 1.2203862970 0.0000000000
8.0564847699 0.5800000000 3.6469480288 -1.6320814566 1.1743875262 0.0000000000
8.0564848295 0.5800000000 3.6437446758 -1.7152155685 1.1283204695 0.0000000000
8.0564848805 0.5800000000 3.6406875000 -1.7983831143 1.0828247478 0.0000000000
8.0564849270 0.5800000000 3.6375458222 -1.8815309701 1.0369988941 0.0000000000
8.0564849704 0.5800000000 3.6344117636 -1.9646804836 0.9912028544 0.0000000000
8.0564850123 0.5800000000 3.6312358490 -2.0478202050 0.9452433075 0.0000000000
8.0564850533 0.5800000000 3.6281029913 -2.1309694919 0.8994521621 0.0000000000
8.0564850938 0.5800000000 3.6249536713 -2.2141155530 0.8535964577 0.0000000000
8.0564851347 0.5800000000 3.6217713931 -2.2972535209 0.8076121577 0.0000000000
8.0564851762 0.5800000000 3.6186261171 -2.3803999353 0.7617724878 0.0000000000
8.0564852193 0.5800000000 3.6154365169 -2.4635365297 0.7157594492 0.0000000000
8.0564852647 0.5800000000 3.6122163605 -2.5466644563 0.6696276529 0.0000000000
8.0564853134 0.5800000000 3.6089982867 -2.6297939112 0.6235035758 0.0000000000
8.0564853670 0.5800000000 3.6057976102 -2.7129276043 0.5774473925 0.0000000000
8.0564854279 0.5800000000 3.6025702647 -2.7960546725 0.5312871835 0.0000000000
8.0564854995 0.5800000000 3.5993701525 -2.8791885633 0.4852331781 0.0000000000
8.0564855880 0.5800000000 3.5961758270 -2.9623241298 0.4392016498 0.0000000000
8.0564857055 0.5800000000 3.5928972684 -3.0454385788 0.3928416355 0.0000000000
8.0564858752 0.5800000000 3.5897005997 -3.1285736543 0.3468009309 0.0000000000
8.0564861762 0.5800000000 3.5865100695 -3.2117069473 0.3007854924 0.0000000000
8.0564882967 0.5800000000 3.5849979070 -3.2500868467 0.2793848829 0.0000000000
8.0564901525 0.5800000000 3.5884455341 -3.1667071267 0.3265272795 0.0000000000
8.0564918186 0.5800000000 3.5917724336 -3.0836192363 0.3730700334 0.0000000000
8.0564934914 0.5800000000 3.5951934923 -3.0005400942 0.4199859251 0.0000000000
8.0564952534 0.5800000000 3.5985302823 -2.9174394417 0.4665733463 0.0000000000
8.0564971751 0.5800000000 3.6019760971 -2.8343676078 0.5135853389 0.0000000000
8.0564993320 0.5800000000 3.6053908081 -2.7512872610 0.5604763216 0.0000000000
8.0565018687 0.5800000000 3.6088016639 -2.6682058546 0.6073523071 0.0000000000
8.0565052439 0.5800000000 3.6121990381 -2.5851212443 0.6541756482 0.0000000000
8.0565176382 0.5800000000 3.6156294553 -2.5020217082 0.7011371313 0.0000000000
8.0565630541 0.5800000000 3.6145898915 -2.5273624994 0.6868425599 0.0000000000
8.0565901368 0.5800000000 3.6112358347 -2.6105051612 0.6401692678 0.0000000000
8.0566167678 0.5800000000 3.6078701924 -2.6935984522 0.5934693821 0.0000000000
8.0566455601 0.5800000000 3.6045454647 -2.7767018351 0.5469291183 0.0000000000
8.0566779687 0.5800000000 3.6012411125 -2.8598098567 0.5004685009 0.0000000000
8.0567165237 0.5800000000 3.5978581708 -2.9428979771 0.4537014859 0.0000000000
8.0567649475 0.5800000000 3.5945573970 -3.0260073584 0.4072546383 0.0000000000
8.0568280024 0.5800000000 3.5913166721 -3.1091285120 0.3610432771 0.0000000000
8.0569361506 0.5800000000 3.5881365745 -3.1936132002 0.3145290114 0.0000000000
8.0569793152 0.5800000000 3.5912300000 -3.1188250000 0.3568179936 0.0000000000
