# logAge Mass logTe Mbol logg C/O
4.1860800861 0.5500000000 3.7573100000 1.0144000000 2.6513626895 0.0000000000
4.1938541309 0.5500000000 3.7573146354 1.0142675601 2.6513282551 0.0000000000
4.2016281757 0.5500000000 3.7573192708 1.0141351202 2.6512938207 0.0000000000
4.2094022205 0.5500000000 3.7573239062 1.0140026803 2.6512593864 0.0000000000
4.2171762653 0.5500000000 3.7573285416 1.0138702404 2.6512249520 0.0000000000
4.2249503101 0.5500000000 3.7573331770 1.0137378005 2.6511905176 0.0000000000
4.2327243549 0.5500000000 3.7573378124 1.0136053606 2.6511560832 0.0000000000
4.2404983997 0.5500000000 3.7573424478 1.0134729207 2.6511216489 0.0000000000
4.2482724445 0.5500000000 3.7573470832 1.0133404807 2.6510872145 0.0000000000
4.2560464893 0.5500000000 3.7573517186 1.0132080408 2.6510527801 0.0000000000
4.2638205341 0.5500000000 3.7573563540 1.0130756009 2.6510183457 0.0000000000
4.2715945789 0.5500000000 3.7573609894 1.0129431610 2.6509839114 0.0000000000
4.2793686237 0.5500000000 3.7573656248 1.0128107211 2.6509494770 0.0000000000
4.2871426685 0.5500000000 3.7573702602 1.0126782812 2.6509150426 0.0000000000
4.2949167133 0.5500000000 3.7573748956 1.0125458413 2.6508806082 0.0000000000
4.3026907581 0.5500000000 3.7573795310 1.0124134014 2.6508461739 0.0000000000
4.3104648029 0.5500000000 3.7573841663 1.0122809615 2.6508117395 0.0000000000
4.3182388477 0.5500000000 3.7573888017 1.0121485216 2.6507773051 0.0000000000
4.3260128925 0.5500000000 3.7573934371 1.0120160817 2.6507428707 0.0000000000
4.3337869373 0.5500000000 3.7573980725 1.0118836418 2.6507084364 0.0000000000
4.3415609821 0.5500000000 3.7574027079 1.0117512019 2.6506740020 0.0000000000
4.3493350269 0.5500000000 3.7574073433 1.0116187620 2.6506395676 0.0000000000
4.3571090717 0.5500000000 3.7574119787 1.0114863221 2.6506051332 0.0000000000
4.3648831165 0.5500000000 3.7574166141 1.0113538822 2.6505706989 0.0000000000
4.3726571613 0.5500000000 3.7574212495 1.0112214422 2.6505362645 0.0000000000
4.3804312062 0.5500000000 3.7574258849 1.0110890023 2.6505018301 0.0000000000
4.3882052510 0.5500000000 3.7574305203 1.0109565624 2.6504673957 0.0000000000
4.3959792958 0.5500000000 3.7574351557 1.0108241225 2.6504329614 0.0000000000
4.4037533406 0.5500000000 3.7574397911 1.0106916826 2.6503985270 0.0000000000
4.4115273854 0.5500000000 3.7574444265 1.0105592427 2.6503640926 0.0000000000
4.4193014302 0.5500000000 3.7574490619 1.0104268028 2.6503296582 0.0000000000
4.4270754750 0.5500000000 3.7574536973 1.0102943629 2.6502952238 0.0000000000
4.4348495198 0.5500000000 3.7574583327 1.0101619230 2.6502607895 0.0000000000
4.4426235646 0.5500000000 3.7574629681 1.0100294831 2.6502263551 0.0000000000
4.4503976094 0.5500000000 3.7574676035 1.0098970432 2.6501919207 0.0000000000
4.4581716542 0.5500000000 3.7574722389 1.0097646033 2.6501574863 0.0000000000
4.4659456990 0.5500000000 3.7574768743 1.0096321634 2.6501230520 0.0000000000
4.4737197438 0.5500000000 3.7574815097 1.0094997235 2.6500886176 0.0000000000
4.4814937886 0.5500000000 3.7574861451 1.0093672836 2.6500541832 0.0000000000
4.4892678334 0.5500000000 3.7574907805 1.0092348437 2.6500197488 0.0000000000
4.4970418782 0.5500000000 3.7574954159 1.0091024037 2.6499853145 0.0000000000
4.5048159230 0.5500000000 3.7575000513 1.0089699638 2.6499508801 0.0000000000
4.5125899678 0.5500000000 3.7575046867 1.0088375239 2.6499164457 0.0000000000
4.5203640126 0.5500000000 3.7575093221 1.0087050840 2.6498820113 0.0000000000
4.5281380574 0.5500000000 3.7575139575 1.0085726441 2.6498475770 0.0000000000
4.5359121022 0.5500000000 3.7575185929 1.0084402042 2.6498131426 0.0000000000
4.5436861470 0.5500000000 3.7575460038 1.0084992873 2.6499464197 0.0000000000
4.5514601918 0.5500000000 3.7575833423 1.0086418526 2.6501527999 0.0000000000
4.5592342366 0.5500000000 3.7576206809 1.0087844178 2.6503591801 0.0000000000
4.5670082814 0.5500000000 3.7576580194 1.0089269831 2.6505655603 0.0000000000
4.5747823262 0.5500000000 3.7576953579 1.0090695484 2.6507719405 0.0000000000
4.5825563710 0.5500000000 3.7577326964 1.0092121136 2.6509783206 0.0000000000
4.5903304158 0.5500000000 3.7577700349 1.0093546789 2.6511847008 0.0000000000
4.5981044606 0.5500000000 3.7578073735 1.0094972441 2.6513910810 0.0000000000
4.6058785054 0.5500000000 3.7578447120 1.0096398094 2.6515974612 0.0000000000
4.6136525502 0.5500000000 3.7578820505 1.0097823746 2.6518038414 0.0000000000
4.6214265950 0.5500000000 3.7579193890 1.0099249399 2.6520102216 0.0000000000
4.6292006398 0.5500000000 3.7579567275 1.0100675052 2.6522166017 0.0000000000
4.6369746846 0.5500000000 3.7579940661 1.0102100704 2.6524229819 0.0000000000
4.6447487294 0.5500000000 3.7580314046 1.0103526357 2.6526293621 0.0000000000
4.6525227742 0.5500000000 3.7580687431 1.0104952009 2.6528357423 0.0000000000
4.6602968190 0.5500000000 3.7581060816 1.0106377662 2.6530421225 0.0000000000
4.6680708638 0.5500000000 3.7581434201 1.0107803315 2.6532485026 0.0000000000
4.6758449086 0.5500000000 3.7581807587 1.0109228967 2.6534548828 0.0000000000
4.6836189534 0.5500000000 3.7582180972 1.0110654620 2.6536612630 0.0000000000
4.6913929982 0.5500000000 3.7582554357 1.0112080272 2.6538676432 0.0000000000
4.6991670430 0.5500000000 3.7582927742 1.0113505925 2.6540740234 0.0000000000
4.7069410878 0.5500000000 3.7583301127 1.0114931577 2.6542804036 0.0000000000
4.7147151327 0.5500000000 3.7583674513 1.0116357230 2.6544867837 0.0000000000
4.7224891775 0.5500000000 3.7584047898 1.0117782883 2.6546931639 0.0000000000
4.7302632223 0.5500000000 3.7584421283 1.0119208535 2.6548995441 0.0000000000
4.7380372671 0.5500000000 3.7584794668 1.0120634188 2.6551059243 0.0000000000
4.7458113119 0.5500000000 3.7585168053 1.0122059840 2.6553123045 0.0000000000
4.7535853567 0.5500000000 3.7585541439 1.0123485493 2.6555186846 0.0000000000
4.7613594015 0.5500000000 3.7585914824 1.0124911145 2.6557250648 0.0000000000
4.7691334463 0.5500000000 3.7586330863 1.0126797449 2.6559669328 0.0000000000
4.7769074911 0.5500000000 3.7586884803 1.0130173017 2.6563235313 0.0000000000
4.7846815359 0.5500000000 3.7587438742 1.0133548585 2.6566801298 0.0000000000
4.7924555807 0.5500000000 3.7587992682 1.0136924154 2.6570367283 0.0000000000
4.8002296255 0.5500000000 3.7588546621 1.0140299722 2.6573933268 0.0000000000
4.8080036703 0.5500000000 3.7589100560 1.0143675291 2.6577499253 0.0000000000
4.8157777151 0.5500000000 3.7589654500 1.0147050859 2.6581065238 0.0000000000
4.8235517599 0.5500000000 3.7590208439 1.0150426427 2.6584631223 0.0000000000
4.8313258047 0.5500000000 3.7590762379 1.0153801996 2.6588197208 0.0000000000
4.8390998495 0.5500000000 3.7591316318 1.0157177564 2.6591763193 0.0000000000
4.8468738943 0.5500000000 3.7591870258 1.0160553133 2.6595329179 0.0000000000
4.8546479391 0.5500000000 3.7592424197 1.0163928701 2.6598895164 0.0000000000
4.8624219839 0.5500000000 3.7592978137 1.0167304269 2.6602461149 0.0000000000
4.8701960287 0.5500000000 3.7593532076 1.0170679838 2.6606027134 0.0000000000
4.8779700735 0.5500000000 3.7594086015 1.0174055406 2.6609593119 0.0000000000
4.8857441183 0.5500000000 3.7594639955 1.0177430974 2.6613159104 0.0000000000
4.8935181631 0.5500000000 3.7595193894 1.0180806543 2.6616725089 0.0000000000
4.9012922079 0.5500000000 3.7595747834 1.0184182111 2.6620291074 0.0000000000
4.9090662527 0.5500000000 3.7596301773 1.0187557680 2.6623857059 0.0000000000
4.9168402975 0.5500000000 3.7596855713 1.0190933248 2.6627423044 0.0000000000
4.9246143423 0.5500000000 3.7597409652 1.0194308816 2.6630989029 0.0000000000
4.9323883871 0.5500000000 3.7597963591 1.0197684385 2.6634555014 0.0000000000
4.9401624319 0.5500000000 3.7598517531 1.0201059953 2.6638120999 0.0000000000
4.9479364767 0.5500000000 3.7599069990 1.0204452973 2.6641688045 0.0000000000
4.9557105215 0.5500000000 3.7599612458 1.0207963803 2.6645262247 0.0000000000
4.9634845663 0.5500000000 3.7600154925 1.0211474632 2.6648836449 0.0000000000
4.9712586111 0.5500000000 3.7600697393 1.0214985462 2.6652410651 0.0000000000
4.9790326559 0.5500000000 3.7601239860 1.0218496292 2.6655984852 0.0000000000
4.9868067007 0.5500000000 3.7601782328 1.0222007121 2.6659559054 0.0000000000
4.9945807455 0.5500000000 3.7602324795 1.0225517951 2.6663133256 0.0000000000
5.0023547903 0.5500000000 3.7602867263 1.0229028780 2.6666707458 0.0000000000
5.0101288351 0.5500000000 3.7603409730 1.0232539610 2.6670281660 0.0000000000
5.0179028799 0.5500000000 3.7603952198 1.0236050439 2.6673855862 0.0000000000
5.0256769247 0.5500000000 3.7604494665 1.0239561269 2.6677430064 0.0000000000
5.0334509695 0.5500000000 3.7605037133 1.0243072099 2.6681004266 0.0000000000
5.0412250144 0.5500000000 3.7605579600 1.0246582928 2.6684578468 0.0000000000
5.0489990592 0.5500000000 3.7606122068 1.0250093758 2.6688152670 0.0000000000
5.0567731040 0.5500000000 3.7606664536 1.0253604587 2.6691726872 0.0000000000
5.0645471488 0.5500000000 3.7607207003 1.0257115417 2.6695301074 0.0000000000
5.0723211936 0.5500000000 3.7607749471 1.0260626246 2.6698875276 0.0000000000
5.0800952384 0.5500000000 3.7608291938 1.0264137076 2.6702449478 0.0000000000
5.0878692832 0.5500000000 3.7608834406 1.0267647906 2.6706023680 0.0000000000
5.0956433280 0.5500000000 3.7609376873 1.0271158735 2.6709597882 0.0000000000
5.1034173728 0.5500000000 3.7609864831 1.0274360320 2.6712830347 0.0000000000
5.1111914176 0.5500000000 3.7610272487 1.0277106334 2.6715559375 0.0000000000
5.1189654624 0.5500000000 3.7610680142 1.0279852348 2.6718288404 0.0000000000
5.1267395072 0.5500000000 3.7611087798 1.0282598362 2.6721017432 0.0000000000
5.1345135520 0.5500000000 3.7611495454 1.0285344376 2.6723746460 0.0000000000
5.1422875968 0.5500000000 3.7611903109 1.0288090390 2.6726475489 0.0000000000
5.1500616416 0.5500000000 3.7612310765 1.0290836404 2.6729204517 0.0000000000
5.1578356864 0.5500000000 3.7612718421 1.0293582418 2.6731933546 0.0000000000
5.1656097312 0.5500000000 3.7613126077 1.0296328432 2.6734662574 0.0000000000
5.1733837760 0.5500000000 3.7613533732 1.0299074446 2.6737391602 0.0000000000
5.1811578208 0.5500000000 3.7613941388 1.0301820460 2.6740120631 0.0000000000
5.1889318656 0.5500000000 3.7614349044 1.0304566474 2.6742849659 0.0000000000
5.1967059104 0.5500000000 3.7614756699 1.0307312488 2.6745578687 0.0000000000
5.2044799552 0.5500000000 3.7615164355 1.0310058502 2.6748307716 0.0000000000
5.2122540000 0.5500000000 3.7615572011 1.0312804516 2.6751036744 0.0000000000
5.2200280448 0.5500000000 3.7615979666 1.0315550530 2.6753765772 0.0000000000
5.2278020896 0.5500000000 3.7616387322 1.0318296544 2.6756494801 0.0000000000
5.2355761344 0.5500000000 3.7616794978 1.0321042558 2.6759223829 0.0000000000
5.2433501792 0.5500000000 3.7617118604 1.0323207359 2.6761384254 0.0000000000
5.2511242240 0.5500000000 3.7617413070 1.0325170463 2.6763347358 0.0000000000
5.2588982688 0.5500000000 3.7617707535 1.0327133567 2.6765310462 0.0000000000
5.2666723136 0.5500000000 3.7618002001 1.0329096671 2.6767273566 0.0000000000
5.2744463584 0.5500000000 3.7618296466 1.0331059775 2.6769236670 0.0000000000
5.2822204032 0.5500000000 3.7618590932 1.0333022879 2.6771199774 0.0000000000
5.2899944480 0.5500000000 3.7618885398 1.0334985983 2.6773162878 0.0000000000
5.2977684928 0.5500000000 3.7619179863 1.0336949087 2.6775125982 0.0000000000
5.3055425376 0.5500000000 3.7619474329 1.0338912191 2.6777089086 0.0000000000
5.3133165824 0.5500000000 3.7619768794 1.0340875295 2.6779052190 0.0000000000
5.3210906272 0.5500000000 3.7620063260 1.0342838399 2.6781015294 0.0000000000
5.3288646720 0.5500000000 3.7620357726 1.0344801503 2.6782978398 0.0000000000
5.3366387168 0.5500000000 3.7620652191 1.0346764607 2.6784941502 0.0000000000
5.3444127616 0.5500000000 3.7620946657 1.0348727711 2.6786904606 0.0000000000
5.3521868064 0.5500000000 3.7621241122 1.0350690815 2.6788867710 0.0000000000
5.3599608512 0.5500000000 3.7621535588 1.0352653920 2.6790830814 0.0000000000
5.3677348960 0.5500000000 3.7621794920 1.0354368419 2.6792553943 0.0000000000
5.3755089409 0.5500000000 3.7622009837 1.0355768636 2.6793973698 0.0000000000
5.3832829857 0.5500000000 3.7622224754 1.0357168854 2.6795393454 0.0000000000
5.3910570305 0.5500000000 3.7622439671 1.0358569071 2.6796813209 0.0000000000
5.3988310753 0.5500000000 3.7622654588 1.0359969288 2.6798232964 0.0000000000
5.4066051201 0.5500000000 3.7622869505 1.0361369505 2.6799652719 0.0000000000
5.4143791649 0.5500000000 3.7623084423 1.0362769722 2.6801072474 0.0000000000
5.4221532097 0.5500000000 3.7623299340 1.0364169940 2.6802492229 0.0000000000
5.4299272545 0.5500000000 3.7623514257 1.0365570157 2.6803911984 0.0000000000
5.4377012993 0.5500000000 3.7623729174 1.0366970374 2.6805331739 0.0000000000
5.4454753441 0.5500000000 3.7623944091 1.0368370591 2.6806751495 0.0000000000
5.4532493889 0.5500000000 3.7624159008 1.0369770809 2.6808171250 0.0000000000
5.4610234337 0.5500000000 3.7624373925 1.0371171026 2.6809591005 0.0000000000
5.4687974785 0.5500000000 3.7624588842 1.0372571243 2.6811010760 0.0000000000
5.4765715233 0.5500000000 3.7624803759 1.0373971460 2.6812430515 0.0000000000
5.4843455681 0.5500000000 3.7625012436 1.0375335869 2.6813810987 0.0000000000
5.4921196129 0.5500000000 3.7625155547 1.0376324018 2.6814778691 0.0000000000
5.4998936577 0.5500000000 3.7625298659 1.0377312166 2.6815746395 0.0000000000
5.5076677025 0.5500000000 3.7625441770 1.0378300314 2.6816714099 0.0000000000
5.5154417473 0.5500000000 3.7625584881 1.0379288463 2.6817681803 0.0000000000
5.5232157921 0.5500000000 3.7625727992 1.0380276611 2.6818649508 0.0000000000
5.5309898369 0.5500000000 3.7625871103 1.0381264760 2.6819617212 0.0000000000
5.5387638817 0.5500000000 3.7626014214 1.0382252908 2.6820584916 0.0000000000
5.5465379265 0.5500000000 3.7626157325 1.0383241057 2.6821552620 0.0000000000
5.5543119713 0.5500000000 3.7626300437 1.0384229205 2.6822520324 0.0000000000
5.5620860161 0.5500000000 3.7626443548 1.0385217354 2.6823488028 0.0000000000
5.5698600609 0.5500000000 3.7626586659 1.0386205502 2.6824455732 0.0000000000
5.5776341057 0.5500000000 3.7626729770 1.0387193651 2.6825423436 0.0000000000
5.5854081505 0.5500000000 3.7626872881 1.0388181799 2.6826391140 0.0000000000
5.5931821953 0.5500000000 3.7627015992 1.0389169948 2.6827358844 0.0000000000
5.6009562401 0.5500000000 3.7627126228 1.0389997709 2.6828130891 0.0000000000
5.6087302849 0.5500000000 3.7627189736 1.0390597503 2.6828624839 0.0000000000
5.6165043297 0.5500000000 3.7627253243 1.0391197297 2.6829118787 0.0000000000
5.6242783745 0.5500000000 3.7627316751 1.0391797091 2.6829612735 0.0000000000
5.6320524193 0.5500000000 3.7627380258 1.0392396885 2.6830106683 0.0000000000
5.6398264641 0.5500000000 3.7627443766 1.0392996679 2.6830600631 0.0000000000
5.6476005089 0.5500000000 3.7627507274 1.0393596473 2.6831094579 0.0000000000
5.6553745537 0.5500000000 3.7627570781 1.0394196267 2.6831588526 0.0000000000
5.6631485985 0.5500000000 3.7627634289 1.0394796061 2.6832082474 0.0000000000
5.6709226433 0.5500000000 3.7627697796 1.0395395855 2.6832576422 0.0000000000
5.6786966881 0.5500000000 3.7627761304 1.0395995649 2.6833070370 0.0000000000
5.6864707329 0.5500000000 3.7627824812 1.0396595443 2.6833564318 0.0000000000
5.6942447777 0.5500000000 3.7627888319 1.0397195236 2.6834058266 0.0000000000
5.7020188225 0.5500000000 3.7627951827 1.0397795030 2.6834552214 0.0000000000
5.7097928674 0.5500000000 3.7627994749 1.0398285009 2.6834919893 0.0000000000
5.7175669122 0.5500000000 3.7627973000 1.0398430001 2.6834890895 0.0000000000
5.7253409570 0.5500000000 3.7627951251 1.0398574993 2.6834861896 0.0000000000
5.7331150018 0.5500000000 3.7627929502 1.0398719985 2.6834832898 0.0000000000
5.7408890466 0.5500000000 3.7627907753 1.0398864977 2.6834803899 0.0000000000
5.7486630914 0.5500000000 3.7627886005 1.0399009969 2.6834774901 0.0000000000
5.7564371362 0.5500000000 3.7627864256 1.0399154961 2.6834745903 0.0000000000
5.7642111810 0.5500000000 3.7627842507 1.0399299953 2.6834716904 0.0000000000
5.7719852258 0.5500000000 3.7627820758 1.0399444945 2.6834687906 0.0000000000
5.7797592706 0.5500000000 3.7627799009 1.0399589937 2.6834658907 0.0000000000
5.7875333154 0.5500000000 3.7627777261 1.0399734929 2.6834629909 0.0000000000
5.7953073602 0.5500000000 3.7627755512 1.0399879921 2.6834600911 0.0000000000
5.8030814050 0.5500000000 3.7627733763 1.0400024913 2.6834571912 0.0000000000
5.8108554498 0.5500000000 3.7627712014 1.0400169905 2.6834542914 0.0000000000
5.8186294946 0.5500000000 3.7627673488 1.0400192005 2.6834397649 0.0000000000
5.8264035394 0.5500000000 3.7627614256 1.0400062435 2.6834108892 0.0000000000
5.8341775842 0.5500000000 3.7627555024 1.0399932864 2.6833820135 0.0000000000
5.8419516290 0.5500000000 3.7627495791 1.0399803293 2.6833531377 0.0000000000
5.8497256738 0.5500000000 3.7627436559 1.0399673723 2.6833242620 0.0000000000
5.8574997186 0.5500000000 3.7627377327 1.0399544152 2.6832953863 0.0000000000
5.8652737634 0.5500000000 3.7627318095 1.0399414582 2.6832665106 0.0000000000
5.8730478082 0.5500000000 3.7627258862 1.0399285011 2.6832376348 0.0000000000
5.8808218530 0.5500000000 3.7627199630 1.0399155441 2.6832087591 0.0000000000
5.8885958978 0.5500000000 3.7627140398 1.0399025870 2.6831798834 0.0000000000
5.8963699426 0.5500000000 3.7627081165 1.0398896300 2.6831510077 0.0000000000
5.9041439874 0.5500000000 3.7627021933 1.0398766729 2.6831221319 0.0000000000
5.9119180322 0.5500000000 3.7626962701 1.0398637158 2.6830932562 0.0000000000
5.9196920770 0.5500000000 3.7626903469 1.0398507588 2.6830643805 0.0000000000
5.9274661218 0.5500000000 3.7626786610 1.0398074787 2.6830003249 0.0000000000
5.9352401666 0.5500000000 3.7626666166 1.0397623124 2.6829340810 0.0000000000
5.9430142114 0.5500000000 3.7626545723 1.0397171460 2.6828678370 0.0000000000
5.9507882562 0.5500000000 3.7626425279 1.0396719797 2.6828015931 0.0000000000
5.9585623010 0.5500000000 3.7626304836 1.0396268134 2.6827353491 0.0000000000
5.9663363458 0.5500000000 3.7626184392 1.0395816471 2.6826691052 0.0000000000
5.9741103906 0.5500000000 3.7626063949 1.0395364807 2.6826028612 0.0000000000
5.9818844354 0.5500000000 3.7625943505 1.0394913144 2.6825366173 0.0000000000
5.9896584802 0.5500000000 3.7625823062 1.0394461481 2.6824703733 0.0000000000
5.9974325250 0.5500000000 3.7625702618 1.0394009817 2.6824041294 0.0000000000
6.0052065698 0.5500000000 3.7625582174 1.0393558154 2.6823378854 0.0000000000
6.0129806146 0.5500000000 3.7625461731 1.0393106491 2.6822716415 0.0000000000
6.0207546594 0.5500000000 3.7625341287 1.0392654828 2.6822053976 0.0000000000
6.0285287042 0.5500000000 3.7625194743 1.0392036368 2.6821220415 0.0000000000
6.0363027491 0.5500000000 3.7625034585 1.0391330909 2.6820297598 0.0000000000
6.0440767939 0.5500000000 3.7624874427 1.0390625450 2.6819374781 0.0000000000
6.0518508387 0.5500000000 3.7624714268 1.0389919991 2.6818451965 0.0000000000
6.0596248835 0.5500000000 3.7624554110 1.0389214532 2.6817529148 0.0000000000
6.0673989283 0.5500000000 3.7624393952 1.0388509073 2.6816606332 0.0000000000
6.0751729731 0.5500000000 3.7624233794 1.0387803614 2.6815683515 0.0000000000
6.0829470179 0.5500000000 3.7624073635 1.0387098155 2.6814760698 0.0000000000
6.0907210627 0.5500000000 3.7623913477 1.0386392696 2.6813837882 0.0000000000
6.0984951075 0.5500000000 3.7623753319 1.0385687237 2.6812915065 0.0000000000
6.1062691523 0.5500000000 3.7623593161 1.0384981778 2.6811992248 0.0000000000
6.1140431971 0.5500000000 3.7623433002 1.0384276319 2.6811069432 0.0000000000
6.1218172419 0.5500000000 3.7623272844 1.0383570860 2.6810146615 0.0000000000
6.1295912867 0.5500000000 3.7623101634 1.0382758172 2.6809136702 0.0000000000
6.1373653315 0.5500000000 3.7622921205 1.0381856026 2.6808054126 0.0000000000
6.1451393763 0.5500000000 3.7622740776 1.0380953879 2.6806971550 0.0000000000
6.1529134211 0.5500000000 3.7622560347 1.0380051733 2.6805888974 0.0000000000
6.1606874659 0.5500000000 3.7622379917 1.0379149586 2.6804806399 0.0000000000
6.1684615107 0.5500000000 3.7622199488 1.0378247440 2.6803723823 0.0000000000
6.1762355555 0.5500000000 3.7622019059 1.0377345293 2.6802641247 0.0000000000
6.1840096003 0.5500000000 3.7621838629 1.0376443147 2.6801558671 0.0000000000
6.1917836451 0.5500000000 3.7621658200 1.0375541000 2.6800476095 0.0000000000
6.1995576899 0.5500000000 3.7621477771 1.0374638854 2.6799393519 0.0000000000
6.2073317347 0.5500000000 3.7621297341 1.0373736707 2.6798310944 0.0000000000
6.2151057795 0.5500000000 3.7621116912 1.0372834561 2.6797228368 0.0000000000
6.2228798243 0.5500000000 3.7620936483 1.0371932414 2.6796145792 0.0000000000
6.2306538691 0.5500000000 3.7620750578 1.0370904588 2.6794991044 0.0000000000
6.2384279139 0.5500000000 3.7620563286 1.0369844909 2.6793818004 0.0000000000
6.2462019587 0.5500000000 3.7620375994 1.0368785231 2.6792644964 0.0000000000
6.2539760035 0.5500000000 3.7620188702 1.0367725552 2.6791471924 0.0000000000
6.2617500483 0.5500000000 3.7620001410 1.0366665873 2.6790298884 0.0000000000
6.2695240931 0.5500000000 3.7619814118 1.0365606194 2.6789125844 0.0000000000
6.2772981379 0.5500000000 3.7619626826 1.0364546515 2.6787952804 0.0000000000
6.2850721827 0.5500000000 3.7619439534 1.0363486836 2.6786779764 0.0000000000
6.2928462275 0.5500000000 3.7619252242 1.0362427157 2.6785606724 0.0000000000
6.3006202723 0.5500000000 3.7619064950 1.0361367478 2.6784433685 0.0000000000
6.3083943171 0.5500000000 3.7618885611 1.0360256474 2.6783271930 0.0000000000
6.3161683619 0.5500000000 3.7618710496 1.0359118222 2.6782116167 0.0000000000
6.3239424067 0.5500000000 3.7618535380 1.0357979971 2.6780960403 0.0000000000
6.3317164515 0.5500000000 3.7618360264 1.0356841719 2.6779804640 0.0000000000
6.3394904963 0.5500000000 3.7618185149 1.0355703467 2.6778648877 0.0000000000
6.3472645411 0.5500000000 3.7618010033 1.0354565215 2.6777493114 0.0000000000
6.3550385859 0.5500000000 3.7617834917 1.0353426964 2.6776337350 0.0000000000
6.3628126307 0.5500000000 3.7617659802 1.0352288712 2.6775181587 0.0000000000
6.3705866756 0.5500000000 3.7617487020 1.0351146749 2.6774033674 0.0000000000
6.3783607204 0.5500000000 3.7617338590 1.0349966056 2.6772967677 0.0000000000
6.3861347652 0.5500000000 3.7617190160 1.0348785364 2.6771901680 0.0000000000
6.3939088100 0.5500000000 3.7617041730 1.0347604671 2.6770835684 0.0000000000
6.4016828548 0.5500000000 3.7616893300 1.0346423978 2.6769769687 0.0000000000
6.4094568996 0.5500000000 3.7616744870 1.0345243286 2.6768703690 0.0000000000
6.4172309444 0.5500000000 3.7616596440 1.0344062593 2.6767637693 0.0000000000
6.4250049892 0.5500000000 3.7616448010 1.0342881901 2.6766571697 0.0000000000
6.4327790340 0.5500000000 3.7616328698 1.0341710587 2.6765625922 0.0000000000
6.4405530788 0.5500000000 3.7616223307 1.0340543757 2.6764737626 0.0000000000
6.4483271236 0.5500000000 3.7616117916 1.0339376928 2.6763849330 0.0000000000
6.4561011684 0.5500000000 3.7616012525 1.0338210098 2.6762961034 0.0000000000
6.4638752132 0.5500000000 3.7615907134 1.0337043269 2.6762072738 0.0000000000
6.4716492580 0.5500000000 3.7615801743 1.0335876439 2.6761184442 0.0000000000
6.4794233028 0.5500000000 3.7615698331 1.0334712447 2.6760305198 0.0000000000
6.4871973476 0.5500000000 3.7615650116 1.0333627602 2.6759678399 0.0000000000
6.4949713924 0.5500000000 3.7615601900 1.0332542758 2.6759051599 0.0000000000
6.5027454372 0.5500000000 3.7615553685 1.0331457913 2.6758424800 0.0000000000
6.5105194820 0.5500000000 3.7615505470 1.0330373068 2.6757798001 0.0000000000
6.5182935268 0.5500000000 3.7615457254 1.0329288223 2.6757171202 0.0000000000
6.5260675716 0.5500000000 3.7615409039 1.0328203378 2.6756544402 0.0000000000
6.5338416164 0.5500000000 3.7615400000 1.0327213784 2.6756112408 0.0000000000
6.5416156612 0.5500000000 3.7615400000 1.0326246166 2.6755725361 0.0000000000
6.5493897060 0.5500000000 3.7615400000 1.0325278548 2.6755338314 0.0000000000
6.5571637508 0.5500000000 3.7615400000 1.0324310931 2.6754951267 0.0000000000
6.5649377956 0.5500000000 3.7615400000 1.0323343313 2.6754564220 0.0000000000
6.5727118404 0.5500000000 3.7615424009 1.0322409871 2.6754286880 0.0000000000
6.5804858852 0.5500000000 3.7615486075 1.0321530600 2.6754183436 0.0000000000
6.5882599300 0.5500000000 3.7615548141 1.0320651329 2.6754079992 0.0000000000
6.5960339748 0.5500000000 3.7615610208 1.0319772059 2.6753976549 0.0000000000
6.6038080196 0.5500000000 3.7615672274 1.0318892788 2.6753873105 0.0000000000
6.6115820644 0.5500000000 3.7615762324 1.0318063734 2.6753901683 0.0000000000
6.6193561092 0.5500000000 3.7615874968 1.0317275224 2.6754036857 0.0000000000
6.6271301540 0.5500000000 3.7615987612 1.0316486715 2.6754172030 0.0000000000
6.6349041988 0.5500000000 3.7616100256 1.0315698205 2.6754307203 0.0000000000
6.6426782436 0.5500000000 3.7616222331 1.0314916260 2.6754482722 0.0000000000
6.6504522884 0.5500000000 3.7616417316 1.0314185067 2.6754970184 0.0000000000
6.6582263332 0.5500000000 3.7616612300 1.0313453874 2.6755457646 0.0000000000
6.6660003780 0.5500000000 3.7616807285 1.0312722681 2.6755945108 0.0000000000
6.6737744228 0.5500000000 3.7617003564 1.0311995887 2.6756439508 0.0000000000
6.6815484676 0.5500000000 3.7617309749 1.0311642597 2.6757522930 0.0000000000
6.6893225124 0.5500000000 3.7617615934 1.0311289307 2.6758606353 0.0000000000
6.6970965573 0.5500000000 3.7617922118 1.0310936017 2.6759689776 0.0000000000
6.7048706021 0.5500000000 3.7618228303 1.0310582727 2.6760773198 0.0000000000
6.7126446469 0.5500000000 3.7618610743 1.0310448209 2.6762249152 0.0000000000
6.7204186917 0.5500000000 3.7619016499 1.0310380583 2.6763845126 0.0000000000
6.7281927365 0.5500000000 3.7619422255 1.0310312957 2.6765441099 0.0000000000
6.7359667813 0.5500000000 3.7619837595 1.0310264840 2.6767083213 0.0000000000
6.7437408261 0.5500000000 3.7620382179 1.0310479808 2.6769347535 0.0000000000
6.7515148709 0.5500000000 3.7620926763 1.0310694775 2.6771611858 0.0000000000
6.7592889157 0.5500000000 3.7621471347 1.0310909742 2.6773876180 0.0000000000
6.7670629605 0.5500000000 3.7622066744 1.0311275058 2.6776403896 0.0000000000
6.7748370053 0.5500000000 3.7622698918 1.0311749188 2.6779122242 0.0000000000
6.7826110501 0.5500000000 3.7623331091 1.0312223318 2.6781840588 0.0000000000
6.7903850949 0.5500000000 3.7624020719 1.0312813747 2.6784835270 0.0000000000
6.7981591397 0.5500000000 3.7624790857 1.0313567142 2.6788217178 0.0000000000
6.8059331845 0.5500000000 3.7625560994 1.0314320538 2.6791599086 0.0000000000
6.8137072293 0.5500000000 3.7626391267 1.0315220969 2.6795280350 0.0000000000
6.8214812741 0.5500000000 3.7627301265 1.0316316338 2.6799358491 0.0000000000
6.8292553189 0.5500000000 3.7628211264 1.0317411706 2.6803436632 0.0000000000
6.8370293637 0.5500000000 3.7629208241 1.0318737769 2.6807954965 0.0000000000
6.8448034085 0.5500000000 3.7630306127 1.0320331475 2.6812983995 0.0000000000
6.8525774533 0.5500000000 3.7631404014 1.0321925182 2.6818013025 0.0000000000
6.8603514981 0.5500000000 3.7632621909 1.0323683051 2.6823587750 0.0000000000
6.8681255429 0.5500000000 3.7633907507 1.0325533533 2.6829470337 0.0000000000
6.8758995877 0.5500000000 3.7635200601 1.0327412737 2.6835394394 0.0000000000
6.8836736325 0.5500000000 3.7636589698 1.0329659806 2.6841849610 0.0000000000
6.8914476773 0.5500000000 3.7637978795 1.0331906875 2.6848304826 0.0000000000
6.8992217221 0.5500000000 3.7639513131 1.0334396337 2.6855437953 0.0000000000
6.9069957669 0.5500000000 3.7641134688 1.0337031368 2.6862978193 0.0000000000
6.9147698117 0.5500000000 3.7642787319 1.0339734432 2.6870669942 0.0000000000
6.9225438565 0.5500000000 3.7644605515 1.0342799996 2.6879168952 0.0000000000
6.9303179013 0.5500000000 3.7646423711 1.0345865559 2.6887667961 0.0000000000
6.9380919461 0.5500000000 3.7648332613 1.0349373649 2.6896706804 0.0000000000
6.9458659909 0.5500000000 3.7650265185 1.0352997223 2.6905886526 0.0000000000
6.9536400357 0.5500000000 3.7652319671 1.0356740526 2.6915601788 0.0000000000
6.9614140805 0.5500000000 3.7654488377 1.0360596004 2.6925818807 0.0000000000
6.9691881253 0.5500000000 3.7656695394 1.0364630188 2.6936260545 0.0000000000
6.9769621701 0.5500000000 3.7658950908 1.0368890604 2.6946986768 0.0000000000
6.9847362149 0.5500000000 3.7661311153 1.0373156389 2.6958134061 0.0000000000
6.9925102597 0.5500000000 3.7663801381 1.0377428840 2.6969803955 0.0000000000
7.0002843045 0.5500000000 3.7666399977 1.0382073727 2.6982056293 0.0000000000
7.0080583493 0.5500000000 3.7669162348 1.0387281476 2.6995188878 0.0000000000
7.0158323941 0.5500000000 3.7671972525 1.0392604873 2.7008558944 0.0000000000
7.0236064389 0.5500000000 3.7674986566 1.0398421443 2.7022941737 0.0000000000
7.0313804838 0.5500000000 3.7678028890 1.0404349180 2.7037482128 0.0000000000
7.0391545286 0.5500000000 3.7681137586 1.0410537787 2.7052392354 0.0000000000
7.0469285734 0.5500000000 3.7684442723 1.0417010108 2.7068201828 0.0000000000
7.0547026182 0.5500000000 3.7687901118 1.0423703777 2.7084712879 0.0000000000
7.0624766630 0.5500000000 3.7691536672 1.0430790375 2.7102089734 0.0000000000
7.0702507078 0.5500000000 3.7695235046 1.0438017068 2.7119773905 0.0000000000
7.0780247526 0.5500000000 3.7699206216 1.0445870502 2.7138799960 0.0000000000
7.0857987974 0.5500000000 3.7703244357 1.0453764590 2.7158110161 0.0000000000
7.0935728422 0.5500000000 3.7707408613 1.0461735235 2.7177955440 0.0000000000
7.1013468870 0.5500000000 3.7711635688 1.0469818228 2.7198096939 0.0000000000
7.1091209318 0.5500000000 3.7715956620 1.0478073557 2.7218682798 0.0000000000
7.1168949766 0.5500000000 3.7720580882 1.0486888557 2.7240705846 0.0000000000
7.1246690214 0.5500000000 3.7725447551 1.0496089158 2.7263852763 0.0000000000
7.1324430662 0.5500000000 3.7730580149 1.0505712780 2.7288232603 0.0000000000
7.1402171110 0.5500000000 3.7735524174 1.0515706969 2.7312006377 0.0000000000
7.1479911558 0.5500000000 3.7740598755 1.0525526641 2.7336232573 0.0000000000
7.1557652006 0.5500000000 3.7745882086 1.0535331575 2.7361287871 0.0000000000
7.1635392454 0.5500000000 3.7751492512 1.0545372962 2.7387746127 0.0000000000
7.1713132902 0.5500000000 3.7757326722 1.0556295182 2.7415451858 0.0000000000
7.1790873350 0.5500000000 3.7763276383 1.0567744055 2.7443830050 0.0000000000
7.1868613798 0.5500000000 3.7769312658 1.0579778400 2.7472788886 0.0000000000
7.1946354246 0.5500000000 3.7775792315 1.0591938183 2.7503571428 0.0000000000
7.2024094694 0.5500000000 3.7782357378 1.0604478078 2.7534847638 0.0000000000
7.2101835142 0.5500000000 3.7789074859 1.0617399439 2.7566886108 0.0000000000
7.2179575590 0.5500000000 3.7796035065 1.0630741134 2.7600063607 0.0000000000
7.2257316038 0.5500000000 3.7803311940 1.0644640785 2.7634730969 0.0000000000
7.2335056486 0.5500000000 3.7810361505 1.0658415123 2.7668438966 0.0000000000
7.2412796934 0.5500000000 3.7817902434 1.0672721264 2.7704325135 0.0000000000
7.2490537382 0.5500000000 3.7825599743 1.0687224236 2.7740915562 0.0000000000
7.2568277830 0.5500000000 3.7833458115 1.0702161387 2.7778323910 0.0000000000
7.2646018278 0.5500000000 3.7841558569 1.0717638581 2.7816916602 0.0000000000
7.2723758726 0.5500000000 3.7849828909 1.0733341231 2.7856279025 0.0000000000
7.2801499174 0.5500000000 3.7858053888 1.0748592554 2.7895279468 0.0000000000
7.2879239622 0.5500000000 3.7866466909 1.0763591747 2.7934931229 0.0000000000
7.2956980070 0.5500000000 3.7875390432 1.0779886876 2.7977143374 0.0000000000
7.3034720518 0.5500000000 3.7884606538 1.0797022809 2.8020862169 0.0000000000
7.3112460966 0.5500000000 3.7893899802 1.0814066498 2.8064852702 0.0000000000
7.3190201414 0.5500000000 3.7903157090 1.0830810348 2.8108579394 0.0000000000
7.3267941862 0.5500000000 3.7912429691 1.0846907441 2.8152108636 0.0000000000
7.3345682310 0.5500000000 3.7922553069 1.0864955266 2.8199821276 0.0000000000
7.3423422758 0.5500000000 3.7932661885 1.0883212151 2.8247559297 0.0000000000
7.3501163206 0.5500000000 3.7942776236 1.0900860601 2.8295076078 0.0000000000
7.3578903655 0.5500000000 3.7953095023 1.0918216290 2.8343293503 0.0000000000
7.3656644103 0.5500000000 3.7963694039 1.0936787443 2.8393118029 0.0000000000
7.3734384551 0.5500000000 3.7974661197 1.0956236266 2.8444766191 0.0000000000
7.3812124999 0.5500000000 3.7985241665 1.0974884112 2.8494547200 0.0000000000
7.3889865447 0.5500000000 3.7995780513 1.0993361326 2.8544093478 0.0000000000
7.3967605895 0.5500000000 3.8006500484 1.1013025090 2.8594838865 0.0000000000
7.4045346343 0.5500000000 3.8016872144 1.1031319605 2.8643643311 0.0000000000
7.4123086791 0.5500000000 3.8027482799 1.1050526951 2.8693768871 0.0000000000
7.4200827239 0.5500000000 3.8037798099 1.1069535251 2.8742633390 0.0000000000
7.4278567687 0.5500000000 3.8047906217 1.1088446890 2.8790630520 0.0000000000
7.4356308135 0.5500000000 3.8058136782 1.1107791131 2.8839290475 0.0000000000
7.4434048583 0.5500000000 3.8067954696 1.1126272412 2.8885954644 0.0000000000
7.4511789031 0.5500000000 3.8077735213 1.1145318614 2.8932695195 0.0000000000
7.4589529479 0.5500000000 3.8086922523 1.1163239720 2.8976612877 0.0000000000
7.4667269927 0.5500000000 3.8095968958 1.1181099195 2.9019942403 0.0000000000
7.4745010375 0.5500000000 3.8104984260 1.1199037726 2.9063179027 0.0000000000
7.4822750823 0.5500000000 3.8113678401 1.1217080003 2.9105172501 0.0000000000
7.4900491271 0.5500000000 3.8121933965 1.1234573592 2.9145192193 0.0000000000
7.4978231719 0.5500000000 3.8129285559 1.1250165396 2.9180835290 0.0000000000
7.5055972167 0.5500000000 3.8136722251 1.1265938170 2.9216891166 0.0000000000
7.5133712615 0.5500000000 3.8143856743 1.1281303124 2.9251575117 0.0000000000
7.5211453063 0.5500000000 3.8150572978 1.1296089201 2.9284354487 0.0000000000
7.5289193511 0.5500000000 3.8156799746 1.1309952898 2.9314807039 0.0000000000
7.5366933959 0.5500000000 3.8162545107 1.1323862767 2.9343352430 0.0000000000
7.5444674407 0.5500000000 3.8167512532 1.1336911722 2.9368441713 0.0000000000
7.5522414855 0.5500000000 3.8172129990 1.1348436179 2.9391521326 0.0000000000
7.5600155303 0.5500000000 3.8176302326 1.1360392443 2.9412993176 0.0000000000
7.5677895751 0.5500000000 3.8179153605 1.1370152276 2.9428302226 0.0000000000
7.5755636199 0.5500000000 3.8181545499 1.1379613902 2.9441654453 0.0000000000
7.5833376647 0.5500000000 3.8184058071 1.1389074212 2.9455488863 0.0000000000
7.5911117095 0.5500000000 3.8185538889 1.1396770833 2.9464490784 0.0000000000
7.5988857543 0.5500000000 3.8186558888 1.1404132223 2.9471515338 0.0000000000
7.6066597991 0.5500000000 3.8186271598 1.1409852050 2.9472654108 0.0000000000
7.6144338439 0.5500000000 3.8184756938 1.1413699755 2.9468134550 0.0000000000
7.6222078887 0.5500000000 3.8184442883 1.1418811134 2.9468922879 0.0000000000
7.6299819335 0.5500000000 3.8182594314 1.1422028567 2.9462815580 0.0000000000
7.6377559783 0.5500000000 3.8179091669 1.1422723959 2.9449083155 0.0000000000
7.6455300231 0.5500000000 3.8174840803 1.1421709182 2.9431673780 0.0000000000
7.6533040679 0.5500000000 3.8170091422 1.1420567427 2.9412219554 0.0000000000
7.6610781127 0.5500000000 3.8162515233 1.1415365319 2.9379833955 0.0000000000
7.6688521575 0.5500000000 3.8156638016 1.1411862133 2.9354923812 0.0000000000
7.6766262023 0.5500000000 3.8149054247 1.1406060783 2.9322268198 0.0000000000
7.6844002471 0.5500000000 3.8141207973 1.1397720972 2.9287547177 0.0000000000
7.6921742920 0.5500000000 3.8129959585 1.1385632987 2.9237718428 0.0000000000
7.6999483368 0.5500000000 3.8121183098 1.1377331291 2.9199291803 0.0000000000
7.7077223816 0.5500000000 3.8109122234 1.1364705350 2.9145997970 0.0000000000
7.7154964264 0.5500000000 3.8096196922 1.1349801793 2.9088335299 0.0000000000
7.7232704712 0.5500000000 3.8083654051 1.1334921641 2.9032211754 0.0000000000
7.7310445160 0.5500000000 3.8067819245 1.1315249102 2.8961003517 0.0000000000
7.7388185608 0.5500000000 3.8050831538 1.1293914422 2.8884518815 0.0000000000
7.7465926056 0.5500000000 3.8033751021 1.1271564905 2.8807256939 0.0000000000
7.7543666504 0.5500000000 3.8015542255 1.1247358986 2.8724739511 0.0000000000
7.7621406952 0.5500000000 3.7995512822 1.1220073364 2.8633707530 0.0000000000
7.7699147400 0.5500000000 3.7973587515 1.1189070004 2.8533604955 0.0000000000
7.7776887848 0.5500000000 3.7952636045 1.1157310075 2.8437095106 0.0000000000
7.7854628296 0.5500000000 3.7932061867 1.1125746581 2.8342172994 0.0000000000
7.7932368744 0.5500000000 3.7909716154 1.1089262188 2.8238196387 0.0000000000
7.8010109192 0.5500000000 3.7885976875 1.1049261512 2.8127239000 0.0000000000
7.8087849640 0.5500000000 3.7862259481 1.1006675272 2.8015334928 0.0000000000
7.8165590088 0.5500000000 3.7839488888 1.0963343281 2.7906919758 0.0000000000
7.8243330536 0.5500000000 3.7817131902 1.0919506856 2.7799957243 0.0000000000
7.8321070984 0.5500000000 3.7793057786 1.0870134813 2.7683911966 0.0000000000
7.8398811432 0.5500000000 3.7769733577 1.0819647950 2.7570420381 0.0000000000
7.8476551880 0.5500000000 3.7746003160 1.0766368761 2.7454187041 0.0000000000
7.8554292328 0.5500000000 3.7721417747 1.0708278656 2.7332609346 0.0000000000
7.8632032776 0.5500000000 3.7697484815 1.0647210751 2.7212450456 0.0000000000
7.8709773224 0.5500000000 3.7675307685 1.0586093386 2.7099294989 0.0000000000
7.8787513672 0.5500000000 3.7653817971 1.0523752459 2.6988399764 0.0000000000
7.8865254120 0.5500000000 3.7634894476 1.0463716569 2.6888691428 0.0000000000
7.8942994568 0.5500000000 3.7614397084 1.0393775151 2.6778725292 0.0000000000
7.9020735016 0.5500000000 3.7594892967 1.0321232220 2.6671691652 0.0000000000
7.9098475464 0.5500000000 3.7577038921 1.0245413963 2.6569948164 0.0000000000
7.9176215912 0.5500000000 3.7559870413 1.0169341280 2.6470845058 0.0000000000
7.9253956360 0.5500000000 3.7551431267 1.0132860427 2.6422496133 0.0000000000
7.9331696808 0.5500000000 3.7526214678 1.0009981469 2.6272478194 0.0000000000
7.9409437256 0.5500000000 3.7505250318 0.9900855891 2.6144970525 0.0000000000
7.9487177704 0.5500000000 3.7486571202 0.9797271724 2.6028820392 0.0000000000
7.9564918152 0.5500000000 3.7469033778 0.9695863707 2.5918107492 0.0000000000
7.9642658600 0.5500000000 3.7452166290 0.9591236503 2.5808786656 0.0000000000
7.9720399048 0.5500000000 3.7435103127 0.9479521887 2.5695848157 0.0000000000
7.9798139496 0.5500000000 3.7422378009 0.9391436729 2.5609713624 0.0000000000
7.9875879944 0.5500000000 3.7408715317 0.9283287982 2.5511803357 0.0000000000
7.9953620392 0.5500000000 3.7395350147 0.9173539707 2.5414443366 0.0000000000
8.0031360840 0.5500000000 3.7382747797 0.9058462245 2.5318002979 0.0000000000
8.0109101288 0.5500000000 3.7390174206 0.9231004427 2.5416725490 0.0000000000
8.0186841737 0.5500000000 3.7365622372 0.9003854592 2.5227658219 0.0000000000
8.0264582185 0.5500000000 3.7341796109 0.8759146162 2.5034469797 0.0000000000
8.0342322633 0.5500000000 3.7319264882 0.8481500266 2.4833286530 0.0000000000
8.0420063081 0.5500000000 3.7298109780 0.8177170039 2.4626934033 0.0000000000
8.0497803529 0.5500000000 3.7268744204 0.7703805150 2.4320125770 0.0000000000
8.0575543977 0.5500000000 3.7202261303 0.6797267856 2.3691579251 0.0000000000
8.0653284425 0.5500000000 3.6712200000 0.0845500000 1.9350626895 0.0000000000
8.0653445701 0.5500000000 3.6707200000 0.0775000000 1.9302426895 0.0000000000
8.0655262608 0.5500000000 3.6650377456 -0.0108420347 1.8721768579 0.0000000000
8.0656875433 0.5500000000 3.6595765506 -0.0992708323 1.8149605589 0.0000000000
8.0658460645 0.5500000000 3.6544569959 -0.1878332694 1.7590573653 0.0000000000
8.0660075264 0.5500000000 3.6495424999 -0.2764696887 1.7039448135 0.0000000000
8.0661900019 0.5500000000 3.6449630131 -0.3651355569 1.6501605190 0.0000000000
8.0666015945 0.5500000000 3.6439460021 -0.3902057611 1.6360643935 0.0000000000
8.0668035097 0.5500000000 3.6487069721 -0.3042373938 1.6894956203 0.0000000000
8.0673621418 0.5500000000 3.6535167884 -0.2155586046 1.7442064014 0.0000000000
8.0689422157 0.5500000000 3.6584866134 -0.1270614976 1.7994845440 0.0000000000
8.0757987616 0.5500000000 3.6544209592 -0.1932145604 1.7567607020 0.0000000000
8.0810611287 0.5500000000 3.6489804941 -0.2807075424 1.7000016491 0.0000000000
8.0858894570 0.5500000000 3.6440556378 -0.3685127766 1.6451801300 0.0000000000
8.0907106191 0.5500000000 3.6394009948 -0.4564122837 1.5914017550 0.0000000000
8.0948293661 0.5500000000 3.6350196736 -0.5446246226 1.5385915347 0.0000000000
8.0984299493 0.5500000000 3.6307061912 -0.6329996631 1.4859875891 0.0000000000
8.1016102538 0.5500000000 3.6266236712 -0.7215436588 1.4342399106 0.0000000000
8.1044599034 0.5500000000 3.6225325526 -0.8101556785 1.3824306286 0.0000000000
8.1069900543 0.5500000000 3.6184573102 -0.8988332996 1.3306586105 0.0000000000
8.1092536806 0.5500000000 3.6145772583 -0.9876106198 1.2796274748 0.0000000000
8.1113124364 0.5500000000 3.6105970049 -1.0763916426 1.2281940520 0.0000000000
8.1132175946 0.5500000000 3.6068093480 -1.1652466062 1.1775014391 0.0000000000
8.1149940677 0.5500000000 3.6029061300 -1.2540871439 1.1263523518 0.0000000000
8.1166685868 0.5500000000 3.5991695929 -1.3429846860 1.0758471866 0.0000000000
8.1182495202 0.5500000000 3.5953555319 -1.4318724441 1.0250358394 0.0000000000
8.1197181244 0.5500000000 3.5915356485 -1.5207706247 0.9741970337 0.0000000000
8.1210062635 0.5500000000 3.5877371873 -1.6096919355 0.9234346644 0.0000000000
8.1220370543 0.5500000000 3.5839011196 -1.6986241206 0.8725175198 0.0000000000
8.1228201092 0.5500000000 3.5800451124 -1.7875668295 0.8215164074 0.0000000000
8.1234799705 0.5500000000 3.5760960074 -1.8764901565 0.7701506564 0.0000000000
8.1240919063 0.5500000000 3.5720675589 -1.9653931939 0.7184756477 0.0000000000
8.1245978296 0.5500000000 3.5680478219 -2.0543031627 0.6668327120 0.0000000000
8.1250548595 0.5500000000 3.5639457854 -2.1431910183 0.6148694236 0.0000000000
8.1255054652 0.5500000000 3.5598066323 -2.2320680276 0.5627620076 0.0000000000
8.1259465536 0.5500000000 3.5555760274 -2.3209181907 0.5102995229 0.0000000000
8.1263739858 0.5500000000 3.5514035134 -2.4097865405 0.4580621268 0.0000000000
8.1267879619 0.5500000000 3.5471668694 -2.4986361570 0.4055757044 0.0000000000
8.1272131845 0.5500000000 3.5430075755 -2.5875080363 0.3533897769 0.0000000000
8.1276642454 0.5500000000 3.5389760451 -2.6764160531 0.3017004485 0.0000000000
8.1281416077 0.5500000000 3.5349690116 -2.7653291903 0.2501070600 0.0000000000
8.1286417725 0.5500000000 3.5312700872 -2.8543247162 0.1997131519 0.0000000000
8.1290865042 0.5500000000 3.5279610461 -2.9338588008 0.1546633536 0.0000000000
8.1292195636 0.5500000000 3.5274278535 -2.9516628800 0.1454089515 0.0000000000
8.1292322156 0.5500000000 3.5323792150 -2.8630390897 0.2006639135 0.0000000000
8.1292374116 0.5500000000 3.5373201975 -2.7744170069 0.2558766768 0.0000000000
8.1292392492 0.5500000000 3.5428336796 -2.6867435794 0.3129999763 0.0000000000
8.1292396052 0.5500000000 3.5477059305 -2.5980963122 0.3679478867 0.0000000000
8.1292398898 0.5500000000 3.5524094764 -2.5093910396 0.4222441792 0.0000000000
8.1292401388 0.5500000000 3.5570003278 -2.4206488376 0.4761044656 0.0000000000
8.1292403634 0.5500000000 3.5614207086 -2.3318516843 0.5293048501 0.0000000000
8.1292405698 0.5500000000 3.5657686645 -2.2430308592 0.5822250039 0.0000000000
8.1292407582 0.5500000000 3.5699692091 -2.1541654583 0.6345733424 0.0000000000
8.1292409306 0.5500000000 3.5740669522 -2.0652692557 0.6865227961 0.0000000000
8.1292410887 0.5500000000 3.5781037569 -1.9763558429 0.7382353799 0.0000000000
8.1292412330 0.5500000000 3.5819533513 -1.8873897894 0.7892201789 0.0000000000
8.1292413664 0.5500000000 3.5857244098 -1.7984027712 0.8398992203 0.0000000000
8.1292414914 0.5500000000 3.5893914898 -1.7093885384 0.8901732332 0.0000000000
8.1292416100 0.5500000000 3.5929706701 -1.6203520038 0.9401045686 0.0000000000
8.1292417234 0.5500000000 3.5963426093 -1.5312656691 0.9892268591 0.0000000000
8.1292418369 0.5500000000 3.5996880137 -1.4421726342 1.0382456906 0.0000000000
8.1292419559 0.5500000000 3.6029076285 -1.3530617062 1.0867685211 0.0000000000
8.1292421325 0.5500000000 3.6056219769 -1.2654003634 1.1326904519 0.0000000000
8.1292422908 0.5500000000 3.6033417926 -1.3004205218 1.1095616510 0.0000000000
8.1292424372 0.5500000000 3.5992128684 -1.3893047186 1.0574922757 0.0000000000
8.1292424892 0.5500000000 3.5955390032 -1.4783172855 1.0071917882 0.0000000000
8.1292425323 0.5500000000 3.5917961993 -1.5673118297 0.9566227549 0.0000000000
8.1292425699 0.5500000000 3.5881045131 -1.6563196654 0.9062528756 0.0000000000
8.1292426045 0.5500000000 3.5843375069 -1.7453078499 0.8555895772 0.0000000000
8.1292426370 0.5500000000 3.5805567350 -1.8342923570 0.8048726868 0.0000000000
8.1292426683 0.5500000000 3.5766853984 -1.9232523719 0.7538033343 0.0000000000
8.1292426992 0.5500000000 3.5726975384 -2.0121792910 0.7022811268 0.0000000000
8.1292427299 0.5500000000 3.5687548981 -2.1011187113 0.6509347972 0.0000000000
8.1292427614 0.5500000000 3.5646484064 -2.1900126335 0.5989512617 0.0000000000
8.1292427942 0.5500000000 3.5604607860 -2.2788819484 0.5466530540 0.0000000000
8.1292428287 0.5500000000 3.5561714284 -2.3677208717 0.4939600542 0.0000000000
8.1292428653 0.5500000000 3.5518328770 -2.4565455939 0.4410759599 0.0000000000
8.1292429052 0.5500000000 3.5474201822 -2.5453476415 0.3879043618 0.0000000000
8.1292429497 0.5500000000 3.5428545129 -2.6341016818 0.3341400682 0.0000000000
8.1292430006 0.5500000000 3.5382822622 -2.7228525856 0.2803507042 0.0000000000
8.1292430608 0.5500000000 3.5336404851 -2.8115817902 0.2262919137 0.0000000000
8.1292431352 0.5500000000 3.5289038374 -2.9002787474 0.1718665402 0.0000000000
8.1292432327 0.5500000000 3.5240816166 -2.9889453905 0.1171109999 0.0000000000
8.1292433736 0.5500000000 3.5193065808 -3.0776295826 0.0625371799 0.0000000000
8.1292436309 0.5500000000 3.5145007214 -3.1662960184 0.0078471677 0.0000000000
8.1292450531 0.5500000000 3.5117522723 -3.2191921871 -0.0243050962 0.0000000000
8.1292470880 0.5500000000 3.5167707334 -3.1304550557 0.0312636009 0.0000000000
8.1292485444 0.5500000000 3.5218286931 -3.0418671382 0.0869306066 0.0000000000
8.1292500166 0.5500000000 3.5269468333 -2.9533045456 0.1428282043 0.0000000000
8.1292515813 0.5500000000 3.5318901835 -2.8646794026 0.1980516624 0.0000000000
8.1292533253 0.5500000000 3.5368185485 -2.7760477113 0.2532177989 0.0000000000
8.1292554324 0.5500000000 3.5417485983 -2.6874180295 0.3083898711 0.0000000000
8.1292585005 0.5500000000 3.5466327705 -2.5992173757 0.3632068214 0.0000000000
8.1292766926 0.5500000000 3.5426781777 -2.6737388310 0.3175798678 0.0000000000
8.1293010207 0.5500000000 3.5379957161 -2.7624723336 0.2633566205 0.0000000000
8.1293267804 0.5500000000 3.5331086414 -2.8511142183 0.2083515677 0.0000000000
8.1293544491 0.5500000000 3.5282379063 -2.9397665239 0.1534077052 0.0000000000
8.1293883759 0.5500000000 3.5235033208 -3.0284607084 0.0989916893 0.0000000000
8.1294348679 0.5500000000 3.5186699631 -3.1175356128 0.0440282967 0.0000000000
8.1295095905 0.5500000000 3.5189201222 -3.1183714725 0.0446945893 0.0000000000
8.1295173515 0.5500000000 3.5230800000 -3.0492000000 0.0890026895 0.0000000000
