# logAge Mass logTe Mbol logg C/O
1.2818965502 0.3500000000 3.6573200000 0.9823250000 2.0422780444 0.0000000000
1.3216879140 0.3500000000 3.6573394997 0.9828920862 2.0425828774 0.0000000000
1.3614791672 0.3500000000 3.6573552213 0.9835389457 2.0429045079 0.0000000000
1.4012702394 0.3500000000 3.6573680130 0.9842701902 2.0432481725 0.0000000000
1.4410610605 0.3500000000 3.6573787228 0.9850904315 2.0436191080 0.0000000000
1.4808515603 0.3500000000 3.6573881986 0.9860042812 2.0440225512 0.0000000000
1.5206416683 0.3500000000 3.6573972885 0.9870163512 2.0444637388 0.0000000000
1.5604313145 0.3500000000 3.6574068406 0.9881312531 2.0449479078 0.0000000000
1.6002204286 0.3500000000 3.6574177028 0.9893535986 2.0454802948 0.0000000000
1.6400089402 0.3500000000 3.6574307231 0.9906879996 2.0460661367 0.0000000000
1.6797967792 0.3500000000 3.6574467497 0.9921390677 2.0467106702 0.0000000000
1.7195838753 0.3500000000 3.6574666305 0.9937114147 2.0474191321 0.0000000000
1.7593701583 0.3500000000 3.6574912135 0.9954096522 2.0481967593 0.0000000000
1.7991555579 0.3500000000 3.6575213468 0.9972383921 2.0490487884 0.0000000000
1.8389399706 0.3500000000 3.6575576711 0.9992046559 2.0499805909 0.0000000000
1.8787230002 0.3500000000 3.6575989957 1.0013367508 2.0509987276 0.0000000000
1.9185040977 0.3500000000 3.6576431760 1.0036740767 2.0521103789 0.0000000000
1.9582827128 0.3500000000 3.6576880587 1.0062561294 2.0533227307 0.0000000000
1.9980583240 0.3500000000 3.6577320920 1.0091166527 2.0546430735 0.0000000000
2.0378305423 0.3500000000 3.6577764666 1.0122631612 2.0560791754 0.0000000000
2.0775990158 0.3500000000 3.6578231544 1.0156956963 2.0576389403 0.0000000000
2.1173633115 0.3500000000 3.6578740200 1.0194187603 2.0593316283 0.0000000000
2.1571224971 0.3500000000 3.6579302723 1.0234641640 2.0611747993 0.0000000000
2.1968754511 0.3500000000 3.6579928693 1.0278740330 2.0631891349 0.0000000000
2.2366209703 0.3500000000 3.6580621121 1.0326872383 2.0653913881 0.0000000000
2.2763576690 0.3500000000 3.6581368245 1.0379352832 2.0677894558 0.0000000000
2.3160841168 0.3500000000 3.6582159737 1.0436480961 2.0703911777 0.0000000000
2.3557987550 0.3500000000 3.6583008473 1.0498517867 2.0732121483 0.0000000000
2.3954999427 0.3500000000 3.6583936069 1.0565713650 2.0762710179 0.0000000000
2.4351857170 0.3500000000 3.6584954836 1.0638371813 2.0795848512 0.0000000000
2.4748537828 0.3500000000 3.6586069491 1.0716855555 2.0831700628 0.0000000000
2.5145004171 0.3500000000 3.6587265747 1.0801815669 2.0870469699 0.0000000000
2.5541211648 0.3500000000 3.6588522157 1.0894016628 2.0912375724 0.0000000000
2.5937126504 0.3500000000 3.6589849863 1.0993763812 2.0957585422 0.0000000000
2.6332719606 0.3500000000 3.6591279173 1.1101173435 2.1006266511 0.0000000000
2.6727960831 0.3500000000 3.6592857074 1.1216412408 2.1058673703 0.0000000000
2.7122790205 0.3500000000 3.6594581404 1.1340138982 2.1115061653 0.0000000000
2.7517109839 0.3500000000 3.6596378455 1.1473602379 2.1175635217 0.0000000000
2.7910890875 0.3500000000 3.6598259118 1.1616700990 2.1240397313 0.0000000000
2.8304109128 0.3500000000 3.6600282230 1.1769133033 2.1309462576 0.0000000000
2.8696644503 0.3500000000 3.6602485645 1.1932162959 2.1383488209 0.0000000000
2.9088408020 0.3500000000 3.6604802317 1.2106415487 2.1462455905 0.0000000000
2.9479339506 0.3500000000 3.6607185929 1.2291962469 2.1546209147 0.0000000000
2.9869368836 0.3500000000 3.6609718950 1.2489003849 2.1635157784 0.0000000000
3.0258399700 0.3500000000 3.6612412452 1.2698002991 2.1729531448 0.0000000000
3.0646325741 0.3500000000 3.6615175167 1.2919453709 2.1829162594 0.0000000000
3.1033081368 0.3500000000 3.6618061946 1.3153340313 2.1934264353 0.0000000000
3.1418588340 0.3500000000 3.6621123956 1.3399755218 2.2045078355 0.0000000000
3.1802770965 0.3500000000 3.6624238043 1.3658771364 2.2161141160 0.0000000000
3.2185542199 0.3500000000 3.6627484556 1.3930520526 2.2282826878 0.0000000000
3.2566865925 0.3500000000 3.6630865414 1.4214688633 2.2410017555 0.0000000000
3.2946633465 0.3500000000 3.6634280428 1.4511606212 2.2542444642 0.0000000000
3.3324770253 0.3500000000 3.6637840396 1.4821227646 2.2680533088 0.0000000000
3.3701381683 0.3500000000 3.6641520370 1.5142257656 2.2823664987 0.0000000000
3.4076208023 0.3500000000 3.6645132347 1.5476107910 2.2971652997 0.0000000000
3.4449273831 0.3500000000 3.6648853794 1.5822038385 2.3124910973 0.0000000000
3.4820682026 0.3500000000 3.6652608459 1.6178942347 2.3282691217 0.0000000000
3.5190329251 0.3500000000 3.6656373492 1.6547100429 2.3445014582 0.0000000000
3.5558266729 0.3500000000 3.6660247943 1.6925804179 2.3611993889 0.0000000000
3.5924452011 0.3500000000 3.6664144146 1.7314975006 2.3783247031 0.0000000000
3.6288839827 0.3500000000 3.6667980029 1.7714553491 2.3958421954 0.0000000000
3.6651472272 0.3500000000 3.6671728192 1.8124001941 2.4137193987 0.0000000000
3.7012505959 0.3500000000 3.6675489471 1.8542186357 2.4319512869 0.0000000000
3.7371883098 0.3500000000 3.6679159136 1.8969195722 2.4504995274 0.0000000000
3.7729486564 0.3500000000 3.6682725836 1.9405420505 2.4693751989 0.0000000000
3.8085667779 0.3500000000 3.6686334062 1.9848859500 2.4885560492 0.0000000000
3.8440157325 0.3500000000 3.6689738348 2.0300696197 2.5079912314 0.0000000000
3.8793095574 0.3500000000 3.6692960753 2.0760073581 2.5276552889 0.0000000000
3.9144616893 0.3500000000 3.6696103136 2.1226191376 2.5475569538 0.0000000000
3.9494894409 0.3500000000 3.6699230518 2.1698129184 2.5676854188 0.0000000000
3.9843575863 0.3500000000 3.6702094721 2.2177411931 2.5880024099 0.0000000000
4.0191021542 0.3500000000 3.6704816841 2.2662267627 2.6084854857 0.0000000000
4.0537429562 0.3500000000 3.6707518292 2.3151745891 2.6291451969 0.0000000000
4.0882541673 0.3500000000 3.6710007251 2.3646921934 2.6499478222 0.0000000000
4.1226550782 0.3500000000 3.6712360066 2.4146875795 2.6708871027 0.0000000000
4.1569455436 0.3500000000 3.6714431042 2.4651554006 2.6919026214 0.0000000000
4.1911337307 0.3500000000 3.6716411902 2.5160554292 2.7130549767 0.0000000000
4.2252283077 0.3500000000 3.6718264799 2.5673468806 2.7343127161 0.0000000000
4.2592215676 0.3500000000 3.6719802734 2.6190575950 2.7556121760 0.0000000000
4.2931268371 0.3500000000 3.6721199935 2.6711282573 2.7769993214 0.0000000000
4.3269383810 0.3500000000 3.6722271419 2.7235786518 2.7984080727 0.0000000000
4.3606700194 0.3500000000 3.6723292729 2.7763493655 2.8199248823 0.0000000000
4.3943369309 0.3500000000 3.6723946886 2.8293787282 2.8413982902 0.0000000000
4.4279254660 0.3500000000 3.6724468386 2.8827180628 2.8629426237 0.0000000000
4.4614457105 0.3500000000 3.6724666933 2.9363253255 2.8844649477 0.0000000000
4.4949430256 0.3500000000 3.6724652281 2.9900220613 2.9059377811 0.0000000000
4.5283982097 0.3500000000 3.6724389342 3.0438827374 2.9273768761 0.0000000000
4.5618633668 0.3500000000 3.6723910093 3.0977044571 2.9487138645 0.0000000000
4.5953405234 0.3500000000 3.6723108024 3.1514791510 2.9699029143 0.0000000000
4.6288847728 0.3500000000 3.6722058049 3.2049917010 2.9908879444 0.0000000000
4.6625611199 0.3500000000 3.6720604634 3.2579826261 3.0115029484 0.0000000000
4.6964569674 0.3500000000 3.6718741514 3.3100895499 3.0316004701 0.0000000000
4.7307270611 0.3500000000 3.6716619020 3.3606400928 3.0509716895 0.0000000000
4.7655621985 0.3500000000 3.6714530879 3.4087140746 3.0693660257 0.0000000000
4.8011142709 0.3500000000 3.6712297328 3.4533811820 3.0863394485 0.0000000000
4.8375431013 0.3500000000 3.6710138871 3.4933746147 3.1014734388 0.0000000000
4.8749071307 0.3500000000 3.6708160795 3.5275542217 3.1143540509 0.0000000000
4.9130875195 0.3500000000 3.6706407444 3.5555411912 3.1248474983 0.0000000000
4.9519004147 0.3500000000 3.6704980289 3.5774396926 3.1330360371 0.0000000000
4.9910943373 0.3500000000 3.6703753667 3.5945793575 3.1394012540 0.0000000000
5.0305115280 0.3500000000 3.6702811257 3.6081957876 3.1444708620 0.0000000000
5.0700325636 0.3500000000 3.6701857967 3.6197795679 3.1487230582 0.0000000000
5.1095933357 0.3500000000 3.6701011278 3.6304874226 3.1526675245 0.0000000000
5.1491537490 0.3500000000 3.6700148823 3.6412039511 3.1566091541 0.0000000000
5.1886749273 0.3500000000 3.6699179034 3.6527862383 3.1608541532 0.0000000000
5.2281237947 0.3500000000 3.6697984970 3.6658182676 3.1655893395 0.0000000000
5.2674599472 0.3500000000 3.6696712438 3.6808287801 3.1710845317 0.0000000000
5.3066113863 0.3500000000 3.6695243189 3.6986015770 3.1776059506 0.0000000000
5.3454681415 0.3500000000 3.6693310775 3.7200399925 3.1854083515 0.0000000000
5.3838546560 0.3500000000 3.6690990978 3.7462382328 3.1949597285 0.0000000000
5.4214552940 0.3500000000 3.6687978698 3.7787795759 3.2067713540 0.0000000000
5.4577359033 0.3500000000 3.6684097946 3.8195782467 3.2215385212 0.0000000000
5.4917946020 0.3500000000 3.6679054570 3.8709215174 3.2400584791 0.0000000000
5.5224570289 0.3500000000 3.6672523511 3.9341930657 3.2627546749 0.0000000000
5.5488689591 0.3500000000 3.6664322690 4.0084756299 3.2891873724 0.0000000000
5.5713382560 0.3500000000 3.6654485368 4.0904967722 3.3180609006 0.0000000000
5.5913454280 0.3500000000 3.6643456179 4.1764357302 3.3480248080 0.0000000000
5.6106949797 0.3500000000 3.6631175107 4.2633081657 3.3778613536 0.0000000000
5.6305801355 0.3500000000 3.6618193708 4.3494129584 3.4071107109 0.0000000000
5.6512002155 0.3500000000 3.6604352056 4.4344222349 3.4355777606 0.0000000000
5.6725358546 0.3500000000 3.6589623378 4.5183114748 3.4632419854 0.0000000000
5.6945757199 0.3500000000 3.6574328771 4.6010475889 3.4902185885 0.0000000000
5.7173450150 0.3500000000 3.6558789346 4.6825361321 3.5165982355 0.0000000000
5.7407918902 0.3500000000 3.6543054906 4.7628144565 3.5424157894 0.0000000000
5.7647722904 0.3500000000 3.6526690448 4.8420940577 3.5675818466 0.0000000000
5.7892479349 0.3500000000 3.6509778000 4.9204144851 3.5921450385 0.0000000000
5.8141858667 0.3500000000 3.6492291758 4.9978107348 3.6161090416 0.0000000000
5.8395712402 0.3500000000 3.6474408953 5.0742859755 3.6395460158 0.0000000000
5.8659036299 0.3500000000 3.6458579250 5.1487513799 3.6630002964 0.0000000000
5.8933988297 0.3500000000 3.6445974630 5.2205907385 3.6866941916 0.0000000000
5.9215229285 0.3500000000 3.6434566194 5.2909068626 3.7102572671 0.0000000000
5.9501704647 0.3500000000 3.6423965377 5.3598982278 3.7336134864 0.0000000000
5.9792663839 0.3500000000 3.6414209450 5.4277150326 3.7568378374 0.0000000000
6.0087627314 0.3500000000 3.6405001620 5.4944463153 3.7798472186 0.0000000000
6.0386279424 0.3500000000 3.6396455366 5.5601502835 3.8027103042 0.0000000000
6.0688306377 0.3500000000 3.6388624257 5.6248887024 3.8254732281 0.0000000000
6.0993463075 0.3500000000 3.6381381298 5.6887078307 3.8481036960 0.0000000000
6.1301572030 0.3500000000 3.6374787949 5.7516386529 3.8706386851 0.0000000000
6.1612369298 0.3500000000 3.6368787359 5.8137414767 3.8930795788 0.0000000000
6.1925842600 0.3500000000 3.6363569351 5.8750025035 3.9154967863 0.0000000000
6.2241755138 0.3500000000 3.6358999659 5.9354785827 3.9378593411 0.0000000000
6.2559672872 0.3500000000 3.6354959776 5.9952968196 3.9601706826 0.0000000000
6.2879961190 0.3500000000 3.6351842815 6.0543230066 3.9825343729 0.0000000000
6.3201636238 0.3500000000 3.6349045431 6.1128772491 4.0048371165 0.0000000000
6.3523930455 0.3500000000 3.6346250065 6.1712183451 4.0270554086 0.0000000000
6.3847157530 0.3500000000 3.6343669443 6.2292365874 4.0492304566 0.0000000000
6.4171357449 0.3500000000 3.6341407238 6.2869154829 4.0713971328 0.0000000000
6.4496379737 0.3500000000 3.6339347470 6.3443049066 4.0935289950 0.0000000000
6.4822186032 0.3500000000 3.6337477301 6.4014162186 4.1156254523 0.0000000000
6.5148696457 0.3500000000 3.6335879885 6.4582761849 4.1377304724 0.0000000000
6.5475698123 0.3500000000 3.6334347143 6.5149595159 4.1597907081 0.0000000000
6.5803443356 0.3500000000 3.6333130152 6.5713743313 4.1818698377 0.0000000000
6.6131848194 0.3500000000 3.6332165122 6.6275491510 4.2039537537 0.0000000000
6.6460872264 0.3500000000 3.6331410329 6.6834972185 4.2260310635 0.0000000000
6.6790440612 0.3500000000 3.6330962676 6.7392449700 4.2481511029 0.0000000000
6.7120447962 0.3500000000 3.6330581165 6.7948302491 4.2702326100 0.0000000000
6.7450891334 0.3500000000 3.6330492945 6.8502536462 4.2923666808 0.0000000000
6.7781805083 0.3500000000 3.6330633534 6.9055012570 4.3145219609 0.0000000000
6.8113073764 0.3500000000 3.6330981705 6.9606156031 4.3367069676 0.0000000000
6.8444720651 0.3500000000 3.6331535295 7.0155875228 4.3589171715 0.0000000000
6.8776685547 0.3500000000 3.6332259851 7.0704392019 4.3811476654 0.0000000000
6.9108980371 0.3500000000 3.6333138732 7.1251657729 4.4033898465 0.0000000000
6.9441611060 0.3500000000 3.6334209259 7.1797644292 4.4256575198 0.0000000000
6.9774455789 0.3500000000 3.6335510120 7.2342812067 4.4479845752 0.0000000000
7.0107514038 0.3500000000 3.6336918541 7.2887162474 4.4703219598 0.0000000000
7.0440550052 0.3500000000 3.6338316025 7.3431597978 4.4926583734 0.0000000000
7.0773175575 0.3500000000 3.6339493090 7.3977602194 4.5149693679 0.0000000000
7.1105968374 0.3500000000 3.6340722710 7.4522968641 4.5372758740 0.0000000000
7.1439093383 0.3500000000 3.6342103892 7.5067064092 4.5595921647 0.0000000000
7.1772721657 0.3500000000 3.6343654756 7.5609225877 4.5818989818 0.0000000000
7.2106788806 0.3500000000 3.6345269835 7.6149694592 4.6041637620 0.0000000000
7.2441368902 0.3500000000 3.6347119190 7.6688171818 4.6264425929 0.0000000000
7.2776486984 0.3500000000 3.6349075491 7.7224551456 4.6486802990 0.0000000000
7.3112269149 0.3500000000 3.6351260106 7.7758323366 4.6709050213 0.0000000000
7.3448783652 0.3500000000 3.6353524580 7.8289202518 4.6930459771 0.0000000000
7.3786103006 0.3500000000 3.6356021326 7.8816873252 4.7151515048 0.0000000000
7.4124323467 0.3500000000 3.6358608853 7.9340922867 4.7371485002 0.0000000000
7.4463591117 0.3500000000 3.6361372776 7.9860718477 4.7590458940 0.0000000000
7.4804073262 0.3500000000 3.6364262483 8.0375522166 4.7807939242 0.0000000000
7.5145902576 0.3500000000 3.6367255058 8.0884711009 4.8023585079 0.0000000000
7.5489319654 0.3500000000 3.6370379744 8.1387172206 4.8237068300 0.0000000000
7.5834518054 0.3500000000 3.6373523019 8.1881943220 4.8447549806 0.0000000000
7.6181873055 0.3500000000 3.6376747245 8.2367183334 4.8654542759 0.0000000000
7.6531557742 0.3500000000 3.6379787873 8.2841855101 4.8856573976 0.0000000000
7.6884056143 0.3500000000 3.6382792496 8.3303332065 4.9053183254 0.0000000000
7.7239663312 0.3500000000 3.6385518854 8.3749660514 4.9242620064 0.0000000000
7.7598852103 0.3500000000 3.6387783747 8.4177692650 4.9422892490 0.0000000000
7.7962038961 0.3500000000 3.6389620079 8.4584098983 4.9592800351 0.0000000000
7.8329693141 0.3500000000 3.6390703050 8.4964576066 4.9749323068 0.0000000000
7.8702442978 0.3500000000 3.6391247965 8.5312646301 4.9890730824 0.0000000000
7.9080556715 0.3500000000 3.6391223254 8.5622424520 5.0014543268 0.0000000000
7.9464249062 0.3500000000 3.6390725565 8.5885835464 5.0117916888 0.0000000000
7.9852927287 0.3500000000 3.6389644976 8.6098740142 5.0198756403 0.0000000000
8.0245936985 0.3500000000 3.6388328174 8.6254106742 5.0255635838 0.0000000000
8.0642092961 0.3500000000 3.6387355494 8.6345744566 5.0288400246 0.0000000000
8.1039451820 0.3500000000 3.6387256604 8.6399358812 5.0309450384 0.0000000000
8.1436642602 0.3500000000 3.6387817780 8.6459597871 5.0335790712 0.0000000000
8.1834209763 0.3500000000 3.6388072922 8.6501211914 5.0353456898 0.0000000000
8.2232020218 0.3500000000 3.6388288942 8.6524604524 5.0363678021 0.0000000000
8.2629916439 0.3500000000 3.6388400000 8.6535500000 5.0368480444 0.0000000000
8.5056341052 0.3500000000 3.6388500000 8.6477250000 5.0345580444 0.0000000000
8.5138737557 0.3500000000 3.6388488555 8.6473116766 5.0343881368 0.0000000000
8.5221132697 0.3500000000 3.6388477665 8.6468826139 5.0342121557 0.0000000000
8.5303526454 0.3500000000 3.6388467274 8.6464379704 5.0340301420 0.0000000000
8.5385918808 0.3500000000 3.6388457326 8.6459779044 5.0338421365 0.0000000000
8.5468309739 0.3500000000 3.6388447765 8.6455025744 5.0336481801 0.0000000000
8.5550699228 0.3500000000 3.6388438535 8.6450121387 5.0334483139 0.0000000000
8.5633087256 0.3500000000 3.6388429580 8.6445067558 5.0332425786 0.0000000000
8.5715473803 0.3500000000 3.6388420843 8.6439865842 5.0330310152 0.0000000000
8.5797858849 0.3500000000 3.6388412269 8.6434517822 5.0328136647 0.0000000000
8.5880242375 0.3500000000 3.6388403801 8.6429025082 5.0325905679 0.0000000000
8.5962624362 0.3500000000 3.6388395383 8.6423389206 5.0323617657 0.0000000000
8.6045004790 0.3500000000 3.6388386959 8.6417611780 5.0321272992 0.0000000000
8.6127383639 0.3500000000 3.6388378473 8.6411694386 5.0318872090 0.0000000000
8.6209760891 0.3500000000 3.6388369869 8.6405638609 5.0316415363 0.0000000000
8.6292136525 0.3500000000 3.6388361091 8.6399446033 5.0313903219 0.0000000000
8.6374510521 0.3500000000 3.6388352082 8.6393118243 5.0311336067 0.0000000000
8.6456882862 0.3500000000 3.6388342786 8.6386656822 5.0308714317 0.0000000000
8.6539253527 0.3500000000 3.6388333148 8.6380063355 5.0306038377 0.0000000000
8.6621622496 0.3500000000 3.6388323111 8.6373339425 5.0303308657 0.0000000000
8.6703989750 0.3500000000 3.6388312619 8.6366486618 5.0300525565 0.0000000000
8.6786355270 0.3500000000 3.6388301615 8.6359506516 5.0297689512 0.0000000000
8.6868719029 0.3500000000 3.6388289933 8.6352400109 5.0294800217 0.0000000000
8.6951080957 0.3500000000 3.6388276709 8.6345164709 5.0291853162 0.0000000000
8.7033440967 0.3500000000 3.6388260819 8.6337796226 5.0288842208 0.0000000000
8.7115798973 0.3500000000 3.6388241136 8.6330290571 5.0285761217 0.0000000000
8.7198154888 0.3500000000 3.6388216536 8.6322643652 5.0282604047 0.0000000000
8.7280508627 0.3500000000 3.6388185941 8.6314851498 5.0279364807 0.0000000000
8.7362860157 0.3500000000 3.6388149885 8.6306914005 5.0276045586 0.0000000000
8.7445209509 0.3500000000 3.6388110812 8.6298835660 5.0272657956 0.0000000000
8.7527556717 0.3500000000 3.6388071278 8.6290621219 5.0269214042 0.0000000000
8.7609901815 0.3500000000 3.6388033837 8.6282275440 5.0265725969 0.0000000000
8.7692244838 0.3500000000 3.6388001047 8.6273803077 5.0262205862 0.0000000000
8.7774585826 0.3500000000 3.6387974817 8.6265208997 5.0258663310 0.0000000000
8.7856924849 0.3500000000 3.6387954188 8.6256498554 5.0255096619 0.0000000000
8.7939261986 0.3500000000 3.6387937405 8.6247677240 5.0251500958 0.0000000000
8.8021597313 0.3500000000 3.6387922708 8.6238750545 5.0247871495 0.0000000000
8.8103930910 0.3500000000 3.6387908343 8.6229723960 5.0244203398 0.0000000000
8.8186262851 0.3500000000 3.6387892591 8.6220602778 5.0240491919 0.0000000000
8.8268593103 0.3500000000 3.6387874916 8.6211386579 5.0236734738 0.0000000000
8.8350921512 0.3500000000 3.6387856108 8.6202068497 5.0232932274 0.0000000000
8.8433247919 0.3500000000 3.6387837031 8.6192641315 5.0229085092 0.0000000000
8.8515572163 0.3500000000 3.6387818547 8.6183097819 5.0225193759 0.0000000000
8.8597894086 0.3500000000 3.6387801520 8.6173430795 5.0221258840 0.0000000000
8.8680213581 0.3500000000 3.6387786496 8.6163635842 5.0217280766 0.0000000000
8.8762530837 0.3500000000 3.6387772338 8.6153723581 5.0213259227 0.0000000000
8.8844846142 0.3500000000 3.6387757344 8.6143709624 5.0209193671 0.0000000000
8.8927159782 0.3500000000 3.6387739817 8.6133609583 5.0205083546 0.0000000000
8.9009472043 0.3500000000 3.6387718057 8.6123439074 5.0200928300 0.0000000000
8.9091783209 0.3500000000 3.6387690386 8.6113213608 5.0196727432 0.0000000000
8.9174093439 0.3500000000 3.6387656650 8.6102941902 5.0192483806 0.0000000000
8.9256402686 0.3500000000 3.6387619131 8.6092621789 5.0188205682 0.0000000000
8.9338710884 0.3500000000 3.6387580328 8.6082250125 5.0183901804 0.0000000000
8.9421017968 0.3500000000 3.6387542742 8.6071823762 5.0179580916 0.0000000000
8.9503323875 0.3500000000 3.6387508874 8.6061339554 5.0175251762 0.0000000000
8.9585628548 0.3500000000 3.6387480989 8.6050794860 5.0170922343 0.0000000000
8.9667932035 0.3500000000 3.6387458961 8.6040192131 5.0166593142 0.0000000000
8.9750234442 0.3500000000 3.6387441283 8.6029536768 5.0162260283 0.0000000000
8.9832535876 0.3500000000 3.6387426428 8.6018834211 5.0157919838 0.0000000000
8.9914836444 0.3500000000 3.6387412869 8.6008089900 5.0153567880 0.0000000000
8.9997136253 0.3500000000 3.6387399082 8.5997309272 5.0149200479 0.0000000000
9.0079435379 0.3500000000 3.6387383896 8.5986496246 5.0144814526 0.0000000000
9.0161733796 0.3500000000 3.6387367322 8.5975649714 5.0140409619 0.0000000000
9.0244031455 0.3500000000 3.6387349614 8.5964767533 5.0135985911 0.0000000000
9.0326328310 0.3500000000 3.6387331023 8.5953847559 5.0131543558 0.0000000000
9.0408624311 0.3500000000 3.6387311803 8.5942887647 5.0127082714 0.0000000000
9.0490919415 0.3500000000 3.6387292210 8.5931885790 5.0122603598 0.0000000000
9.0573213694 0.3500000000 3.6387272600 8.5920845356 5.0118108985 0.0000000000
9.0655507369 0.3500000000 3.6387253463 8.5909776770 5.0113605005 0.0000000000
9.0737800677 0.3500000000 3.6387235300 8.5898690934 5.0109098015 0.0000000000
9.0820093850 0.3500000000 3.6387218607 8.5887598752 5.0104594373 0.0000000000
9.0902387122 0.3500000000 3.6387203885 8.5876511126 5.0100100435 0.0000000000
9.0984680715 0.3500000000 3.6387191574 8.5865438317 5.0095622068 0.0000000000
9.1066974708 0.3500000000 3.6387181523 8.5854384094 5.0091160175 0.0000000000
9.1149269100 0.3500000000 3.6387173238 8.5843348453 5.0086712775 0.0000000000
9.1231563889 0.3500000000 3.6387166218 8.5832331343 5.0082277852 0.0000000000
9.1313859074 0.3500000000 3.6387159965 8.5821332714 5.0077853389 0.0000000000
9.1396154653 0.3500000000 3.6387153980 8.5810352514 5.0073437369 0.0000000000
9.1478450623 0.3500000000 3.6387147764 8.5799390695 5.0069027776 0.0000000000
9.1560746982 0.3500000000 3.6387140817 8.5788447203 5.0064622594 0.0000000000
9.1643043729 0.3500000000 3.6387132641 8.5777521990 5.0060219805 0.0000000000
9.1725340862 0.3500000000 3.6387122737 8.5766615005 5.0055817393 0.0000000000
9.1807638379 0.3500000000 3.6387110605 8.5755726196 5.0051413343 0.0000000000
9.1889936278 0.3500000000 3.6387095752 8.5744855527 5.0047005663 0.0000000000
9.1972234586 0.3500000000 3.6387078264 8.5734004304 5.0042595220 0.0000000000
9.2054533383 0.3500000000 3.6387059299 8.5723176334 5.0038188175 0.0000000000
9.2136832756 0.3500000000 3.6387040136 8.5712375691 5.0033791265 0.0000000000
9.2219132791 0.3500000000 3.6387022051 8.5701606453 5.0029411230 0.0000000000
9.2301433573 0.3500000000 3.6387006321 8.5690872697 5.0025054807 0.0000000000
9.2383735188 0.3500000000 3.6386994189 8.5680178431 5.0020728571 0.0000000000
9.2466037686 0.3500000000 3.6386986189 8.5669526277 5.0016435712 0.0000000000
9.2548341088 0.3500000000 3.6386982189 8.5658917543 5.0012176218 0.0000000000
9.2630645414 0.3500000000 3.6386982028 8.5648353485 5.0007949950 0.0000000000
9.2712950681 0.3500000000 3.6386985546 8.5637835360 5.0003756773 0.0000000000
9.2795256911 0.3500000000 3.6386992583 8.5627364422 4.9999596546 0.0000000000
9.2877564121 0.3500000000 3.6387002980 8.5616941930 4.9995469134 0.0000000000
9.2959872331 0.3500000000 3.6387016575 8.5606569139 4.9991374398 0.0000000000
9.3042181560 0.3500000000 3.6387033209 8.5596247305 4.9987312200 0.0000000000
9.3124491826 0.3500000000 3.6387052721 8.5585977685 4.9983282403 0.0000000000
9.3206803150 0.3500000000 3.6387074953 8.5575761535 4.9979284868 0.0000000000
9.3289115551 0.3500000000 3.6387099743 8.5565600111 4.9975319459 0.0000000000
9.3371429035 0.3500000000 3.6387127004 8.5555494058 4.9971386084 0.0000000000
9.3453743566 0.3500000000 3.6387156948 8.5545441505 4.9967484839 0.0000000000
9.3536059091 0.3500000000 3.6387189864 8.5535439931 4.9963615873 0.0000000000
9.3618375561 0.3500000000 3.6387226040 8.5525486816 4.9959779330 0.0000000000
9.3700692925 0.3500000000 3.6387265765 8.5515579640 4.9955975359 0.0000000000
9.3783011134 0.3500000000 3.6387309326 8.5505715904 4.9952204107 0.0000000000
9.3865330210 0.3500000000 3.6387356684 8.5495897214 4.9948466064 0.0000000000
9.3947650341 0.3500000000 3.6387407088 8.5486134171 4.9944762463 0.0000000000
9.4029971735 0.3500000000 3.6387459692 8.5476438567 4.9941094637 0.0000000000
9.4112294600 0.3500000000 3.6387513650 8.5466822195 4.9937463921 0.0000000000
9.4194619145 0.3500000000 3.6387568116 8.5457296847 4.9933871648 0.0000000000
9.4276945573 0.3500000000 3.6387622255 8.5447874097 4.9930319102 0.0000000000
9.4359273943 0.3500000000 3.6387675590 8.5438557624 4.9926805853 0.0000000000
9.4441604127 0.3500000000 3.6387728097 8.5429341189 4.9923329307 0.0000000000
9.4523935989 0.3500000000 3.6387779781 8.5420217925 4.9919886738 0.0000000000
9.4606269389 0.3500000000 3.6387830647 8.5411180963 4.9916475416 0.0000000000
9.4688604190 0.3500000000 3.6387880699 8.5402223435 4.9913092613 0.0000000000
9.4770940264 0.3500000000 3.6387929973 8.5393339012 4.9909735941 0.0000000000
9.4853277614 0.3500000000 3.6387978951 8.5384529114 4.9906407895 0.0000000000
9.4935616344 0.3500000000 3.6388028451 8.5375800973 4.9903114636 0.0000000000
9.5017956561 0.3500000000 3.6388079296 8.5367161962 4.9899862411 0.0000000000
9.5100298371 0.3500000000 3.6388132311 8.5358619454 4.9896657470 0.0000000000
9.5182641881 0.3500000000 3.6388188322 8.5350180822 4.9893506061 0.0000000000
9.5264987176 0.3500000000 3.6388248062 8.5341852136 4.9890413546 0.0000000000
9.5347334186 0.3500000000 3.6388311587 8.5333629827 4.9887378721 0.0000000000
9.5429682773 0.3500000000 3.6388378648 8.5325505991 4.9884397432 0.0000000000
9.5512032795 0.3500000000 3.6388448996 8.5317472707 4.9881465512 0.0000000000
9.5594384114 0.3500000000 3.6388522382 8.5309522053 4.9878578794 0.0000000000
9.5676736590 0.3500000000 3.6388598556 8.5301646107 4.9875733109 0.0000000000
9.5759090121 0.3500000000 3.6388677333 8.5293839540 4.9872925590 0.0000000000
9.5841444774 0.3500000000 3.6388758806 8.5286108001 4.9870158869 0.0000000000
9.5923800656 0.3500000000 3.6388843143 8.5278460041 4.9867437031 0.0000000000
9.6006157877 0.3500000000 3.6388930508 8.5270904209 4.9864764159 0.0000000000
9.6088516546 0.3500000000 3.6389021068 8.5263449056 4.9862144338 0.0000000000
9.6170876771 0.3500000000 3.6389114989 8.5256103118 4.9859581648 0.0000000000
9.6253238588 0.3500000000 3.6389212286 8.5248869803 4.9857077511 0.0000000000
9.6335601854 0.3500000000 3.6389312596 8.5241739596 4.9854626666 0.0000000000
9.6417966394 0.3500000000 3.6389415495 8.5234700979 4.9852222817 0.0000000000
9.6500332036 0.3500000000 3.6389520562 8.5227742435 4.9849859665 0.0000000000
9.6582698607 0.3500000000 3.6389627373 8.5220852447 4.9847530914 0.0000000000
9.6665065936 0.3500000000 3.6389735510 8.5214019615 4.9845230330 0.0000000000
9.6747433952 0.3500000000 3.6389844812 8.5207239859 4.9842955635 0.0000000000
9.6829802747 0.3500000000 3.6389955521 8.5200520639 4.9840710785 0.0000000000
9.6912172425 0.3500000000 3.6390067918 8.5193870426 4.9838500285 0.0000000000
9.6994543090 0.3500000000 3.6390182279 8.5187297692 4.9836328638 0.0000000000
9.7076914847 0.3500000000 3.6390298886 8.5180810911 4.9834200350 0.0000000000
9.7159287790 0.3500000000 3.6390417964 8.5174418002 4.9832119500 0.0000000000
9.7241661963 0.3500000000 3.6390539533 8.5168124614 4.9830088422 0.0000000000
9.7324037400 0.3500000000 3.6390663558 8.5161935814 4.9828109000 0.0000000000
9.7406414133 0.3500000000 3.6390790002 8.5155856666 4.9826183120 0.0000000000
9.7488792195 0.3500000000 3.6390918832 8.5149892227 4.9824312661 0.0000000000
9.7571171580 0.3500000000 3.6391050044 8.5144043874 4.9822498171 0.0000000000
9.7653552179 0.3500000000 3.6391183727 8.5138303380 4.9820736703 0.0000000000
9.7735933865 0.3500000000 3.6391319981 8.5132660971 4.9819024755 0.0000000000
9.7818316514 0.3500000000 3.6391458907 8.5127106876 4.9817358820 0.0000000000
9.7900700009 0.3500000000 3.6391600595 8.5121632343 4.9815735760 0.0000000000
9.7983084349 0.3500000000 3.6391745028 8.5116238869 4.9814156101 0.0000000000
9.8065469595 0.3500000000 3.6391892125 8.5110933871 4.9812622490 0.0000000000
9.8147855810 0.3500000000 3.6392041805 8.5105724837 4.9811137597 0.0000000000
9.8230243048 0.3500000000 3.6392194013 8.5100618614 4.9809703941 0.0000000000
9.8312631275 0.3500000000 3.6392349063 8.5095613051 4.9808321915 0.0000000000
9.8395020386 0.3500000000 3.6392507539 8.5090699347 4.9806990337 0.0000000000
9.8477410274 0.3500000000 3.6392670032 8.5085868544 4.9805707991 0.0000000000
9.8559800841 0.3500000000 3.6392836885 8.5081112172 4.9804472851 0.0000000000
9.8642192033 0.3500000000 3.6393006692 8.5076425133 4.9803277263 0.0000000000
9.8724583817 0.3500000000 3.6393177307 8.5071803766 4.9802111176 0.0000000000
9.8806976160 0.3500000000 3.6393346621 8.5067244434 4.9800964700 0.0000000000
9.8889369032 0.3500000000 3.6393516290 8.5062745217 4.9799843691 0.0000000000
9.8971762414 0.3500000000 3.6393694770 8.5058307296 4.9798782440 0.0000000000
9.9054156289 0.3500000000 3.6393891227 8.5053932180 4.9797818225 0.0000000000
9.9136550642 0.3500000000 3.6394110925 8.5049620787 4.9796972460 0.0000000000
9.9218945485 0.3500000000 3.6394341400 8.5045371357 4.9796194585 0.0000000000
9.9301340834 0.3500000000 3.6394565162 8.5041181377 4.9795413642 0.0000000000
9.9383736697 0.3500000000 3.6394768653 8.5037048371 4.9794574404 0.0000000000
9.9466133015 0.3500000000 3.6394964215 8.5032970143 4.9793725361 0.0000000000
9.9548529705 0.3500000000 3.6395174675 8.5028944608 4.9792956987 0.0000000000
9.9630926687 0.3500000000 3.6395417032 8.5024968389 4.9792335929 0.0000000000
9.9713323925 0.3500000000 3.6395675503 8.5021030869 4.9791794803 0.0000000000
9.9795721393 0.3500000000 3.6395922911 8.5017118915 4.9791219652 0.0000000000
9.9878119079 0.3500000000 3.6396145017 8.5013226000 4.9790550911 0.0000000000
9.9960517006 0.3500000000 3.6396366330 8.5009365358 4.9789891908 0.0000000000
10.0042915199 0.3500000000 3.6396617582 8.5005553246 4.9789372069 0.0000000000
10.0125313633 0.3500000000 3.6396899740 8.5001786212 4.9788993889 0.0000000000
10.0207712216 0.3500000000 3.6397179586 8.4998038162 4.9788614053 0.0000000000
10.0290110878 0.3500000000 3.6397431150 8.4994288608 4.9788120489 0.0000000000
10.0372509654 0.3500000000 3.6397674523 8.4990551595 4.9787599174 0.0000000000
10.0454908604 0.3500000000 3.6397943145 8.4986850272 4.9787193132 0.0000000000
10.0537307593 0.3500000000 3.6398246152 8.4983170049 4.9786933071 0.0000000000
10.0619706296 0.3500000000 3.6398569272 8.4979460229 4.9786741623 0.0000000000
10.0702104675 0.3500000000 3.6398895082 8.4975707444 4.9786543749 0.0000000000
10.0784503323 0.3500000000 3.6399201401 8.4971982148 4.9786278905 0.0000000000
10.0866902621 0.3500000000 3.6399478053 8.4968331824 4.9785925385 0.0000000000
10.0949301796 0.3500000000 3.6399764642 8.4964670328 4.9785607143 0.0000000000
10.1031700018 0.3500000000 3.6400100059 8.4960902947 4.9785441858 0.0000000000
10.1114097728 0.3500000000 3.6400450127 8.4957072093 4.9785309788 0.0000000000
10.1196495658 0.3500000000 3.6400765873 8.4953252809 4.9785045061 0.0000000000
10.1278893568 0.3500000000 3.6401066052 8.4949423658 4.9784714114 0.0000000000
10.1361290835 0.3500000000 3.6401395721 8.4945525722 4.9784473618 0.0000000000
10.1443686837 0.3500000000 3.6401800000 8.4941500000 4.9784480444 0.0000000000
10.1739358697 0.3500000000 3.6403100000 8.4927500000 4.9784080444 0.0000000000
10.1753613986 0.3500000000 3.6403153247 8.4926818009 4.9784020634 0.0000000000
10.1767869203 0.3500000000 3.6403208387 8.4926128128 4.9783965242 0.0000000000
10.1782124351 0.3500000000 3.6403265350 8.4925430986 4.9783914240 0.0000000000
10.1796379437 0.3500000000 3.6403324068 8.4924727215 4.9783867600 0.0000000000
10.1810634466 0.3500000000 3.6403384468 8.4924017446 4.9783825295 0.0000000000
10.1824889444 0.3500000000 3.6403446483 8.4923302308 4.9783787298 0.0000000000
10.1839144376 0.3500000000 3.6403510041 8.4922582433 4.9783753580 0.0000000000
10.1853399268 0.3500000000 3.6403575073 8.4921858452 4.9783724115 0.0000000000
10.1867654125 0.3500000000 3.6403641508 8.4921130994 4.9783698875 0.0000000000
10.1881908952 0.3500000000 3.6403709278 8.4920400691 4.9783677831 0.0000000000
10.1896163756 0.3500000000 3.6403778311 8.4919668174 4.9783660958 0.0000000000
10.1910418541 0.3500000000 3.6403848539 8.4918934072 4.9783648227 0.0000000000
10.1924673313 0.3500000000 3.6403919890 8.4918199018 4.9783639610 0.0000000000
10.1938928079 0.3500000000 3.6403992295 8.4917463640 4.9783635081 0.0000000000
10.1953182842 0.3500000000 3.6404065685 8.4916728571 4.9783634612 0.0000000000
10.1967437608 0.3500000000 3.6404139989 8.4915994441 4.9783638174 0.0000000000
10.1981692384 0.3500000000 3.6404215137 8.4915261880 4.9783645742 0.0000000000
10.1995947175 0.3500000000 3.6404291059 8.4914531519 4.9783657286 0.0000000000
10.2010201985 0.3500000000 3.6404367685 8.4913803989 4.9783672780 0.0000000000
10.2024456821 0.3500000000 3.6404444938 8.4913079851 4.9783692137 0.0000000000
10.2038711678 0.3500000000 3.6404522612 8.4912358541 4.9783714309 0.0000000000
10.2052966545 0.3500000000 3.6404600398 8.4911638586 4.9783737472 0.0000000000
10.2067221412 0.3500000000 3.6404677985 8.4910918486 4.9783759778 0.0000000000
10.2081476267 0.3500000000 3.6404755060 8.4910196741 4.9783779382 0.0000000000
10.2095731099 0.3500000000 3.6404831313 8.4909471850 4.9783794434 0.0000000000
10.2109985898 0.3500000000 3.6404906430 8.4908742315 4.9783803090 0.0000000000
10.2124240652 0.3500000000 3.6404980101 8.4908006635 4.9783803500 0.0000000000
10.2138495350 0.3500000000 3.6405052013 8.4907263310 4.9783793819 0.0000000000
10.2152749981 0.3500000000 3.6405121860 8.4906510856 4.9783772225 0.0000000000
10.2167004542 0.3500000000 3.6405189647 8.4905748900 4.9783738592 0.0000000000
10.2181259043 0.3500000000 3.6405255889 8.4904978867 4.9783695547 0.0000000000
10.2195513494 0.3500000000 3.6405321147 8.4904202350 4.9783645972 0.0000000000
10.2209767906 0.3500000000 3.6405385981 8.4903420937 4.9783592744 0.0000000000
10.2224022289 0.3500000000 3.6405450953 8.4902636221 4.9783538743 0.0000000000
10.2238276655 0.3500000000 3.6405516622 8.4901849792 4.9783486848 0.0000000000
10.2252531012 0.3500000000 3.6405583550 8.4901063240 4.9783439939 0.0000000000
10.2266785373 0.3500000000 3.6405652297 8.4900278157 4.9783400896 0.0000000000
10.2281039748 0.3500000000 3.6405723420 8.4899496119 4.9783372572 0.0000000000
10.2295294141 0.3500000000 3.6405797170 8.4898717850 4.9783356264 0.0000000000
10.2309548549 0.3500000000 3.6405873317 8.4897942718 4.9783350797 0.0000000000
10.2323802966 0.3500000000 3.6405951587 8.4897169974 4.9783354779 0.0000000000
10.2338057387 0.3500000000 3.6406031707 8.4896398867 4.9783366817 0.0000000000
10.2352311809 0.3500000000 3.6406113404 8.4895628646 4.9783385518 0.0000000000
10.2366566225 0.3500000000 3.6406196405 8.4894858561 4.9783409488 0.0000000000
10.2380820630 0.3500000000 3.6406280437 8.4894087861 4.9783437335 0.0000000000
10.2395075021 0.3500000000 3.6406365226 8.4893315795 4.9783467667 0.0000000000
10.2409329391 0.3500000000 3.6406450497 8.4892541609 4.9783499074 0.0000000000
10.2423583735 0.3500000000 3.6406535923 8.4891764465 4.9783529922 0.0000000000
10.2437838046 0.3500000000 3.6406621141 8.4890983464 4.9783558393 0.0000000000
10.2452092319 0.3500000000 3.6406705785 8.4890197706 4.9783582667 0.0000000000
10.2466346544 0.3500000000 3.6406789491 8.4889406290 4.9783600923 0.0000000000
10.2480600718 0.3500000000 3.6406871893 8.4888608314 4.9783611340 0.0000000000
10.2494854832 0.3500000000 3.6406952626 8.4887802877 4.9783612097 0.0000000000
10.2509108879 0.3500000000 3.6407031324 8.4886989079 4.9783601372 0.0000000000
10.2523362855 0.3500000000 3.6407107624 8.4886166019 4.9783577347 0.0000000000
10.2537616755 0.3500000000 3.6407181409 8.4885333410 4.9783539445 0.0000000000
10.2551870591 0.3500000000 3.6407253305 8.4884492775 4.9783490772 0.0000000000
10.2566124376 0.3500000000 3.6407324070 8.4883645974 4.9783435114 0.0000000000
10.2580378123 0.3500000000 3.6407394466 8.4882794865 4.9783376253 0.0000000000
10.2594631845 0.3500000000 3.6407465252 8.4881941306 4.9783317974 0.0000000000
10.2608885555 0.3500000000 3.6407537189 8.4881087157 4.9783264060 0.0000000000
10.2623139267 0.3500000000 3.6407611036 8.4880234274 4.9783218297 0.0000000000
10.2637392993 0.3500000000 3.6407687554 8.4879384518 4.9783184467 0.0000000000
10.2651646745 0.3500000000 3.6407767374 8.4878539434 4.9783165711 0.0000000000
10.2665900519 0.3500000000 3.6407850283 8.4877698552 4.9783160997 0.0000000000
10.2680154306 0.3500000000 3.6407935736 8.4876860593 4.9783167626 0.0000000000
10.2694408098 0.3500000000 3.6408023185 8.4876024280 4.9783182897 0.0000000000
10.2708661884 0.3500000000 3.6408112083 8.4875188333 4.9783204108 0.0000000000
10.2722915657 0.3500000000 3.6408201881 8.4874351472 4.9783228556 0.0000000000
10.2737169406 0.3500000000 3.6408292032 8.4873512420 4.9783253540 0.0000000000
10.2751423124 0.3500000000 3.6408381989 8.4872669895 4.9783276358 0.0000000000
10.2765676802 0.3500000000 3.6408471277 8.4871822761 4.9783294654 0.0000000000
10.2779930438 0.3500000000 3.6408559960 8.4870970920 4.9783308651 0.0000000000
10.2794184034 0.3500000000 3.6408648346 8.4870114744 4.9783319725 0.0000000000
10.2808437592 0.3500000000 3.6408736744 8.4869254606 4.9783329263 0.0000000000
10.2822691114 0.3500000000 3.6408825463 8.4868390882 4.9783338647 0.0000000000
10.2836944601 0.3500000000 3.6408914810 8.4867523943 4.9783349262 0.0000000000
10.2851198054 0.3500000000 3.6409005095 8.4866654165 4.9783362492 0.0000000000
10.2865451476 0.3500000000 3.6409096627 8.4865781922 4.9783379720 0.0000000000
10.2879704868 0.3500000000 3.6409189565 8.4864907496 4.9783401703 0.0000000000
10.2893958231 0.3500000000 3.6409283410 8.4864030771 4.9783426391 0.0000000000
10.2908211569 0.3500000000 3.6409377475 8.4863151517 4.9783450950 0.0000000000
10.2922464881 0.3500000000 3.6409471076 8.4862269503 4.9783472549 0.0000000000
10.2936718170 0.3500000000 3.6409563528 8.4861384501 4.9783488354 0.0000000000
10.2950971438 0.3500000000 3.6409654144 8.4860496280 4.9783495533 0.0000000000
10.2965224687 0.3500000000 3.6409742242 8.4859604610 4.9783491254 0.0000000000
10.2979477917 0.3500000000 3.6409827144 8.4858709266 4.9783472724 0.0000000000
10.2993731130 0.3500000000 3.6409908814 8.4857810285 4.9783439814 0.0000000000
10.3007984325 0.3500000000 3.6409988232 8.4856908121 4.9783396620 0.0000000000
10.3022237500 0.3500000000 3.6410066466 8.4856003266 4.9783347613 0.0000000000
10.3036490653 0.3500000000 3.6410144584 8.4855096210 4.9783297263 0.0000000000
10.3050743785 0.3500000000 3.6410223655 8.4854187445 4.9783250042 0.0000000000
10.3064996892 0.3500000000 3.6410304748 8.4853277463 4.9783210421 0.0000000000
10.3079249974 0.3500000000 3.6410388932 8.4852366755 4.9783182872 0.0000000000
10.3093503028 0.3500000000 3.6410477081 8.4851455553 4.9783170989 0.0000000000
10.3107756042 0.3500000000 3.6410568930 8.4850542565 4.9783173189 0.0000000000
10.3122008999 0.3500000000 3.6410663795 8.4849625943 4.9783186001 0.0000000000
10.3136261883 0.3500000000 3.6410760994 8.4848703835 4.9783205952 0.0000000000
10.3150514678 0.3500000000 3.6410859842 8.4847774391 4.9783229567 0.0000000000
10.3164767369 0.3500000000 3.6410959656 8.4846835761 4.9783253372 0.0000000000
10.3179019940 0.3500000000 3.6411059752 8.4845886096 4.9783273892 0.0000000000
10.3193272375 0.3500000000 3.6411159477 8.4844923713 4.9783287836 0.0000000000
10.3207524686 0.3500000000 3.6411258614 8.4843949481 4.9783294692 0.0000000000
10.3221776903 0.3500000000 3.6411357289 8.4842966249 4.9783296097 0.0000000000
10.3236029056 0.3500000000 3.6411455635 8.4841976915 4.9783293749 0.0000000000
10.3250281175 0.3500000000 3.6411553787 8.4840984379 4.9783289342 0.0000000000
10.3264533292 0.3500000000 3.6411651878 8.4839991539 4.9783284572 0.0000000000
10.3278785436 0.3500000000 3.6411750043 8.4839001296 4.9783281136 0.0000000000
10.3293037637 0.3500000000 3.6411848417 8.4838016462 4.9783280698 0.0000000000
10.3307289903 0.3500000000 3.6411947159 8.4837037797 4.9783284199 0.0000000000
10.3321542217 0.3500000000 3.6412046453 8.4836063959 4.9783291841 0.0000000000
10.3335794564 0.3500000000 3.6412146485 8.4835093514 4.9783303789 0.0000000000
10.3350046927 0.3500000000 3.6412247439 8.4834125025 4.9783320210 0.0000000000
10.3364299288 0.3500000000 3.6412349501 8.4833157059 4.9783341273 0.0000000000
10.3378551632 0.3500000000 3.6412452857 8.4832188179 4.9783367142 0.0000000000
10.3392803942 0.3500000000 3.6412557660 8.4831216944 4.9783397863 0.0000000000
10.3407056202 0.3500000000 3.6412663514 8.4830241773 4.9783431209 0.0000000000
10.3421308400 0.3500000000 3.6412769530 8.4829260966 4.9783462952 0.0000000000
10.3435560519 0.3500000000 3.6412874806 8.4828272819 4.9783488795 0.0000000000
10.3449812547 0.3500000000 3.6412978437 8.4827275628 4.9783504441 0.0000000000
10.3464064469 0.3500000000 3.6413079519 8.4826267688 4.9783505596 0.0000000000
10.3478316272 0.3500000000 3.6413177150 8.4825247295 4.9783487961 0.0000000000
10.3492567943 0.3500000000 3.6413270600 8.4824213117 4.9783448091 0.0000000000
10.3506819499 0.3500000000 3.6413360620 8.4823166965 4.9783389710 0.0000000000
10.3521070969 0.3500000000 3.6413448700 8.4822112223 4.9783320134 0.0000000000
10.3535322382 0.3500000000 3.6413536337 8.4821052290 4.9783246709 0.0000000000
10.3549573767 0.3500000000 3.6413625028 8.4819990562 4.9783176780 0.0000000000
10.3563825153 0.3500000000 3.6413716268 8.4818930437 4.9783117690 0.0000000000
10.3578076569 0.3500000000 3.6413811554 8.4817875310 4.9783076782 0.0000000000
10.3592328034 0.3500000000 3.6413911806 8.4816827392 4.9783058624 0.0000000000
10.3606579540 0.3500000000 3.6414016328 8.4815785551 4.9783059976 0.0000000000
10.3620831075 0.3500000000 3.6414124140 8.4814748074 4.9783076234 0.0000000000
10.3635082625 0.3500000000 3.6414234263 8.4813713248 4.9783102794 0.0000000000
10.3649334178 0.3500000000 3.6414345717 8.4812679357 4.9783135054 0.0000000000
10.3663585721 0.3500000000 3.6414457523 8.4811644689 4.9783168410 0.0000000000
10.3677837240 0.3500000000 3.6414568750 8.4810607516 4.9783198451 0.0000000000
10.3692088714 0.3500000000 3.6414679157 8.4809565914 4.9783223436 0.0000000000
10.3706340114 0.3500000000 3.6414789003 8.4808517815 4.9783243580 0.0000000000
10.3720591414 0.3500000000 3.6414898560 8.4807461150 4.9783259145 0.0000000000
10.3734842583 0.3500000000 3.6415008102 8.4806393848 4.9783270390 0.0000000000
10.3749093595 0.3500000000 3.6415117899 8.4805313838 4.9783277575 0.0000000000
10.3763344422 0.3500000000 3.6415228223 8.4804219068 4.9783280964 0.0000000000
10.3777595060 0.3500000000 3.6415339236 8.4803109453 4.9783281167 0.0000000000
10.3791845556 0.3500000000 3.6415450887 8.4801988678 4.9783279461 0.0000000000
10.3806095961 0.3500000000 3.6415563103 8.4800860856 4.9783277197 0.0000000000
10.3820346326 0.3500000000 3.6415675812 8.4799730096 4.9783275728 0.0000000000
10.3834596702 0.3500000000 3.6415788939 8.4798600510 4.9783276404 0.0000000000
10.3848847141 0.3500000000 3.6415902413 8.4797476208 4.9783280578 0.0000000000
10.3863097680 0.3500000000 3.6416016176 8.4796360206 4.9783289228 0.0000000000
10.3877348306 0.3500000000 3.6416130235 8.4795251396 4.9783301940 0.0000000000
10.3891598994 0.3500000000 3.6416244611 8.4794147709 4.9783317970 0.0000000000
10.3905849717 0.3500000000 3.6416359325 8.4793047073 4.9783336573 0.0000000000
10.3920100451 0.3500000000 3.6416474399 8.4791947416 4.9783357007 0.0000000000
10.3934351171 0.3500000000 3.6416589854 8.4790846668 4.9783378529 0.0000000000
10.3948601850 0.3500000000 3.6416705709 8.4789742706 4.9783400361 0.0000000000
10.3962852456 0.3500000000 3.6416821965 8.4788633145 4.9783421560 0.0000000000
10.3977102956 0.3500000000 3.6416938619 8.4787515511 4.9783441123 0.0000000000
10.3991353318 0.3500000000 3.6417055669 8.4786387334 4.9783458051 0.0000000000
10.4005603508 0.3500000000 3.6417173111 8.4785246140 4.9783471344 0.0000000000
10.4019853492 0.3500000000 3.6417290943 8.4784089458 4.9783480000 0.0000000000
10.4034103251 0.3500000000 3.6417409162 8.4782915785 4.9783483405 0.0000000000
10.4048352829 0.3500000000 3.6417527764 8.4781728496 4.9783482898 0.0000000000
10.4062602289 0.3500000000 3.6417646746 8.4780532500 4.9783480426 0.0000000000
10.4076851697 0.3500000000 3.6417766104 8.4779332709 4.9783477941 0.0000000000
10.4091101116 0.3500000000 3.6417885834 8.4778134032 4.9783477392 0.0000000000
10.4105350611 0.3500000000 3.6418005933 8.4776941380 4.9783480729 0.0000000000
10.4119600228 0.3500000000 3.6418126404 8.4775758245 4.9783489358 0.0000000000
10.4133849949 0.3500000000 3.6418247269 8.4774583227 4.9783502811 0.0000000000
10.4148099741 0.3500000000 3.6418368556 8.4773413871 4.9783520216 0.0000000000
10.4162349573 0.3500000000 3.6418490292 8.4772247724 4.9783540699 0.0000000000
10.4176599413 0.3500000000 3.6418612503 8.4771082331 4.9783563389 0.0000000000
10.4190849229 0.3500000000 3.6418735218 8.4769915235 4.9783587410 0.0000000000
10.4205098985 0.3500000000 3.6418858419 8.4768743795 4.9783611638 0.0000000000
10.4219348641 0.3500000000 3.6418982013 8.4767565042 4.9783634511 0.0000000000
10.4233598155 0.3500000000 3.6419105897 8.4766375975 4.9783654423 0.0000000000
10.4247847484 0.3500000000 3.6419229972 8.4765173593 4.9783669767 0.0000000000
10.4262096588 0.3500000000 3.6419354134 8.4763954896 4.9783678938 0.0000000000
10.4276345429 0.3500000000 3.6419478304 8.4762717262 4.9783680565 0.0000000000
10.4290594039 0.3500000000 3.6419602677 8.4761463131 4.9783676404 0.0000000000
10.4304842500 0.3500000000 3.6419727644 8.4760198533 4.9783670431 0.0000000000
10.4319090892 0.3500000000 3.6419853599 8.4758929576 4.9783666672 0.0000000000
10.4333339297 0.3500000000 3.6419980940 8.4757662366 4.9783669149 0.0000000000
10.4347587797 0.3500000000 3.6420110060 8.4756403010 4.9783681886 0.0000000000
10.4361836447 0.3500000000 3.6420240958 8.4755155504 4.9783706478 0.0000000000
10.4376085220 0.3500000000 3.6420372378 8.4753917140 4.9783736811 0.0000000000
10.4390334072 0.3500000000 3.6420502811 8.4752683883 4.9783765241 0.0000000000
10.4404582961 0.3500000000 3.6420630751 8.4751451697 4.9783784126 0.0000000000
10.4418831841 0.3500000000 3.6420754691 8.4750216547 4.9783785825 0.0000000000
10.4433080672 0.3500000000 3.6420873260 8.4748974594 4.9783763321 0.0000000000
10.4447329433 0.3500000000 3.6420986957 8.4747724676 4.9783718143 0.0000000000
10.4461578119 0.3500000000 3.6421097634 8.4746467567 4.9783658006 0.0000000000
10.4475826724 0.3500000000 3.6421207171 8.4745204086 4.9783590760 0.0000000000
10.4490075245 0.3500000000 3.6421317448 8.4743935050 4.9783524255 0.0000000000
10.4504323675 0.3500000000 3.6421430347 8.4742661278 4.9783466343 0.0000000000
10.4518572011 0.3500000000 3.6421547749 8.4741383587 4.9783424874 0.0000000000
10.4532820247 0.3500000000 3.6421671534 8.4740102796 4.9783407699 0.0000000000
10.4547068379 0.3500000000 3.6421803584 8.4738819723 4.9783422668 0.0000000000
10.4561316401 0.3500000000 3.6421945779 8.4737535185 4.9783477633 0.0000000000
10.4575564310 0.3500000000 3.6422100000 8.4736250000 4.9783580444 0.0000000000
