# logAge Mass logTe Mbol logg C/O
-0.5188706997 1.7750000000 3.5441400000 -2.5949500000 0.8637783574 0.0000000000
-0.4745790091 1.7750000000 3.5441442012 -2.5948617840 0.8638304487 0.0000000000
-0.4302873192 1.7750000000 3.5441490505 -2.5947686335 0.8638871061 0.0000000000
-0.3859956328 1.7750000000 3.5441540035 -2.5946659250 0.8639480015 0.0000000000
-0.3417039523 1.7750000000 3.5441585159 -2.5945490349 0.8640128069 0.0000000000
-0.2974122802 1.7750000000 3.5441621732 -2.5944138749 0.8640815003 0.0000000000
-0.2531206156 1.7750000000 3.5441663579 -2.5942637493 0.8641582893 0.0000000000
-0.2088289553 1.7750000000 3.5441736536 -2.5941070802 0.8642501395 0.0000000000
-0.1645372990 1.7750000000 3.5441831633 -2.5939432544 0.8643537087 0.0000000000
-0.1202456645 1.7750000000 3.5441921605 -2.5937473495 0.8644680595 0.0000000000
-0.0759540559 1.7750000000 3.5442014310 -2.5935166190 0.8645974337 0.0000000000
-0.0316624472 1.7750000000 3.5442103934 -2.5932866272 0.8647252803 0.0000000000
0.0126291208 1.7750000000 3.5442193923 -2.5930117014 0.8648712460 0.0000000000
0.0569206664 1.7750000000 3.5442379605 -2.5927176534 0.8650631381 0.0000000000
0.1012121656 1.7750000000 3.5442476421 -2.5923811287 0.8652364744 0.0000000000
0.1455036369 1.7750000000 3.5442634170 -2.5920228855 0.8654428711 0.0000000000
0.1897950520 1.7750000000 3.5442825534 -2.5916255229 0.8656783619 0.0000000000
0.2340864334 1.7750000000 3.5443007077 -2.5912036572 0.8659197253 0.0000000000
0.2783777423 1.7750000000 3.5443184646 -2.5907382456 0.8661769174 0.0000000000
0.3226689504 1.7750000000 3.5443391313 -2.5902153369 0.8664687477 0.0000000000
0.3669600629 1.7750000000 3.5443709274 -2.5896483264 0.8668227364 0.0000000000
0.4112510294 1.7750000000 3.5444061872 -2.5890147189 0.8672172186 0.0000000000
0.4555418542 1.7750000000 3.5444333577 -2.5883197850 0.8676038740 0.0000000000
0.4998325052 1.7750000000 3.5444707284 -2.5875614235 0.8680567017 0.0000000000
0.5441229067 1.7750000000 3.5445163650 -2.5867193267 0.8685760868 0.0000000000
0.5884129625 1.7750000000 3.5445625469 -2.5857708722 0.8691401960 0.0000000000
0.6327027315 1.7750000000 3.5446062836 -2.5847406964 0.8697272132 0.0000000000
0.6769920222 1.7750000000 3.5446661487 -2.5835945501 0.8704251320 0.0000000000
0.7212807385 1.7750000000 3.5447303765 -2.5823180932 0.8711926263 0.0000000000
0.7655688777 1.7750000000 3.5447994987 -2.5809231680 0.8720270851 0.0000000000
0.8098562207 1.7750000000 3.5448718522 -2.5793801903 0.8729336901 0.0000000000
0.8541425765 1.7750000000 3.5449512590 -2.5776699693 0.8739354056 0.0000000000
0.8984277266 1.7750000000 3.5450437926 -2.5757796344 0.8750616739 0.0000000000
0.9427113899 1.7750000000 3.5451372045 -2.5736819295 0.8762744036 0.0000000000
0.9869934993 1.7750000000 3.5452486791 -2.5713940891 0.8776354379 0.0000000000
1.0312733622 1.7750000000 3.5453676169 -2.5688507303 0.8791285330 0.0000000000
1.0755507551 1.7750000000 3.5455032458 -2.5660565624 0.8807887157 0.0000000000
1.1198253893 1.7750000000 3.5456575673 -2.5630056458 0.8826263685 0.0000000000
1.1640952589 1.7750000000 3.5458117835 -2.5595513945 0.8846249336 0.0000000000
1.2083598996 1.7750000000 3.5459791353 -2.5557025087 0.8868338952 0.0000000000
1.2526193335 1.7750000000 3.5461606990 -2.5515013823 0.8892406003 0.0000000000
1.2968742102 1.7750000000 3.5463758784 -2.5470179045 0.8918947092 0.0000000000
1.3411235449 1.7750000000 3.5466231658 -2.5422160214 0.8948046119 0.0000000000
1.3853631161 1.7750000000 3.5468870209 -2.5368821122 0.8979935959 0.0000000000
1.4295851060 1.7750000000 3.5471573324 -2.5307122385 0.9015427916 0.0000000000
1.4737844429 1.7750000000 3.5474142200 -2.5235899373 0.9054192626 0.0000000000
1.5179664914 1.7750000000 3.5477090166 -2.5158386150 0.9096989776 0.0000000000
1.5621319546 1.7750000000 3.5480355991 -2.5075246697 0.9143308860 0.0000000000
1.6062852296 1.7750000000 3.5484235303 -2.4988270862 0.9193616441 0.0000000000
1.6504016337 1.7750000000 3.5488228398 -2.4890398820 0.9248737638 0.0000000000
1.6944822745 1.7750000000 3.5492439640 -2.4782907174 0.9308579266 0.0000000000
1.7385375566 1.7750000000 3.5497232044 -2.4669298802 0.9373192229 0.0000000000
1.7825675112 1.7750000000 3.5502747676 -2.4549835837 0.9443039943 0.0000000000
1.8265561254 1.7750000000 3.5508746925 -2.4421489527 0.9518375463 0.0000000000
1.8705000290 1.7750000000 3.5515259819 -2.4283749991 0.9599522855 0.0000000000
1.9143603805 1.7750000000 3.5521971838 -2.4130738444 0.9687575550 0.0000000000
1.9580917401 1.7750000000 3.5528307738 -2.3955733065 0.9782921300 0.0000000000
2.0017742717 1.7750000000 3.5535495813 -2.3773628554 0.9884515403 0.0000000000
2.0453726183 1.7750000000 3.5543335387 -2.3579451497 0.9993544525 0.0000000000
2.0888897449 1.7750000000 3.5551721442 -2.3374328847 1.0109137804 0.0000000000
2.1323351129 1.7750000000 3.5561097153 -2.3160204764 1.0232290281 0.0000000000
2.1756610315 1.7750000000 3.5570958220 -2.2931479177 1.0363224782 0.0000000000
2.2187634235 1.7750000000 3.5580371206 -2.2677777510 1.0502357394 0.0000000000
2.2617859000 1.7750000000 3.5591003056 -2.2415922611 1.0649626751 0.0000000000
2.3046378777 1.7750000000 3.5601815331 -2.2137205035 1.0804362882 0.0000000000
2.3474504128 1.7750000000 3.5614345481 -2.1855124368 1.0967315752 0.0000000000
2.3899963922 1.7750000000 3.5626313677 -2.1548928165 1.1137667016 0.0000000000
2.4323447421 1.7750000000 3.5638584711 -2.1225972833 1.1315933286 0.0000000000
2.4745209657 1.7750000000 3.5651374892 -2.0889359935 1.1501739166 0.0000000000
2.5166160441 1.7750000000 3.5665407027 -2.0546778056 1.1694900460 0.0000000000
2.5584359525 1.7750000000 3.5679033151 -2.0183712149 1.1894631320 0.0000000000
2.6000353874 1.7750000000 3.5692929614 -1.9805138760 1.2101646526 0.0000000000
2.6415286654 1.7750000000 3.5707791044 -1.9419583730 1.2315314260 0.0000000000
2.6828471947 1.7750000000 3.5723003856 -1.9022632271 1.2534946089 0.0000000000
2.7238825066 1.7750000000 3.5737788783 -1.8607576737 1.2760108011 0.0000000000
2.7648035132 1.7750000000 3.5753419666 -1.8185715827 1.2991375908 0.0000000000
2.8056640136 1.7750000000 3.5770081342 -1.7760430667 1.3228136675 0.0000000000
2.8460820154 1.7750000000 3.5785097081 -1.7309115309 1.3468725776 0.0000000000
2.8864165610 1.7750000000 3.5801067027 -1.6853374574 1.3714901853 0.0000000000
2.9267475515 1.7750000000 3.5818057374 -1.6397654788 1.3965151154 0.0000000000
2.9666678665 1.7750000000 3.5833633839 -1.5919613836 1.4218673396 0.0000000000
3.0065627277 1.7750000000 3.5850167469 -1.5440444481 1.4476475658 0.0000000000
3.0464701821 1.7750000000 3.5867898062 -1.4962171980 1.4738707031 0.0000000000
3.0859727728 1.7750000000 3.5884002826 -1.4462985117 1.5002800832 0.0000000000
3.1253679382 1.7750000000 3.5900308949 -1.3958558673 1.5269795900 0.0000000000
3.1648400006 1.7750000000 3.5917807137 -1.3458140860 1.5539955776 0.0000000000
3.2039185704 1.7750000000 3.5933787632 -1.2938537587 1.5811719066 0.0000000000
3.2429831971 1.7750000000 3.5950325089 -1.2418355810 1.6085941607 0.0000000000
3.2821245771 1.7750000000 3.5968034406 -1.1902028806 1.6363309676 0.0000000000
3.3209672776 1.7750000000 3.5984538533 -1.1371539358 1.6641521962 0.0000000000
3.3596837256 1.7750000000 3.6000848502 -1.0835249170 1.6921277914 0.0000000000
3.3986915808 1.7750000000 3.6019397558 -1.0312877928 1.7204422634 0.0000000000
3.4371020865 1.7750000000 3.6034879423 -0.9762891720 1.7486344579 0.0000000000
3.4756387473 1.7750000000 3.6051483505 -0.9218742999 1.7770420394 0.0000000000
3.5142992706 1.7750000000 3.6069272251 -0.8680270916 1.8056964213 0.0000000000
3.5524923559 1.7750000000 3.6084531068 -0.8120870031 1.8341759835 0.0000000000
3.5907717161 1.7750000000 3.6100606797 -0.7565323085 1.8628281529 0.0000000000
3.6292797287 1.7750000000 3.6118396662 -0.7020043892 1.8917552666 0.0000000000
3.6673233219 1.7750000000 3.6133630040 -0.6454299140 1.9204784078 0.0000000000
3.7054247486 1.7750000000 3.6149424784 -0.5891080482 1.9493250519 0.0000000000
3.7437318211 1.7750000000 3.6166685169 -0.5336920223 1.9783956162 0.0000000000
3.7816957453 1.7750000000 3.6182076080 -0.4767937096 2.0073113058 0.0000000000
3.8196483322 1.7750000000 3.6197552382 -0.4198434595 2.0362819266 0.0000000000
3.8577364398 1.7750000000 3.6213901535 -0.3634761984 2.0653684921 0.0000000000
3.8957297097 1.7750000000 3.6229885992 -0.3067111829 2.0944682810 0.0000000000
3.9335534439 1.7750000000 3.6244957287 -0.2492196474 2.1234934133 0.0000000000
3.9714970022 1.7750000000 3.6260809372 -0.1922375817 2.1526270735 0.0000000000
4.0093807525 1.7750000000 3.6276439593 -0.1350062440 2.1817716970 0.0000000000
4.0471458606 1.7750000000 3.6291408580 -0.0772735331 2.2108523761 0.0000000000
4.0849713554 1.7750000000 3.6306740509 -0.0197938507 2.2399770207 0.0000000000
4.1228404354 1.7750000000 3.6322395760 0.0374995548 2.2691564831 0.0000000000
4.1605234672 1.7750000000 3.6336980624 0.0955722786 2.2982195186 0.0000000000
4.1982491898 1.7750000000 3.6351766395 0.1534694730 2.3272927045 0.0000000000
4.2360651513 1.7750000000 3.6367087810 0.2109888997 2.3564290413 0.0000000000
4.2736928365 1.7750000000 3.6381197483 0.2692933973 2.3853947095 0.0000000000
4.3113822965 1.7750000000 3.6395621719 0.3273434692 2.4143844328 0.0000000000
4.3491527585 1.7750000000 3.6410224328 0.3850612118 2.4433125733 0.0000000000
4.3869215644 1.7750000000 3.6424575283 0.4427871763 2.4721433412 0.0000000000
4.4246533392 1.7750000000 3.6438127931 0.5006778354 2.5007206641 0.0000000000
4.4625701848 1.7750000000 3.6451810763 0.5578064713 2.5290452512 0.0000000000
4.5007621414 1.7750000000 3.6465746332 0.6137728560 2.5570060324 0.0000000000
4.5391205590 1.7750000000 3.6478308842 0.6690451660 2.5841399605 0.0000000000
4.5779869551 1.7750000000 3.6490423081 0.7220558790 2.6101899413 0.0000000000
4.6175666194 1.7750000000 3.6501795448 0.7716619383 2.6345813118 0.0000000000
4.6580641571 1.7750000000 3.6512398758 0.8163960787 2.6567162919 0.0000000000
4.6995151437 1.7750000000 3.6521441358 0.8553187447 2.6759023987 0.0000000000
4.7417709882 1.7750000000 3.6528646307 0.8884124532 2.6920218613 0.0000000000
4.7846157609 1.7750000000 3.6534729913 0.9164276154 2.7056613686 0.0000000000
4.8277687589 1.7750000000 3.6540131693 0.9413386461 2.7177864930 0.0000000000
4.8709501888 1.7750000000 3.6545460111 0.9659396838 2.7297582752 0.0000000000
4.9139135177 1.7750000000 3.6551413102 0.9928023961 2.7428845568 0.0000000000
4.9563179935 1.7750000000 3.6558601124 1.0247069068 2.7585215697 0.0000000000
4.9976456866 1.7750000000 3.6567729301 1.0644176174 2.7780571249 0.0000000000
5.0368987581 1.7750000000 3.6578282679 1.1155286051 2.8027228712 0.0000000000
5.0732186269 1.7750000000 3.6591077602 1.1787254961 2.8331195966 0.0000000000
5.1066711515 1.7750000000 3.6606474380 1.2511489947 2.8682477071 0.0000000000
5.1385990297 1.7750000000 3.6622535719 1.3277848853 2.9053265990 0.0000000000
5.1704178591 1.7750000000 3.6637051104 1.4047249067 2.9419087617 0.0000000000
5.2028678905 1.7750000000 3.6651758239 1.4799968917 2.9779004098 0.0000000000
5.2358260812 1.7750000000 3.6666114397 1.5538807713 3.0131964247 0.0000000000
5.2691012744 1.7750000000 3.6679536286 1.6268836611 3.0477663364 0.0000000000
5.3027155997 1.7750000000 3.6692171115 1.6989168641 3.0816335492 0.0000000000
5.3367307644 1.7750000000 3.6704904245 1.7697638522 3.1150655963 0.0000000000
5.3710784469 1.7750000000 3.6717279337 1.8396046115 3.1479519368 0.0000000000
5.4055477533 1.7750000000 3.6728583135 1.9090819720 3.1802644003 0.0000000000
5.4402708009 1.7750000000 3.6739549234 1.9777683174 3.2121253778 0.0000000000
5.4752481367 1.7750000000 3.6750409533 2.0456444620 3.2436199552 0.0000000000
5.5104331486 1.7750000000 3.6761044280 2.1128488359 3.2747556036 0.0000000000
5.5457781143 1.7750000000 3.6771376267 2.1795298284 3.3055607956 0.0000000000
5.5811455106 1.7750000000 3.6780551409 2.2461470248 3.3358777309 0.0000000000
5.6166834742 1.7750000000 3.6789689769 2.3121948252 3.3659521952 0.0000000000
5.6523615039 1.7750000000 3.6798541401 2.3777714579 3.3957235010 0.0000000000
5.6881580226 1.7750000000 3.6807163843 2.4429452256 3.4252419847 0.0000000000
5.7240543503 1.7750000000 3.6815493113 2.5077773545 3.4545065442 0.0000000000
5.7599861812 1.7750000000 3.6823332232 2.5724901072 3.4835272929 0.0000000000
5.7959395190 1.7750000000 3.6830453849 2.6371335138 3.5122333024 0.0000000000
5.8319705704 1.7750000000 3.6837318842 2.7015076303 3.5407289464 0.0000000000
5.8681068519 1.7750000000 3.6844090381 2.7655127286 3.5690396014 0.0000000000
5.9043357640 1.7750000000 3.6850584021 2.8291914220 3.5971085348 0.0000000000
5.9406667918 1.7750000000 3.6856808429 2.8925070888 3.6249245645 0.0000000000
5.9771140999 1.7750000000 3.6862916876 2.9554044358 3.6525268823 0.0000000000
6.0137149936 1.7750000000 3.6868981942 3.0177420462 3.6798879525 0.0000000000
6.0504231711 1.7750000000 3.6874776982 3.0796857664 3.7069834566 0.0000000000
6.0873184351 1.7750000000 3.6880568422 3.1409307505 3.7337980264 0.0000000000
6.1244378275 1.7750000000 3.6886543912 3.2013215777 3.7603445533 0.0000000000
6.1618150727 1.7750000000 3.6892840449 3.2607075854 3.7866175713 0.0000000000
6.1994716339 1.7750000000 3.6899523068 3.3189772717 3.8125984933 0.0000000000
6.2374734663 1.7750000000 3.6906809972 3.3758236904 3.8382518226 0.0000000000
6.2758874087 1.7750000000 3.6914986650 3.4309040939 3.8635546550 0.0000000000
6.3147541044 1.7750000000 3.6924183073 3.4839492997 3.8884513063 0.0000000000
6.3541738698 1.7750000000 3.6935035397 3.5343549358 3.9129544904 0.0000000000
6.3942339548 1.7750000000 3.6947807541 3.5814634409 3.9369067501 0.0000000000
6.4350361583 1.7750000000 3.6963154964 3.6243489089 3.9601999064 0.0000000000
6.4766799253 1.7750000000 3.6982131840 3.6617221202 3.9827399414 0.0000000000
6.5192256242 1.7750000000 3.7005621135 3.6918388917 4.0041823680 0.0000000000
6.5626613564 1.7750000000 3.7034982547 3.7119826237 4.0239844257 0.0000000000
6.6066912457 1.7750000000 3.7072054964 3.7183496596 4.0413602067 0.0000000000
6.6504471453 1.7750000000 3.7117663051 3.7067473005 4.0549624981 0.0000000000
6.6922631796 1.7750000000 3.7171866878 3.6734979381 4.0633442839 0.0000000000
6.7301097678 1.7750000000 3.7231923232 3.6183402576 4.0653037533 0.0000000000
6.7626419421 1.7750000000 3.7294327908 3.5450457089 4.0609478039 0.0000000000
6.7898325114 1.7750000000 3.7355849304 3.4591145674 4.0511839059 0.0000000000
6.8124062133 1.7750000000 3.7414943417 3.3650580250 4.0371989343 0.0000000000
6.8313226504 1.7750000000 3.7471542475 3.2659745950 4.0202051854 0.0000000000
6.8475771748 1.7750000000 3.7525911508 3.1638903338 4.0011190941 0.0000000000
6.8617995362 1.7750000000 3.7579262315 3.0598846071 3.9808571261 0.0000000000
6.8748105357 1.7750000000 3.7632783349 2.9548920903 3.9602685332 0.0000000000
6.8872487634 1.7750000000 3.7688428892 2.8495334898 3.9403833103 0.0000000000
6.8994643072 1.7750000000 3.7747021604 2.7441119736 3.9216517885 0.0000000000
6.9115203600 1.7750000000 3.7810943543 2.6387698965 3.9050837330 0.0000000000
6.9234734253 1.7750000000 3.7880807126 2.5335906385 3.8909574633 0.0000000000
6.9353625685 1.7750000000 3.7958755414 2.4287225509 3.8801895432 0.0000000000
6.9473080596 1.7750000000 3.8047658274 2.3244436479 3.8740391260 0.0000000000
6.9597495551 1.7750000000 3.8156517305 2.2217359814 3.8764996721 0.0000000000
6.9743992289 1.7750000000 3.8306419282 2.1243889448 3.8975216480 0.0000000000
6.9961732735 1.7750000000 3.8506359327 2.1361724870 3.9822110829 0.0000000000
7.0060308397 1.7750000000 3.8516053750 2.2439755917 4.0292100942 0.0000000000
7.0134690404 1.7750000000 3.8492887731 2.3529685581 4.0635408731 0.0000000000
7.0204032945 1.7750000000 3.8457711605 2.4619770501 4.0930738195 0.0000000000
7.0277391210 1.7750000000 3.8418100000 2.5707250000 4.1207283574 0.0000000000
7.0312337068 1.7750000000 3.8401300000 2.6163500000 4.1322583574 0.0000000000
7.0335794706 1.7750000000 3.8390620313 2.6439158565 4.1390128252 0.0000000000
7.0361871425 1.7750000000 3.8379527826 2.6713237436 4.1455389854 0.0000000000
7.0391986778 1.7750000000 3.8368112586 2.6984624756 4.1518283821 0.0000000000
7.0429078591 1.7750000000 3.8356533290 2.7250486998 4.1578311533 0.0000000000
7.0481062111 1.7750000000 3.8344409124 2.7499704691 4.1629501948 0.0000000000
7.0572858263 1.7750000000 3.8333766630 2.7645265642 4.1645156350 0.0000000000
7.0673698715 1.7750000000 3.8334269770 2.7524963017 4.1599047862 0.0000000000
7.0755967909 1.7750000000 3.8340203681 2.7331148558 4.1545257720 0.0000000000
7.0835145336 1.7750000000 3.8348376303 2.7129798431 4.1497408160 0.0000000000
7.0917617325 1.7750000000 3.8357823297 2.6937277339 4.1458187697 0.0000000000
7.1006223030 1.7750000000 3.8368283536 2.6762989731 4.1430313609 0.0000000000
7.1100909724 1.7750000000 3.8379898482 2.6610509535 4.1415781317 0.0000000000
7.1199799786 1.7750000000 3.8392567312 2.6476283019 4.1412766030 0.0000000000
7.1300343088 1.7750000000 3.8406134635 2.6350518759 4.1416729618 0.0000000000
7.1400299395 1.7750000000 3.8421250360 2.6222984286 4.1426178727 0.0000000000
7.1498003479 1.7750000000 3.8438523471 2.6086519942 4.1440685435 0.0000000000
7.1592358807 1.7750000000 3.8457602879 2.5937372524 4.1457344099 0.0000000000
7.1682454475 1.7750000000 3.8479589027 2.5774786417 4.1480254250 0.0000000000
7.1767286458 1.7750000000 3.8504420559 2.5597709039 4.1508749425 0.0000000000
7.1845994684 1.7750000000 3.8531605385 2.5405715673 4.1540691385 0.0000000000
7.1918178805 1.7750000000 3.8561038308 2.5200315865 4.1576263153 0.0000000000
7.1984204051 1.7750000000 3.8592435085 2.4984045942 4.1615342291 0.0000000000
7.2044677862 1.7750000000 3.8625476404 2.4759386073 4.1657643618 0.0000000000
7.2100187898 1.7750000000 3.8660018029 2.4528240515 4.1703351898 0.0000000000
7.2152241893 1.7750000000 3.8695987483 2.4293457851 4.1753316644 0.0000000000
7.2202272456 1.7750000000 3.8733022001 2.4056976987 4.1806862372 0.0000000000
7.2252489061 1.7750000000 3.8771326217 2.3822010090 4.1866092476 0.0000000000
7.2306371236 1.7750000000 3.8811725963 2.3594446883 4.1936666177 0.0000000000
7.2373322423 1.7750000000 3.8855665660 2.3395175946 4.2032716591 0.0000000000
7.2471511097 1.7750000000 3.8898963276 2.3338342435 4.2183173651 0.0000000000
7.2563449616 1.7750000000 3.8916617134 2.3494620244 4.2316300207 0.0000000000
7.2641200925 1.7750000000 3.8919348315 2.3700129210 4.2409428516 0.0000000000
7.2718536572 1.7750000000 3.8916114644 2.3906778152 4.2479153412 0.0000000000
7.2803214003 1.7750000000 3.8910325944 2.4094129520 4.2530939158 0.0000000000
7.2899639696 1.7750000000 3.8904177528 2.4241558557 4.2565317110 0.0000000000
7.3006581155 1.7750000000 3.8899280999 2.4333524686 4.2582517444 0.0000000000
7.3118460013 1.7750000000 3.8896457992 2.4376567193 4.2588442418 0.0000000000
7.3231558141 1.7750000000 3.8895239907 2.4390404237 4.2589104895 0.0000000000
7.3344792549 1.7750000000 3.8894889773 2.4391571326 4.2588171197 0.0000000000
7.3458022374 1.7750000000 3.8894983311 2.4388538855 4.2587332358 0.0000000000
7.3571250401 1.7750000000 3.8895214372 2.4385146601 4.2586899703 0.0000000000
7.3684480241 1.7750000000 3.8895433177 2.4382162776 4.2586581393 0.0000000000
7.3797712137 1.7750000000 3.8895661948 2.4379721057 4.2586519789 0.0000000000
7.3910945820 1.7750000000 3.8895936233 2.4377896189 4.2586886982 0.0000000000
7.4024180445 1.7750000000 3.8896153822 2.4376427251 4.2587169762 0.0000000000
7.4137415333 1.7750000000 3.8896323440 2.4375057265 4.2587300240 0.0000000000
7.4250650078 1.7750000000 3.8896498212 2.4373618018 4.2587423629 0.0000000000
7.4363884699 1.7750000000 3.8896671198 2.4372116514 4.2587514972 0.0000000000
7.4477119323 1.7750000000 3.8896834247 2.4370610282 4.2587564674 0.0000000000
7.4590354106 1.7750000000 3.8896990118 2.4369176926 4.2587614818 0.0000000000
7.4703588974 1.7750000000 3.8897143004 2.4367782818 4.2587668717 0.0000000000
7.4816823678 1.7750000000 3.8897296755 2.4366310050 4.2587694613 0.0000000000
7.4930058162 1.7750000000 3.8897442507 2.4364728483 4.2587644994 0.0000000000
7.5043292524 1.7750000000 3.8897563040 2.4363075816 4.2587466061 0.0000000000
7.5156526972 1.7750000000 3.8897654125 2.4361450804 4.2587180395 0.0000000000
7.5269761802 1.7750000000 3.8897722905 2.4360001478 4.2586875783 0.0000000000
7.5382997085 1.7750000000 3.8897775788 2.4358766063 4.2586593150 0.0000000000
7.5496232558 1.7750000000 3.8897817595 2.4357623409 4.2586303319 0.0000000000
7.5609467935 1.7750000000 3.8897853026 2.4356440117 4.2585971724 0.0000000000
7.5722702928 1.7750000000 3.8897886779 2.4355082787 4.2585563803 0.0000000000
7.5835937269 1.7750000000 3.8897923259 2.4353427331 4.2585047542 0.0000000000
7.5949170931 1.7750000000 3.8897962874 2.4351476583 4.2584425704 0.0000000000
7.6062404066 1.7750000000 3.8898003143 2.4349325095 4.2583726186 0.0000000000
7.6175636799 1.7750000000 3.8898041334 2.4347050440 4.2582969088 0.0000000000
7.6288869160 1.7750000000 3.8898074127 2.4344670074 4.2582148110 0.0000000000
7.6402101164 1.7750000000 3.8898098083 2.4342189603 4.2581251748 0.0000000000
7.6515332824 1.7750000000 3.8898109768 2.4339614635 4.2580268500 0.0000000000
7.6628564153 1.7750000000 3.8898105744 2.4336950777 4.2579186862 0.0000000000
7.6741795161 1.7750000000 3.8898083213 2.4334202853 4.2577997567 0.0000000000
7.6855025818 1.7750000000 3.8898047239 2.4331366044 4.2576718946 0.0000000000
7.6968256065 1.7750000000 3.8898008181 2.4328429032 4.2575387912 0.0000000000
7.7081485845 1.7750000000 3.8897975019 2.4325381187 4.2574036124 0.0000000000
7.7194715124 1.7750000000 3.8897944817 2.4322218353 4.2572650182 0.0000000000
7.7307943872 1.7750000000 3.8897908899 2.4318939499 4.2571194969 0.0000000000
7.7421172065 1.7750000000 3.8897859473 2.4315543517 4.2569638871 0.0000000000
7.7534399670 1.7750000000 3.8897795672 2.4312028577 4.2567977694 0.0000000000
7.7647626654 1.7750000000 3.8897719789 2.4308392516 4.2566219737 0.0000000000
7.7760852985 1.7750000000 3.8897633711 2.4304633352 4.2564371758 0.0000000000
7.7874078640 1.7750000000 3.8897535784 2.4300750601 4.2562426952 0.0000000000
7.7987303599 1.7750000000 3.8897422582 2.4296744534 4.2560371716 0.0000000000
7.8100527826 1.7750000000 3.8897291619 2.4292612785 4.2558195162 0.0000000000
7.8213751160 1.7750000000 3.8897147086 2.4288334530 4.2555905730 0.0000000000
7.8326973388 1.7750000000 3.8896996026 2.4283881068 4.2553520104 0.0000000000
7.8440194385 1.7750000000 3.8896844102 2.4279237161 4.2551054848 0.0000000000
7.8553414360 1.7750000000 3.8896691848 2.4274437468 4.2548525955 0.0000000000
7.8666633592 1.7750000000 3.8896538542 2.4269527202 4.2545948623 0.0000000000
7.8779852082 1.7750000000 3.8896380829 2.4264513398 4.2543312251 0.0000000000
7.8893069475 1.7750000000 3.8896211935 2.4259353441 4.2540572688 0.0000000000
7.9006285676 1.7750000000 3.8896023401 2.4254038629 4.2537692628 0.0000000000
7.9119501988 1.7750000000 3.8895799665 2.4248742607 4.2534679278 0.0000000000
7.9232719913 1.7750000000 3.8895525235 2.4243665625 4.2531550765 0.0000000000
7.9345937755 1.7750000000 3.8895216406 2.4238594812 4.2528287125 0.0000000000
7.9459151477 1.7750000000 3.8894912808 2.4233014744 4.2524840705 0.0000000000
7.9572359679 1.7750000000 3.8894632299 2.4226746056 4.2521211194 0.0000000000
7.9685565571 1.7750000000 3.8894354526 2.4220196639 4.2517480334 0.0000000000
7.9798771216 1.7750000000 3.8894061054 2.4213640477 4.2513683982 0.0000000000
7.9911974694 1.7750000000 3.8893747615 2.4206874431 4.2509723805 0.0000000000
8.0025174767 1.7750000000 3.8893422706 2.4199757948 4.2505577577 0.0000000000
8.0138373399 1.7750000000 3.8893120771 2.4192485287 4.2501460774 0.0000000000
8.0251571198 1.7750000000 3.8892846960 2.4185129524 4.2497423224 0.0000000000
8.0364765564 1.7750000000 3.8892547338 2.4177463225 4.2493158214 0.0000000000
8.0477956471 1.7750000000 3.8892187084 2.4169493083 4.2488529144 0.0000000000
8.0591146375 1.7750000000 3.8891764835 2.4161451291 4.2483623431 0.0000000000
8.0704333643 1.7750000000 3.8891336298 2.4153189869 4.2478604713 0.0000000000
8.0817516470 1.7750000000 3.8890950452 2.4144541009 4.2473601785 0.0000000000
8.0930697439 1.7750000000 3.8890572680 2.4135737229 4.2468569184 0.0000000000
8.1043876870 1.7750000000 3.8890153556 2.4126824799 4.2463327718 0.0000000000
8.1157052662 1.7750000000 3.8889668157 2.4117646783 4.2457714914 0.0000000000
8.1270222710 1.7750000000 3.8889163617 2.4108044670 4.2451855910 0.0000000000
8.1383389073 1.7750000000 3.8888652314 2.4098175023 4.2445862840 0.0000000000
8.1496554020 1.7750000000 3.8888124481 2.4088210933 4.2439765870 0.0000000000
8.1609715128 1.7750000000 3.8887583171 2.4077980721 4.2433508546 0.0000000000
8.1722868901 1.7750000000 3.8887021794 2.4067265263 4.2426976857 0.0000000000
8.1836018760 1.7750000000 3.8886461332 2.4056290142 4.2420344958 0.0000000000
8.1949166128 1.7750000000 3.8885846153 2.4045177480 4.2413439180 0.0000000000
8.2062307640 1.7750000000 3.8885156932 2.4033722348 4.2406100241 0.0000000000
8.2175444411 1.7750000000 3.8884539538 2.4021953672 4.2398923193 0.0000000000
8.2288574595 1.7750000000 3.8883807537 2.4009836195 4.2391148201 0.0000000000
8.2401703613 1.7750000000 3.8883143785 2.3997624992 4.2383608709 0.0000000000
8.2514823054 1.7750000000 3.8882394362 2.3984903556 4.2375522445 0.0000000000
8.2627933614 1.7750000000 3.8881594306 2.3971714622 4.2367046645 0.0000000000
8.2741042599 1.7750000000 3.8880781396 2.3958445291 4.2358487275 0.0000000000
8.2854140084 1.7750000000 3.8879939250 2.3944591147 4.2349577034 0.0000000000
8.2967233712 1.7750000000 3.8879085769 2.3930542875 4.2340543799 0.0000000000
8.3080319184 1.7750000000 3.8878093342 2.3916147037 4.2330815758 0.0000000000
8.3193396787 1.7750000000 3.8877171934 2.3901341304 4.2321207833 0.0000000000
8.3306464725 1.7750000000 3.8876140657 2.3886124476 4.2310995992 0.0000000000
8.3419522648 1.7750000000 3.8875140434 2.3870439244 4.2300721009 0.0000000000
8.3532575567 1.7750000000 3.8874014961 2.3854578493 4.2289874816 0.0000000000
8.3645613575 1.7750000000 3.8872870618 2.3838078513 4.2278697452 0.0000000000
8.3758647060 1.7750000000 3.8871690193 2.3821400579 4.2267304576 0.0000000000
8.3871668499 1.7750000000 3.8870492666 2.3804226336 4.2255644774 0.0000000000
8.3984676306 1.7750000000 3.8869132631 2.3786575276 4.2243144208 0.0000000000
8.4097675268 1.7750000000 3.8867803074 2.3768558729 4.2230619363 0.0000000000
8.4210659717 1.7750000000 3.8866437565 2.3750001745 4.2217734530 0.0000000000
8.4323632798 1.7750000000 3.8864977390 2.3731061016 4.2204317540 0.0000000000
8.4436590213 1.7750000000 3.8863484337 2.3711557795 4.2190544038 0.0000000000
8.4549534827 1.7750000000 3.8861888743 2.3691646036 4.2176196959 0.0000000000
8.4662463519 1.7750000000 3.8860230905 2.3671208855 4.2161390736 0.0000000000
8.4775377108 1.7750000000 3.8858463596 2.3650316712 4.2145964642 0.0000000000
8.4888273965 1.7750000000 3.8856657609 2.3628887489 4.2130169004 0.0000000000
8.5001154602 1.7750000000 3.8854802087 2.3606952798 4.2113973040 0.0000000000
8.5114016439 1.7750000000 3.8852890877 2.3584451033 4.2097327494 0.0000000000
8.5226853551 1.7750000000 3.8850792449 2.3561287807 4.2079668493 0.0000000000
8.5339636724 1.7750000000 3.8848454005 2.3536674184 4.2060469267 0.0000000000
8.5452367159 1.7750000000 3.8846050231 2.3510628802 4.2040436019 0.0000000000
8.5565084027 1.7750000000 3.8843444635 2.3484340854 4.2019498454 0.0000000000
8.5677775418 1.7750000000 3.8840795659 2.3457408884 4.1998129764 0.0000000000
8.5790434475 1.7750000000 3.8837939561 2.3429769482 4.1975649611 0.0000000000
8.5903065307 1.7750000000 3.8835008194 2.3401466056 4.1952602774 0.0000000000
8.6015664676 1.7750000000 3.8831990063 2.3372447234 4.1928922718 0.0000000000
8.6128223269 1.7750000000 3.8828833536 2.3342547329 4.1904336650 0.0000000000
8.6240750947 1.7750000000 3.8825488290 2.3312056250 4.1878759235 0.0000000000
8.6353250646 1.7750000000 3.8822042174 2.3280993534 4.1852549683 0.0000000000
8.6465706405 1.7750000000 3.8818492451 2.3249022000 4.1825562177 0.0000000000
8.6578120585 1.7750000000 3.8814725454 2.3216298304 4.1797404712 0.0000000000
8.6690484622 1.7750000000 3.8810799281 2.3182637888 4.1768235855 0.0000000000
8.6802725941 1.7750000000 3.8806984470 2.3146494251 4.1738519154 0.0000000000
8.6914992012 1.7750000000 3.8802644765 2.3111144562 4.1707020459 0.0000000000
8.7027223962 1.7750000000 3.8798159924 2.3075237035 4.1674718084 0.0000000000
8.7139401970 1.7750000000 3.8793455711 2.3038464673 4.1641192287 0.0000000000
8.7251529657 1.7750000000 3.8788643836 2.3000827004 4.1606889721 0.0000000000
8.7363596558 1.7750000000 3.8783559427 2.2962296210 4.1571139766 0.0000000000
8.7475598977 1.7750000000 3.8778269631 2.2922775925 4.1534172467 0.0000000000
8.7587535934 1.7750000000 3.8772776480 2.2882284321 4.1496003221 0.0000000000
8.7699403319 1.7750000000 3.8767070509 2.2840785447 4.1456579790 0.0000000000
8.7811197954 1.7750000000 3.8761174242 2.2798240507 4.1415976746 0.0000000000
8.7922849558 1.7750000000 3.8755183140 2.2753555290 4.1374138248 0.0000000000
8.8034421684 1.7750000000 3.8748667159 2.2708047598 4.1329871249 0.0000000000
8.8145988040 1.7750000000 3.8741876709 2.2662681883 4.1284563164 0.0000000000
8.8257447293 1.7750000000 3.8734877511 2.2615892175 4.1237850489 0.0000000000
8.8368821453 1.7750000000 3.8727559285 2.2568153943 4.1189482293 0.0000000000
8.8480065888 1.7750000000 3.8719881632 2.2518902609 4.1139071145 0.0000000000
8.8591177575 1.7750000000 3.8712041703 2.2468021636 4.1087359041 0.0000000000
8.8702157373 1.7750000000 3.8703868803 2.2415681556 4.1033731409 0.0000000000
8.8812780947 1.7750000000 3.8694368758 2.2360104032 4.0973500219 0.0000000000
8.8923203262 1.7750000000 3.8684378556 2.2302580774 4.0910530107 0.0000000000
8.9033451299 1.7750000000 3.8673979294 2.2243436252 4.0845275250 0.0000000000
8.9143431044 1.7750000000 3.8663296407 2.2181614503 4.0777815004 0.0000000000
8.9253368060 1.7750000000 3.8651899137 2.2120052605 4.0707601165 0.0000000000
8.9363132408 1.7750000000 3.8640070777 2.2057100601 4.0635106923 0.0000000000
8.9472699989 1.7750000000 3.8627821102 2.1992529722 4.0560279872 0.0000000000
8.9582010026 1.7750000000 3.8614993149 2.1925997074 4.0482354998 0.0000000000
8.9691221068 1.7750000000 3.8601572902 2.1859146327 4.0401933714 0.0000000000
8.9800252353 1.7750000000 3.8587554029 2.1791236927 4.0318694462 0.0000000000
8.9909014433 1.7750000000 3.8572859978 2.1721547553 4.0232042505 0.0000000000
9.0017488763 1.7750000000 3.8557969558 2.1649401468 4.0143622394 0.0000000000
9.0125839360 1.7750000000 3.8542209645 2.1577206762 4.0051704859 0.0000000000
9.0233945018 1.7750000000 3.8525561638 2.1503968437 3.9955817502 0.0000000000
9.0341758988 1.7750000000 3.8508400936 2.1428838369 3.9857122664 0.0000000000
9.0448477021 1.7750000000 3.8488669768 2.1348088840 3.9745898181 0.0000000000
9.0554903826 1.7750000000 3.8467838090 2.1266647135 3.9629994786 0.0000000000
9.0661126528 1.7750000000 3.8446435368 2.1184519757 3.9511532948 0.0000000000
9.0767137777 1.7750000000 3.8423812274 2.1102677750 3.9388303769 0.0000000000
9.0872901870 1.7750000000 3.8400914378 2.1019408194 3.9263404364 0.0000000000
9.0978489227 1.7750000000 3.8376638928 2.0937134004 3.9133392889 0.0000000000
9.1083840522 1.7750000000 3.8351790951 2.0854056414 3.9000769943 0.0000000000
9.1189038722 1.7750000000 3.8325934874 2.0771649199 3.8864382749 0.0000000000
9.1294218054 1.7750000000 3.8299900000 2.0689500000 3.8727383574 0.0000000000
9.1310305723 1.7750000000 3.8295800000 2.0677250000 3.8706083574 0.0000000000
9.1328584913 1.7750000000 3.8290520720 2.0663418914 3.8679434019 0.0000000000
9.1346746409 1.7750000000 3.8285210121 2.0648710258 3.8652308160 0.0000000000
9.1364875728 1.7750000000 3.8279830731 2.0633910644 3.8624870757 0.0000000000
9.1383033897 1.7750000000 3.8274426387 2.0619392744 3.8597446220 0.0000000000
9.1401155280 1.7750000000 3.8268974329 2.0604718048 3.8569768108 0.0000000000
9.1419442878 1.7750000000 3.8263779519 2.0590744883 3.8543399603 0.0000000000
9.1437687865 1.7750000000 3.8258550876 2.0576507557 3.8516790100 0.0000000000
9.1455905710 1.7750000000 3.8253244684 2.0562232541 3.8489855327 0.0000000000
9.1474149981 1.7750000000 3.8247802750 2.0548497214 3.8462593459 0.0000000000
9.1492349054 1.7750000000 3.8242301963 2.0534533890 3.8435004984 0.0000000000
9.1510588151 1.7750000000 3.8236716414 2.0521118467 3.8407296615 0.0000000000
9.1528832781 1.7750000000 3.8231081845 2.0507878556 3.8379462376 0.0000000000
9.1546988459 1.7750000000 3.8225321535 2.0494227049 3.8350960533 0.0000000000
9.1565209537 1.7750000000 3.8219549924 2.0481150177 3.8322643342 0.0000000000
9.1583525233 1.7750000000 3.8214071885 2.0468118739 3.8295518610 0.0000000000
9.1601840627 1.7750000000 3.8208539349 2.0455229283 3.8268232683 0.0000000000
9.1620145936 1.7750000000 3.8202989970 2.0442295881 3.8240861808 0.0000000000
9.1638440574 1.7750000000 3.8197294732 2.0429664676 3.8213028373 0.0000000000
9.1656739184 1.7750000000 3.8191632138 2.0416981721 3.8185304815 0.0000000000
9.1675037067 1.7750000000 3.8185811705 2.0404743987 3.8157127990 0.0000000000
9.1693298126 1.7750000000 3.8179966381 2.0392249216 3.8128748783 0.0000000000
9.1711552684 1.7750000000 3.8173977088 2.0380118372 3.8099939274 0.0000000000
9.1729816507 1.7750000000 3.8168048188 2.0367886494 3.8071330925 0.0000000000
9.1748169765 1.7750000000 3.8162301310 2.0355953464 3.8043570200 0.0000000000
9.1766526746 1.7750000000 3.8156493891 2.0344238138 3.8015654393 0.0000000000
9.1784861707 1.7750000000 3.8150549739 2.0332750594 3.7987282766 0.0000000000
9.1803255639 1.7750000000 3.8144676814 2.0321624390 3.7959340585 0.0000000000
9.1821567418 1.7750000000 3.8138625653 2.0310248113 3.7930585431 0.0000000000
9.1839871823 1.7750000000 3.8132414743 2.0299404208 3.7901404228 0.0000000000
9.1858178206 1.7750000000 3.8126220963 2.0288467255 3.7872254328 0.0000000000
9.1876510103 1.7750000000 3.8119990830 2.0277936951 3.7843121675 0.0000000000
9.1894902023 1.7750000000 3.8113970837 2.0267292013 3.7814783725 0.0000000000
9.1913330101 1.7750000000 3.8108004668 2.0256845267 3.7786740351 0.0000000000
9.1931730899 1.7750000000 3.8101907638 2.0246584804 3.7758248048 0.0000000000
9.1950116079 1.7750000000 3.8095722923 2.0236470552 3.7729463485 0.0000000000
9.1968494326 1.7750000000 3.8089488749 2.0226459120 3.7700522218 0.0000000000
9.1986784540 1.7750000000 3.8082490062 2.0219115693 3.7669590099 0.0000000000
9.2004894363 1.7750000000 3.8075189885 2.0210679766 3.7637015020 0.0000000000
9.2022988029 1.7750000000 3.8067763691 2.0202730736 3.7604130632 0.0000000000
9.2041163471 1.7750000000 3.8060513565 2.0194939102 3.7572013475 0.0000000000
9.2059316709 1.7750000000 3.8053137384 2.0187569944 3.7539561088 0.0000000000
9.2077441274 1.7750000000 3.8045681964 2.0180254063 3.7506813054 0.0000000000
9.2095577358 1.7750000000 3.8038178455 2.0173426786 3.7474068109 0.0000000000
9.2113719355 1.7750000000 3.8030630276 2.0167044909 3.7441322640 0.0000000000
9.2131873675 1.7750000000 3.8023051785 2.0161125415 3.7408640878 0.0000000000
9.2149996214 1.7750000000 3.8015368243 2.0155452063 3.7375637371 0.0000000000
9.2168157806 1.7750000000 3.8007742277 2.0150060262 3.7342976785 0.0000000000
9.2186314274 1.7750000000 3.8000076164 2.0144928163 3.7310259495 0.0000000000
9.2204539769 1.7750000000 3.7992519877 2.0140330186 3.7278195156 0.0000000000
9.2222740037 1.7750000000 3.7984909520 2.0135667306 3.7245888576 0.0000000000
9.2241012603 1.7750000000 3.7977419684 2.0131607898 3.7214305467 0.0000000000
9.2259258763 1.7750000000 3.7969826093 2.0128048218 3.7182507232 0.0000000000
9.2277393821 1.7750000000 3.7961972323 2.0124467214 3.7149659750 0.0000000000
9.2295552059 1.7750000000 3.7954146298 2.0121233534 3.7117062182 0.0000000000
9.2313771659 1.7750000000 3.7946479376 2.0117818254 3.7085028381 0.0000000000
9.2331975153 1.7750000000 3.7938741981 2.0114847383 3.7052890452 0.0000000000
9.2350246921 1.7750000000 3.7931154657 2.0112124647 3.7021452060 0.0000000000
9.2368536186 1.7750000000 3.7923608171 2.0109433478 3.6990189649 0.0000000000
9.2386801605 1.7750000000 3.7916012314 2.0106596252 3.6958671331 0.0000000000
9.2405010208 1.7750000000 3.7908286187 2.0103675863 3.6926598666 0.0000000000
9.2423244387 1.7750000000 3.7900618759 2.0100757774 3.6894761720 0.0000000000
9.2441493841 1.7750000000 3.7893006013 2.0097552368 3.6863028572 0.0000000000
9.2459710301 1.7750000000 3.7885409243 2.0095839987 3.6831956542 0.0000000000
9.2477387702 1.7750000000 3.7876529974 2.0098181893 3.6797376225 0.0000000000
9.2495148171 1.7750000000 3.7867747342 2.0098962992 3.6762558140 0.0000000000
9.2512815417 1.7750000000 3.7858771646 2.0099324135 3.6726799813 0.0000000000
9.2530590079 1.7750000000 3.7850015861 2.0098808643 3.6691570476 0.0000000000
9.2548416559 1.7750000000 3.7841395496 2.0097153739 3.6656427052 0.0000000000
9.2566314035 1.7750000000 3.7833002697 2.0093897521 3.6621553371 0.0000000000
9.2584264209 1.7750000000 3.7824914608 2.0088425548 3.6587012224 0.0000000000
9.2602121673 1.7750000000 3.7817005874 2.0080154301 3.6552068789 0.0000000000
9.2619764550 1.7750000000 3.7809444454 2.0067945041 3.6516939407 0.0000000000
9.2637057904 1.7750000000 3.7802457960 2.0051335007 3.6482349418 0.0000000000
9.2653641527 1.7750000000 3.7796299352 2.0029146487 3.6448839577 0.0000000000
9.2669173032 1.7750000000 3.7791222777 2.0001258087 3.6417377916 0.0000000000
9.2683268420 1.7750000000 3.7787246306 1.9967956291 3.6388151315 0.0000000000
9.2695792979 1.7750000000 3.7784409917 1.9930289543 3.6361739059 0.0000000000
9.2706704904 1.7750000000 3.7782542070 1.9889256294 3.6337854373 0.0000000000
9.2716122039 1.7750000000 3.7781719408 1.9845733940 3.6317154781 0.0000000000
9.2724237965 1.7750000000 3.7781510180 1.9800553275 3.6298245605 0.0000000000
9.2731239396 1.7750000000 3.7781976133 1.9754234201 3.6281581788 0.0000000000
9.2737339152 1.7750000000 3.7782975513 1.9707177986 3.6266756819 0.0000000000
9.2742709558 1.7750000000 3.7784398768 1.9659633613 3.6253432092 0.0000000000
9.2747514006 1.7750000000 3.7785991029 1.9611742981 3.6240644882 0.0000000000
9.2751731626 1.7750000000 3.7788027216 1.9563612824 3.6229537566 0.0000000000
9.2755449951 1.7750000000 3.7790199384 1.9515261655 3.6218885773 0.0000000000
9.2758838377 1.7750000000 3.7792509049 1.9466802811 3.6208740893 0.0000000000
9.2761923840 1.7750000000 3.7795071527 1.9418292062 3.6199586506 0.0000000000
9.2764722895 1.7750000000 3.7797757543 1.9369714626 3.6190899597 0.0000000000
9.2767266691 1.7750000000 3.7800600837 1.9321107512 3.6182829927 0.0000000000
9.2769601013 1.7750000000 3.7803601722 1.9272491124 3.6175386911 0.0000000000
9.2771751947 1.7750000000 3.7806700973 1.9223858753 3.6168330968 0.0000000000
9.2773719548 1.7750000000 3.7809874391 1.9175210608 3.6161565380 0.0000000000
9.2775484118 1.7750000000 3.7813056970 1.9126518148 3.6154818714 0.0000000000
9.2777127005 1.7750000000 3.7816423474 1.9077874999 3.6148827468 0.0000000000
9.2778651165 1.7750000000 3.7819744161 1.9029187322 3.6142635147 0.0000000000
9.2780071085 1.7750000000 3.7823128873 1.8980504894 3.6136701023 0.0000000000
9.2781394436 1.7750000000 3.7826478057 1.8931789930 3.6130611772 0.0000000000
9.2782622611 1.7750000000 3.7829994173 1.8883137133 3.6125215119 0.0000000000
9.2783770265 1.7750000000 3.7833452097 1.8834445411 3.6119570126 0.0000000000
9.2784841297 1.7750000000 3.7837090707 1.8785825208 3.6114676484 0.0000000000
9.2785842798 1.7750000000 3.7840592674 1.8737134290 3.6109207984 0.0000000000
9.2786774314 1.7750000000 3.7844163822 1.8688464851 3.6104024803 0.0000000000
9.2787625668 1.7750000000 3.7847710162 1.8639774574 3.6098734052 0.0000000000
9.2788421744 1.7750000000 3.7851339856 1.8591114417 3.6093788764 0.0000000000
9.2789171109 1.7750000000 3.7855036255 1.8542482869 3.6089121741 0.0000000000
9.2789880189 1.7750000000 3.7858830944 1.8493896033 3.6084865762 0.0000000000
9.2790548135 1.7750000000 3.7862636347 1.8445310261 3.6080653068 0.0000000000
9.2791178549 1.7750000000 3.7866476731 1.8396738211 3.6076585782 0.0000000000
9.2791772800 1.7750000000 3.7870311586 1.8348159851 3.6072493859 0.0000000000
9.2792334200 1.7750000000 3.7874023484 1.8299520402 3.6067885672 0.0000000000
9.2792862280 1.7750000000 3.7877689173 1.8250856226 3.6063082758 0.0000000000
9.2793356577 1.7750000000 3.7881460494 1.8202241675 3.6058722222 0.0000000000
9.2793816032 1.7750000000 3.7885127176 1.8153573592 3.6053921713 0.0000000000
9.2794246945 1.7750000000 3.7888829574 1.8104921743 3.6049270566 0.0000000000
9.2794654023 1.7750000000 3.7892605283 1.8056302492 3.6044925703 0.0000000000
9.2795043135 1.7750000000 3.7896310586 1.8007650157 3.6040285981 0.0000000000
9.2795412831 1.7750000000 3.7900079756 1.7959026789 3.6035913315 0.0000000000
9.2795762840 1.7750000000 3.7903828583 1.7910392472 3.6031454895 0.0000000000
9.2796097908 1.7750000000 3.7907600996 1.7861769067 3.6027095185 0.0000000000
9.2796412025 1.7750000000 3.7911493811 1.7813200598 3.6023239058 0.0000000000
9.2796709567 1.7750000000 3.7915275373 1.7764579360 3.6018916809 0.0000000000
9.2796988103 1.7750000000 3.7919099193 1.7715975639 3.6014770603 0.0000000000
9.2797253258 1.7750000000 3.7922723125 1.7667278545 3.6009787493 0.0000000000
9.2797503687 1.7750000000 3.7926306082 1.7618562185 3.6004632776 0.0000000000
9.2797743742 1.7750000000 3.7929914965 1.7569857819 3.5999586560 0.0000000000
9.2797972798 1.7750000000 3.7933498339 1.7521141432 3.5994433505 0.0000000000
9.2798191956 1.7750000000 3.7937183408 1.7472471853 3.5989705948 0.0000000000
9.2798398865 1.7750000000 3.7940867697 1.7423802673 3.5984975433 0.0000000000
9.2798596217 1.7750000000 3.7944517962 1.7375117359 3.5980102364 0.0000000000
9.2798784203 1.7750000000 3.7948193613 1.7326443344 3.5975335364 0.0000000000
9.2798962587 1.7750000000 3.7951735437 1.7277705887 3.5970007676 0.0000000000
9.2799133022 1.7750000000 3.7955371803 1.7229011339 3.5965075321 0.0000000000
9.2799296208 1.7750000000 3.7958995123 1.7180312674 3.5960089137 0.0000000000
9.2799451246 1.7750000000 3.7962631029 1.7131619234 3.5955155383 0.0000000000
9.2799599521 1.7750000000 3.7966175720 1.7082881778 3.5949839166 0.0000000000
9.2799741743 1.7750000000 3.7969834126 1.7034199395 3.5944999835 0.0000000000
9.2799877714 1.7750000000 3.7973481927 1.6985510907 3.5940115645 0.0000000000
9.2800008123 1.7750000000 3.7977120954 1.6936818448 3.5935194770 0.0000000000
9.2800132735 1.7750000000 3.7980682362 1.6888086068 3.5929947449 0.0000000000
9.2800252636 1.7750000000 3.7984175304 1.6839325335 3.5924414925 0.0000000000
9.2800367477 1.7750000000 3.7987641226 1.6790551289 3.5918768992 0.0000000000
9.2800477580 1.7750000000 3.7991114542 1.6741779810 3.5913153667 0.0000000000
9.2800582975 1.7750000000 3.7994453384 1.6692949290 3.5906976827 0.0000000000
9.2800684480 1.7750000000 3.7997825690 1.6644133022 3.5900939542 0.0000000000
9.2800781569 1.7750000000 3.8001108288 1.6595278160 3.5894527990 0.0000000000
9.2800875491 1.7750000000 3.8004548511 1.6546491476 3.5888774209 0.0000000000
9.2800965622 1.7750000000 3.8007816464 1.6497630259 3.5882301532 0.0000000000
9.2801052723 1.7750000000 3.8011160470 1.6448801291 3.5876145972 0.0000000000
9.2801136611 1.7750000000 3.8014399596 1.6399928106 3.5869553202 0.0000000000
9.2801217841 1.7750000000 3.8017566571 1.6351025391 3.5862660013 0.0000000000
9.2801296498 1.7750000000 3.8020729471 1.6302121289 3.5855749972 0.0000000000
9.2801372174 1.7750000000 3.8024030038 1.6253273645 3.5849413185 0.0000000000
9.2801445912 1.7750000000 3.8027359723 1.6204438660 3.5843197930 0.0000000000
9.2801517516 1.7750000000 3.8030665742 1.6155593379 3.5836883894 0.0000000000
9.2801587088 1.7750000000 3.8033924582 1.6106728327 3.5830373231 0.0000000000
9.2801655215 1.7750000000 3.8037125993 1.6057839524 3.5823623354 0.0000000000
9.2801721436 1.7750000000 3.8040305021 1.6008941530 3.5816780270 0.0000000000
9.2801786581 1.7750000000 3.8043405002 1.5960012816 3.5809608709 0.0000000000
9.2801850392 1.7750000000 3.8046546361 1.5911100202 3.5802609100 0.0000000000
9.2801913514 1.7750000000 3.8049592136 1.5862150197 3.5795212196 0.0000000000
9.2801975890 1.7750000000 3.8052772548 1.5813252784 3.5788374880 0.0000000000
9.2802037942 1.7750000000 3.8055909435 1.5764337945 3.5781356492 0.0000000000
9.2802100245 1.7750000000 3.8058947933 1.5715384367 3.5773929052 0.0000000000
9.2802163368 1.7750000000 3.8062083208 1.5666468476 3.5766903795 0.0000000000
9.2802229103 1.7750000000 3.8065194236 1.5617544171 3.5759778186 0.0000000000
9.2802299752 1.7750000000 3.8068363137 1.5568651963 3.5752896909 0.0000000000
9.2802371856 1.7750000000 3.8071698740 1.5519741715 3.5746675220 0.0000000000
9.2802471483 1.7750000000 3.8075616067 1.5471089051 3.5742883461 0.0000000000
9.2802688247 1.7750000000 3.8078438153 1.5488272980 3.5761045378 0.0000000000
9.2802787318 1.7750000000 3.8078003994 1.5533882177 3.5777552421 0.0000000000
9.2802852360 1.7750000000 3.8076965454 1.5581304136 3.5792367043 0.0000000000
9.2802872884 1.7750000000 3.8074901643 1.5633420981 3.5804958538 0.0000000000
9.2802901679 1.7750000000 3.8072985930 1.5683757311 3.5817430219 0.0000000000
9.2802938863 1.7750000000 3.8071251472 1.5732502633 3.5829990517 0.0000000000
9.2802976049 1.7750000000 3.8069547183 1.5780922640 3.5842541362 0.0000000000
9.2803007768 1.7750000000 3.8067767522 1.5829859828 3.5854997592 0.0000000000
9.2803034987 1.7750000000 3.8065907372 1.5879223610 3.5867302506 0.0000000000
9.2803059532 1.7750000000 3.8063975022 1.5928798851 3.5879403201 0.0000000000
9.2803083226 1.7750000000 3.8061978751 1.5978370590 3.5891246815 0.0000000000
9.2803107373 1.7750000000 3.8059924162 1.6027789851 3.5902796163 0.0000000000
9.2803131965 1.7750000000 3.8057810142 1.6077072999 3.5914053343 0.0000000000
9.2803156796 1.7750000000 3.8055634544 1.6126261882 3.5925026505 0.0000000000
9.2803181658 1.7750000000 3.8053395222 1.6175398347 3.5935723800 0.0000000000
9.2803206343 1.7750000000 3.8051090025 1.6224524217 3.5946153359 0.0000000000
9.2803230729 1.7750000000 3.8048715163 1.6273667602 3.5956311268 0.0000000000
9.2803254922 1.7750000000 3.8046262419 1.6322819562 3.5966161074 0.0000000000
9.2803279069 1.7750000000 3.8043722831 1.6371964963 3.5975660882 0.0000000000
9.2803303315 1.7750000000 3.8041087439 1.6421088672 3.5984768800 0.0000000000
9.2803327806 1.7750000000 3.8038347285 1.6470175555 3.5993442935 0.0000000000
9.2803352681 1.7750000000 3.8035495003 1.6519213284 3.6001648898 0.0000000000
9.2803378063 1.7750000000 3.8032529261 1.6568200142 3.6009380675 0.0000000000
9.2803404065 1.7750000000 3.8029450152 1.6617136918 3.6016638951 0.0000000000
9.2803430805 1.7750000000 3.8026257770 1.6666024400 3.6023424414 0.0000000000
9.2803458399 1.7750000000 3.8022952207 1.6714863376 3.6029737751 0.0000000000
9.2803486961 1.7750000000 3.8019533555 1.6763654636 3.6035579649 0.0000000000
9.2803516608 1.7750000000 3.8016001908 1.6812398967 3.6040950794 0.0000000000
9.2803547457 1.7750000000 3.8012357359 1.6861097159 3.6045851873 0.0000000000
9.2803579622 1.7750000000 3.8008600000 1.6909750000 3.6050283574 0.0000000000
9.2803878133 1.7750000000 3.7972400000 1.7211750000 3.6026283574 0.0000000000
9.2804294947 1.7750000000 3.7926900419 1.7289720749 3.5875473549 0.0000000000
9.2804774506 1.7750000000 3.7883541104 1.7185165887 3.5660214345 0.0000000000
9.2805287585 1.7750000000 3.7844587767 1.7070039970 3.5458350629 0.0000000000
9.2806073517 1.7750000000 3.7796004248 1.6982581679 3.5229033239 0.0000000000
9.2807276745 1.7750000000 3.7737232492 1.6989652225 3.4996774431 0.0000000000
9.2808485055 1.7750000000 3.7689661862 1.7081044782 3.4843048933 0.0000000000
9.2809563350 1.7750000000 3.7652860895 1.7200316705 3.4743553836 0.0000000000
9.2810557588 1.7750000000 3.7622393461 1.7330324544 3.4673687236 0.0000000000
9.2811492579 1.7750000000 3.7596548124 1.7466486401 3.4624770629 0.0000000000
9.2812378036 1.7750000000 3.7573746710 1.7606001017 3.4589370822 0.0000000000
9.2813212454 1.7750000000 3.7552293966 1.7746859633 3.4559903291 0.0000000000
9.2814013322 1.7750000000 3.7532708488 1.7889400976 3.4538577918 0.0000000000
9.2814785066 1.7750000000 3.7514418863 1.8033020828 3.4522867359 0.0000000000
9.2815525260 1.7750000000 3.7497036623 1.8177342242 3.4511066962 0.0000000000
9.2816242362 1.7750000000 3.7480523984 1.8322302066 3.4503000336 0.0000000000
9.2816936276 1.7750000000 3.7464744055 1.8467770875 3.4498068142 0.0000000000
9.2817610030 1.7750000000 3.7449576465 1.8613649526 3.4495749246 0.0000000000
9.2818270208 1.7750000000 3.7435218826 1.8760035311 3.4496873002 0.0000000000
9.2818915319 1.7750000000 3.7421470903 1.8906790421 3.4500583356 0.0000000000
9.2819540426 1.7750000000 3.7407583377 1.9053462467 3.4503702068 0.0000000000
9.2820154757 1.7750000000 3.7393849336 1.9200226707 3.4507471600 0.0000000000
9.2820764511 1.7750000000 3.7380715433 1.9347330813 3.4513777633 0.0000000000
9.2821366955 1.7750000000 3.7367817034 1.9494567922 3.4521078880 0.0000000000
9.2821960238 1.7750000000 3.7354763262 1.9641718671 3.4527724089 0.0000000000
9.2822552117 1.7750000000 3.7342037830 1.9789048918 3.4535754460 0.0000000000
9.2823144466 1.7750000000 3.7329393168 1.9936423399 3.4544125605 0.0000000000
9.2823737307 1.7750000000 3.7316635686 2.0083736419 3.4552020885 0.0000000000
9.2824333090 1.7750000000 3.7303784580 2.0230998751 3.4559521395 0.0000000000
9.2824937143 1.7750000000 3.7290833093 2.0378206000 3.4566598347 0.0000000000
9.2825551253 1.7750000000 3.7277626322 2.0525270858 3.4572597206 0.0000000000
9.2826185372 1.7750000000 3.7264150301 2.0672182681 3.4577457849 0.0000000000
9.2826846938 1.7750000000 3.7250344571 2.0818902851 3.4580923000 0.0000000000
9.2827535925 1.7750000000 3.7235885801 2.0965227683 3.4581617851 0.0000000000
9.2828267407 1.7750000000 3.7220461982 2.1110934585 3.4578205335 0.0000000000
9.2829077629 1.7750000000 3.7203989844 2.1255919512 3.4570310756 0.0000000000
9.2829987802 1.7750000000 3.7185502529 2.1399374809 3.4553743614 0.0000000000
9.2831095835 1.7750000000 3.7163397405 2.1539539229 3.4521388887 0.0000000000
9.2832724755 1.7750000000 3.7132168791 2.1667783151 3.4447771999 0.0000000000
9.2835492346 1.7750000000 3.7082548903 2.1648693273 3.4241656495 0.0000000000
9.2836987269 1.7750000000 3.7057692068 2.1511772961 3.4087461031 0.0000000000
9.2838012446 1.7750000000 3.7041776448 2.1366422606 3.3965658407 0.0000000000
9.2838854223 1.7750000000 3.7029232651 2.1219013582 3.3856519613 0.0000000000
9.2839591370 1.7750000000 3.7018619682 2.1070638852 3.3754717845 0.0000000000
9.2840260965 1.7750000000 3.7009002592 2.0921844738 3.3656731836 0.0000000000
9.2840878713 1.7750000000 3.7000407746 2.0772657936 3.3562677731 0.0000000000
9.2841452541 1.7750000000 3.6992927831 2.0623096809 3.3472933622 0.0000000000
9.2841997823 1.7750000000 3.6985882794 2.0473397141 3.3384873607 0.0000000000
9.2842519106 1.7750000000 3.6979248797 2.0323587524 3.3298413770 0.0000000000
9.2843016615 1.7750000000 3.6973246811 2.0173607966 3.3214414003 0.0000000000
9.2843501158 1.7750000000 3.6967303599 2.0023611550 3.3130642592 0.0000000000
9.2843975935 1.7750000000 3.6961343910 1.9873621561 3.3046807837 0.0000000000
9.2844437346 1.7750000000 3.6955724311 1.9723548554 3.2964300240 0.0000000000
9.2844884787 1.7750000000 3.6950481903 1.9573389328 3.2883266919 0.0000000000
9.2845319952 1.7750000000 3.6945517399 1.9423171738 3.2803321866 0.0000000000
9.2845747272 1.7750000000 3.6940659271 1.9272931447 3.2723793238 0.0000000000
9.2846168279 1.7750000000 3.6935909566 1.9122669894 3.2644689796 0.0000000000
9.2846580990 1.7750000000 3.6931460185 1.8972351781 3.2566765026 0.0000000000
9.2846986484 1.7750000000 3.6927238792 1.8821990988 3.2489735136 0.0000000000
9.2847387906 1.7750000000 3.6923012074 1.8671631248 3.2412684371 0.0000000000
9.2847788278 1.7750000000 3.6918631517 1.8521299644 3.2335029498 0.0000000000
9.2848188147 1.7750000000 3.6914101617 1.8370995199 3.2256788121 0.0000000000
9.2848581990 1.7750000000 3.6909735432 1.8220661302 3.2179189823 0.0000000000
9.2848968644 1.7750000000 3.6905619121 1.8070282340 3.2102572994 0.0000000000
9.2849352738 1.7750000000 3.6901534699 1.7919897717 3.2026081457 0.0000000000
9.2849733875 1.7750000000 3.6897486210 1.7769507642 3.1949731469 0.0000000000
9.2850109608 1.7750000000 3.6893577233 1.7619094364 3.1873930251 0.0000000000
9.2850482251 1.7750000000 3.6889732968 1.7468670173 3.1798383515 0.0000000000
9.2850853516 1.7750000000 3.6885912643 1.7318242328 3.1722931079 0.0000000000
9.2851221594 1.7750000000 3.6882228277 1.7167793617 3.1648014128 0.0000000000
9.2851586717 1.7750000000 3.6878688503 1.7017322727 3.1573666677 0.0000000000
9.2851951062 1.7750000000 3.6875187658 1.6866845975 3.1499472596 0.0000000000
9.2852315189 1.7750000000 3.6871581791 1.6716385278 3.1424864850 0.0000000000
9.2852678858 1.7750000000 3.6867787833 1.6565953272 3.1349516214 0.0000000000
9.2853041536 1.7750000000 3.6863918696 1.6415532969 3.1273871545 0.0000000000
9.2853402255 1.7750000000 3.6860055108 1.6265112010 3.1198248810 0.0000000000
9.2853759828 1.7750000000 3.6856206710 1.6114688551 3.1122685834 0.0000000000
9.2854114792 1.7750000000 3.6852383898 1.5964260934 3.1047223537 0.0000000000
9.2854468238 1.7750000000 3.6848594151 1.5813828085 3.0971891413 0.0000000000
9.2854820374 1.7750000000 3.6844829782 1.5663391208 3.0896659186 0.0000000000
9.2855170387 1.7750000000 3.6841104602 1.5512948216 3.0821581269 0.0000000000
9.2855516623 1.7750000000 3.6837461755 1.5362492571 3.0746827624 0.0000000000
9.2855860389 1.7750000000 3.6833912184 1.5212022929 3.0672441480 0.0000000000
9.2856203872 1.7750000000 3.6830448761 1.5061540789 3.0598394935 0.0000000000
9.2856545615 1.7750000000 3.6827072315 1.4911046123 3.0524691282 0.0000000000
9.2856885958 1.7750000000 3.6823710757 1.4760549389 3.0451046358 0.0000000000
9.2857229563 1.7750000000 3.6820180692 1.4610077222 3.0376737229 0.0000000000
9.2857578455 1.7750000000 3.6816477930 1.4459630502 3.0301747494 0.0000000000
9.2857931746 1.7750000000 3.6812734333 1.4309190283 3.0226597017 0.0000000000
9.2858285639 1.7750000000 3.6809069426 1.4158738299 3.0151756599 0.0000000000
9.2858637710 1.7750000000 3.6805497163 1.4008272129 3.0077281078 0.0000000000
9.2858988648 1.7750000000 3.6801907790 1.3857808399 3.0002738093 0.0000000000
9.2859340061 1.7750000000 3.6798361951 1.3707338463 2.9928366763 0.0000000000
9.2859691801 1.7750000000 3.6794925933 1.3556852516 2.9854428312 0.0000000000
9.2860038305 1.7750000000 3.6791434427 1.3406374342 2.9780271018 0.0000000000
9.2860382510 1.7750000000 3.6787919989 1.3255899604 2.9706023372 0.0000000000
9.2860734448 1.7750000000 3.6784594512 1.3105398293 2.9632520940 0.0000000000
9.2861089508 1.7750000000 3.6781303969 1.2954891986 2.9559156245 0.0000000000
9.2861441502 1.7750000000 3.6777940411 1.2804395842 2.9485503554 0.0000000000
9.2861792776 1.7750000000 3.6774747106 1.2653875710 2.9412522282 0.0000000000
9.2862144687 1.7750000000 3.6771496870 1.2503364580 2.9339316885 0.0000000000
9.2862497120 1.7750000000 3.6767778248 1.2352921341 2.9264265102 0.0000000000
9.2862849900 1.7750000000 3.6763934764 1.2202495842 2.9188720967 0.0000000000
9.2863201388 1.7750000000 3.6760247923 1.2052047080 2.9113794097 0.0000000000
9.2863548599 1.7750000000 3.6756656304 1.1901583886 2.9039242345 0.0000000000
9.2863893659 1.7750000000 3.6753071441 1.1751119438 2.8964717112 0.0000000000
9.2864239742 1.7750000000 3.6749463080 1.1600658507 2.8890099296 0.0000000000
9.2864585814 1.7750000000 3.6745962398 1.1450181968 2.8815905953 0.0000000000
9.2864933092 1.7750000000 3.6742565317 1.1299690334 2.8742120977 0.0000000000
9.2865284487 1.7750000000 3.6739122384 1.1149205321 2.8668155237 0.0000000000
9.2865633026 1.7750000000 3.6735678904 1.0998720407 2.8594187353 0.0000000000
9.2865975639 1.7750000000 3.6732298033 1.0848226490 2.8520466301 0.0000000000
9.2866325636 1.7750000000 3.6728909405 1.0697733830 2.8446714724 0.0000000000
9.2866682300 1.7750000000 3.6725547640 1.0547237419 2.8373069103 0.0000000000
9.2867033681 1.7750000000 3.6722278537 1.0396727706 2.8299788805 0.0000000000
9.2867380234 1.7750000000 3.6718830901 1.0246244119 2.8225804827 0.0000000000
9.2867724012 1.7750000000 3.6715066372 1.0095806936 2.8150571837 0.0000000000
9.2868064440 1.7750000000 3.6711206882 0.9945384208 2.8074964787 0.0000000000
9.2868408253 1.7750000000 3.6707462495 0.9794944444 2.7999811332 0.0000000000
9.2868762447 1.7750000000 3.6703918822 0.9644474140 2.7925448519 0.0000000000
9.2869116562 1.7750000000 3.6700295335 0.9494015733 2.7850771206 0.0000000000
9.2869462793 1.7750000000 3.6696547059 0.9343576186 2.7775602283 0.0000000000
9.2869802589 1.7750000000 3.6692986607 0.9193108352 2.7701173343 0.0000000000
9.2870141196 1.7750000000 3.6689474436 0.9042633101 2.7626934557 0.0000000000
9.2870482122 1.7750000000 3.6685792388 0.8892183258 2.7552026430 0.0000000000
9.2870818966 1.7750000000 3.6682189132 0.8741721785 2.7477428816 0.0000000000
9.2871150761 1.7750000000 3.6678742279 0.8591236975 2.7403447479 0.0000000000
9.2871484458 1.7750000000 3.6675232064 0.8440761358 2.7329216374 0.0000000000
9.2871818327 1.7750000000 3.6671599621 0.8290303957 2.7254503639 0.0000000000
9.2872147879 1.7750000000 3.6667886268 0.8139858919 2.7179472215 0.0000000000
9.2872476314 1.7750000000 3.6664138168 0.7989419015 2.7104303852 0.0000000000
9.2872806665 1.7750000000 3.6660300737 0.7838993337 2.7028783856 0.0000000000
9.2873139320 1.7750000000 3.6656223664 0.7688606688 2.6952320906 0.0000000000
9.2873474159 1.7750000000 3.6652224125 0.7538208209 2.6876163356 0.0000000000
9.2873809755 1.7750000000 3.6648598407 0.7387749830 2.6801477132 0.0000000000
9.2874141822 1.7750000000 3.6644891173 0.7237303663 2.6726469730 0.0000000000
9.2874470037 1.7750000000 3.6641065812 0.7086876113 2.6650997268 0.0000000000
9.2874795859 1.7750000000 3.6637399992 0.6936423749 2.6576153040 0.0000000000
9.2875114917 1.7750000000 3.6633729131 0.6785971851 2.6501288839 0.0000000000
9.2875434310 1.7750000000 3.6629894653 0.6635545554 2.6425780407 0.0000000000
9.2875766072 1.7750000000 3.6625927655 0.6485140743 2.6349750489 0.0000000000
9.2876093453 1.7750000000 3.6622155645 0.6334705169 2.6274488222 0.0000000000
9.2876418355 1.7750000000 3.6618477461 0.6184254461 2.6199595204 0.0000000000
9.2876753372 1.7750000000 3.6614581549 0.6033838222 2.6123845060 0.0000000000
9.2877089868 1.7750000000 3.6610557372 0.5883443021 2.6047590272 0.0000000000
9.2877409735 1.7750000000 3.6606691860 0.5733022047 2.5971959834 0.0000000000
9.2877726600 1.7750000000 3.6602890476 0.5582590346 2.5896581618 0.0000000000
9.2878052971 1.7750000000 3.6598908297 0.5432188197 2.5820492042 0.0000000000
9.2878373739 1.7750000000 3.6594809142 0.5281805596 2.5743942381 0.0000000000
9.2878689097 1.7750000000 3.6590832562 0.5131402403 2.5667874785 0.0000000000
9.2879004419 1.7750000000 3.6586869004 0.4980996875 2.5591858342 0.0000000000
9.2879315304 1.7750000000 3.6583063157 0.4830566174 2.5516462670 0.0000000000
9.2879619256 1.7750000000 3.6579291224 0.4680129815 2.5441200398 0.0000000000
9.2879924257 1.7750000000 3.6575435879 0.4529706728 2.5365609780 0.0000000000
9.2880232666 1.7750000000 3.6571616135 0.4379277929 2.5290159286 0.0000000000
9.2880537461 1.7750000000 3.6567715231 0.4228862240 2.5214389393 0.0000000000
9.2880845474 1.7750000000 3.6563606281 0.4078481121 2.5137801147 0.0000000000
9.2881143539 1.7750000000 3.6559567345 0.3928088039 2.5061488169 0.0000000000
9.2881441073 1.7750000000 3.6555457617 0.3777706978 2.4984896834 0.0000000000
9.2881751379 1.7750000000 3.6551385759 0.3627319512 2.4908454416 0.0000000000
9.2882058723 1.7750000000 3.6547084892 0.3476971906 2.4831111905 0.0000000000
9.2882355753 1.7750000000 3.6543050757 0.3326578254 2.4754817904 0.0000000000
9.2882653161 1.7750000000 3.6538916536 0.3176201333 2.4678130249 0.0000000000
9.2882949701 1.7750000000 3.6534954889 0.3025795502 2.4602121329 0.0000000000
9.2883255282 1.7750000000 3.6531030404 0.2875383580 2.4526258621 0.0000000000
9.2883547997 1.7750000000 3.6527198641 0.2724956589 2.4450760775 0.0000000000
9.2883848751 1.7750000000 3.6523245640 0.2574549274 2.4374785845 0.0000000000
9.2884148180 1.7750000000 3.6519305396 0.2424139871 2.4298861108 0.0000000000
9.2884444647 1.7750000000 3.6515102830 0.2273774833 2.4221904828 0.0000000000
9.2884740877 1.7750000000 3.6510911803 0.2123407822 2.4144993915 0.0000000000
9.2885038967 1.7750000000 3.6506752330 0.1973035277 2.4068207004 0.0000000000
9.2885338372 1.7750000000 3.6502530088 0.1822673716 2.3991173414 0.0000000000
9.2885638634 1.7750000000 3.6498197926 0.1672331634 2.3913707933 0.0000000000
9.2885939163 1.7750000000 3.6493975654 0.1521970127 2.3836674239 0.0000000000
9.2886239820 1.7750000000 3.6489734322 0.1371611921 2.3759565630 0.0000000000
9.2886538425 1.7750000000 3.6485789000 0.1221203401 2.3683620936 0.0000000000
9.2886837715 1.7750000000 3.6481793463 0.1070803345 2.3607478765 0.0000000000
9.2887135166 1.7750000000 3.6477711157 0.0920417580 2.3530995233 0.0000000000
9.2887432966 1.7750000000 3.6473775802 0.0770007409 2.3455089746 0.0000000000
9.2887730675 1.7750000000 3.6469843475 0.0619596866 2.3379196220 0.0000000000
9.2888031256 1.7750000000 3.6465576704 0.0469243020 2.3301987596 0.0000000000
9.2888333503 1.7750000000 3.6461270068 0.0318896450 2.3224622427 0.0000000000
9.2888638547 1.7750000000 3.6456954953 0.0168551438 2.3147223960 0.0000000000
9.2888948083 1.7750000000 3.6452668778 0.0018201349 2.3069939224 0.0000000000
9.2889263611 1.7750000000 3.6448487927 -0.0132167222 2.2993068394 0.0000000000
9.2889584417 1.7750000000 3.6444270545 -0.0282529263 2.2916054049 0.0000000000
9.2889911247 1.7750000000 3.6439861132 -0.0432856942 2.2838285325 0.0000000000
9.2890243937 1.7750000000 3.6435491341 -0.0583191730 2.2760672245 0.0000000000
9.2890581934 1.7750000000 3.6431432933 -0.0733580382 2.2684283155 0.0000000000
9.2890926737 1.7750000000 3.6427250204 -0.0883948060 2.2607405165 0.0000000000
9.2891277258 1.7750000000 3.6423293125 -0.1034353915 2.2531414508 0.0000000000
9.2891637694 1.7750000000 3.6419269471 -0.1184747267 2.2455162549 0.0000000000
9.2892008634 1.7750000000 3.6414915298 -0.1335084239 2.2377611072 0.0000000000
9.2892392171 1.7750000000 3.6410561836 -0.1485421245 2.2300062421 0.0000000000
9.2892789368 1.7750000000 3.6406085073 -0.1635735216 2.2222029779 0.0000000000
9.2893198433 1.7750000000 3.6401884006 -0.1786098349 2.2145080259 0.0000000000
9.2893625797 1.7750000000 3.6397585875 -0.1936444374 2.2067749324 0.0000000000
9.2894080538 1.7750000000 3.6393230621 -0.2086779648 2.1990194198 0.0000000000
9.2894576346 1.7750000000 3.6389116034 -0.2237155445 2.1913585531 0.0000000000
9.2895144663 1.7750000000 3.6385093594 -0.2387545748 2.1837339650 0.0000000000
9.2895862163 1.7750000000 3.6380992222 -0.2537916396 2.1760785904 0.0000000000
9.2897579722 1.7750000000 3.6379540684 -0.2599942120 2.1730169462 0.0000000000
9.2898219979 1.7750000000 3.6384030976 -0.2449642064 2.1808250652 0.0000000000
9.2898613788 1.7750000000 3.6388191501 -0.2299272345 2.1885040639 0.0000000000
9.2898920790 1.7750000000 3.6392317679 -0.2148894401 2.1961696528 0.0000000000
9.2899182089 1.7750000000 3.6396877838 -0.1998594606 2.2040057085 0.0000000000
9.2899411595 1.7750000000 3.6401345787 -0.1848276794 2.2118056004 0.0000000000
9.2899619232 1.7750000000 3.6405647635 -0.1697928495 2.2195402717 0.0000000000
9.2899811240 1.7750000000 3.6410282962 -0.1547641888 2.2274058668 0.0000000000
9.2899989530 1.7750000000 3.6414907633 -0.1397353138 2.2352672852 0.0000000000
9.2900157321 1.7750000000 3.6419541161 -0.1247066082 2.2431321784 0.0000000000
9.2900315336 1.7750000000 3.6423639752 -0.1096682012 2.2507869777 0.0000000000
9.2900466377 1.7750000000 3.6427609663 -0.0946276017 2.2583911819 0.0000000000
9.2900612232 1.7750000000 3.6431678493 -0.0795887142 2.2660342688 0.0000000000
9.2900752974 1.7750000000 3.6435979034 -0.0645537950 2.2737684531 0.0000000000
9.2900889392 1.7750000000 3.6440251005 -0.0495183867 2.2814914049 0.0000000000
9.2901022393 1.7750000000 3.6444810267 -0.0344882204 2.2893271760 0.0000000000
9.2901152024 1.7750000000 3.6449316804 -0.0194570686 2.2971422515 0.0000000000
9.2901277751 1.7750000000 3.6453570043 -0.0044212907 2.3048578581 0.0000000000
9.2901401797 1.7750000000 3.6458022982 0.0106108240 2.3126518799 0.0000000000
9.2901524140 1.7750000000 3.6462582792 0.0256409791 2.3204878659 0.0000000000
9.2901644410 1.7750000000 3.6467238689 0.0406693570 2.3283615758 0.0000000000
9.2901762012 1.7750000000 3.6471567571 0.0557036060 2.3361068281 0.0000000000
9.2901877364 1.7750000000 3.6475439926 0.0707459362 2.3436727022 0.0000000000
9.2901992386 1.7750000000 3.6479402182 0.0857866253 2.3512738801 0.0000000000
9.2902107099 1.7750000000 3.6483563698 0.1008240162 2.3589534430 0.0000000000
9.2902220604 1.7750000000 3.6487667957 0.1158623702 2.3666104883 0.0000000000
9.2902333528 1.7750000000 3.6491615399 0.1309034443 2.3742058947 0.0000000000
9.2902447110 1.7750000000 3.6496009662 0.1459365384 2.3819768375 0.0000000000
9.2902560625 1.7750000000 3.6500458845 0.1609687720 2.3897694043 0.0000000000
9.2902673733 1.7750000000 3.6504735886 0.1760040959 2.3974943501 0.0000000000
9.2902787549 1.7750000000 3.6509357032 0.1910331036 2.4053544117 0.0000000000
9.2902901752 1.7750000000 3.6513873424 0.2060640615 2.4131733514 0.0000000000
9.2903016575 1.7750000000 3.6518361929 0.2210956445 2.4209813869 0.0000000000
9.2903130819 1.7750000000 3.6522552740 0.2361323758 2.4286724038 0.0000000000
9.2903244710 1.7750000000 3.6526367609 0.2511755765 2.4362156317 0.0000000000
9.2903360556 1.7750000000 3.6530272585 0.2662172549 2.4437942933 0.0000000000
9.2903477688 1.7750000000 3.6534310996 0.2812567099 2.4514254399 0.0000000000
9.2903595467 1.7750000000 3.6538251830 0.2962978485 2.4590182289 0.0000000000
9.2903714872 1.7750000000 3.6542285232 0.3113373269 2.4666473810 0.0000000000
9.2903836832 1.7750000000 3.6546696222 0.3263702798 2.4744249582 0.0000000000
9.2903959694 1.7750000000 3.6550963839 0.3414057994 2.4821462127 0.0000000000
9.2904084672 1.7750000000 3.6555282908 0.3564403766 2.4898876711 0.0000000000
9.2904212120 1.7750000000 3.6559753204 0.3714722139 2.4976885245 0.0000000000
9.2904341794 1.7750000000 3.6564245509 0.3865036382 2.5054980164 0.0000000000
9.2904474138 1.7750000000 3.6568664662 0.4015364253 2.5132787924 0.0000000000
9.2904607381 1.7750000000 3.6572679475 0.4165762601 2.5209006515 0.0000000000
9.2904742909 1.7750000000 3.6576379443 0.4316211959 2.5283986128 0.0000000000
9.2904882605 1.7750000000 3.6580244479 0.4466635585 2.5359615725 0.0000000000
9.2905025783 1.7750000000 3.6584297553 0.4617024884 2.5435983739 0.0000000000
9.2905171623 1.7750000000 3.6588188226 0.4767447190 2.5511715353 0.0000000000
9.2905322413 1.7750000000 3.6592255152 0.4917844490 2.5588141977 0.0000000000
9.2905477893 1.7750000000 3.6596516578 0.5068134500 2.5665303686 0.0000000000
9.2905643943 1.7750000000 3.6600704783 0.5218795088 2.5742320742 0.0000000000
9.2905813558 1.7750000000 3.6604919867 0.5368165238 2.5818929137 0.0000000000
9.2906053051 1.7750000000 3.6609377870 0.5520362552 2.5897640076 0.0000000000
9.2906641995 1.7750000000 3.6611140680 0.5579875613 2.5928496538 0.0000000000
9.2906894271 1.7750000000 3.6607142664 0.5437880233 2.5855706324 0.0000000000
9.2907111677 1.7750000000 3.6602723670 0.5282154319 2.5775739980 0.0000000000
9.2907290052 1.7750000000 3.6598615266 0.5133579346 2.5699876375 0.0000000000
9.2907472146 1.7750000000 3.6594505352 0.4983001747 2.5623205679 0.0000000000
9.2907661211 1.7750000000 3.6590362410 0.4832471745 2.5546421912 0.0000000000
9.2907865166 1.7750000000 3.6586497773 0.4682140551 2.5470830887 0.0000000000
9.2908099538 1.7750000000 3.6582680860 0.4531683868 2.5395380561 0.0000000000
9.2908383118 1.7750000000 3.6578724022 0.4381282494 2.5319392661 0.0000000000
9.2908729476 1.7750000000 3.6574985306 0.4230840789 2.5244261115 0.0000000000
9.2909124125 1.7750000000 3.6571341927 0.4080385730 2.5169505573 0.0000000000
9.2909532581 1.7750000000 3.6567284187 0.3929998650 2.5093119783 0.0000000000
9.2909932845 1.7750000000 3.6562930732 0.3779661985 2.5015571296 0.0000000000
9.2910327635 1.7750000000 3.6558629075 0.3629315853 2.4938226217 0.0000000000
9.2910723904 1.7750000000 3.6554364282 0.3478963200 2.4861025984 0.0000000000
9.2911120404 1.7750000000 3.6550192530 0.3328594226 2.4784191385 0.0000000000
9.2911522803 1.7750000000 3.6545939993 0.3178239608 2.4707039388 0.0000000000
9.2911927593 1.7750000000 3.6541798944 0.3027866164 2.4630325815 0.0000000000
9.2912333911 1.7750000000 3.6537901703 0.2877451596 2.4554571023 0.0000000000
9.2912745405 1.7750000000 3.6533962362 0.2727044244 2.4478650720 0.0000000000
9.2913160220 1.7750000000 3.6529932674 0.2576651879 2.4402375023 0.0000000000
9.2913576765 1.7750000000 3.6526112984 0.2426224899 2.4326925468 0.0000000000
9.2913997568 1.7750000000 3.6522326123 0.2275792930 2.4251605238 0.0000000000
9.2914423976 1.7750000000 3.6518384827 0.2125386196 2.4175677361 0.0000000000
9.2914854469 1.7750000000 3.6513972437 0.1975060719 2.4097897608 0.0000000000
9.2915289664 1.7750000000 3.6509692862 0.1824711493 2.4020639618 0.0000000000
9.2915728630 1.7750000000 3.6505355998 0.1674372771 2.3943156676 0.0000000000
9.2916169084 1.7750000000 3.6501064870 0.1524025600 2.3865853293 0.0000000000
9.2916595785 1.7750000000 3.6496739184 0.1373684432 2.3788414084 0.0000000000
9.2917026877 1.7750000000 3.6492701558 0.1223294105 2.3712107448 0.0000000000
9.2917461123 1.7750000000 3.6488657138 0.1072904328 2.3635773858 0.0000000000
9.2917898801 1.7750000000 3.6484487598 0.0922535904 2.3558948329 0.0000000000
9.2918333997 1.7750000000 3.6480464483 0.0772142654 2.3482698568 0.0000000000
9.2918770972 1.7750000000 3.6476543954 0.0621732601 2.3406852429 0.0000000000
9.2919208547 1.7750000000 3.6472624555 0.0471321932 2.3331010568 0.0000000000
9.2919648684 1.7750000000 3.6468492874 0.0320947656 2.3254334134 0.0000000000
9.2920089556 1.7750000000 3.6464219653 0.0170597751 2.3177101288 0.0000000000
9.2920531093 1.7750000000 3.6459677612 0.0020296250 2.3098812520 0.0000000000
9.2920970090 1.7750000000 3.6455586032 -0.0130084758 2.3022293798 0.0000000000
9.2921411321 1.7750000000 3.6451248946 -0.0280423582 2.2944809924 0.0000000000
9.2921851423 1.7750000000 3.6446932057 -0.0430765746 2.2867405503 0.0000000000
9.2922293918 1.7750000000 3.6442375987 -0.0581063783 2.2789062011 0.0000000000
9.2922731632 1.7750000000 3.6438209494 -0.0731432530 2.2712248539 0.0000000000
9.2923170414 1.7750000000 3.6433882406 -0.0881772774 2.2634804090 0.0000000000
9.2923608738 1.7750000000 3.6429966119 -0.1032183172 2.2558974781 0.0000000000
9.2924045223 1.7750000000 3.6425900930 -0.1182568963 2.2482559710 0.0000000000
9.2924481718 1.7750000000 3.6421890393 -0.1332964161 2.2406359481 0.0000000000
9.2924920253 1.7750000000 3.6417761110 -0.1483339068 2.2329692388 0.0000000000
9.2925357564 1.7750000000 3.6413210998 -0.1633638870 2.2251372017 0.0000000000
9.2925793945 1.7750000000 3.6408790225 -0.1783961781 2.2173559763 0.0000000000
9.2926229152 1.7750000000 3.6404532084 -0.1934314974 2.2096385921 0.0000000000
9.2926663548 1.7750000000 3.6400096155 -0.2084635389 2.2018514036 0.0000000000
9.2927095386 1.7750000000 3.6395857226 -0.2234991266 2.1941415972 0.0000000000
9.2927526839 1.7750000000 3.6391585757 -0.2385339076 2.1864190973 0.0000000000
9.2927955839 1.7750000000 3.6387405543 -0.2535703603 2.1787324304 0.0000000000
9.2928384633 1.7750000000 3.6382928184 -0.2686015899 2.1709289950 0.0000000000
9.2928811038 1.7750000000 3.6378539666 -0.2836343331 2.1631604905 0.0000000000
9.2929234381 1.7750000000 3.6374529459 -0.2986738504 2.1555406010 0.0000000000
9.2929656980 1.7750000000 3.6370460087 -0.3137123721 2.1478974433 0.0000000000
9.2930080654 1.7750000000 3.6366045102 -0.3287447708 2.1401184900 0.0000000000
9.2930502040 1.7750000000 3.6361469884 -0.3437742903 2.1322765949 0.0000000000
9.2930919901 1.7750000000 3.6357194627 -0.3588092712 2.1245524999 0.0000000000
9.2931337951 1.7750000000 3.6352661528 -0.3738394149 2.1167272025 0.0000000000
9.2931754421 1.7750000000 3.6348182493 -0.3888706365 2.1089230998 0.0000000000
9.2932167901 1.7750000000 3.6343932838 -0.4039060408 2.1012090762 0.0000000000
9.2932579213 1.7750000000 3.6339826107 -0.4189438690 2.0935512525 0.0000000000
9.2932989457 1.7750000000 3.6335312340 -0.4339743569 2.0857335506 0.0000000000
9.2933396770 1.7750000000 3.6331230372 -0.4490127368 2.0780854115 0.0000000000
9.2933802202 1.7750000000 3.6327228789 -0.4640524153 2.0704689069 0.0000000000
9.2934205443 1.7750000000 3.6323253073 -0.4790924531 2.0628626055 0.0000000000
9.2934610421 1.7750000000 3.6318483934 -0.4941178321 2.0549447981 0.0000000000
9.2935012835 1.7750000000 3.6313354496 -0.5091359798 2.0468857638 0.0000000000
9.2935411970 1.7750000000 3.6308782143 -0.5241654385 2.0390450393 0.0000000000
9.2935808685 1.7750000000 3.6304492553 -0.5392000555 2.0313153565 0.0000000000
9.2936203896 1.7750000000 3.6299862284 -0.5542284299 2.0234518992 0.0000000000
9.2936596452 1.7750000000 3.6295276442 -0.5692577928 2.0156058172 0.0000000000
9.2936986202 1.7750000000 3.6291191461 -0.5842960634 2.0079565164 0.0000000000
9.2937375001 1.7750000000 3.6286959142 -0.5993316704 2.0002493461 0.0000000000
9.2937763347 1.7750000000 3.6282463220 -0.6143624431 1.9924386683 0.0000000000
9.2938146524 1.7750000000 3.6278489089 -0.6294025214 1.9848329843 0.0000000000
9.2938528419 1.7750000000 3.6274449871 -0.6444414829 1.9772017128 0.0000000000
9.2938907239 1.7750000000 3.6270457162 -0.6594811544 1.9695887603 0.0000000000
9.2939287953 1.7750000000 3.6265682496 -0.6745066277 1.9616687047 0.0000000000
9.2939665217 1.7750000000 3.6260843471 -0.6895307485 1.9537234464 0.0000000000
9.2940038800 1.7750000000 3.6256163890 -0.7045580593 1.9458406897 0.0000000000
9.2940410805 1.7750000000 3.6251452024 -0.7195844551 1.9379453851 0.0000000000
9.2940781475 1.7750000000 3.6246291948 -0.7346018858 1.9298743822 0.0000000000
9.2941146737 1.7750000000 3.6241634872 -0.7496289966 1.9220007075 0.0000000000
9.2941509927 1.7750000000 3.6237541509 -0.7646671117 1.9143481165 0.0000000000
9.2941871097 1.7750000000 3.6233208283 -0.7797009218 1.9066013020 0.0000000000
9.2942229207 1.7750000000 3.6229054309 -0.7947377044 1.8989249992 0.0000000000
9.2942584179 1.7750000000 3.6224898106 -0.8097746059 1.8912477576 0.0000000000
9.2942937122 1.7750000000 3.6220902617 -0.8248142858 1.8836336897 0.0000000000
9.2943289215 1.7750000000 3.6216172073 -0.8398400906 1.8757311505 0.0000000000
9.2943638862 1.7750000000 3.6211259097 -0.8548626594 1.8677569323 0.0000000000
9.2943986238 1.7750000000 3.6206144394 -0.8698806959 1.8597038365 0.0000000000
9.2944329116 1.7750000000 3.6201711407 -0.8849126652 1.8519178543 0.0000000000
9.2944671142 1.7750000000 3.6196912994 -0.8999375774 1.8439885240 0.0000000000
9.2945010264 1.7750000000 3.6192074722 -0.9149616788 1.8360435748 0.0000000000
9.2945345798 1.7750000000 3.6187661810 -0.9299937031 1.8282656001 0.0000000000
9.2945678282 1.7750000000 3.6183343885 -0.9450276705 1.8205248431 0.0000000000
9.2946009903 1.7750000000 3.6178669144 -0.9600545360 1.8126442006 0.0000000000
9.2946336790 1.7750000000 3.6174578557 -0.9750925091 1.8049927765 0.0000000000
9.2946661524 1.7750000000 3.6170510391 -0.9901309184 1.7973501465 0.0000000000
9.2946985704 1.7750000000 3.6165701158 -1.0051553921 1.7894166637 0.0000000000
9.2947307103 1.7750000000 3.6160813391 -1.0201783840 1.7814523603 0.0000000000
9.2947626001 1.7750000000 3.6155836322 -1.0352000187 1.7734528788 0.0000000000
9.2947941621 1.7750000000 3.6151015040 -1.0502244802 1.7655145812 0.0000000000
9.2948255636 1.7750000000 3.6146174228 -1.0652484555 1.7575686664 0.0000000000
9.2948566706 1.7750000000 3.6141238803 -1.0802705756 1.7495856483 0.0000000000
9.2948875098 1.7750000000 3.6136541086 -1.0952973583 1.7416958484 0.0000000000
9.2949180555 1.7750000000 3.6132077480 -1.1103287547 1.7338978475 0.0000000000
9.2949483127 1.7750000000 3.6127754214 -1.1253631148 1.7261547971 0.0000000000
9.2949783937 1.7750000000 3.6123338635 -1.1403949853 1.7183758175 0.0000000000
9.2950082124 1.7750000000 3.6119139346 -1.1554309078 1.7106817328 0.0000000000
9.2950378818 1.7750000000 3.6113995876 -1.1704484936 1.7026173103 0.0000000000
9.2950672588 1.7750000000 3.6109164652 -1.1854726415 1.6946751614 0.0000000000
9.2950964944 1.7750000000 3.6104109086 -1.2004920600 1.6866451677 0.0000000000
9.2951254573 1.7750000000 3.6099080106 -1.2155122191 1.6786255122 0.0000000000
9.2951540440 1.7750000000 3.6094524992 -1.2305415207 1.6707917460 0.0000000000
9.2951824963 1.7750000000 3.6090013618 -1.2455718700 1.6629750566 0.0000000000
9.2952107704 1.7750000000 3.6085049010 -1.2605935782 1.6549805303 0.0000000000
9.2952387259 1.7750000000 3.6080638157 -1.2756257005 1.6472033398 0.0000000000
9.2952664521 1.7750000000 3.6076195137 -1.2906571966 1.6394135336 0.0000000000
9.2952940196 1.7750000000 3.6071657614 -1.3056869303 1.6315866309 0.0000000000
9.2953213811 1.7750000000 3.6066874279 -1.3207116401 1.6236634130 0.0000000000
9.2953485607 1.7750000000 3.6061649690 -1.3357276914 1.6155671568 0.0000000000
9.2953754714 1.7750000000 3.6056393666 -1.3507431544 1.6074585619 0.0000000000
9.2954021543 1.7750000000 3.6051802977 -1.3657717657 1.5996108418 0.0000000000
9.2954286520 1.7750000000 3.6046504954 -1.3807860604 1.5914859150 0.0000000000
9.2954548457 1.7750000000 3.6041403022 -1.3958041335 1.5834379128 0.0000000000
9.2954807591 1.7750000000 3.6037059608 -1.4108375287 1.5756871891 0.0000000000
9.2955064872 1.7750000000 3.6032645711 -1.4258695710 1.5679088134 0.0000000000
9.2955319848 1.7750000000 3.6027858913 -1.4408943261 1.5599841921 0.0000000000
9.2955572122 1.7750000000 3.6023516049 -1.4559278614 1.5522336323 0.0000000000
9.2955823586 1.7750000000 3.6018670961 -1.4709505949 1.5442865038 0.0000000000
9.2956072886 1.7750000000 3.6013275423 -1.4859619933 1.5361237293 0.0000000000
9.2956320065 1.7750000000 3.6007959006 -1.5009755851 1.5279917259 0.0000000000
9.2956564874 1.7750000000 3.6002516862 -1.5159857205 1.5198108142 0.0000000000
9.2956806736 1.7750000000 3.5997662497 -1.5310090698 1.5118597283 0.0000000000
9.2957046421 1.7750000000 3.5993021327 -1.5460369810 1.5039920956 0.0000000000
9.2957284181 1.7750000000 3.5987824535 -1.5610530858 1.4959069373 0.0000000000
9.2957519613 1.7750000000 3.5983075820 -1.5760789703 1.4879970971 0.0000000000
9.2957752914 1.7750000000 3.5978355827 -1.5911056434 1.4800984307 0.0000000000
9.2957984366 1.7750000000 3.5973638348 -1.6061320181 1.4722008895 0.0000000000
9.2958213777 1.7750000000 3.5969177462 -1.6211623555 1.4644044002 0.0000000000
9.2958441804 1.7750000000 3.5963583190 -1.6361690910 1.4561639970 0.0000000000
9.2958667741 1.7750000000 3.5957966660 -1.6511753913 1.4479148649 0.0000000000
9.2958891164 1.7750000000 3.5952813122 -1.6661925697 1.4398465783 0.0000000000
9.2959112982 1.7750000000 3.5947295495 -1.6812014290 1.4316359836 0.0000000000
9.2959332974 1.7750000000 3.5942012166 -1.6962152776 1.4235171129 0.0000000000
9.2959549478 1.7750000000 3.5937449831 -1.7112440541 1.4156806683 0.0000000000
9.2959765001 1.7750000000 3.5932657680 -1.7262685424 1.4077540125 0.0000000000
9.2959978596 1.7750000000 3.5927735934 -1.7412898219 1.3997768021 0.0000000000
9.2960189779 1.7750000000 3.5923342618 -1.7563212954 1.3920068865 0.0000000000
9.2960399594 1.7750000000 3.5918663686 -1.7713469718 1.3841250431 0.0000000000
9.2960608206 1.7750000000 3.5912930751 -1.7863507172 1.3758303709 0.0000000000
9.2960814838 1.7750000000 3.5907240765 -1.8013557096 1.3675523795 0.0000000000
9.2961019492 1.7750000000 3.5901476855 -1.8163589040 1.3592455377 0.0000000000
9.2961222011 1.7750000000 3.5896359540 -1.8313752451 1.3511920752 0.0000000000
9.2961423629 1.7750000000 3.5891429408 -1.8463963771 1.3432115697 0.0000000000
9.2961623094 1.7750000000 3.5885891041 -1.8614055310 1.3349925615 0.0000000000
9.2961819757 1.7750000000 3.5881317793 -1.8764335214 1.3271520661 0.0000000000
9.2962014579 1.7750000000 3.5876726300 -1.8914612293 1.3193043855 0.0000000000
9.2962207783 1.7750000000 3.5872087695 -1.9064878783 1.3114382841 0.0000000000
9.2962400239 1.7750000000 3.5866854088 -1.9215019501 1.3033392125 0.0000000000
9.2962591261 1.7750000000 3.5860838597 -1.9364996314 1.2949339436 0.0000000000
9.2962780729 1.7750000000 3.5854978328 -1.9515006183 1.2865894412 0.0000000000
9.2962968295 1.7750000000 3.5849763206 -1.9665152169 1.2784975529 0.0000000000
9.2963154536 1.7750000000 3.5843871925 -1.9815152582 1.2701410241 0.0000000000
9.2963338930 1.7750000000 3.5838496136 -1.9965263184 1.2619862846 0.0000000000
9.2963521348 1.7750000000 3.5833719057 -2.0115503848 1.2540658262 0.0000000000
9.2963701950 1.7750000000 3.5829023971 -2.0265762518 1.2461774452 0.0000000000
9.2963881321 1.7750000000 3.5824075899 -2.0415967589 1.2381900134 0.0000000000
9.2964059048 1.7750000000 3.5819327125 -2.0566216469 1.2302805487 0.0000000000
9.2964236270 1.7750000000 3.5812921167 -2.0716089016 1.2217232636 0.0000000000
9.2964410952 1.7750000000 3.5807239961 -2.0866127074 1.2134492587 0.0000000000
9.2964584717 1.7750000000 3.5801079101 -2.1016053249 1.2049878677 0.0000000000
9.2964756822 1.7750000000 3.5794904161 -2.1165976364 1.1965209671 0.0000000000
9.2964926493 1.7750000000 3.5789888302 -2.1316168881 1.1885069229 0.0000000000
9.2965094973 1.7750000000 3.5784804439 -2.1466345409 1.1804663164 0.0000000000
9.2965262228 1.7750000000 3.5779279064 -2.1616416832 1.1722533096 0.0000000000
9.2965427593 1.7750000000 3.5774513730 -2.1766672594 1.1643369458 0.0000000000
9.2965591570 1.7750000000 3.5769616007 -2.1916896972 1.1563688815 0.0000000000
9.2965754544 1.7750000000 3.5763372590 -2.2066793265 1.1478756628 0.0000000000
9.2965915512 1.7750000000 3.5757233479 -2.2216710070 1.1394233461 0.0000000000
9.2966075649 1.7750000000 3.5750985534 -2.2366598779 1.1309286197 0.0000000000
9.2966233818 1.7750000000 3.5745272574 -2.2516627546 1.1226422853 0.0000000000
9.2966390617 1.7750000000 3.5740197307 -2.2666825192 1.1146042725 0.0000000000
9.2966547148 1.7750000000 3.5734495551 -2.2816860269 1.1063221669 0.0000000000
9.2966701020 1.7750000000 3.5729433271 -2.2967027593 1.0982905621 0.0000000000
9.2966853557 1.7750000000 3.5724483725 -2.3117241739 1.0903021779 0.0000000000
9.2967004869 1.7750000000 3.5719442933 -2.3267425771 1.0822784999 0.0000000000
9.2967155446 1.7750000000 3.5712861553 -2.3417225258 1.0736539684 0.0000000000
9.2967304449 1.7750000000 3.5706268082 -2.3567018917 1.0650248335 0.0000000000
9.2967451812 1.7750000000 3.5699796610 -2.3716843241 1.0564432718 0.0000000000
9.2967597940 1.7750000000 3.5694328894 -2.3866955075 1.0482517120 0.0000000000
9.2967743007 1.7750000000 3.5688419426 -2.4016942515 1.0398884271 0.0000000000
9.2967886082 1.7750000000 3.5682500601 -2.4166915509 1.0315219774 0.0000000000
9.2968028093 1.7750000000 3.5677455324 -2.4317093751 1.0234967369 0.0000000000
9.2968168950 1.7750000000 3.5672227770 -2.4467236780 1.0153999940 0.0000000000
9.2968309115 1.7750000000 3.5666202080 -2.4617171815 1.0069923169 0.0000000000
9.2968448157 1.7750000000 3.5659601727 -2.4766965626 0.9983604232 0.0000000000
9.2968586356 1.7750000000 3.5652890435 -2.4916728777 0.9896853805 0.0000000000
9.2968722627 1.7750000000 3.5647314878 -2.5066782708 0.9814530003 0.0000000000
9.2968857654 1.7750000000 3.5641680477 -2.5216821313 0.9731976957 0.0000000000
9.2968991442 1.7750000000 3.5635420830 -2.5366728474 0.9646975506 0.0000000000
9.2969124080 1.7750000000 3.5630318311 -2.5516877129 0.9566505965 0.0000000000
9.2969255739 1.7750000000 3.5625243164 -2.5667027793 0.9486145113 0.0000000000
9.2969386260 1.7750000000 3.5619981893 -2.5817140969 0.9405054759 0.0000000000
9.2969516635 1.7750000000 3.5612999456 -2.5966830202 0.9317249316 0.0000000000
9.2969645780 1.7750000000 3.5605984993 -2.6116510925 0.9229319177 0.0000000000
9.2969773517 1.7750000000 3.5599432653 -2.6266298910 0.9143194622 0.0000000000
9.2969900682 1.7750000000 3.5593805198 -2.6416322054 0.9060675545 0.0000000000
9.2970026616 1.7750000000 3.5587291764 -2.6566160154 0.8974686568 0.0000000000
9.2970151056 1.7750000000 3.5581369270 -2.6716120614 0.8891012407 0.0000000000
9.2970274530 1.7750000000 3.5575885997 -2.6866175316 0.8809057435 0.0000000000
9.2970396960 1.7750000000 3.5570335024 -2.7016213817 0.8726838143 0.0000000000
9.2970518934 1.7750000000 3.5563715648 -2.7165995373 0.8640448015 0.0000000000
9.2970639597 1.7750000000 3.5557121221 -2.7315794180 0.8554150786 0.0000000000
9.2970759394 1.7750000000 3.5550687591 -2.7465626085 0.8468483504 0.0000000000
9.2970877821 1.7750000000 3.5544933551 -2.7615605632 0.8385475524 0.0000000000
9.2970995573 1.7750000000 3.5538939429 -2.7765524422 0.8301531523 0.0000000000
9.2971112037 1.7750000000 3.5532570292 -2.7915359595 0.8216120904 0.0000000000
9.2971227824 1.7750000000 3.5527024354 -2.8065375421 0.8133930821 0.0000000000
9.2971342280 1.7750000000 3.5521124928 -2.8215309896 0.8050359328 0.0000000000
9.2971456478 1.7750000000 3.5514179380 -2.8364972760 0.7962711990 0.0000000000
9.2971569383 1.7750000000 3.5507038394 -2.8514596614 0.7874298504 0.0000000000
9.2971681603 1.7750000000 3.5499802529 -2.8664186332 0.7785519158 0.0000000000
9.2971792443 1.7750000000 3.5493827946 -2.8814094768 0.7701657451 0.0000000000
9.2971902547 1.7750000000 3.5487888065 -2.8964010943 0.7617931458 0.0000000000
9.2972011902 1.7750000000 3.5481249508 -2.9113737041 0.7531486789 0.0000000000
9.2972120251 1.7750000000 3.5475690882 -2.9263748441 0.7449247727 0.0000000000
9.2972227961 1.7750000000 3.5470077478 -2.9413746907 0.7366794725 0.0000000000
9.2972335042 1.7750000000 3.5462849520 -2.9563316353 0.7278055114 0.0000000000
9.2972441352 1.7750000000 3.5455827911 -2.9712936244 0.7190120719 0.0000000000
9.2972546808 1.7750000000 3.5448699244 -2.9862519485 0.7101772757 0.0000000000
9.2972651737 1.7750000000 3.5442303664 -3.0012309107 0.7016274588 0.0000000000
9.2972755889 1.7750000000 3.5436385953 -3.0162207009 0.6932644582 0.0000000000
9.2972859581 1.7750000000 3.5429837051 -3.0311937148 0.6846556919 0.0000000000
9.2972962743 1.7750000000 3.5424009546 -3.0461877260 0.6763270854 0.0000000000
9.2973065994 1.7750000000 3.5417672562 -3.0611672617 0.6678004777 0.0000000000
9.2973169437 1.7750000000 3.5409763933 -3.0761016628 0.6586632656 0.0000000000
9.2973278493 1.7750000000 3.5403200000 -3.0910750000 0.6500483574 0.0000000000
