# logAge Mass logTe Mbol logg C/O
4.1860800861 1.2500000000 3.7315600000 0.0433500000 2.5164900130 0.0000000000
4.1938114381 1.2500000000 3.7315590345 0.0433686567 2.5164936138 0.0000000000
4.2015427795 1.2500000000 3.7315579585 0.0433825260 2.5164948573 0.0000000000
4.2092741104 1.2500000000 3.7315567736 0.0433916780 2.5164937788 0.0000000000
4.2170054311 1.2500000000 3.7315554818 0.0433961828 2.5164904134 0.0000000000
4.2247367417 1.2500000000 3.7315540848 0.0433961107 2.5164847964 0.0000000000
4.2324680423 1.2500000000 3.7315525843 0.0433915317 2.5164769628 0.0000000000
4.2401993331 1.2500000000 3.7315509821 0.0433825160 2.5164669478 0.0000000000
4.2479306142 1.2500000000 3.7315492800 0.0433691337 2.5164547867 0.0000000000
4.2556618859 1.2500000000 3.7315474799 0.0433514551 2.5164405145 0.0000000000
4.2633931483 1.2500000000 3.7315455833 0.0433295503 2.5164241665 0.0000000000
4.2711244015 1.2500000000 3.7315435923 0.0433034893 2.5164057778 0.0000000000
4.2788556457 1.2500000000 3.7315415084 0.0432733425 2.5163853835 0.0000000000
4.2865868810 1.2500000000 3.7315393335 0.0432391798 2.5163630189 0.0000000000
4.2943181077 1.2500000000 3.7315370694 0.0432010716 2.5163387192 0.0000000000
4.3020493258 1.2500000000 3.7315347178 0.0431590878 2.5163125194 0.0000000000
4.3097805355 1.2500000000 3.7315322805 0.0431132988 2.5162844547 0.0000000000
4.3175117370 1.2500000000 3.7315297594 0.0430637746 2.5162545604 0.0000000000
4.3252429305 1.2500000000 3.7315271561 0.0430105853 2.5162228716 0.0000000000
4.3329741160 1.2500000000 3.7315244725 0.0429538013 2.5161894234 0.0000000000
4.3407052939 1.2500000000 3.7315217103 0.0428934925 2.5161542510 0.0000000000
4.3484364641 1.2500000000 3.7315188713 0.0428297291 2.5161173897 0.0000000000
4.3561676269 1.2500000000 3.7315159572 0.0427625814 2.5160788745 0.0000000000
4.3638987825 1.2500000000 3.7315129700 0.0426921193 2.5160387406 0.0000000000
4.3716299309 1.2500000000 3.7315099112 0.0426184132 2.5159970233 0.0000000000
4.3793610724 1.2500000000 3.7315067828 0.0425415332 2.5159537576 0.0000000000
4.3870922071 1.2500000000 3.7315035865 0.0424615494 2.5159089787 0.0000000000
4.3948233352 1.2500000000 3.7315003240 0.0423785319 2.5158627219 0.0000000000
4.4025544567 1.2500000000 3.7314969972 0.0422925509 2.5158150222 0.0000000000
4.4102855720 1.2500000000 3.7314936078 0.0422036766 2.5157659148 0.0000000000
4.4180166811 1.2500000000 3.7314901576 0.0421119791 2.5157154350 0.0000000000
4.4257477842 1.2500000000 3.7314866483 0.0420175286 2.5156636178 0.0000000000
4.4334788815 1.2500000000 3.7314830819 0.0419203952 2.5156104985 0.0000000000
4.4412099731 1.2500000000 3.7314794599 0.0418206491 2.5155561122 0.0000000000
4.4489410592 1.2500000000 3.7314757842 0.0417183604 2.5155004941 0.0000000000
4.4566721399 1.2500000000 3.7314720566 0.0416135993 2.5154436793 0.0000000000
4.4644032153 1.2500000000 3.7314682789 0.0415064359 2.5153857030 0.0000000000
4.4721342858 1.2500000000 3.7314644528 0.0413969404 2.5153266005 0.0000000000
4.4798653513 1.2500000000 3.7314605801 0.0412851830 2.5152664067 0.0000000000
4.4875964121 1.2500000000 3.7314566626 0.0411712337 2.5152051570 0.0000000000
4.4953274684 1.2500000000 3.7314527021 0.0410551628 2.5151428865 0.0000000000
4.5030585202 1.2500000000 3.7314487003 0.0409370404 2.5150796304 0.0000000000
4.5107895678 1.2500000000 3.7314446590 0.0408169366 2.5150154238 0.0000000000
4.5185206112 1.2500000000 3.7314405800 0.0406949216 2.5149503018 0.0000000000
4.5262516507 1.2500000000 3.7314364651 0.0405710656 2.5148842998 0.0000000000
4.5339826865 1.2500000000 3.7314323161 0.0404454387 2.5148174528 0.0000000000
4.5417137186 1.2500000000 3.7314281346 0.0403181110 2.5147497959 0.0000000000
4.5494447472 1.2500000000 3.7314239226 0.0401891528 2.5146813645 0.0000000000
4.5571757725 1.2500000000 3.7314196817 0.0400586341 2.5146121936 0.0000000000
4.5649067947 1.2500000000 3.7314154138 0.0399266251 2.5145423183 0.0000000000
4.5726378139 1.2500000000 3.7314111206 0.0397931960 2.5144717740 0.0000000000
4.5803688303 1.2500000000 3.7314068040 0.0396584169 2.5144005957 0.0000000000
4.5880998439 1.2500000000 3.7314024656 0.0395223580 2.5143288186 0.0000000000
4.5958308551 1.2500000000 3.7313981073 0.0393850895 2.5142564779 0.0000000000
4.6035618639 1.2500000000 3.7313937308 0.0392466814 2.5141836087 0.0000000000
4.6112928705 1.2500000000 3.7313893379 0.0391072039 2.5141102463 0.0000000000
4.6190238751 1.2500000000 3.7313849305 0.0389667272 2.5140364257 0.0000000000
4.6267548777 1.2500000000 3.7313805102 0.0388253215 2.5139621822 0.0000000000
4.6344858787 1.2500000000 3.7313760788 0.0386830568 2.5138875509 0.0000000000
4.6422168781 1.2500000000 3.7313716382 0.0385400034 2.5138125670 0.0000000000
4.6499478760 1.2500000000 3.7313671900 0.0383962314 2.5137372657 0.0000000000
4.6576788727 1.2500000000 3.7313627362 0.0382518109 2.5136616820 0.0000000000
4.6654098684 1.2500000000 3.7313582784 0.0381068122 2.5135858513 0.0000000000
4.6731408631 1.2500000000 3.7313538184 0.0379613052 2.5135098086 0.0000000000
4.6808718570 1.2500000000 3.7313493580 0.0378153603 2.5134335892 0.0000000000
4.6886028503 1.2500000000 3.7313448990 0.0376690476 2.5133572281 0.0000000000
4.6963338431 1.2500000000 3.7313404432 0.0375224371 2.5132807607 0.0000000000
4.7040648357 1.2500000000 3.7313359923 0.0373755991 2.5132042219 0.0000000000
4.7117958280 1.2500000000 3.7313315481 0.0372286037 2.5131276471 0.0000000000
4.7195268205 1.2500000000 3.7313271125 0.0370815211 2.5130510713 0.0000000000
4.7272578130 1.2500000000 3.7313226870 0.0369344215 2.5129745298 0.0000000000
4.7349888060 1.2500000000 3.7313182737 0.0367873748 2.5128980576 0.0000000000
4.7427197994 1.2500000000 3.7313138741 0.0366404514 2.5128216901 0.0000000000
4.7504507934 1.2500000000 3.7313094902 0.0364937214 2.5127454623 0.0000000000
4.7581817883 1.2500000000 3.7313051236 0.0363472550 2.5126694094 0.0000000000
4.7659127841 1.2500000000 3.7313007762 0.0362011222 2.5125935666 0.0000000000
4.7736437811 1.2500000000 3.7312964497 0.0360553967 2.5125179707 0.0000000000
4.7813747794 1.2500000000 3.7312921465 0.0359101769 2.5124426697 0.0000000000
4.7891057793 1.2500000000 3.7312878688 0.0357655711 2.5123677167 0.0000000000
4.7968367811 1.2500000000 3.7312836191 0.0356216879 2.5122931644 0.0000000000
4.8045677850 1.2500000000 3.7312793996 0.0354786359 2.5122190658 0.0000000000
4.8122987913 1.2500000000 3.7312752128 0.0353365237 2.5121454739 0.0000000000
4.8200298002 1.2500000000 3.7312710611 0.0351954598 2.5120724414 0.0000000000
4.8277608119 1.2500000000 3.7312669468 0.0350555528 2.5120000213 0.0000000000
4.8354918268 1.2500000000 3.7312628723 0.0349169111 2.5119282666 0.0000000000
4.8432228451 1.2500000000 3.7312588399 0.0347796435 2.5118572301 0.0000000000
4.8509538670 1.2500000000 3.7312548521 0.0346438584 2.5117869647 0.0000000000
4.8586848927 1.2500000000 3.7312509111 0.0345096644 2.5117175233 0.0000000000
4.8664159227 1.2500000000 3.7312470195 0.0343771700 2.5116489588 0.0000000000
4.8741469569 1.2500000000 3.7312431794 0.0342464839 2.5115813242 0.0000000000
4.8818779959 1.2500000000 3.7312393934 0.0341177145 2.5115146723 0.0000000000
4.8896090397 1.2500000000 3.7312356637 0.0339909705 2.5114490561 0.0000000000
4.8973400886 1.2500000000 3.7312319928 0.0338663603 2.5113845284 0.0000000000
4.9050711430 1.2500000000 3.7312283830 0.0337439926 2.5113211422 0.0000000000
4.9128022030 1.2500000000 3.7312248368 0.0336239759 2.5112589504 0.0000000000
4.9205332689 1.2500000000 3.7312213563 0.0335064188 2.5111980058 0.0000000000
4.9282643409 1.2500000000 3.7312179441 0.0333914297 2.5111383614 0.0000000000
4.9359954194 1.2500000000 3.7312146025 0.0332791174 2.5110800700 0.0000000000
4.9437265045 1.2500000000 3.7312113339 0.0331695903 2.5110231847 0.0000000000
4.9514575965 1.2500000000 3.7312081405 0.0330629518 2.5109677557 0.0000000000
4.9591886953 1.2500000000 3.7312050227 0.0329592243 2.5109137934 0.0000000000
4.9669198008 1.2500000000 3.7312019793 0.0328583648 2.5108612761 0.0000000000
4.9746509126 1.2500000000 3.7311990092 0.0327603289 2.5108101813 0.0000000000
4.9823820305 1.2500000000 3.7311961111 0.0326650718 2.5107604862 0.0000000000
4.9901131542 1.2500000000 3.7311932839 0.0325725490 2.5107121684 0.0000000000
4.9978442835 1.2500000000 3.7311905264 0.0324827159 2.5106652051 0.0000000000
5.0055754181 1.2500000000 3.7311878374 0.0323955279 2.5106195739 0.0000000000
5.0133065579 1.2500000000 3.7311852157 0.0323109402 2.5105752521 0.0000000000
5.0210377024 1.2500000000 3.7311826602 0.0322289085 2.5105322171 0.0000000000
5.0287688515 1.2500000000 3.7311801695 0.0321493879 2.5104904463 0.0000000000
5.0365000048 1.2500000000 3.7311777426 0.0320723339 2.5104499172 0.0000000000
5.0442311623 1.2500000000 3.7311753783 0.0319977020 2.5104106070 0.0000000000
5.0519623235 1.2500000000 3.7311730753 0.0319254474 2.5103724933 0.0000000000
5.0596934883 1.2500000000 3.7311708325 0.0318555256 2.5103355534 0.0000000000
5.0674246563 1.2500000000 3.7311686487 0.0317878920 2.5102997647 0.0000000000
5.0751558274 1.2500000000 3.7311665227 0.0317225020 2.5102651046 0.0000000000
5.0828870012 1.2500000000 3.7311644533 0.0316593109 2.5102315506 0.0000000000
5.0906181775 1.2500000000 3.7311624393 0.0315982741 2.5101990800 0.0000000000
5.0983493561 1.2500000000 3.7311604796 0.0315393470 2.5101676702 0.0000000000
5.1060805367 1.2500000000 3.7311585726 0.0314824841 2.5101372972 0.0000000000
5.1138117192 1.2500000000 3.7311567151 0.0314276309 2.5101079256 0.0000000000
5.1215429035 1.2500000000 3.7311549023 0.0313747286 2.5100795136 0.0000000000
5.1292740895 1.2500000000 3.7311531298 0.0313237184 2.5100520197 0.0000000000
5.1370052772 1.2500000000 3.7311513932 0.0312745413 2.5100254022 0.0000000000
5.1447364664 1.2500000000 3.7311496877 0.0312271385 2.5099996194 0.0000000000
5.1524676571 1.2500000000 3.7311480091 0.0311814510 2.5099746297 0.0000000000
5.1601988492 1.2500000000 3.7311463526 0.0311374201 2.5099503915 0.0000000000
5.1679300427 1.2500000000 3.7311447138 0.0310949868 2.5099268631 0.0000000000
5.1756612374 1.2500000000 3.7311430883 0.0310540923 2.5099040030 0.0000000000
5.1833924333 1.2500000000 3.7311414713 0.0310146777 2.5098817693 0.0000000000
5.1911236304 1.2500000000 3.7311398585 0.0309766840 2.5098601206 0.0000000000
5.1988548284 1.2500000000 3.7311382453 0.0309400525 2.5098390151 0.0000000000
5.2065860274 1.2500000000 3.7311366271 0.0309047242 2.5098184112 0.0000000000
5.2143172273 1.2500000000 3.7311349996 0.0308706403 2.5097982673 0.0000000000
5.2220484280 1.2500000000 3.7311333580 0.0308377418 2.5097785418 0.0000000000
5.2297796294 1.2500000000 3.7311316980 0.0308059700 2.5097591929 0.0000000000
5.2375108314 1.2500000000 3.7311300149 0.0307752659 2.5097401791 0.0000000000
5.2452420340 1.2500000000 3.7311283054 0.0307455711 2.5097214632 0.0000000000
5.2529732371 1.2500000000 3.7311265704 0.0307168297 2.5097030264 0.0000000000
5.2607044408 1.2500000000 3.7311248119 0.0306889860 2.5096848549 0.0000000000
5.2684356449 1.2500000000 3.7311230319 0.0306619846 2.5096669345 0.0000000000
5.2761668494 1.2500000000 3.7311212326 0.0306357698 2.5096492513 0.0000000000
5.2838980544 1.2500000000 3.7311194159 0.0306102863 2.5096317913 0.0000000000
5.2916292597 1.2500000000 3.7311175840 0.0305854784 2.5096145405 0.0000000000
5.2993604654 1.2500000000 3.7311157389 0.0305612906 2.5095974850 0.0000000000
5.3070916713 1.2500000000 3.7311138827 0.0305376675 2.5095806106 0.0000000000
5.3148228776 1.2500000000 3.7311120173 0.0305145534 2.5095639035 0.0000000000
5.3225540841 1.2500000000 3.7311101449 0.0304918929 2.5095473497 0.0000000000
5.3302852908 1.2500000000 3.7311082675 0.0304696304 2.5095309351 0.0000000000
5.3380164976 1.2500000000 3.7311063871 0.0304477104 2.5095146457 0.0000000000
5.3457477047 1.2500000000 3.7311045059 0.0304260774 2.5094984677 0.0000000000
5.3534789118 1.2500000000 3.7311026259 0.0304046758 2.5094823869 0.0000000000
5.3612101190 1.2500000000 3.7311007491 0.0303834502 2.5094663894 0.0000000000
5.3689413262 1.2500000000 3.7310988774 0.0303623449 2.5094504604 0.0000000000
5.3766725335 1.2500000000 3.7310970099 0.0303413027 2.5094345738 0.0000000000
5.3844037408 1.2500000000 3.7310951438 0.0303202656 2.5094186946 0.0000000000
5.3921349480 1.2500000000 3.7310932761 0.0302991752 2.5094027877 0.0000000000
5.3998661551 1.2500000000 3.7310914039 0.0302779733 2.5093868178 0.0000000000
5.4075973622 1.2500000000 3.7310895240 0.0302566016 2.5093707498 0.0000000000
5.4153285691 1.2500000000 3.7310876337 0.0302350020 2.5093545486 0.0000000000
5.4230597758 1.2500000000 3.7310857299 0.0302131161 2.5093381790 0.0000000000
5.4307909824 1.2500000000 3.7310838096 0.0301908858 2.5093216058 0.0000000000
5.4385221887 1.2500000000 3.7310818699 0.0301682527 2.5093047938 0.0000000000
5.4462533948 1.2500000000 3.7310799078 0.0301451586 2.5092877078 0.0000000000
5.4539846006 1.2500000000 3.7310779204 0.0301215454 2.5092703128 0.0000000000
5.4617158061 1.2500000000 3.7310759046 0.0300973546 2.5092525734 0.0000000000
5.4694470112 1.2500000000 3.7310738576 0.0300725282 2.5092344546 0.0000000000
5.4771782160 1.2500000000 3.7310717763 0.0300470078 2.5092159212 0.0000000000
5.4849094204 1.2500000000 3.7310696577 0.0300207352 2.5091969380 0.0000000000
5.4926406244 1.2500000000 3.7310674977 0.0299936691 2.5091774716 0.0000000000
5.5003718279 1.2500000000 3.7310652889 0.0299658101 2.5091574925 0.0000000000
5.5081030310 1.2500000000 3.7310630232 0.0299371653 2.5091369720 0.0000000000
5.5158342336 1.2500000000 3.7310606929 0.0299077418 2.5091158815 0.0000000000
5.5235654357 1.2500000000 3.7310582902 0.0298775467 2.5090941923 0.0000000000
5.5312966374 1.2500000000 3.7310558069 0.0298465871 2.5090718756 0.0000000000
5.5390278385 1.2500000000 3.7310532354 0.0298148700 2.5090489028 0.0000000000
5.5467590392 1.2500000000 3.7310505677 0.0297824026 2.5090252451 0.0000000000
5.5544902393 1.2500000000 3.7310477960 0.0297491920 2.5090008738 0.0000000000
5.5622214389 1.2500000000 3.7310449123 0.0297152451 2.5089757602 0.0000000000
5.5699526380 1.2500000000 3.7310419087 0.0296805692 2.5089498756 0.0000000000
5.5776838365 1.2500000000 3.7310387775 0.0296451714 2.5089231914 0.0000000000
5.5854150345 1.2500000000 3.7310355106 0.0296090586 2.5088956787 0.0000000000
5.5931462319 1.2500000000 3.7310321002 0.0295722380 2.5088673090 0.0000000000
5.6008774287 1.2500000000 3.7310285387 0.0295347162 2.5088380542 0.0000000000
5.6086086249 1.2500000000 3.7310248276 0.0294964806 2.5088079156 0.0000000000
5.6163398204 1.2500000000 3.7310209802 0.0294574942 2.5087769316 0.0000000000
5.6240710153 1.2500000000 3.7310170108 0.0294177182 2.5087451434 0.0000000000
5.6318022093 1.2500000000 3.7310129333 0.0293771140 2.5087125919 0.0000000000
5.6395334026 1.2500000000 3.7310087619 0.0293356430 2.5086793180 0.0000000000
5.6472645950 1.2500000000 3.7310045108 0.0292932664 2.5086453628 0.0000000000
5.6549957865 1.2500000000 3.7310001940 0.0292499456 2.5086107673 0.0000000000
5.6627269770 1.2500000000 3.7309958257 0.0292056418 2.5085755724 0.0000000000
5.6704581665 1.2500000000 3.7309914199 0.0291603164 2.5085398192 0.0000000000
5.6781893549 1.2500000000 3.7309869908 0.0291139308 2.5085035486 0.0000000000
5.6859205422 1.2500000000 3.7309825525 0.0290664462 2.5084668016 0.0000000000
5.6936517284 1.2500000000 3.7309781192 0.0290178239 2.5084296193 0.0000000000
5.7013829133 1.2500000000 3.7309737048 0.0289680254 2.5083920425 0.0000000000
5.7091140970 1.2500000000 3.7309693236 0.0289170119 2.5083541123 0.0000000000
5.7168452794 1.2500000000 3.7309649839 0.0288647594 2.5083158526 0.0000000000
5.7245764605 1.2500000000 3.7309606796 0.0288112814 2.5082772438 0.0000000000
5.7323076402 1.2500000000 3.7309564020 0.0287565970 2.5082382598 0.0000000000
5.7400388187 1.2500000000 3.7309521428 0.0287007253 2.5081988744 0.0000000000
5.7477699958 1.2500000000 3.7309478936 0.0286436854 2.5081590614 0.0000000000
5.7555011716 1.2500000000 3.7309436458 0.0285854964 2.5081187946 0.0000000000
5.7632323460 1.2500000000 3.7309393910 0.0285261776 2.5080780479 0.0000000000
5.7709635192 1.2500000000 3.7309351207 0.0284657480 2.5080367949 0.0000000000
5.7786946910 1.2500000000 3.7309308265 0.0284042267 2.5079950096 0.0000000000
5.7864258615 1.2500000000 3.7309264999 0.0283416330 2.5079526656 0.0000000000
5.7941570306 1.2500000000 3.7309221324 0.0282779860 2.5079097370 0.0000000000
5.8018881985 1.2500000000 3.7309177156 0.0282133047 2.5078661973 0.0000000000
5.8096193649 1.2500000000 3.7309132410 0.0281476083 2.5078220205 0.0000000000
5.8173505301 1.2500000000 3.7309087003 0.0280809157 2.5077771803 0.0000000000
5.8250816938 1.2500000000 3.7309040865 0.0280132183 2.5077316463 0.0000000000
5.8328128560 1.2500000000 3.7308993959 0.0279444594 2.5076853804 0.0000000000
5.8405440165 1.2500000000 3.7308946251 0.0278745772 2.5076383442 0.0000000000
5.8482751753 1.2500000000 3.7308897704 0.0278035100 2.5075904988 0.0000000000
5.8560063320 1.2500000000 3.7308848285 0.0277311961 2.5075418056 0.0000000000
5.8637374866 1.2500000000 3.7308797959 0.0276575737 2.5074922260 0.0000000000
5.8714686390 1.2500000000 3.7308746689 0.0275825812 2.5074417212 0.0000000000
5.8791997890 1.2500000000 3.7308694442 0.0275061568 2.5073902526 0.0000000000
5.8869309364 1.2500000000 3.7308641183 0.0274282387 2.5073377816 0.0000000000
5.8946620811 1.2500000000 3.7308586876 0.0273487653 2.5072842694 0.0000000000
5.9023932229 1.2500000000 3.7308531486 0.0272676749 2.5072296773 0.0000000000
5.9101243618 1.2500000000 3.7308474979 0.0271849056 2.5071739668 0.0000000000
5.9178554976 1.2500000000 3.7308417319 0.0271003959 2.5071170991 0.0000000000
5.9255866300 1.2500000000 3.7308358476 0.0270140900 2.5070590393 0.0000000000
5.9333177592 1.2500000000 3.7308298451 0.0269259949 2.5069997914 0.0000000000
5.9410488852 1.2500000000 3.7308237268 0.0268361539 2.5069393820 0.0000000000
5.9487800079 1.2500000000 3.7308174951 0.0267446111 2.5068778377 0.0000000000
5.9565111274 1.2500000000 3.7308111521 0.0266514101 2.5068151856 0.0000000000
5.9642422438 1.2500000000 3.7308047004 0.0265565949 2.5067514524 0.0000000000
5.9719733571 1.2500000000 3.7307981421 0.0264602093 2.5066866649 0.0000000000
5.9797044673 1.2500000000 3.7307914796 0.0263622972 2.5066208501 0.0000000000
5.9874355746 1.2500000000 3.7307847152 0.0262629024 2.5065540347 0.0000000000
5.9951666788 1.2500000000 3.7307778513 0.0261620689 2.5064862456 0.0000000000
6.0028977801 1.2500000000 3.7307708901 0.0260598405 2.5064175096 0.0000000000
6.0106288785 1.2500000000 3.7307638340 0.0259562609 2.5063478535 0.0000000000
6.0183599741 1.2500000000 3.7307566853 0.0258513719 2.5062773029 0.0000000000
6.0260910666 1.2500000000 3.7307494430 0.0257451504 2.5062058450 0.0000000000
6.0338221559 1.2500000000 3.7307421028 0.0256375024 2.5061334250 0.0000000000
6.0415532416 1.2500000000 3.7307346602 0.0255283300 2.5060599859 0.0000000000
6.0492843234 1.2500000000 3.7307271109 0.0254175356 2.5059854707 0.0000000000
6.0570154010 1.2500000000 3.7307194502 0.0253050215 2.5059098225 0.0000000000
6.0647464741 1.2500000000 3.7307116738 0.0251906897 2.5058329842 0.0000000000
6.0724775424 1.2500000000 3.7307037772 0.0250744426 2.5057548989 0.0000000000
6.0802086055 1.2500000000 3.7306957559 0.0249561825 2.5056755095 0.0000000000
6.0879396633 1.2500000000 3.7306876054 0.0248358115 2.5055947591 0.0000000000
6.0956707153 1.2500000000 3.7306793212 0.0247132320 2.5055125907 0.0000000000
6.1034017613 1.2500000000 3.7306708989 0.0245883461 2.5054289472 0.0000000000
6.1111328009 1.2500000000 3.7306623346 0.0244610681 2.5053437784 0.0000000000
6.1188638341 1.2500000000 3.7306536266 0.0243313788 2.5052570707 0.0000000000
6.1265948607 1.2500000000 3.7306447744 0.0241992814 2.5051688230 0.0000000000
6.1343258807 1.2500000000 3.7306357774 0.0240647794 2.5050790342 0.0000000000
6.1420568938 1.2500000000 3.7306266350 0.0239278761 2.5049877033 0.0000000000
6.1497878999 1.2500000000 3.7306173466 0.0237885750 2.5048948293 0.0000000000
6.1575188991 1.2500000000 3.7306079116 0.0236468794 2.5048004111 0.0000000000
6.1652498910 1.2500000000 3.7305983294 0.0235027927 2.5047044477 0.0000000000
6.1729808758 1.2500000000 3.7305885994 0.0233563184 2.5046069380 0.0000000000
6.1807118531 1.2500000000 3.7305787210 0.0232074597 2.5045078810 0.0000000000
6.1884428229 1.2500000000 3.7305686936 0.0230562201 2.5044072756 0.0000000000
6.1961737852 1.2500000000 3.7305585167 0.0229026029 2.5043051209 0.0000000000
6.2039047395 1.2500000000 3.7305481920 0.0227465792 2.5042014127 0.0000000000
6.2116356855 1.2500000000 3.7305377279 0.0225880362 2.5040961392 0.0000000000
6.2193666224 1.2500000000 3.7305271338 0.0224268475 2.5039892873 0.0000000000
6.2270975496 1.2500000000 3.7305164191 0.0222628869 2.5038808441 0.0000000000
6.2348284666 1.2500000000 3.7305055930 0.0220960278 2.5037707962 0.0000000000
6.2425593726 1.2500000000 3.7304946650 0.0219261441 2.5036591308 0.0000000000
6.2502902670 1.2500000000 3.7304836445 0.0217531092 2.5035458346 0.0000000000
6.2580211493 1.2500000000 3.7304725407 0.0215767969 2.5034308946 0.0000000000
6.2657520187 1.2500000000 3.7304613631 0.0213970807 2.5033142977 0.0000000000
6.2734828749 1.2500000000 3.7304501219 0.0212138651 2.5031960468 0.0000000000
6.2812137179 1.2500000000 3.7304388327 0.0210272318 2.5030762365 0.0000000000
6.2889445483 1.2500000000 3.7304275128 0.0208373259 2.5029549945 0.0000000000
6.2966753665 1.2500000000 3.7304161796 0.0206442929 2.5028324486 0.0000000000
6.3044061730 1.2500000000 3.7304048505 0.0204482781 2.5027087263 0.0000000000
6.3121369682 1.2500000000 3.7303935429 0.0202494268 2.5025839555 0.0000000000
6.3198677526 1.2500000000 3.7303822743 0.0200478845 2.5024582638 0.0000000000
6.3275985267 1.2500000000 3.7303710619 0.0198437964 2.5023317790 0.0000000000
6.3353292909 1.2500000000 3.7303599231 0.0196373079 2.5022046287 0.0000000000
6.3430600457 1.2500000000 3.7303488754 0.0194285643 2.5020769405 0.0000000000
6.3507907909 1.2500000000 3.7303379124 0.0192175915 2.5019486992 0.0000000000
6.3585215247 1.2500000000 3.7303269574 0.0190040632 2.5018194677 0.0000000000
6.3662522449 1.2500000000 3.7303159208 0.0187875884 2.5016887316 0.0000000000
6.3739829492 1.2500000000 3.7303047132 0.0185677762 2.5015559764 0.0000000000
6.3817136355 1.2500000000 3.7302932451 0.0183442356 2.5014206875 0.0000000000
6.3894443015 1.2500000000 3.7302814268 0.0181165756 2.5012823506 0.0000000000
6.3971749452 1.2500000000 3.7302691690 0.0178844052 2.5011404512 0.0000000000
6.4049055651 1.2500000000 3.7302564305 0.0176475017 2.5009947356 0.0000000000
6.4126361629 1.2500000000 3.7302433287 0.0174061932 2.5008458052 0.0000000000
6.4203667409 1.2500000000 3.7302300137 0.0171609208 2.5006944361 0.0000000000
6.4280973013 1.2500000000 3.7302166354 0.0169121255 2.5005414047 0.0000000000
6.4358278465 1.2500000000 3.7302033437 0.0166602484 2.5003874872 0.0000000000
6.4435583786 1.2500000000 3.7301902887 0.0164057305 2.5002334599 0.0000000000
6.4512888989 1.2500000000 3.7301775718 0.0161488184 2.5000798277 0.0000000000
6.4590194033 1.2500000000 3.7301650877 0.0158889270 2.4999259345 0.0000000000
6.4667498866 1.2500000000 3.7301526753 0.0156252489 2.4997708137 0.0000000000
6.4744803437 1.2500000000 3.7301401738 0.0153569767 2.4996134988 0.0000000000
6.4822107693 1.2500000000 3.7301274223 0.0150833029 2.4994530232 0.0000000000
6.4899411584 1.2500000000 3.7301142646 0.0148034468 2.4992884500 0.0000000000
6.4976715112 1.2500000000 3.7301006982 0.0145174981 2.4991198051 0.0000000000
6.5054018348 1.2500000000 3.7300869045 0.0142265873 2.4989482661 0.0000000000
6.5131321364 1.2500000000 3.7300730757 0.0139319063 2.4987750782 0.0000000000
6.5208624232 1.2500000000 3.7300594037 0.0136346469 2.4986014867 0.0000000000
6.5285927024 1.2500000000 3.7300460788 0.0133359878 2.4984287232 0.0000000000
6.5363229744 1.2500000000 3.7300331253 0.0130360825 2.4982569471 0.0000000000
6.5440532281 1.2500000000 3.7300202854 0.0127333354 2.4980844889 0.0000000000
6.5517834514 1.2500000000 3.7300072739 0.0124259805 2.4979095010 0.0000000000
6.5595136319 1.2500000000 3.7299938054 0.0121122515 2.4977301353 0.0000000000
6.5672437592 1.2500000000 3.7299796450 0.0117906172 2.4975448397 0.0000000000
6.5749738379 1.2500000000 3.7299650332 0.0114617628 2.4973548510 0.0000000000
6.5827038812 1.2500000000 3.7299504722 0.0111275911 2.4971629383 0.0000000000
6.5904339023 1.2500000000 3.7299364667 0.0107900178 2.4969718868 0.0000000000
6.5981639140 1.2500000000 3.7299234960 0.0104508909 2.4967843534 0.0000000000
6.6058939185 1.2500000000 3.7299114925 0.0101106009 2.4966002233 0.0000000000
6.6136239078 1.2500000000 3.7298998596 0.0097681288 2.4964167030 0.0000000000
6.6213538735 1.2500000000 3.7298879792 0.0094223986 2.4962308894 0.0000000000
6.6290838072 1.2500000000 3.7298752436 0.0090723321 2.4960399201 0.0000000000
6.6368136998 1.2500000000 3.7298615489 0.0087167682 2.4958429161 0.0000000000
6.6445435412 1.2500000000 3.7298475137 0.0083544271 2.4956418386 0.0000000000
6.6522733211 1.2500000000 3.7298338118 0.0079840192 2.4954388679 0.0000000000
6.6600030314 1.2500000000 3.7298210534 0.0076045329 2.4952360397 0.0000000000
6.6677326856 1.2500000000 3.7298092124 0.0072177184 2.4950339501 0.0000000000
6.6754623093 1.2500000000 3.7297978979 0.0068269114 2.4948323690 0.0000000000
6.6831919282 1.2500000000 3.7297867163 0.0064354407 2.4946310546 0.0000000000
6.6909215511 1.2500000000 3.7297754416 0.0060445125 2.4944295842 0.0000000000
6.6986511577 1.2500000000 3.7297641360 0.0056516661 2.4942272236 0.0000000000
6.7063807250 1.2500000000 3.7297528909 0.0052540769 2.4940232075 0.0000000000
6.7141102328 1.2500000000 3.7297418356 0.0048493050 2.4938170772 0.0000000000
6.7218396902 1.2500000000 3.7297314418 0.0044383625 2.4936111250 0.0000000000
6.7295691213 1.2500000000 3.7297223621 0.0040240830 2.4934090945 0.0000000000
6.7372985474 1.2500000000 3.7297151093 0.0036090103 2.4932140543 0.0000000000
6.7450279619 1.2500000000 3.7297087418 0.0031925403 2.4930219965 0.0000000000
6.7527573417 1.2500000000 3.7297014624 0.0027722169 2.4928247495 0.0000000000
6.7604866669 1.2500000000 3.7296918585 0.0023459282 2.4926158183 0.0000000000
6.7682159415 1.2500000000 3.7296811793 0.0019140390 2.4924003459 0.0000000000
6.7759451797 1.2500000000 3.7296717719 0.0014779356 2.4921882749 0.0000000000
6.7836743937 1.2500000000 3.7296656655 0.0010388463 2.4919882134 0.0000000000
6.7914035816 1.2500000000 3.7296622290 0.0005966690 2.4917975965 0.0000000000
6.7991327345 1.2500000000 3.7296595190 0.0001506446 2.4916083466 0.0000000000
6.8068618471 1.2500000000 3.7296561855 -0.0002996592 2.4914148914 0.0000000000
6.8145909231 1.2500000000 3.7296523590 -0.0007538606 2.4912179049 0.0000000000
6.8223199675 1.2500000000 3.7296483922 -0.0012114616 2.4910189973 0.0000000000
6.8300489828 1.2500000000 3.7296446056 -0.0016721966 2.4908195567 0.0000000000
6.8377779683 1.2500000000 3.7296412785 -0.0021360964 2.4906206883 0.0000000000
6.8455069229 1.2500000000 3.7296386876 -0.0026032115 2.4904234789 0.0000000000
6.8532358458 1.2500000000 3.7296371098 -0.0030735919 2.4902290153 0.0000000000
6.8609647359 1.2500000000 3.7296368216 -0.0035472880 2.4900383843 0.0000000000
6.8686935922 1.2500000000 3.7296380999 -0.0040243500 2.4898526725 0.0000000000
6.8764224142 1.2500000000 3.7296412137 -0.0045047873 2.4896729529 0.0000000000
6.8841512286 1.2500000000 3.7296459358 -0.0049859347 2.4894993825 0.0000000000
6.8918801048 1.2500000000 3.7296512468 -0.0054609090 2.4893306365 0.0000000000
6.8996090282 1.2500000000 3.7296563524 -0.0059311566 2.4891629601 0.0000000000
6.9073378068 1.2500000000 3.7296610625 -0.0064156481 2.4889880036 0.0000000000
6.9150663618 1.2500000000 3.7296658320 -0.0069221678 2.4888044737 0.0000000000
6.9227948864 1.2500000000 3.7296722663 -0.0074316264 2.4886264278 0.0000000000
6.9305234970 1.2500000000 3.7296811730 -0.0079324928 2.4884617078 0.0000000000
6.9382521281 1.2500000000 3.7296918064 -0.0084311369 2.4883047840 0.0000000000
6.9459807279 1.2500000000 3.7297031284 -0.0089327033 2.4881494451 0.0000000000
6.9537093195 1.2500000000 3.7297137888 -0.0094352330 2.4879910751 0.0000000000
6.9614378810 1.2500000000 3.7297249482 -0.0099405518 2.4878335850 0.0000000000
6.9691663180 1.2500000000 3.7297408709 -0.0104567128 2.4876908116 0.0000000000
6.9768946334 1.2500000000 3.7297594604 -0.0109837698 2.4875543466 0.0000000000
6.9846228850 1.2500000000 3.7297755939 -0.0115171048 2.4874055468 0.0000000000
6.9923510602 1.2500000000 3.7297909576 -0.0120573966 2.4872508849 0.0000000000
7.0000791570 1.2500000000 3.7298080245 -0.0126043429 2.4871003738 0.0000000000
7.0078072730 1.2500000000 3.7298255927 -0.0131495221 2.4869525748 0.0000000000
7.0155354257 1.2500000000 3.7298430488 -0.0136914514 2.4868056276 0.0000000000
7.0232634806 1.2500000000 3.7298618985 -0.0142416974 2.4866609283 0.0000000000
7.0309914176 1.2500000000 3.7298830288 -0.0148017614 2.4865214238 0.0000000000
7.0387192895 1.2500000000 3.7299068686 -0.0153667313 2.4863907950 0.0000000000
7.0464470938 1.2500000000 3.7299340957 -0.0159364348 2.4862718217 0.0000000000
7.0541748593 1.2500000000 3.7299629195 -0.0165089942 2.4861580933 0.0000000000
7.0619025941 1.2500000000 3.7299894731 -0.0170848478 2.4860339663 0.0000000000
7.0696301364 1.2500000000 3.7300115877 -0.0176777162 2.4858852773 0.0000000000
7.0773574577 1.2500000000 3.7300366271 -0.0182875601 2.4857414972 0.0000000000
7.0850846481 1.2500000000 3.7300707512 -0.0189050574 2.4856309949 0.0000000000
7.0928117481 1.2500000000 3.7301018923 -0.0195305168 2.4855053756 0.0000000000
7.1005388305 1.2500000000 3.7301268856 -0.0201591361 2.4853539009 0.0000000000
7.1082658443 1.2500000000 3.7301518984 -0.0207928729 2.4852004574 0.0000000000
7.1159926185 1.2500000000 3.7301852361 -0.0214423313 2.4850740251 0.0000000000
7.1237193318 1.2500000000 3.7302234011 -0.0220948037 2.4849656961 0.0000000000
7.1314458863 1.2500000000 3.7302531142 -0.0227613297 2.4848179379 0.0000000000
7.1391720862 1.2500000000 3.7302823019 -0.0234532313 2.4846579282 0.0000000000
7.1468980933 1.2500000000 3.7303216911 -0.0241555437 2.4845345599 0.0000000000
7.1546242881 1.2500000000 3.7303584074 -0.0248456646 2.4844053767 0.0000000000
7.1623502535 1.2500000000 3.7303964570 -0.0255512465 2.4842753423 0.0000000000
7.1700756941 1.2500000000 3.7304283623 -0.0262936507 2.4841060021 0.0000000000
7.1778007657 1.2500000000 3.7304674973 -0.0270575489 2.4839569826 0.0000000000
7.1855259142 1.2500000000 3.7305096865 -0.0278155914 2.4838225225 0.0000000000
7.1932510501 1.2500000000 3.7305506815 -0.0285747611 2.4836828346 0.0000000000
7.2009759469 1.2500000000 3.7305934320 -0.0293485858 2.4835443067 0.0000000000
7.2087004019 1.2500000000 3.7306359765 -0.0301492990 2.4833941996 0.0000000000
7.2164246367 1.2500000000 3.7306803743 -0.0309626637 2.4832464449 0.0000000000
7.2241490804 1.2500000000 3.7307242109 -0.0317636066 2.4831014141 0.0000000000
7.2318726455 1.2500000000 3.7307692615 -0.0326157801 2.4829407470 0.0000000000
7.2395959244 1.2500000000 3.7308149735 -0.0334835976 2.4827764679 0.0000000000
7.2473193817 1.2500000000 3.7308615797 -0.0343412383 2.4826198364 0.0000000000
7.2550423667 1.2500000000 3.7309094851 -0.0352243270 2.4824582227 0.0000000000
7.2627645595 1.2500000000 3.7309577982 -0.0361498678 2.4822812587 0.0000000000
7.2704865984 1.2500000000 3.7310080229 -0.0370827062 2.4821090222 0.0000000000
7.2782088389 1.2500000000 3.7310474199 -0.0380080798 2.4818964607 0.0000000000
7.2859299914 1.2500000000 3.7311001314 -0.0389850060 2.4817165363 0.0000000000
7.2936516545 1.2500000000 3.7311536505 -0.0399359017 2.4815502544 0.0000000000
7.3013728679 1.2500000000 3.7311973097 -0.0409125199 2.4813342440 0.0000000000
7.3090926309 1.2500000000 3.7312517488 -0.0419550681 2.4811349808 0.0000000000
7.3168129572 1.2500000000 3.7313039269 -0.0429718101 2.4809369967 0.0000000000
7.3245333933 1.2500000000 3.7313463506 -0.0439866760 2.4807007449 0.0000000000
7.3322510600 1.2500000000 3.7313936240 -0.0451238438 2.4804349716 0.0000000000
7.3399690052 1.2500000000 3.7314547392 -0.0462447945 2.4802310521 0.0000000000
7.3476876156 1.2500000000 3.7315012454 -0.0473379035 2.4799798332 0.0000000000
7.3554047836 1.2500000000 3.7315486732 -0.0484964491 2.4797061261 0.0000000000
7.3631202513 1.2500000000 3.7316107211 -0.0497194424 2.4794651204 0.0000000000
7.3708373431 1.2500000000 3.7316617011 -0.0508806086 2.4792045741 0.0000000000
7.3785522077 1.2500000000 3.7317238354 -0.0521261573 2.4789548917 0.0000000000
7.3862669051 1.2500000000 3.7317817451 -0.0533804469 2.4786848146 0.0000000000
7.3939821771 1.2500000000 3.7318313172 -0.0546150139 2.4783892765 0.0000000000
7.4016946758 1.2500000000 3.7318880137 -0.0559510471 2.4780816488 0.0000000000
7.4094073044 1.2500000000 3.7319495345 -0.0572814754 2.4777955607 0.0000000000
7.4171202028 1.2500000000 3.7320131533 -0.0586014874 2.4775220311 0.0000000000
7.4248316187 1.2500000000 3.7320586657 -0.0599777342 2.4771535820 0.0000000000
7.4325423057 1.2500000000 3.7321269293 -0.0613739590 2.4768681464 0.0000000000
7.4402520217 1.2500000000 3.7321772276 -0.0628092078 2.4764952401 0.0000000000
7.4479590198 1.2500000000 3.7322384607 -0.0643292502 2.4761321557 0.0000000000
7.4556677811 1.2500000000 3.7322905753 -0.0657952296 2.4757542226 0.0000000000
7.4633737619 1.2500000000 3.7323509342 -0.0673478051 2.4753746278 0.0000000000
7.4710814445 1.2500000000 3.7324197145 -0.0688442437 2.4750511734 0.0000000000
7.4787863431 1.2500000000 3.7324780619 -0.0704278564 2.4746511180 0.0000000000
7.4864923382 1.2500000000 3.7325481131 -0.0719773953 2.4743115073 0.0000000000
7.4941971672 1.2500000000 3.7326013264 -0.0735669799 2.4738885265 0.0000000000
7.5018992221 1.2500000000 3.7326806075 -0.0752310705 2.4735400146 0.0000000000
7.5096040152 1.2500000000 3.7327482743 -0.0768163938 2.4731765527 0.0000000000
7.5173050464 1.2500000000 3.7328073358 -0.0785094522 2.4727355755 0.0000000000
7.5250052152 1.2500000000 3.7328751803 -0.0802307603 2.4723184302 0.0000000000
7.5327050377 1.2500000000 3.7329335477 -0.0819646976 2.4718583248 0.0000000000
7.5404011794 1.2500000000 3.7330074523 -0.0837908196 2.4714234944 0.0000000000
7.5480985657 1.2500000000 3.7330586025 -0.0855910956 2.4709079849 0.0000000000
7.5557926320 1.2500000000 3.7331197943 -0.0874741031 2.4703995490 0.0000000000
7.5634873149 1.2500000000 3.7331849145 -0.0893265932 2.4699190336 0.0000000000
7.5711846561 1.2500000000 3.7332469471 -0.0911254776 2.4694476103 0.0000000000
7.5788725843 1.2500000000 3.7333202481 -0.0931530545 2.4689297836 0.0000000000
7.5865713322 1.2500000000 3.7333896705 -0.0949132724 2.4685033862 0.0000000000
7.5942583863 1.2500000000 3.7334541913 -0.0969673207 2.4679398497 0.0000000000
7.6019483170 1.2500000000 3.7335086574 -0.0989549190 2.4673626751 0.0000000000
7.6096322983 1.2500000000 3.7335770260 -0.1010778621 2.4667869723 0.0000000000
7.6173182968 1.2500000000 3.7336413948 -0.1031585384 2.4662121768 0.0000000000
7.6250012259 1.2500000000 3.7337015641 -0.1053003077 2.4655961463 0.0000000000
7.6326800733 1.2500000000 3.7337506056 -0.1075216438 2.4649037780 0.0000000000
7.6403620407 1.2500000000 3.7338042050 -0.1096951552 2.4642487709 0.0000000000
7.6480460710 1.2500000000 3.7338430383 -0.1118169006 2.4635554059 0.0000000000
7.6557188510 1.2500000000 3.7339001211 -0.1141782048 2.4628392155 0.0000000000
7.6633981678 1.2500000000 3.7339411959 -0.1163981301 2.4621155444 0.0000000000
7.6710675643 1.2500000000 3.7339896846 -0.1188285586 2.4613373279 0.0000000000
7.6787367627 1.2500000000 3.7340195418 -0.1212408898 2.4604918243 0.0000000000
7.6864056682 1.2500000000 3.7340573047 -0.1236827973 2.4596661130 0.0000000000
7.6940794669 1.2500000000 3.7340800331 -0.1260291787 2.4588184741 0.0000000000
7.7017293966 1.2500000000 3.7341064290 -0.1288188730 2.4578081800 0.0000000000
7.7093975799 1.2500000000 3.7341285772 -0.1312809087 2.4569119584 0.0000000000
7.7170579239 1.2500000000 3.7341448617 -0.1338924717 2.4559324712 0.0000000000
7.7246863060 1.2500000000 3.7340995764 -0.1370188463 2.4545007802 0.0000000000
7.7323591577 1.2500000000 3.7341221614 -0.1393952251 2.4536405684 0.0000000000
7.7400133047 1.2500000000 3.7341235801 -0.1421197401 2.4525564374 0.0000000000
7.7476620952 1.2500000000 3.7340992257 -0.1449347053 2.4513330339 0.0000000000
7.7553097605 1.2500000000 3.7340592798 -0.1477441820 2.4500494593 0.0000000000
7.7629270578 1.2500000000 3.7340059546 -0.1509541359 2.4485521770 0.0000000000
7.7705490043 1.2500000000 3.7339253127 -0.1541184227 2.4469638947 0.0000000000
7.7781726092 1.2500000000 3.7338545870 -0.1572815680 2.4454157337 0.0000000000
7.7856558487 1.2500000000 3.7337625216 -0.1613521412 2.4434192429 0.0000000000
7.7932829592 1.2500000000 3.7336205639 -0.1642147698 2.4417063606 0.0000000000
7.8008652627 1.2500000000 3.7334365741 -0.1679552208 2.4394742209 0.0000000000
7.8084319695 1.2500000000 3.7332228443 -0.1718830499 2.4370481703 0.0000000000
7.8159720461 1.2500000000 3.7329685053 -0.1761046116 2.4343421894 0.0000000000
7.8234735476 1.2500000000 3.7326525327 -0.1807079337 2.4312369702 0.0000000000
7.8309652036 1.2500000000 3.7323471324 -0.1854149198 2.4281325749 0.0000000000
7.8384154406 1.2500000000 3.7320177833 -0.1905079266 2.4247779756 0.0000000000
7.8458198937 1.2500000000 3.7316357962 -0.1959817387 2.4210605025 0.0000000000
7.8531787289 1.2500000000 3.7312171975 -0.2018113303 2.4170542710 0.0000000000
7.8604742768 1.2500000000 3.7307658188 -0.2081039473 2.4127317094 0.0000000000
7.8677497833 1.2500000000 3.7303030067 -0.2144291560 2.4083503774 0.0000000000
7.8747760538 1.2500000000 3.7296641703 -0.2223099286 2.4026427226 0.0000000000
7.8815155845 1.2500000000 3.7289007801 -0.2315781640 2.3958818678 0.0000000000
7.8880031309 1.2500000000 3.7280933029 -0.2418898748 2.3885272747 0.0000000000
7.8942615729 1.2500000000 3.7272426522 -0.2530342602 2.3806669177 0.0000000000
7.8991786060 1.2500000000 3.7260553614 -0.2674691003 2.3701438184 0.0000000000
7.9028658886 1.2500000000 3.7248437902 -0.2841756543 2.3586149119 0.0000000000
7.9058628449 1.2500000000 3.7236521708 -0.3017345040 2.3468248945 0.0000000000
7.9082681369 1.2500000000 3.7224934347 -0.3198687690 2.3349362441 0.0000000000
7.9101732165 1.2500000000 3.7213836678 -0.3383908454 2.3230883460 0.0000000000
7.9116732720 1.2500000000 3.7203299049 -0.3571655434 2.3113634154 0.0000000000
7.9128361703 1.2500000000 3.7193040570 -0.3760997440 2.2996863435 0.0000000000
7.9137722753 1.2500000000 3.7183273790 -0.3951286785 2.2881680575 0.0000000000
7.9145041311 1.2500000000 3.7173618910 -0.4142173677 2.2766706299 0.0000000000
7.9150482092 1.2500000000 3.7163721083 -0.4333376548 2.2650633841 0.0000000000
7.9154625435 1.2500000000 3.7154656360 -0.4525041443 2.2537708992 0.0000000000
7.9157900084 1.2500000000 3.7145997903 -0.4716930265 2.2426319638 0.0000000000
7.9160513318 1.2500000000 3.7137775139 -0.4908999586 2.2316600853 0.0000000000
7.9162605223 1.2500000000 3.7129654088 -0.5101138409 2.2207261117 0.0000000000
7.9164296760 1.2500000000 3.7121637321 -0.5293327784 2.2098318301 0.0000000000
7.9165683384 1.2500000000 3.7113751748 -0.5485568149 2.1989879863 0.0000000000
7.9166829649 1.2500000000 3.7106189351 -0.5677899075 2.1882697903 0.0000000000
7.9167794995 1.2500000000 3.7098700000 -0.5870250000 2.1775800130 0.0000000000
7.9168134845 1.2500000000 3.7095400000 -0.5945500000 2.1732500130 0.0000000000
7.9169574410 1.2500000000 3.7081244925 -0.6335113522 2.1520034422 0.0000000000
7.9170703432 1.2500000000 3.7067829541 -0.6724891656 2.1310461633 0.0000000000
7.9171651368 1.2500000000 3.7055177439 -0.7114847683 2.1103870813 0.0000000000
7.9172539916 1.2500000000 3.7042638099 -0.7504827264 2.0897721623 0.0000000000
7.9173392762 1.2500000000 3.7030056746 -0.7894799146 2.0691407456 0.0000000000
7.9174224008 1.2500000000 3.7018415085 -0.8284954259 2.0488778767 0.0000000000
7.9175057970 1.2500000000 3.7006561477 -0.8675069424 2.0285318270 0.0000000000
7.9175883863 1.2500000000 3.6994472571 -0.9065139026 2.0080934803 0.0000000000
7.9176714249 1.2500000000 3.6982113512 -0.9455154931 1.9875492204 0.0000000000
7.9177569156 1.2500000000 3.6970480993 -0.9845318181 1.9672896831 0.0000000000
7.9178498497 1.2500000000 3.6958908911 -1.0235606266 1.9470493269 0.0000000000
7.9179646295 1.2500000000 3.6947361870 -1.0626461699 1.9267962930 0.0000000000
7.9182721009 1.2500000000 3.6937178048 -1.0984311653 1.9084087662 0.0000000000
7.9184119579 1.2500000000 3.6951822753 -1.0524575636 1.9326560886 0.0000000000
7.9185916515 1.2500000000 3.6963168429 -1.0163220539 1.9516485629 0.0000000000
7.9187723444 1.2500000000 3.6974893130 -0.9772430351 1.9719700511 0.0000000000
7.9190681127 1.2500000000 3.6986766754 -0.9382205443 1.9923284970 0.0000000000
7.9195343280 1.2500000000 3.6999331383 -0.8992206845 2.0129542926 0.0000000000
7.9204152789 1.2500000000 3.7010801538 -0.8605471485 2.0330117688 0.0000000000
7.9232213844 1.2500000000 3.7007930932 -0.8638460969 2.0305439470 0.0000000000
7.9250473160 1.2500000000 3.6994832006 -0.9024954517 2.0098446348 0.0000000000
7.9263666617 1.2500000000 3.6982010566 -0.9413632113 1.9891689547 0.0000000000
7.9277811367 1.2500000000 3.6969956890 -0.9802119466 1.9688079905 0.0000000000
7.9292436954 1.2500000000 3.6958144201 -1.0190529409 1.9485465169 0.0000000000
7.9306923311 1.2500000000 3.6946050345 -1.0578918300 1.9281734189 0.0000000000
7.9320985748 1.2500000000 3.6933999682 -1.0967413055 1.9078133636 0.0000000000
7.9334497416 1.2500000000 3.6922870509 -1.1356202608 1.8878101124 0.0000000000
7.9347457067 1.2500000000 3.6911271385 -1.1745023402 1.8676176309 0.0000000000
7.9359819350 1.2500000000 3.6898707335 -1.2133778485 1.8470418075 0.0000000000
7.9371601936 1.2500000000 3.6887423259 -1.2522890946 1.8269636786 0.0000000000
7.9382804110 1.2500000000 3.6875872561 -1.2912061720 1.8067765684 0.0000000000
7.9393430202 1.2500000000 3.6864005053 -1.3301273385 1.7864610987 0.0000000000
7.9403506480 1.2500000000 3.6852489139 -1.3690640317 1.7662800560 0.0000000000
7.9413130291 1.2500000000 3.6841010847 -1.4080089518 1.7461107712 0.0000000000
7.9422318226 1.2500000000 3.6828469900 -1.4469396507 1.7255221128 0.0000000000
7.9431035915 1.2500000000 3.6817245810 -1.4859025080 1.7054473339 0.0000000000
7.9439319759 1.2500000000 3.6805463579 -1.5248608525 1.6851511037 0.0000000000
7.9447199146 1.2500000000 3.6793541117 -1.5638218034 1.6647977385 0.0000000000
7.9454703894 1.2500000000 3.6782309422 -1.6028002492 1.6447136820 0.0000000000
7.9462009594 1.2500000000 3.6769961650 -1.6417599925 1.6241906760 0.0000000000
7.9468952777 1.2500000000 3.6758143167 -1.6807340078 1.6038736768 0.0000000000
7.9475448737 1.2500000000 3.6746375777 -1.7197137342 1.5835748301 0.0000000000
7.9481691825 1.2500000000 3.6734173180 -1.7586878530 1.5631041439 0.0000000000
7.9487720988 1.2500000000 3.6723022079 -1.7976838401 1.5430453085 0.0000000000
7.9493542306 1.2500000000 3.6710361149 -1.8366522206 1.5223935843 0.0000000000
7.9499183365 1.2500000000 3.6698458060 -1.8756378306 1.5020381049 0.0000000000
7.9504660698 1.2500000000 3.6686614207 -1.9146259726 1.4817053068 0.0000000000
7.9509962973 1.2500000000 3.6674265516 -1.9536057918 1.4611739027 0.0000000000
7.9515120403 1.2500000000 3.6662036943 -1.9925893001 1.4406890704 0.0000000000
7.9520148263 1.2500000000 3.6649723892 -2.0315722096 1.4201706861 0.0000000000
7.9525060098 1.2500000000 3.6637796631 -2.0705633742 1.3998033158 0.0000000000
7.9529835342 1.2500000000 3.6625226240 -2.1095431047 1.3791832670 0.0000000000
7.9534495442 1.2500000000 3.6612920091 -2.1485290105 1.3586664454 0.0000000000
7.9539025334 1.2500000000 3.6600402393 -2.1875116772 1.3380662993 0.0000000000
7.9543412764 1.2500000000 3.6588298626 -2.2265034602 1.3176280795 0.0000000000
7.9547594751 1.2500000000 3.6575616229 -2.2654852468 1.2969624058 0.0000000000
7.9551549252 1.2500000000 3.6562960082 -2.3044689683 1.2763064586 0.0000000000
7.9555384541 1.2500000000 3.6550498879 -2.3434572810 1.2557266523 0.0000000000
7.9559245463 1.2500000000 3.6538204918 -2.3824488270 1.2352124496 0.0000000000
7.9563118773 1.2500000000 3.6525425295 -2.4214306128 1.2145078858 0.0000000000
7.9566966756 1.2500000000 3.6512453478 -2.4604084608 1.1937280198 0.0000000000
7.9570790070 1.2500000000 3.6499791007 -2.4993928112 1.1730692911 0.0000000000
7.9574601386 1.2500000000 3.6486669914 -2.5383678637 1.1522308333 0.0000000000
7.9578408930 1.2500000000 3.6474119312 -2.5773546035 1.1316158962 0.0000000000
7.9582225025 1.2500000000 3.6461264394 -2.6163346653 1.1108819044 0.0000000000
7.9586044462 1.2500000000 3.6448457033 -2.6553161216 1.0901663777 0.0000000000
7.9589870342 1.2500000000 3.6435155504 -2.6942872954 1.0692572964 0.0000000000
7.9593684392 1.2500000000 3.6421998644 -2.7332614412 1.0484048941 0.0000000000
7.9597449067 1.2500000000 3.6409056703 -2.7722403592 1.0276365505 0.0000000000
7.9601112255 1.2500000000 3.6395263981 -2.8112019934 1.0065348082 0.0000000000
7.9604599090 1.2500000000 3.6382992609 -2.8501960818 0.9860286238 0.0000000000
7.9607823447 1.2500000000 3.6369488052 -2.8891663541 0.9650386922 0.0000000000
7.9610699798 1.2500000000 3.6356219829 -2.9281432663 0.9441406381 0.0000000000
7.9613182097 1.2500000000 3.6342620462 -2.9671147301 0.9231123057 0.0000000000
7.9615305987 1.2500000000 3.6329007484 -3.0060871929 0.9020781293 0.0000000000
7.9617176468 1.2500000000 3.6315563016 -3.0450641425 0.8811095623 0.0000000000
7.9618959757 1.2500000000 3.6302498605 -3.0840494650 0.8602896691 0.0000000000
7.9620890310 1.2500000000 3.6288940698 -3.1230238171 0.8392767653 0.0000000000
7.9622924820 1.2500000000 3.6275038915 -3.1619903027 0.8181294580 0.0000000000
7.9624562151 1.2500000000 3.6261484038 -3.2009653232 0.7971174988 0.0000000000
7.9626056726 1.2500000000 3.6248232225 -3.2399474827 0.7762239100 0.0000000000
7.9627452950 1.2500000000 3.6234367319 -3.2789163104 0.7550904164 0.0000000000
7.9628967910 1.2500000000 3.6220194741 -3.3178781540 0.7338366479 0.0000000000
7.9630545599 1.2500000000 3.6207351351 -3.3568679655 0.7131033670 0.0000000000
7.9632165359 1.2500000000 3.6192917500 -3.3958236741 0.6917475433 0.0000000000
7.9633984569 1.2500000000 3.6179456509 -3.4347996641 0.6707727508 0.0000000000
7.9634968481 1.2500000000 3.6165477226 -3.4737667801 0.6495941912 0.0000000000
7.9635592387 1.2500000000 3.6151204132 -3.5127276683 0.6283005986 0.0000000000
7.9635607735 1.2500000000 3.6137360319 -3.5516988434 0.6071746032 0.0000000000
7.9635745462 1.2500000000 3.6123190963 -3.5906625592 0.5859213745 0.0000000000
7.9635878376 1.2500000000 3.6109153058 -3.6296292724 0.5647195272 0.0000000000
7.9636025024 1.2500000000 3.6095120445 -3.6685957620 0.5435198864 0.0000000000
7.9636196095 1.2500000000 3.6080707508 -3.7075533950 0.5221716582 0.0000000000
7.9636398807 1.2500000000 3.6066661682 -3.7465199334 0.5009667125 0.0000000000
7.9636644709 1.2500000000 3.6052859909 -3.7854910144 0.4798575708 0.0000000000
7.9636958217 1.2500000000 3.6038015231 -3.8244330269 0.4583428948 0.0000000000
7.9637429261 1.2500000000 3.6023800975 -3.8634217093 0.4370617191 0.0000000000
7.9637971980 1.2500000000 3.6029844315 -3.8484140067 0.4454821363 0.0000000000
7.9638020263 1.2500000000 3.6044100000 -3.8095500000 0.4667300130 0.0000000000
