# logAge Mass logTe Mbol logg C/O
4.1860800861 0.5900000000 3.7372600000 0.8104500000 2.5200720116 0.0000000000
4.1937887998 0.5900000000 3.7372538714 0.8102201779 2.5199555684 0.0000000000
4.2014975135 0.5900000000 3.7372477428 0.8099903558 2.5198391252 0.0000000000
4.2092062273 0.5900000000 3.7372416142 0.8097605337 2.5197226820 0.0000000000
4.2169149410 0.5900000000 3.7372354856 0.8095307116 2.5196062388 0.0000000000
4.2246236547 0.5900000000 3.7372293571 0.8093008895 2.5194897957 0.0000000000
4.2323323684 0.5900000000 3.7372232285 0.8090710674 2.5193733525 0.0000000000
4.2400410821 0.5900000000 3.7372170999 0.8088412453 2.5192569093 0.0000000000
4.2477497959 0.5900000000 3.7372109713 0.8086114232 2.5191404661 0.0000000000
4.2554585096 0.5900000000 3.7372048427 0.8083816011 2.5190240229 0.0000000000
4.2631672233 0.5900000000 3.7371987141 0.8081517790 2.5189075797 0.0000000000
4.2708759370 0.5900000000 3.7371925855 0.8079219569 2.5187911365 0.0000000000
4.2785846508 0.5900000000 3.7371864569 0.8076921348 2.5186746933 0.0000000000
4.2862933645 0.5900000000 3.7371803283 0.8074623127 2.5185582501 0.0000000000
4.2940020782 0.5900000000 3.7371741997 0.8072324906 2.5184418069 0.0000000000
4.3017107919 0.5900000000 3.7371680712 0.8070026685 2.5183253637 0.0000000000
4.3094195056 0.5900000000 3.7371619426 0.8067728464 2.5182089205 0.0000000000
4.3171282194 0.5900000000 3.7371558140 0.8065430243 2.5180924773 0.0000000000
4.3248369331 0.5900000000 3.7371496854 0.8063132022 2.5179760341 0.0000000000
4.3325456468 0.5900000000 3.7371435568 0.8060833801 2.5178595909 0.0000000000
4.3402543605 0.5900000000 3.7371374282 0.8058535580 2.5177431477 0.0000000000
4.3479630742 0.5900000000 3.7371312996 0.8056237359 2.5176267045 0.0000000000
4.3556717880 0.5900000000 3.7371251710 0.8053939138 2.5175102613 0.0000000000
4.3633805017 0.5900000000 3.7371190424 0.8051640917 2.5173938181 0.0000000000
4.3710892154 0.5900000000 3.7371129139 0.8049342696 2.5172773749 0.0000000000
4.3787979291 0.5900000000 3.7371067853 0.8047044475 2.5171609317 0.0000000000
4.3865066429 0.5900000000 3.7371006567 0.8044746254 2.5170444885 0.0000000000
4.3942153566 0.5900000000 3.7370945281 0.8042448033 2.5169280453 0.0000000000
4.4019240703 0.5900000000 3.7370883995 0.8040149812 2.5168116021 0.0000000000
4.4096327840 0.5900000000 3.7370822709 0.8037851590 2.5166951589 0.0000000000
4.4173414977 0.5900000000 3.7370761423 0.8035553369 2.5165787157 0.0000000000
4.4250502115 0.5900000000 3.7370700137 0.8033255148 2.5164622725 0.0000000000
4.4327589252 0.5900000000 3.7370638851 0.8030956927 2.5163458293 0.0000000000
4.4404676389 0.5900000000 3.7370577566 0.8028658706 2.5162293861 0.0000000000
4.4481763526 0.5900000000 3.7370516280 0.8026360485 2.5161129429 0.0000000000
4.4558850663 0.5900000000 3.7370454994 0.8024062264 2.5159964997 0.0000000000
4.4635937801 0.5900000000 3.7370393708 0.8021764043 2.5158800565 0.0000000000
4.4713024938 0.5900000000 3.7370332422 0.8019465822 2.5157636133 0.0000000000
4.4790112075 0.5900000000 3.7370271136 0.8017167601 2.5156471701 0.0000000000
4.4867199212 0.5900000000 3.7370209850 0.8014869380 2.5155307269 0.0000000000
4.4944286350 0.5900000000 3.7370148564 0.8012571159 2.5154142837 0.0000000000
4.5021373487 0.5900000000 3.7370087278 0.8010272938 2.5152978405 0.0000000000
4.5098460624 0.5900000000 3.7370025992 0.8007974717 2.5151813973 0.0000000000
4.5175547761 0.5900000000 3.7369964707 0.8005676496 2.5150649541 0.0000000000
4.5252634898 0.5900000000 3.7369903421 0.8003378275 2.5149485109 0.0000000000
4.5329722036 0.5900000000 3.7369842135 0.8001080054 2.5148320677 0.0000000000
4.5406809173 0.5900000000 3.7369834709 0.7999557849 2.5147682093 0.0000000000
4.5483896310 0.5900000000 3.7369945784 0.7999742973 2.5148200440 0.0000000000
4.5560983447 0.5900000000 3.7370056858 0.7999928096 2.5148718786 0.0000000000
4.5638070585 0.5900000000 3.7370167932 0.8000113220 2.5149237132 0.0000000000
4.5715157722 0.5900000000 3.7370279006 0.8000298344 2.5149755479 0.0000000000
4.5792244859 0.5900000000 3.7370390080 0.8000483467 2.5150273825 0.0000000000
4.5869331996 0.5900000000 3.7370501155 0.8000668591 2.5150792171 0.0000000000
4.5946419133 0.5900000000 3.7370612229 0.8000853715 2.5151310518 0.0000000000
4.6023506271 0.5900000000 3.7370723303 0.8001038838 2.5151828864 0.0000000000
4.6100593408 0.5900000000 3.7370834377 0.8001223962 2.5152347210 0.0000000000
4.6177680545 0.5900000000 3.7370945451 0.8001409086 2.5152865557 0.0000000000
4.6254767682 0.5900000000 3.7371056526 0.8001594209 2.5153383903 0.0000000000
4.6331854819 0.5900000000 3.7371167600 0.8001779333 2.5153902249 0.0000000000
4.6408941957 0.5900000000 3.7371278674 0.8001964457 2.5154420596 0.0000000000
4.6486029094 0.5900000000 3.7371389748 0.8002149581 2.5154938942 0.0000000000
4.6563116231 0.5900000000 3.7371500823 0.8002334704 2.5155457288 0.0000000000
4.6640203368 0.5900000000 3.7371611897 0.8002519828 2.5155975634 0.0000000000
4.6717290506 0.5900000000 3.7371722971 0.8002704952 2.5156493981 0.0000000000
4.6794377643 0.5900000000 3.7371834045 0.8002890075 2.5157012327 0.0000000000
4.6871464780 0.5900000000 3.7371945119 0.8003075199 2.5157530673 0.0000000000
4.6948551917 0.5900000000 3.7372056194 0.8003260323 2.5158049020 0.0000000000
4.7025639054 0.5900000000 3.7372167268 0.8003445446 2.5158567366 0.0000000000
4.7102726192 0.5900000000 3.7372278342 0.8003630570 2.5159085712 0.0000000000
4.7179813329 0.5900000000 3.7372389416 0.8003815694 2.5159604059 0.0000000000
4.7256900466 0.5900000000 3.7372500490 0.8004000817 2.5160122405 0.0000000000
4.7333987603 0.5900000000 3.7372611565 0.8004185941 2.5160640751 0.0000000000
4.7411074740 0.5900000000 3.7372722639 0.8004371065 2.5161159098 0.0000000000
4.7488161878 0.5900000000 3.7372833713 0.8004556188 2.5161677444 0.0000000000
4.7565249015 0.5900000000 3.7372944787 0.8004741312 2.5162195790 0.0000000000
4.7642336152 0.5900000000 3.7373055861 0.8004926436 2.5162714136 0.0000000000
4.7719423289 0.5900000000 3.7373239645 0.8006564541 2.5164104512 0.0000000000
4.7796510427 0.5900000000 3.7373471374 0.8009160767 2.5166069920 0.0000000000
4.7873597564 0.5900000000 3.7373703104 0.8011756993 2.5168035328 0.0000000000
4.7950684701 0.5900000000 3.7373934833 0.8014353220 2.5170000736 0.0000000000
4.8027771838 0.5900000000 3.7374166562 0.8016949446 2.5171966143 0.0000000000
4.8104858975 0.5900000000 3.7374398291 0.8019545673 2.5173931551 0.0000000000
4.8181946113 0.5900000000 3.7374630021 0.8022141899 2.5175896959 0.0000000000
4.8259033250 0.5900000000 3.7374861750 0.8024738125 2.5177862367 0.0000000000
4.8336120387 0.5900000000 3.7375093479 0.8027334352 2.5179827774 0.0000000000
4.8413207524 0.5900000000 3.7375325209 0.8029930578 2.5181793182 0.0000000000
4.8490294661 0.5900000000 3.7375556938 0.8032526805 2.5183758590 0.0000000000
4.8567381799 0.5900000000 3.7375788667 0.8035123031 2.5185723998 0.0000000000
4.8644468936 0.5900000000 3.7376020397 0.8037719257 2.5187689406 0.0000000000
4.8721556073 0.5900000000 3.7376252126 0.8040315484 2.5189654813 0.0000000000
4.8798643210 0.5900000000 3.7376483855 0.8042911710 2.5191620221 0.0000000000
4.8875730348 0.5900000000 3.7376715584 0.8045507937 2.5193585629 0.0000000000
4.8952817485 0.5900000000 3.7376947314 0.8048104163 2.5195551037 0.0000000000
4.9029904622 0.5900000000 3.7377179043 0.8050700389 2.5197516444 0.0000000000
4.9106991759 0.5900000000 3.7377410772 0.8053296616 2.5199481852 0.0000000000
4.9184078896 0.5900000000 3.7377642502 0.8055892842 2.5201447260 0.0000000000
4.9261166034 0.5900000000 3.7377874231 0.8058489069 2.5203412668 0.0000000000
4.9338253171 0.5900000000 3.7378105960 0.8061085295 2.5205378075 0.0000000000
4.9415340308 0.5900000000 3.7378337690 0.8063681521 2.5207343483 0.0000000000
4.9492427445 0.5900000000 3.7378567769 0.8066429947 2.5209363173 0.0000000000
4.9569514583 0.5900000000 3.7378793993 0.8069534233 2.5211509781 0.0000000000
4.9646601720 0.5900000000 3.7379020216 0.8072638520 2.5213656389 0.0000000000
4.9723688857 0.5900000000 3.7379246439 0.8075742807 2.5215802996 0.0000000000
4.9800775994 0.5900000000 3.7379472663 0.8078847093 2.5217949604 0.0000000000
4.9877863131 0.5900000000 3.7379698886 0.8081951380 2.5220096212 0.0000000000
4.9954950269 0.5900000000 3.7379925109 0.8085055666 2.5222242820 0.0000000000
5.0032037406 0.5900000000 3.7380151333 0.8088159953 2.5224389428 0.0000000000
5.0109124543 0.5900000000 3.7380377556 0.8091264240 2.5226536036 0.0000000000
5.0186211680 0.5900000000 3.7380603779 0.8094368526 2.5228682644 0.0000000000
5.0263298817 0.5900000000 3.7380830003 0.8097472813 2.5230829252 0.0000000000
5.0340385955 0.5900000000 3.7381056226 0.8100577099 2.5232975860 0.0000000000
5.0417473092 0.5900000000 3.7381282449 0.8103681386 2.5235122468 0.0000000000
5.0494560229 0.5900000000 3.7381508672 0.8106785673 2.5237269075 0.0000000000
5.0571647366 0.5900000000 3.7381734896 0.8109889959 2.5239415683 0.0000000000
5.0648734504 0.5900000000 3.7381961119 0.8112994246 2.5241562291 0.0000000000
5.0725821641 0.5900000000 3.7382187342 0.8116098532 2.5243708899 0.0000000000
5.0802908778 0.5900000000 3.7382413566 0.8119202819 2.5245855507 0.0000000000
5.0879995915 0.5900000000 3.7382639789 0.8122307106 2.5248002115 0.0000000000
5.0957083052 0.5900000000 3.7382866012 0.8125411392 2.5250148723 0.0000000000
5.1034170190 0.5900000000 3.7383070961 0.8128222851 2.5252093101 0.0000000000
5.1111257327 0.5900000000 3.7383245004 0.8130608930 2.5253743706 0.0000000000
5.1188344464 0.5900000000 3.7383419048 0.8132995009 2.5255394311 0.0000000000
5.1265431601 0.5900000000 3.7383593091 0.8135381088 2.5257044916 0.0000000000
5.1342518738 0.5900000000 3.7383767135 0.8137767167 2.5258695522 0.0000000000
5.1419605876 0.5900000000 3.7383941178 0.8140153246 2.5260346127 0.0000000000
5.1496693013 0.5900000000 3.7384115221 0.8142539325 2.5261996732 0.0000000000
5.1573780150 0.5900000000 3.7384289265 0.8144925404 2.5263647337 0.0000000000
5.1650867287 0.5900000000 3.7384463308 0.8147311483 2.5265297943 0.0000000000
5.1727954425 0.5900000000 3.7384637352 0.8149697562 2.5266948548 0.0000000000
5.1805041562 0.5900000000 3.7384811395 0.8152083641 2.5268599153 0.0000000000
5.1882128699 0.5900000000 3.7384985438 0.8154469720 2.5270249758 0.0000000000
5.1959215836 0.5900000000 3.7385159482 0.8156855799 2.5271900363 0.0000000000
5.2036302973 0.5900000000 3.7385333525 0.8159241878 2.5273550969 0.0000000000
5.2113390111 0.5900000000 3.7385507569 0.8161627957 2.5275201574 0.0000000000
5.2190477248 0.5900000000 3.7385681612 0.8164014036 2.5276852179 0.0000000000
5.2267564385 0.5900000000 3.7385855655 0.8166400115 2.5278502784 0.0000000000
5.2344651522 0.5900000000 3.7386029699 0.8168786194 2.5280153390 0.0000000000
5.2421738660 0.5900000000 3.7386168894 0.8170692757 2.5281472794 0.0000000000
5.2498825797 0.5900000000 3.7386284474 0.8172274375 2.5282567761 0.0000000000
5.2575912934 0.5900000000 3.7386400053 0.8173855993 2.5283662727 0.0000000000
5.2653000071 0.5900000000 3.7386515633 0.8175437611 2.5284757693 0.0000000000
5.2730087208 0.5900000000 3.7386631213 0.8177019228 2.5285852659 0.0000000000
5.2807174346 0.5900000000 3.7386746793 0.8178600846 2.5286947625 0.0000000000
5.2884261483 0.5900000000 3.7386862372 0.8180182464 2.5288042592 0.0000000000
5.2961348620 0.5900000000 3.7386977952 0.8181764082 2.5289137558 0.0000000000
5.3038435757 0.5900000000 3.7387093532 0.8183345700 2.5290232524 0.0000000000
5.3115522894 0.5900000000 3.7387209112 0.8184927318 2.5291327490 0.0000000000
5.3192610032 0.5900000000 3.7387324691 0.8186508936 2.5292422456 0.0000000000
5.3269697169 0.5900000000 3.7387440271 0.8188090553 2.5293517423 0.0000000000
5.3346784306 0.5900000000 3.7387555851 0.8189672171 2.5294612389 0.0000000000
5.3423871443 0.5900000000 3.7387671431 0.8191253789 2.5295707355 0.0000000000
5.3500958581 0.5900000000 3.7387787011 0.8192835407 2.5296802321 0.0000000000
5.3578045718 0.5900000000 3.7387902590 0.8194417025 2.5297897287 0.0000000000
5.3655132855 0.5900000000 3.7388012183 0.8195914975 2.5298934838 0.0000000000
5.3732219992 0.5900000000 3.7388089678 0.8196964385 2.5299664581 0.0000000000
5.3809307129 0.5900000000 3.7388167173 0.8198013795 2.5300394325 0.0000000000
5.3886394267 0.5900000000 3.7388244667 0.8199063205 2.5301124069 0.0000000000
5.3963481404 0.5900000000 3.7388322162 0.8200112615 2.5301853812 0.0000000000
5.4040568541 0.5900000000 3.7388399657 0.8201162025 2.5302583556 0.0000000000
5.4117655678 0.5900000000 3.7388477152 0.8202211435 2.5303313299 0.0000000000
5.4194742815 0.5900000000 3.7388554647 0.8203260845 2.5304043043 0.0000000000
5.4271829953 0.5900000000 3.7388632142 0.8204310255 2.5304772786 0.0000000000
5.4348917090 0.5900000000 3.7388709637 0.8205359665 2.5305502530 0.0000000000
5.4426004227 0.5900000000 3.7388787132 0.8206409075 2.5306232273 0.0000000000
5.4503091364 0.5900000000 3.7388864627 0.8207458485 2.5306962017 0.0000000000
5.4580178502 0.5900000000 3.7388942122 0.8208507895 2.5307691761 0.0000000000
5.4657265639 0.5900000000 3.7389019616 0.8209557305 2.5308421504 0.0000000000
5.4734352776 0.5900000000 3.7389097111 0.8210606715 2.5309151248 0.0000000000
5.4811439913 0.5900000000 3.7389174606 0.8211656125 2.5309880991 0.0000000000
5.4888527050 0.5900000000 3.7389231802 0.8212442963 2.5310424511 0.0000000000
5.4965614188 0.5900000000 3.7389279105 0.8213101824 2.5310877267 0.0000000000
5.5042701325 0.5900000000 3.7389326408 0.8213760685 2.5311330023 0.0000000000
5.5119788462 0.5900000000 3.7389373711 0.8214419545 2.5311782778 0.0000000000
5.5196875599 0.5900000000 3.7389421014 0.8215078406 2.5312235534 0.0000000000
5.5273962737 0.5900000000 3.7389468317 0.8215737267 2.5312688290 0.0000000000
5.5351049874 0.5900000000 3.7389515619 0.8216396128 2.5313141045 0.0000000000
5.5428137011 0.5900000000 3.7389562922 0.8217054989 2.5313593801 0.0000000000
5.5505224148 0.5900000000 3.7389610225 0.8217713850 2.5314046557 0.0000000000
5.5582311285 0.5900000000 3.7389657528 0.8218372710 2.5314499312 0.0000000000
5.5659398423 0.5900000000 3.7389704831 0.8219031571 2.5314952068 0.0000000000
5.5736485560 0.5900000000 3.7389752134 0.8219690432 2.5315404824 0.0000000000
5.5813572697 0.5900000000 3.7389799436 0.8220349293 2.5315857579 0.0000000000
5.5890659834 0.5900000000 3.7389846739 0.8221008154 2.5316310335 0.0000000000
5.5967746971 0.5900000000 3.7389894042 0.8221667015 2.5316763091 0.0000000000
5.6044834109 0.5900000000 3.7389906116 0.8222040500 2.5316960780 0.0000000000
5.6121921246 0.5900000000 3.7389913113 0.8222372862 2.5317121713 0.0000000000
5.6199008383 0.5900000000 3.7389920110 0.8222705225 2.5317282646 0.0000000000
5.6276095520 0.5900000000 3.7389927107 0.8223037587 2.5317443580 0.0000000000
5.6353182658 0.5900000000 3.7389934104 0.8223369949 2.5317604513 0.0000000000
5.6430269795 0.5900000000 3.7389941101 0.8223702311 2.5317765446 0.0000000000
5.6507356932 0.5900000000 3.7389948098 0.8224034673 2.5317926379 0.0000000000
5.6584444069 0.5900000000 3.7389955095 0.8224367036 2.5318087313 0.0000000000
5.6661531206 0.5900000000 3.7389962093 0.8224699398 2.5318248246 0.0000000000
5.6738618344 0.5900000000 3.7389969090 0.8225031760 2.5318409179 0.0000000000
5.6815705481 0.5900000000 3.7389976087 0.8225364122 2.5318570112 0.0000000000
5.6892792618 0.5900000000 3.7389983084 0.8225696484 2.5318731046 0.0000000000
5.6969879755 0.5900000000 3.7389990081 0.8226028847 2.5318891979 0.0000000000
5.7046966892 0.5900000000 3.7389997078 0.8226361209 2.5319052912 0.0000000000
5.7124054030 0.5900000000 3.7389991626 0.8226520934 2.5319094996 0.0000000000
5.7201141167 0.5900000000 3.7389977249 0.8226556877 2.5319051864 0.0000000000
5.7278228304 0.5900000000 3.7389962872 0.8226592821 2.5319008732 0.0000000000
5.7355315441 0.5900000000 3.7389948494 0.8226628764 2.5318965600 0.0000000000
5.7432402579 0.5900000000 3.7389934117 0.8226664707 2.5318922468 0.0000000000
5.7509489716 0.5900000000 3.7389919740 0.8226700651 2.5318879336 0.0000000000
5.7586576853 0.5900000000 3.7389905362 0.8226736594 2.5318836204 0.0000000000
5.7663663990 0.5900000000 3.7389890985 0.8226772537 2.5318793071 0.0000000000
5.7740751127 0.5900000000 3.7389876608 0.8226808481 2.5318749939 0.0000000000
5.7817838265 0.5900000000 3.7389862230 0.8226844424 2.5318706807 0.0000000000
5.7894925402 0.5900000000 3.7389847853 0.8226880368 2.5318663675 0.0000000000
5.7972012539 0.5900000000 3.7389833476 0.8226916311 2.5318620543 0.0000000000
5.8049099676 0.5900000000 3.7389819098 0.8226952254 2.5318577411 0.0000000000
5.8126186814 0.5900000000 3.7389804721 0.8226988198 2.5318534279 0.0000000000
5.8203273951 0.5900000000 3.7389775345 0.8226839740 2.5318357391 0.0000000000
5.8280361088 0.5900000000 3.7389738636 0.8226601131 2.5318115111 0.0000000000
5.8357448225 0.5900000000 3.7389701926 0.8226362522 2.5317872831 0.0000000000
5.8434535362 0.5900000000 3.7389665217 0.8226123913 2.5317630551 0.0000000000
5.8511622500 0.5900000000 3.7389628508 0.8225885304 2.5317388272 0.0000000000
5.8588709637 0.5900000000 3.7389591799 0.8225646696 2.5317145992 0.0000000000
5.8665796774 0.5900000000 3.7389555090 0.8225408087 2.5316903712 0.0000000000
5.8742883911 0.5900000000 3.7389518381 0.8225169478 2.5316661433 0.0000000000
5.8819971048 0.5900000000 3.7389481672 0.8224930869 2.5316419153 0.0000000000
5.8897058186 0.5900000000 3.7389444963 0.8224692260 2.5316176873 0.0000000000
5.8974145323 0.5900000000 3.7389408254 0.8224453652 2.5315934593 0.0000000000
5.9051232460 0.5900000000 3.7389371545 0.8224215043 2.5315692314 0.0000000000
5.9128319597 0.5900000000 3.7389334836 0.8223976434 2.5315450034 0.0000000000
5.9205406735 0.5900000000 3.7389296572 0.8223726195 2.5315196883 0.0000000000
5.9282493872 0.5900000000 3.7389229392 0.8223259667 2.5314741551 0.0000000000
5.9359581009 0.5900000000 3.7389162212 0.8222793138 2.5314286219 0.0000000000
5.9436668146 0.5900000000 3.7389095032 0.8222326609 2.5313830887 0.0000000000
5.9513755283 0.5900000000 3.7389027852 0.8221860080 2.5313375555 0.0000000000
5.9590842421 0.5900000000 3.7388960671 0.8221393552 2.5312920223 0.0000000000
5.9667929558 0.5900000000 3.7388893491 0.8220927023 2.5312464891 0.0000000000
5.9745016695 0.5900000000 3.7388826311 0.8220460494 2.5312009559 0.0000000000
5.9822103832 0.5900000000 3.7388759131 0.8219993965 2.5311554227 0.0000000000
5.9899190969 0.5900000000 3.7388691951 0.8219527437 2.5311098895 0.0000000000
5.9976278107 0.5900000000 3.7388624771 0.8219060908 2.5310643563 0.0000000000
6.0053365244 0.5900000000 3.7388557591 0.8218594379 2.5310188230 0.0000000000
6.0130452381 0.5900000000 3.7388490410 0.8218127850 2.5309732898 0.0000000000
6.0207539518 0.5900000000 3.7388423230 0.8217661322 2.5309277566 0.0000000000
6.0284626656 0.5900000000 3.7388342567 0.8216968742 2.5308677880 0.0000000000
6.0361713793 0.5900000000 3.7388254776 0.8216156679 2.5308001892 0.0000000000
6.0438800930 0.5900000000 3.7388166986 0.8215344616 2.5307325905 0.0000000000
6.0515888067 0.5900000000 3.7388079195 0.8214532553 2.5306649918 0.0000000000
6.0592975204 0.5900000000 3.7387991404 0.8213720491 2.5305973930 0.0000000000
6.0670062342 0.5900000000 3.7387903614 0.8212908428 2.5305297943 0.0000000000
6.0747149479 0.5900000000 3.7387815823 0.8212096365 2.5304621955 0.0000000000
6.0824236616 0.5900000000 3.7387728033 0.8211284302 2.5303945968 0.0000000000
6.0901323753 0.5900000000 3.7387640242 0.8210472240 2.5303269981 0.0000000000
6.0978410891 0.5900000000 3.7387552452 0.8209660177 2.5302593993 0.0000000000
6.1055498028 0.5900000000 3.7387464661 0.8208848114 2.5301918006 0.0000000000
6.1132585165 0.5900000000 3.7387379574 0.8208028720 2.5301249901 0.0000000000
6.1209672302 0.5900000000 3.7387302046 0.8207188829 2.5300603831 0.0000000000
6.1286759439 0.5900000000 3.7387224517 0.8206348939 2.5299957762 0.0000000000
6.1363846577 0.5900000000 3.7387146989 0.8205509049 2.5299311692 0.0000000000
6.1440933714 0.5900000000 3.7387069461 0.8204669158 2.5298665623 0.0000000000
6.1518020851 0.5900000000 3.7386991932 0.8203829268 2.5298019553 0.0000000000
6.1595107988 0.5900000000 3.7386914404 0.8202989378 2.5297373484 0.0000000000
6.1672195125 0.5900000000 3.7386836876 0.8202149487 2.5296727414 0.0000000000
6.1749282263 0.5900000000 3.7386759347 0.8201309597 2.5296081345 0.0000000000
6.1826369400 0.5900000000 3.7386681819 0.8200469707 2.5295435275 0.0000000000
6.1903456537 0.5900000000 3.7386604291 0.8199629816 2.5294789206 0.0000000000
6.1980543674 0.5900000000 3.7386526762 0.8198789926 2.5294143136 0.0000000000
6.2057630812 0.5900000000 3.7386429718 0.8197731286 2.5293331501 0.0000000000
6.2134717949 0.5900000000 3.7386322384 0.8196557327 2.5292432584 0.0000000000
6.2211805086 0.5900000000 3.7386215051 0.8195383369 2.5291533667 0.0000000000
6.2288892223 0.5900000000 3.7386107717 0.8194209410 2.5290634750 0.0000000000
6.2365979360 0.5900000000 3.7386000384 0.8193035452 2.5289735834 0.0000000000
6.2443066498 0.5900000000 3.7385893051 0.8191861493 2.5288836917 0.0000000000
6.2520153635 0.5900000000 3.7385785717 0.8190687534 2.5287938000 0.0000000000
6.2597240772 0.5900000000 3.7385680143 0.8189507990 2.5287043883 0.0000000000
6.2674327909 0.5900000000 3.7385581542 0.8188306294 2.5286168802 0.0000000000
6.2751415046 0.5900000000 3.7385482941 0.8187104598 2.5285293721 0.0000000000
6.2828502184 0.5900000000 3.7385384341 0.8185902902 2.5284418640 0.0000000000
6.2905589321 0.5900000000 3.7385285740 0.8184701206 2.5283543559 0.0000000000
6.2982676458 0.5900000000 3.7385187139 0.8183499510 2.5282668478 0.0000000000
6.3059763595 0.5900000000 3.7385088539 0.8182297814 2.5281793396 0.0000000000
6.3136850733 0.5900000000 3.7384989938 0.8181096118 2.5280918315 0.0000000000
6.3213937870 0.5900000000 3.7384893283 0.8179902044 2.5280054066 0.0000000000
6.3291025007 0.5900000000 3.7384816829 0.8178787094 2.5279302272 0.0000000000
6.3368112144 0.5900000000 3.7384740376 0.8177672145 2.5278550477 0.0000000000
6.3445199281 0.5900000000 3.7384663922 0.8176557196 2.5277798683 0.0000000000
6.3522286419 0.5900000000 3.7384587468 0.8175442247 2.5277046889 0.0000000000
6.3599373556 0.5900000000 3.7384511015 0.8174327298 2.5276295094 0.0000000000
6.3676460693 0.5900000000 3.7384434561 0.8173212348 2.5275543300 0.0000000000
6.3753547830 0.5900000000 3.7384358107 0.8172097399 2.5274791506 0.0000000000
6.3830634968 0.5900000000 3.7384285792 0.8170956960 2.5274046068 0.0000000000
6.3907722105 0.5900000000 3.7384226584 0.8169735788 2.5273320767 0.0000000000
6.3984809242 0.5900000000 3.7384167375 0.8168514617 2.5272595465 0.0000000000
6.4061896379 0.5900000000 3.7384108167 0.8167293445 2.5271870163 0.0000000000
6.4138983516 0.5900000000 3.7384048959 0.8166072273 2.5271144861 0.0000000000
6.4216070654 0.5900000000 3.7383989750 0.8164851102 2.5270419559 0.0000000000
6.4293157791 0.5900000000 3.7383930542 0.8163629930 2.5269694257 0.0000000000
6.4370244928 0.5900000000 3.7383870159 0.8162421839 2.5268969490 0.0000000000
6.4447332065 0.5900000000 3.7383808526 0.8161227683 2.5268245292 0.0000000000
6.4524419202 0.5900000000 3.7383746892 0.8160033528 2.5267521095 0.0000000000
6.4601506340 0.5900000000 3.7383685258 0.8158839373 2.5266796897 0.0000000000
6.4678593477 0.5900000000 3.7383623624 0.8157645217 2.5266072700 0.0000000000
6.4755680614 0.5900000000 3.7383561990 0.8156451062 2.5265348503 0.0000000000
6.4832767751 0.5900000000 3.7383500356 0.8155256907 2.5264624305 0.0000000000
6.4909854889 0.5900000000 3.7383463459 0.8154153779 2.5264035465 0.0000000000
6.4986942026 0.5900000000 3.7383426706 0.8153051181 2.5263447413 0.0000000000
6.5064029163 0.5900000000 3.7383389953 0.8151948582 2.5262859360 0.0000000000
6.5141116300 0.5900000000 3.7383353199 0.8150845984 2.5262271308 0.0000000000
6.5218203437 0.5900000000 3.7383316446 0.8149743386 2.5261683255 0.0000000000
6.5295290575 0.5900000000 3.7383300000 0.8148635881 2.5261174469 0.0000000000
6.5372377712 0.5900000000 3.7383300000 0.8147524403 2.5260729878 0.0000000000
6.5449464849 0.5900000000 3.7383300000 0.8146412925 2.5260285287 0.0000000000
6.5526551986 0.5900000000 3.7383300000 0.8145301447 2.5259840695 0.0000000000
6.5603639123 0.5900000000 3.7383300000 0.8144189969 2.5259396104 0.0000000000
6.5680726261 0.5900000000 3.7383300000 0.8143106901 2.5258962877 0.0000000000
6.5757813398 0.5900000000 3.7383300000 0.8142042447 2.5258537095 0.0000000000
6.5834900535 0.5900000000 3.7383300000 0.8140977992 2.5258111313 0.0000000000
6.5911987672 0.5900000000 3.7383300000 0.8139913538 2.5257685532 0.0000000000
6.5989074810 0.5900000000 3.7383300000 0.8138849083 2.5257259750 0.0000000000
6.6066161947 0.5900000000 3.7383340008 0.8137849814 2.5257020075 0.0000000000
6.6143249084 0.5900000000 3.7383384123 0.8136857234 2.5256799502 0.0000000000
6.6220336221 0.5900000000 3.7383428238 0.8135864655 2.5256578929 0.0000000000
6.6297423358 0.5900000000 3.7383472352 0.8134872076 2.5256358355 0.0000000000
6.6374510496 0.5900000000 3.7383519103 0.8133939582 2.5256172360 0.0000000000
6.6451597633 0.5900000000 3.7383570279 0.8133107972 2.5256044420 0.0000000000
6.6528684770 0.5900000000 3.7383621455 0.8132276362 2.5255916480 0.0000000000
6.6605771907 0.5900000000 3.7383672631 0.8131444752 2.5255788540 0.0000000000
6.6682859044 0.5900000000 3.7383751067 0.8130648911 2.5255783951 0.0000000000
6.6759946182 0.5900000000 3.7383860845 0.8129894192 2.5255921172 0.0000000000
6.6837033319 0.5900000000 3.7383970622 0.8129139473 2.5256058394 0.0000000000
6.6914120456 0.5900000000 3.7384080399 0.8128384754 2.5256195616 0.0000000000
6.6991207593 0.5900000000 3.7384193151 0.8127609590 2.5256336555 0.0000000000
6.7068294731 0.5900000000 3.7384306548 0.8126829982 2.5256478302 0.0000000000
6.7145381868 0.5900000000 3.7384419946 0.8126050374 2.5256620048 0.0000000000
6.7222469005 0.5900000000 3.7384549637 0.8125375907 2.5256869028 0.0000000000
6.7299556142 0.5900000000 3.7384718450 0.8124953876 2.5257375465 0.0000000000
6.7376643279 0.5900000000 3.7384887262 0.8124531845 2.5257881903 0.0000000000
6.7453730417 0.5900000000 3.7385056075 0.8124109813 2.5258388340 0.0000000000
6.7530817554 0.5900000000 3.7385270289 0.8123817548 2.5259128290 0.0000000000
6.7607904691 0.5900000000 3.7385500472 0.8123570923 2.5259950372 0.0000000000
6.7684991828 0.5900000000 3.7385730654 0.8123324299 2.5260772453 0.0000000000
6.7762078966 0.5900000000 3.7385970083 0.8123189256 2.5261676149 0.0000000000
6.7839166103 0.5900000000 3.7386213497 0.8123102323 2.5262615033 0.0000000000
6.7916253240 0.5900000000 3.7386456911 0.8123015389 2.5263553917 0.0000000000
6.7993340377 0.5900000000 3.7386741280 0.8122924600 2.5264655078 0.0000000000
6.8070427514 0.5900000000 3.7387034459 0.8122832982 2.5265791143 0.0000000000
6.8147514652 0.5900000000 3.7387331947 0.8122781947 2.5266960685 0.0000000000
6.8224601789 0.5900000000 3.7387670855 0.8123120855 2.5268451877 0.0000000000
6.8301688926 0.5900000000 3.7388009762 0.8123459762 2.5269943069 0.0000000000
6.8378776063 0.5900000000 3.7388361268 0.8123847472 2.5271504177 0.0000000000
6.8455863200 0.5900000000 3.7388787907 0.8124526216 2.5273482232 0.0000000000
6.8532950338 0.5900000000 3.7389214547 0.8125204961 2.5275460287 0.0000000000
6.8610037475 0.5900000000 3.7389648790 0.8126065432 2.5277541449 0.0000000000
6.8687124612 0.5900000000 3.7390088880 0.8127065636 2.5279701891 0.0000000000
6.8764211749 0.5900000000 3.7390531839 0.8128072362 2.5281876418 0.0000000000
6.8841298887 0.5900000000 3.7391015515 0.8129171625 2.5284250827 0.0000000000
6.8918386024 0.5900000000 3.7391499191 0.8130270889 2.5286625236 0.0000000000
6.8995473161 0.5900000000 3.7392035820 0.8131589550 2.5289299217 0.0000000000
6.9072560298 0.5900000000 3.7392586392 0.8132965979 2.5292052075 0.0000000000
6.9149647435 0.5900000000 3.7393157519 0.8134325044 2.5294880211 0.0000000000
6.9226734573 0.5900000000 3.7393741677 0.8135673101 2.5297756066 0.0000000000
6.9303821710 0.5900000000 3.7394354853 0.8137256595 2.5300842167 0.0000000000
6.9380908847 0.5900000000 3.7395014070 0.8139213646 2.5304261856 0.0000000000
6.9457995984 0.5900000000 3.7395673288 0.8141170697 2.5307681545 0.0000000000
6.9535083121 0.5900000000 3.7396439596 0.8143592053 2.5311715320 0.0000000000
6.9612170259 0.5900000000 3.7397210832 0.8146034302 2.5315777165 0.0000000000
6.9689257396 0.5900000000 3.7398011640 0.8148570192 2.5319994752 0.0000000000
6.9766344533 0.5900000000 3.7398815880 0.8151166445 2.5324250215 0.0000000000
6.9843431670 0.5900000000 3.7399641136 0.8154132206 2.5328737541 0.0000000000
6.9920518808 0.5900000000 3.7400483098 0.8157146228 2.5333310999 0.0000000000
6.9997605945 0.5900000000 3.7401391216 0.8160351351 2.5338225521 0.0000000000
7.0074693082 0.5900000000 3.7402308290 0.8163769430 2.5343261049 0.0000000000
7.0151780219 0.5900000000 3.7403243579 0.8167620619 2.5348542679 0.0000000000
7.0228867356 0.5900000000 3.7404229116 0.8171523092 2.5354045819 0.0000000000
7.0305954494 0.5900000000 3.7405262548 0.8175474447 2.5359760086 0.0000000000
7.0383041631 0.5900000000 3.7406325060 0.8179673032 2.5365689569 0.0000000000
7.0460128768 0.5900000000 3.7407410494 0.8183853071 2.5371703321 0.0000000000
7.0537215905 0.5900000000 3.7408544915 0.8187883251 2.5377853078 0.0000000000
7.0614303043 0.5900000000 3.7409752792 0.8192558218 2.5384554572 0.0000000000
7.0691390180 0.5900000000 3.7411009877 0.8197665124 2.5391625672 0.0000000000
7.0768477317 0.5900000000 3.7412295884 0.8203022142 2.5398912508 0.0000000000
7.0845564454 0.5900000000 3.7413620036 0.8208530143 2.5406412317 0.0000000000
7.0922651591 0.5900000000 3.7415029753 0.8214169011 2.5414306732 0.0000000000
7.0999738729 0.5900000000 3.7416533866 0.8220212289 2.5422740498 0.0000000000
7.1076825866 0.5900000000 3.7418074743 0.8226460896 2.5431403447 0.0000000000
7.1153913003 0.5900000000 3.7419648910 0.8232962888 2.5440300911 0.0000000000
7.1231000140 0.5900000000 3.7421186088 0.8239992003 2.5449261271 0.0000000000
7.1308087277 0.5900000000 3.7422728502 0.8247156820 2.5458296851 0.0000000000
7.1385174415 0.5900000000 3.7424301258 0.8254440664 2.5467501415 0.0000000000
7.1462261552 0.5900000000 3.7425962287 0.8262204167 2.5477250931 0.0000000000
7.1539348689 0.5900000000 3.7427716908 0.8270148652 2.5487447210 0.0000000000
7.1616435826 0.5900000000 3.7429519342 0.8278446845 2.5497976221 0.0000000000
7.1693522964 0.5900000000 3.7431348503 0.8287208766 2.5508797636 0.0000000000
7.1770610101 0.5900000000 3.7433232879 0.8296202375 2.5519932580 0.0000000000
7.1847697238 0.5900000000 3.7435159044 0.8304995656 2.5531154556 0.0000000000
7.1924784375 0.5900000000 3.7437200418 0.8314232659 2.5543014852 0.0000000000
7.2001871512 0.5900000000 3.7439309823 0.8323872260 2.5555308312 0.0000000000
7.2078958650 0.5900000000 3.7441514420 0.8334003163 2.5568179062 0.0000000000
7.2156045787 0.5900000000 3.7443866141 0.8344697636 2.5581863736 0.0000000000
7.2233132924 0.5900000000 3.7446248492 0.8355415122 2.5595680135 0.0000000000
7.2310220061 0.5900000000 3.7448593520 0.8365925851 2.5609264537 0.0000000000
7.2387307198 0.5900000000 3.7451045205 0.8377089774 2.5623536847 0.0000000000
7.2464394336 0.5900000000 3.7453397182 0.8388735908 2.5637603206 0.0000000000
7.2541481473 0.5900000000 3.7455838680 0.8400943401 2.5652252197 0.0000000000
7.2618568610 0.5900000000 3.7458347610 0.8413306007 2.5667232959 0.0000000000
7.2695655747 0.5900000000 3.7460833390 0.8425268387 2.5681961032 0.0000000000
7.2772742885 0.5900000000 3.7463450265 0.8437867349 2.5697468115 0.0000000000
7.2849830022 0.5900000000 3.7466100242 0.8450816005 2.5713247488 0.0000000000
7.2926917159 0.5900000000 3.7468922132 0.8464494776 2.5730006556 0.0000000000
7.3004004296 0.5900000000 3.7471636454 0.8477721786 2.5746154646 0.0000000000
7.3081091433 0.5900000000 3.7474520410 0.8491450219 2.5763181843 0.0000000000
7.3158178571 0.5900000000 3.7477446670 0.8505301206 2.5780427279 0.0000000000
7.3235265708 0.5900000000 3.7480502155 0.8519786078 2.5798443167 0.0000000000
7.3312352845 0.5900000000 3.7483480459 0.8534063323 2.5816067283 0.0000000000
7.3389439982 0.5900000000 3.7486534768 0.8548843572 2.5834196616 0.0000000000
7.3466527120 0.5900000000 3.7489626569 0.8563764352 2.5852532132 0.0000000000
7.3543614257 0.5900000000 3.7492771221 0.8578765486 2.5871111195 0.0000000000
7.3620701394 0.5900000000 3.7495918155 0.8593894977 2.5889750728 0.0000000000
7.3697788531 0.5900000000 3.7499110940 0.8609304698 2.5908685754 0.0000000000
7.3774875668 0.5900000000 3.7502249640 0.8625188126 2.5927593925 0.0000000000
7.3851962806 0.5900000000 3.7505324399 0.8640871995 2.5946166511 0.0000000000
7.3929049943 0.5900000000 3.7508570661 0.8656626403 2.5965453323 0.0000000000
7.4006137080 0.5900000000 3.7511824192 0.8671416196 2.5984383361 0.0000000000
7.4083224217 0.5900000000 3.7515152481 0.8686715823 2.6003816370 0.0000000000
7.4160311354 0.5900000000 3.7518629805 0.8702234487 2.6023933131 0.0000000000
7.4237398492 0.5900000000 3.7521870003 0.8717603276 2.6043041440 0.0000000000
7.4314485629 0.5900000000 3.7524924644 0.8732060757 2.6061042996 0.0000000000
7.4391572766 0.5900000000 3.7527998976 0.8747244882 2.6079413975 0.0000000000
7.4468659903 0.5900000000 3.7531054919 0.8761741645 2.6097436452 0.0000000000
7.4545747041 0.5900000000 3.7534166158 0.8775743137 2.6115482003 0.0000000000
7.4622834178 0.5900000000 3.7537214060 0.8789834398 2.6133310116 0.0000000000
7.4699921315 0.5900000000 3.7540384294 0.8804366436 2.6151803866 0.0000000000
7.4777008452 0.5900000000 3.7543241368 0.8818139792 2.6168741504 0.0000000000
7.4854095589 0.5900000000 3.7545906355 0.8831254623 2.6184647386 0.0000000000
7.4931182727 0.5900000000 3.7548735418 0.8844798615 2.6201381233 0.0000000000
7.5008269864 0.5900000000 3.7551978552 0.8859106017 2.6220076733 0.0000000000
7.5085357001 0.5900000000 3.7554613818 0.8870439771 2.6235151296 0.0000000000
7.5162444138 0.5900000000 3.7557795789 0.8883996543 2.6253301889 0.0000000000
7.5239531275 0.5900000000 3.7560720285 0.8896903868 2.6270162802 0.0000000000
7.5316618413 0.5900000000 3.7562957268 0.8908175659 2.6283619453 0.0000000000
7.5393705550 0.5900000000 3.7565303717 0.8920018585 2.6297742419 0.0000000000
7.5470792687 0.5900000000 3.7567279753 0.8930136303 2.6309693650 0.0000000000
7.5547879824 0.5900000000 3.7569365155 0.8940561256 2.6322205239 0.0000000000
7.5624966962 0.5900000000 3.7571973798 0.8952916116 2.6337581756 0.0000000000
7.5702054099 0.5900000000 3.7573574641 0.8960955345 2.6347200820 0.0000000000
7.5779141236 0.5900000000 3.7575489917 0.8970704627 2.6358761636 0.0000000000
7.5856228373 0.5900000000 3.7576889867 0.8978036336 2.6367294119 0.0000000000
7.5933315510 0.5900000000 3.7578142144 0.8984882157 2.6375041554 0.0000000000
7.6010402648 0.5900000000 3.7579710479 0.8992259194 2.6384265708 0.0000000000
7.6087489785 0.5900000000 3.7580967875 0.8998841639 2.6391928271 0.0000000000
7.6164576922 0.5900000000 3.7581813555 0.9003673703 2.6397243819 0.0000000000
7.6241664059 0.5900000000 3.7581783878 0.9005236926 2.6397750397 0.0000000000
7.6318751197 0.5900000000 3.7582606836 0.9010085449 2.6402981640 0.0000000000
7.6395838334 0.5900000000 3.7582700000 0.9011435393 2.6403894273 0.0000000000
7.6472925471 0.5900000000 3.7582415740 0.9011131479 2.6402635666 0.0000000000
7.6550012608 0.5900000000 3.7582137182 0.9010278869 2.6401180394 0.0000000000
7.6627099745 0.5900000000 3.7581638331 0.9011281942 2.6399586216 0.0000000000
7.6704186883 0.5900000000 3.7580375303 0.9007351212 2.6392961814 0.0000000000
7.6781274020 0.5900000000 3.7578922382 0.9002083934 2.6385043220 0.0000000000
7.6858361157 0.5900000000 3.7575859273 0.8990435460 2.6368131392 0.0000000000
7.6935448294 0.5900000000 3.7574075150 0.8982563622 2.6357846164 0.0000000000
7.7012535431 0.5900000000 3.7572507927 0.8976533028 2.6349165034 0.0000000000
7.7089622569 0.5900000000 3.7569639126 0.8963543442 2.6332493996 0.0000000000
7.7166709706 0.5900000000 3.7567410081 0.8954389022 2.6319916048 0.0000000000
7.7243796843 0.5900000000 3.7563452820 0.8937460080 2.6297315428 0.0000000000
7.7320883980 0.5900000000 3.7560651422 0.8923052651 2.6280346864 0.0000000000
7.7397971118 0.5900000000 3.7556274887 0.8904857185 2.6255562539 0.0000000000
7.7475058255 0.5900000000 3.7551664686 0.8884000733 2.6228779155 0.0000000000
7.7552145392 0.5900000000 3.7546758737 0.8860415792 2.6199721383 0.0000000000
7.7629232529 0.5900000000 3.7541917062 0.8836799131 2.6170908015 0.0000000000
7.7706319666 0.5900000000 3.7536161862 0.8806019432 2.6135575337 0.0000000000
7.7783406804 0.5900000000 3.7530312588 0.8778715551 2.6101256688 0.0000000000
7.7860493941 0.5900000000 3.7521653064 0.8734265318 2.6048838498 0.0000000000
7.7937581078 0.5900000000 3.7517750691 0.8711579747 2.6024154779 0.0000000000
7.8014668215 0.5900000000 3.7510206253 0.8673031266 2.5978557636 0.0000000000
7.8091755352 0.5900000000 3.7502687274 0.8629186369 2.5930943760 0.0000000000
7.8168842490 0.5900000000 3.7494582275 0.8584193649 2.5880526676 0.0000000000
7.8245929627 0.5900000000 3.7486253754 0.8536396897 2.5828093890 0.0000000000
7.8323016764 0.5900000000 3.7483757982 0.8513168064 2.5808819270 0.0000000000
7.8400103901 0.5900000000 3.7472369625 0.8450552995 2.5738219815 0.0000000000
7.8477191039 0.5900000000 3.7461399786 0.8382748611 2.5667218706 0.0000000000
7.8554278176 0.5900000000 3.7451075564 0.8314868034 2.5598769585 0.0000000000
7.8631365313 0.5900000000 3.7440912066 0.8250622167 2.5532417246 0.0000000000
7.8708452450 0.5900000000 3.7430936084 0.8182894595 2.5465422289 0.0000000000
7.8785539587 0.5900000000 3.7421531876 0.8113322215 2.5399976508 0.0000000000
7.8862626725 0.5900000000 3.7411753648 0.8043448243 2.5332914006 0.0000000000
7.8939713862 0.5900000000 3.7401959235 0.7969230449 2.5264049234 0.0000000000
7.9016800999 0.5900000000 3.7392013713 0.7889333749 2.5192308468 0.0000000000
7.9093888136 0.5900000000 3.7381609856 0.7807211983 2.5117844334 0.0000000000
7.9170975274 0.5900000000 3.7371798938 0.7723140577 2.5044972100 0.0000000000
7.9248062411 0.5900000000 3.7360760192 0.7628761631 2.4963065536 0.0000000000
7.9325149548 0.5900000000 3.7350400000 0.7529481841 2.4881912853 0.0000000000
7.9402236685 0.5900000000 3.7343487571 0.7455535033 2.4824684414 0.0000000000
7.9479323822 0.5900000000 3.7332934044 0.7353439376 2.4741632044 0.0000000000
7.9556410960 0.5900000000 3.7324018531 0.7260659853 2.4668858183 0.0000000000
7.9633498097 0.5900000000 3.7313750701 0.7146826647 2.4582253579 0.0000000000
7.9710585234 0.5900000000 3.7303431317 0.7025445676 2.4492423655 0.0000000000
7.9787672371 0.5900000000 3.7291753312 0.6878701936 2.4387014137 0.0000000000
7.9864759508 0.5900000000 3.7306886732 0.7127388652 2.4547022505 0.0000000000
7.9941846646 0.5900000000 3.7286919326 0.6881299205 2.4368717104 0.0000000000
8.0018933783 0.5900000000 3.7265420830 0.6599639830 2.4170059367 0.0000000000
8.0096020920 0.5900000000 3.7242784620 0.6256470358 2.3942246740 0.0000000000
8.0173108057 0.5900000000 3.7212231466 0.5771624544 2.3626095799 0.0000000000
8.0250195195 0.5900000000 3.7154107108 0.4896237156 2.3043443412 0.0000000000
8.0327282332 0.5900000000 3.6794900000 -0.0473250000 1.9458820116 0.0000000000
8.0327456663 0.5900000000 3.6790600000 -0.0543500000 1.9413520116 0.0000000000
8.0328429704 0.5900000000 3.6766294422 -0.0964813803 1.9147772283 0.0000000000
8.0329313808 0.5900000000 3.6742171987 -0.1386185558 1.8882733842 0.0000000000
8.0330134248 0.5900000000 3.6719643450 -0.1808105852 1.8623851575 0.0000000000
8.0330937208 0.5900000000 3.6697559270 -0.2230200451 1.8366677016 0.0000000000
8.0331741770 0.5900000000 3.6675738615 -0.2652379706 1.8110522696 0.0000000000
8.0332554195 0.5900000000 3.6653539685 -0.3074437126 1.7852904005 0.0000000000
8.0333386159 0.5900000000 3.6632539918 -0.3496894050 1.7599922167 0.0000000000
8.0334259743 0.5900000000 3.6611942894 -0.3919586549 1.7348457073 0.0000000000
8.0335233651 0.5900000000 3.6591288582 -0.4342312459 1.7096749461 0.0000000000
8.0336592849 0.5900000000 3.6570745059 -0.4775488789 1.6841304836 0.0000000000
8.0339683794 0.5900000000 3.6586297068 -0.4517351309 1.7006767864 0.0000000000
8.0340899404 0.5900000000 3.6607453371 -0.4101891095 1.7257577161 0.0000000000
8.0342414894 0.5900000000 3.6627996665 -0.3679981720 1.7508514089 0.0000000000
8.0345696206 0.5900000000 3.6648262560 -0.3257410792 1.7758606041 0.0000000000
8.0352217554 0.5900000000 3.6669580192 -0.2835615265 1.8012594778 0.0000000000
8.0386256610 0.5900000000 3.6670572478 -0.2778104023 1.8039568421 0.0000000000
8.0413103163 0.5900000000 3.6648904078 -0.3197565007 1.7785110427 0.0000000000
8.0437249877 0.5900000000 3.6627508376 -0.3616042544 1.7532136604 0.0000000000
8.0459257269 0.5900000000 3.6606411213 -0.4034821726 1.7280236276 0.0000000000
8.0479130984 0.5900000000 3.6583826297 -0.4453807987 1.7022302109 0.0000000000
8.0495676885 0.5900000000 3.6561478618 -0.4873785282 1.6764920476 0.0000000000
8.0510556293 0.5900000000 3.6539727029 -0.5294349849 1.6509688293 0.0000000000
8.0526183416 0.5900000000 3.6518647380 -0.5714956425 1.6257127065 0.0000000000
8.0543457684 0.5900000000 3.6498863811 -0.6135555290 1.6009753244 0.0000000000
8.0560911543 0.5900000000 3.6478826793 -0.6556032623 1.5761414240 0.0000000000
8.0577430730 0.5900000000 3.6459911866 -0.6977073038 1.5517338367 0.0000000000
8.0593087609 0.5900000000 3.6439859008 -0.7397985699 1.5268761869 0.0000000000
8.0608149930 0.5900000000 3.6421866471 -0.7819620792 1.5028137685 0.0000000000
8.0622427100 0.5900000000 3.6402416804 -0.8241010605 1.4781783089 0.0000000000
8.0636014825 0.5900000000 3.6383628412 -0.8662737039 1.4537938948 0.0000000000
8.0648936606 0.5900000000 3.6365661039 -0.9084820329 1.4297236141 0.0000000000
8.0661222862 0.5900000000 3.6347141594 -0.9506872471 1.4054337504 0.0000000000
8.0672892763 0.5900000000 3.6328512042 -0.9929004343 1.3810966548 0.0000000000
8.0683984070 0.5900000000 3.6310673927 -1.0351447263 1.3570636919 0.0000000000
8.0694616323 0.5900000000 3.6292949640 -1.0773994422 1.3330720907 0.0000000000
8.0704778254 0.5900000000 3.6275822455 -1.1196766429 1.3093103364 0.0000000000
8.0714429769 0.5900000000 3.6258038903 -1.1619445162 1.2852897664 0.0000000000
8.0723632051 0.5900000000 3.6239887580 -1.2042088417 1.2611235068 0.0000000000
8.0732431257 0.5900000000 3.6221663920 -1.2464765682 1.2369269524 0.0000000000
8.0740874711 0.5900000000 3.6204215235 -1.2887692966 1.2130303870 0.0000000000
8.0749004220 0.5900000000 3.6186828016 -1.3310674425 1.1891562409 0.0000000000
8.0756877198 0.5900000000 3.6169414245 -1.3733679338 1.1652705361 0.0000000000
8.0764574324 0.5900000000 3.6152090775 -1.4156727685 1.1414192141 0.0000000000
8.0772087279 0.5900000000 3.6135289050 -1.4579928191 1.1177705041 0.0000000000
8.0779431080 0.5900000000 3.6118593556 -1.5003173563 1.0941624913 0.0000000000
8.0786628220 0.5900000000 3.6101719692 -1.5426389978 1.0704842894 0.0000000000
8.0793691202 0.5900000000 3.6084856967 -1.5849624314 1.0468098260 0.0000000000
8.0800623025 0.5900000000 3.6067186063 -1.6272664328 1.0228198639 0.0000000000
8.0807422126 0.5900000000 3.6050166641 -1.6695886326 0.9990832149 0.0000000000
8.0814067270 0.5900000000 3.6033258323 -1.7119150836 0.9753893074 0.0000000000
8.0820502025 0.5900000000 3.6016336411 -1.7542432359 0.9516892817 0.0000000000
8.0826650280 0.5900000000 3.5999321762 -1.7965717262 0.9279520261 0.0000000000
8.0832375401 0.5900000000 3.5982350461 -1.8389050123 0.9042301911 0.0000000000
8.0837611724 0.5900000000 3.5965500010 -1.8812452799 0.8805539036 0.0000000000
8.0842126983 0.5900000000 3.5948742206 -1.9235930029 0.8569116931 0.0000000000
8.0846199162 0.5900000000 3.5931965636 -1.9659430994 0.8332610261 0.0000000000
8.0849945626 0.5900000000 3.5914734217 -2.0082836607 0.8094322343 0.0000000000
8.0853298772 0.5900000000 3.5897505810 -2.0506263590 0.7856037922 0.0000000000
8.0856255633 0.5900000000 3.5880240650 -2.0929699713 0.7617602829 0.0000000000
8.0858920536 0.5900000000 3.5862686765 -2.1353073686 0.7378037703 0.0000000000
8.0861412796 0.5900000000 3.5845138222 -2.1776455665 0.7138490740 0.0000000000
8.0863802088 0.5900000000 3.5827530305 -2.2199825989 0.6898710941 0.0000000000
8.0866102494 0.5900000000 3.5809920756 -2.2623198942 0.6658923563 0.0000000000
8.0868315902 0.5900000000 3.5792332439 -2.3046580303 0.6419217751 0.0000000000
8.0870452360 0.5900000000 3.5774559268 -2.3469915933 0.6178790815 0.0000000000
8.0872536539 0.5900000000 3.5756801034 -2.3893256499 0.5938421653 0.0000000000
8.0874599493 0.5900000000 3.5738680631 -2.4316499022 0.5696643033 0.0000000000
8.0876666333 0.5900000000 3.5719851664 -2.4739543056 0.5452109549 0.0000000000
8.0878718031 0.5900000000 3.5701949229 -2.5162847384 0.5211178080 0.0000000000
8.0880622349 0.5900000000 3.5683381209 -2.5585972560 0.4967655930 0.0000000000
8.0882523939 0.5900000000 3.5665246614 -2.6009212712 0.4725821487 0.0000000000
8.0884385067 0.5900000000 3.5646501122 -2.6432283603 0.4481611165 0.0000000000
8.0886324597 0.5900000000 3.5627944914 -2.6855414404 0.4238134011 0.0000000000
8.0888267762 0.5900000000 3.5608880942 -2.7278389975 0.3992687893 0.0000000000
8.0890275296 0.5900000000 3.5590339920 -2.7701518969 0.3749272207 0.0000000000
8.0892470823 0.5900000000 3.5571965285 -2.8124673557 0.3506511834 0.0000000000
8.0894821167 0.5900000000 3.5554240782 -2.8548776850 0.3265972505 0.0000000000
8.0896205564 0.5900000000 3.5541920185 -2.8819513488 0.3108395462 0.0000000000
8.0896384224 0.5900000000 3.5563950360 -2.8381502994 0.3371720357 0.0000000000
8.0896485784 0.5900000000 3.5585235282 -2.7951690717 0.3628784956 0.0000000000
8.0896572461 0.5900000000 3.5604947424 -2.7531176137 0.3875839357 0.0000000000
8.0896661192 0.5900000000 3.5625817105 -2.7112549556 0.4126768716 0.0000000000
8.0896922669 0.5900000000 3.5612159509 -2.7397910400 0.3957993994 0.0000000000
8.0897052679 0.5900000000 3.5592624142 -2.7792059991 0.3722192686 0.0000000000
8.0897166001 0.5900000000 3.5572615013 -2.8215314009 0.3472854564 0.0000000000
8.0897281549 0.5900000000 3.5552102544 -2.8638209951 0.3221646310 0.0000000000
8.0897404410 0.5900000000 3.5531096054 -2.9060675219 0.2968634245 0.0000000000
8.0897538253 0.5900000000 3.5509798498 -2.9483017584 0.2714507075 0.0000000000
8.0897686731 0.5900000000 3.5489097139 -2.9905552274 0.2462687764 0.0000000000
8.0897853373 0.5900000000 3.5467694130 -3.0327868514 0.2208149229 0.0000000000
8.0898041096 0.5900000000 3.5446382212 -3.0750210955 0.1953964581 0.0000000000
8.0898252049 0.5900000000 3.5424300488 -3.1172309535 0.1696798253 0.0000000000
8.0898489287 0.5900000000 3.5402982360 -3.1594650985 0.1442589162 0.0000000000
8.0898757873 0.5900000000 3.5381613926 -3.2016976028 0.1188185410 0.0000000000
8.0899069634 0.5900000000 3.5360210916 -3.2439251251 0.0933663281 0.0000000000
8.0899452922 0.5900000000 3.5338613294 -3.2861125346 0.0678523153 0.0000000000
8.0900190597 0.5900000000 3.5329716747 -3.3062899382 0.0562227350 0.0000000000
8.0900338706 0.5900000000 3.5352359041 -3.2635821233 0.0823627788 0.0000000000
8.0900370385 0.5900000000 3.5370500000 -3.2331250000 0.1018020116 0.0000000000
