# logAge Mass logTe Mbol logg C/O
4.1860800861 0.5800000000 4.1973100000 1.1633000000 4.4939879936 0.0000000000
4.1939846610 0.5800000000 4.1973041560 1.1631419044 4.4939013793 0.0000000000
4.2018892424 0.5800000000 4.1972978640 1.1629832210 4.4938127381 0.0000000000
4.2097938296 0.5800000000 4.1972911281 1.1628238982 4.4937220653 0.0000000000
4.2176984222 0.5800000000 4.1972839523 1.1626638843 4.4936293563 0.0000000000
4.2256030197 0.5800000000 4.1972763404 1.1625031278 4.4935346064 0.0000000000
4.2335076216 0.5800000000 4.1972682967 1.1623415769 4.4934378110 0.0000000000
4.2414122274 0.5800000000 4.1972598250 1.1621791801 4.4933389655 0.0000000000
4.2493168365 0.5800000000 4.1972509293 1.1620158857 4.4932380650 0.0000000000
4.2572214485 0.5800000000 4.1972416137 1.1618516422 4.4931351051 0.0000000000
4.2651260629 0.5800000000 4.1972318821 1.1616863978 4.4930300810 0.0000000000
4.2730306791 0.5800000000 4.1972217385 1.1615201010 4.4929229880 0.0000000000
4.2809352967 0.5800000000 4.1972111870 1.1613527001 4.4928138216 0.0000000000
4.2888399152 0.5800000000 4.1972002315 1.1611841435 4.4927025771 0.0000000000
4.2967445340 0.5800000000 4.1971888761 1.1610143796 4.4925892498 0.0000000000
4.3046491527 0.5800000000 4.1971771247 1.1608433567 4.4924738350 0.0000000000
4.3125537707 0.5800000000 4.1971649813 1.1606710232 4.4923563281 0.0000000000
4.3204583876 0.5800000000 4.1971524500 1.1604973275 4.4922367244 0.0000000000
4.3283630028 0.5800000000 4.1971395346 1.1603222180 4.4921150194 0.0000000000
4.3362676158 0.5800000000 4.1971262394 1.1601456430 4.4919912082 0.0000000000
4.3441722262 0.5800000000 4.1971125681 1.1599675510 4.4918652863 0.0000000000
4.3520768334 0.5800000000 4.1970985248 1.1597878902 4.4917372490 0.0000000000
4.3599814370 0.5800000000 4.1970841136 1.1596066090 4.4916070917 0.0000000000
4.3678860363 0.5800000000 4.1970693384 1.1594236559 4.4914748096 0.0000000000
4.3757906310 0.5800000000 4.1970542032 1.1592389791 4.4913403982 0.0000000000
4.3836952206 0.5800000000 4.1970387121 1.1590525272 4.4912038528 0.0000000000
4.3915998044 0.5800000000 4.1970228689 1.1588642483 4.4910651686 0.0000000000
4.3995043821 0.5800000000 4.1970066778 1.1586740910 4.4909243412 0.0000000000
4.4074089531 0.5800000000 4.1969901427 1.1584820036 4.4907813657 0.0000000000
4.4153135168 0.5800000000 4.1969732676 1.1582879344 4.4906362376 0.0000000000
4.4232180729 0.5800000000 4.1969560565 1.1580918319 4.4904889522 0.0000000000
4.4311226208 0.5800000000 4.1969385134 1.1578936443 4.4903395048 0.0000000000
4.4390271600 0.5800000000 4.1969206423 1.1576933201 4.4901878907 0.0000000000
4.4469316900 0.5800000000 4.1969024472 1.1574908077 4.4900341054 0.0000000000
4.4548362103 0.5800000000 4.1968839321 1.1572860554 4.4898781442 0.0000000000
4.4627407204 0.5800000000 4.1968651010 1.1570790116 4.4897200023 0.0000000000
4.4706452198 0.5800000000 4.1968459580 1.1568696246 4.4895596752 0.0000000000
4.4785497079 0.5800000000 4.1968265069 1.1566578429 4.4893971582 0.0000000000
4.4864541843 0.5800000000 4.1968067518 1.1564436148 4.4892324466 0.0000000000
4.4943586486 0.5800000000 4.1967866967 1.1562268887 4.4890655358 0.0000000000
4.5022631001 0.5800000000 4.1967663456 1.1560076129 4.4888964211 0.0000000000
4.5101675383 0.5800000000 4.1967457025 1.1557857359 4.4887250979 0.0000000000
4.5180719629 0.5800000000 4.1967247714 1.1555612059 4.4885515614 0.0000000000
4.5259763732 0.5800000000 4.1967035562 1.1553339715 4.4883758071 0.0000000000
4.5338807687 0.5800000000 4.1966820611 1.1551039808 4.4881978303 0.0000000000
4.5417851491 0.5800000000 4.1966602900 1.1548711824 4.4880176263 0.0000000000
4.5496895137 0.5800000000 4.1966382468 1.1546355246 4.4878351905 0.0000000000
4.5575938620 0.5800000000 4.1966159356 1.1543969557 4.4876505182 0.0000000000
4.5654981936 0.5800000000 4.1965933604 1.1541554242 4.4874636048 0.0000000000
4.5734025080 0.5800000000 4.1965705252 1.1539108783 4.4872744455 0.0000000000
4.5813068046 0.5800000000 4.1965474339 1.1536632666 4.4870830358 0.0000000000
4.5892110829 0.5800000000 4.1965240906 1.1534125373 4.4868893710 0.0000000000
4.5971153425 0.5800000000 4.1965004993 1.1531586388 4.4866934464 0.0000000000
4.6050195828 0.5800000000 4.1964766640 1.1529015195 4.4864952573 0.0000000000
4.6129238033 0.5800000000 4.1964525886 1.1526411277 4.4862947992 0.0000000000
4.6208280036 0.5800000000 4.1964282772 1.1523774120 4.4860920673 0.0000000000
4.6287321831 0.5800000000 4.1964037338 1.1521103205 4.4858870570 0.0000000000
4.6366363414 0.5800000000 4.1963789624 1.1518398017 4.4856797637 0.0000000000
4.6445404778 0.5800000000 4.1963539669 1.1515658040 4.4854701826 0.0000000000
4.6524445920 0.5800000000 4.1963287513 1.1512882757 4.4852583092 0.0000000000
4.6603486834 0.5800000000 4.1963033198 1.1510071652 4.4850441387 0.0000000000
4.6682527515 0.5800000000 4.1962776762 1.1507224208 4.4848276666 0.0000000000
4.6761567958 0.5800000000 4.1962518245 1.1504339910 4.4846088881 0.0000000000
4.6840608158 0.5800000000 4.1962257688 1.1501418242 4.4843877986 0.0000000000
4.6919648111 0.5800000000 4.1961995131 1.1498458686 4.4841643934 0.0000000000
4.6998687810 0.5800000000 4.1961730613 1.1495460727 4.4839386679 0.0000000000
4.7077727251 0.5800000000 4.1961464175 1.1492423848 4.4837106174 0.0000000000
4.7156766429 0.5800000000 4.1961195856 1.1489347534 4.4834802373 0.0000000000
4.7235805339 0.5800000000 4.1960925697 1.1486231267 4.4832475229 0.0000000000
4.7314843976 0.5800000000 4.1960653737 1.1483074531 4.4830124695 0.0000000000
4.7393882335 0.5800000000 4.1960380016 1.1479876811 4.4827750726 0.0000000000
4.7472920411 0.5800000000 4.1960104575 1.1476637590 4.4825353273 0.0000000000
4.7551958198 0.5800000000 4.1959827454 1.1473356352 4.4822932292 0.0000000000
4.7630995693 0.5800000000 4.1959548692 1.1470032580 4.4820487735 0.0000000000
4.7710032889 0.5800000000 4.1959268331 1.1466665802 4.4818019580 0.0000000000
4.7789069792 0.5800000000 4.1958986460 1.1463256721 4.4815528466 0.0000000000
4.7868106414 0.5800000000 4.1958703222 1.1459807314 4.4813015749 0.0000000000
4.7947142771 0.5800000000 4.1958418759 1.1456319623 4.4810482822 0.0000000000
4.8026178876 0.5800000000 4.1958133216 1.1452795688 4.4807931074 0.0000000000
4.8105214744 0.5800000000 4.1957846736 1.1449237550 4.4805361898 0.0000000000
4.8184250388 0.5800000000 4.1957559463 1.1445647250 4.4802776686 0.0000000000
4.8263285824 0.5800000000 4.1957271540 1.1442026830 4.4800176829 0.0000000000
4.8342321065 0.5800000000 4.1956983113 1.1438378331 4.4797563718 0.0000000000
4.8421356126 0.5800000000 4.1956694323 1.1434703793 4.4794938746 0.0000000000
4.8500391020 0.5800000000 4.1956405316 1.1431005257 4.4792303303 0.0000000000
4.8579425762 0.5800000000 4.1956116235 1.1427284765 4.4789658782 0.0000000000
4.8658460367 0.5800000000 4.1955827224 1.1423544358 4.4787006574 0.0000000000
4.8737494848 0.5800000000 4.1955538426 1.1419786077 4.4784348070 0.0000000000
4.8816529220 0.5800000000 4.1955249986 1.1416011963 4.4781684663 0.0000000000
4.8895563497 0.5800000000 4.1954962046 1.1412224056 4.4779017743 0.0000000000
4.8974597693 0.5800000000 4.1954674752 1.1408424398 4.4776348703 0.0000000000
4.9053631822 0.5800000000 4.1954388247 1.1404615031 4.4773678934 0.0000000000
4.9132665899 0.5800000000 4.1954102674 1.1400797994 4.4771009828 0.0000000000
4.9211699938 0.5800000000 4.1953818177 1.1396975329 4.4768342776 0.0000000000
4.9290733953 0.5800000000 4.1953534901 1.1393149078 4.4765679169 0.0000000000
4.9369767958 0.5800000000 4.1953252988 1.1389321281 4.4763020400 0.0000000000
4.9448801968 0.5800000000 4.1952972583 1.1385493979 4.4760367860 0.0000000000
4.9527835996 0.5800000000 4.1952693826 1.1381669208 4.4757722921 0.0000000000
4.9606870058 0.5800000000 4.1952416817 1.1377848961 4.4755086786 0.0000000000
4.9685904169 0.5800000000 4.1952141637 1.1374035207 4.4752460567 0.0000000000
4.9764938343 0.5800000000 4.1951868368 1.1370229914 4.4749845374 0.0000000000
4.9843972596 0.5800000000 4.1951597091 1.1366435051 4.4747242319 0.0000000000
4.9923006943 0.5800000000 4.1951327886 1.1362652587 4.4744652513 0.0000000000
5.0002041397 0.5800000000 4.1951060834 1.1358884490 4.4742077066 0.0000000000
5.0081075976 0.5800000000 4.1950796016 1.1355132730 4.4739517090 0.0000000000
5.0160110693 0.5800000000 4.1950533513 1.1351399275 4.4736973696 0.0000000000
5.0239145564 0.5800000000 4.1950273405 1.1347686094 4.4734447995 0.0000000000
5.0318180604 0.5800000000 4.1950015775 1.1343995155 4.4731941097 0.0000000000
5.0397215827 0.5800000000 4.1949760702 1.1340328427 4.4729454115 0.0000000000
5.0476251248 0.5800000000 4.1949508268 1.1336687880 4.4726988158 0.0000000000
5.0555286884 0.5800000000 4.1949258553 1.1333075481 4.4724544339 0.0000000000
5.0634322748 0.5800000000 4.1949011638 1.1329493200 4.4722123768 0.0000000000
5.0713358855 0.5800000000 4.1948767604 1.1325943006 4.4719727555 0.0000000000
5.0792395221 0.5800000000 4.1948526533 1.1322426866 4.4717356813 0.0000000000
5.0871431861 0.5800000000 4.1948288504 1.1318946750 4.4715012652 0.0000000000
5.0950468790 0.5800000000 4.1948053599 1.1315504626 4.4712696184 0.0000000000
5.1029506022 0.5800000000 4.1947821899 1.1312102461 4.4710408516 0.0000000000
5.1108543568 0.5800000000 4.1947593464 1.1308742022 4.4708150598 0.0000000000
5.1187581430 0.5800000000 4.1947368324 1.1305424778 4.4705923141 0.0000000000
5.1266619610 0.5800000000 4.1947146507 1.1302152174 4.4703726833 0.0000000000
5.1345658109 0.5800000000 4.1946928041 1.1298925651 4.4701562361 0.0000000000
5.1424696930 0.5800000000 4.1946712955 1.1295746653 4.4699430416 0.0000000000
5.1503736075 0.5800000000 4.1946501275 1.1292616624 4.4697331685 0.0000000000
5.1582775545 0.5800000000 4.1946293030 1.1289537007 4.4695266858 0.0000000000
5.1661815343 0.5800000000 4.1946088247 1.1286509245 4.4693236622 0.0000000000
5.1740855469 0.5800000000 4.1945886955 1.1283534781 4.4691241668 0.0000000000
5.1819895927 0.5800000000 4.1945689181 1.1280615059 4.4689282682 0.0000000000
5.1898936717 0.5800000000 4.1945494952 1.1277751522 4.4687360354 0.0000000000
5.1977977842 0.5800000000 4.1945304298 1.1274945613 4.4685475373 0.0000000000
5.2057019303 0.5800000000 4.1945117245 1.1272198776 4.4683628428 0.0000000000
5.2136061103 0.5800000000 4.1944933822 1.1269512454 4.4681820206 0.0000000000
5.2215103243 0.5800000000 4.1944754056 1.1266888090 4.4680051396 0.0000000000
5.2294145725 0.5800000000 4.1944577976 1.1264327127 4.4678322689 0.0000000000
5.2373188551 0.5800000000 4.1944405608 1.1261831009 4.4676634771 0.0000000000
5.2452231722 0.5800000000 4.1944236988 1.1259400946 4.4674988266 0.0000000000
5.2531275228 0.5800000000 4.1944072181 1.1257037120 4.4673383507 0.0000000000
5.2610319060 0.5800000000 4.1943911261 1.1254739428 4.4671820750 0.0000000000
5.2689363208 0.5800000000 4.1943754301 1.1252507768 4.4670300247 0.0000000000
5.2768407661 0.5800000000 4.1943601375 1.1250342038 4.4668822253 0.0000000000
5.2847452410 0.5800000000 4.1943452558 1.1248242136 4.4667387020 0.0000000000
5.2926497445 0.5800000000 4.1943307921 1.1246207960 4.4665994805 0.0000000000
5.3005542754 0.5800000000 4.1943167540 1.1244239407 4.4664645859 0.0000000000
5.3084588329 0.5800000000 4.1943031488 1.1242336375 4.4663340437 0.0000000000
5.3163634158 0.5800000000 4.1942899838 1.1240498762 4.4662078793 0.0000000000
5.3242680233 0.5800000000 4.1942772665 1.1238726465 4.4660861182 0.0000000000
5.3321726541 0.5800000000 4.1942650042 1.1237019383 4.4659687855 0.0000000000
5.3400773075 0.5800000000 4.1942532042 1.1235377413 4.4658559069 0.0000000000
5.3479819822 0.5800000000 4.1942418740 1.1233800454 4.4657475075 0.0000000000
5.3558866774 0.5800000000 4.1942310208 1.1232288402 4.4656436130 0.0000000000
5.3637913920 0.5800000000 4.1942206522 1.1230841155 4.4655442485 0.0000000000
5.3716961250 0.5800000000 4.1942107711 1.1229458490 4.4654494176 0.0000000000
5.3796008754 0.5800000000 4.1942013600 1.1228139585 4.4653590169 0.0000000000
5.3875056424 0.5800000000 4.1941923948 1.1226883443 4.4652729106 0.0000000000
5.3954104250 0.5800000000 4.1941838518 1.1225689062 4.4651909632 0.0000000000
5.4033152223 0.5800000000 4.1941757069 1.1224555442 4.4651130388 0.0000000000
5.4112200334 0.5800000000 4.1941679362 1.1223481585 4.4650390018 0.0000000000
5.4191248574 0.5800000000 4.1941605158 1.1222466490 4.4649687164 0.0000000000
5.4270296932 0.5800000000 4.1941534218 1.1221509158 4.4649020470 0.0000000000
5.4349345401 0.5800000000 4.1941466302 1.1220608587 4.4648388579 0.0000000000
5.4428393971 0.5800000000 4.1941401171 1.1219763780 4.4647790132 0.0000000000
5.4507442632 0.5800000000 4.1941338586 1.1218973735 4.4647223774 0.0000000000
5.4586491376 0.5800000000 4.1941278308 1.1218237453 4.4646688147 0.0000000000
5.4665540193 0.5800000000 4.1941220096 1.1217553934 4.4646181894 0.0000000000
5.4744589074 0.5800000000 4.1941163713 1.1216922178 4.4645703658 0.0000000000
5.4823638010 0.5800000000 4.1941108918 1.1216341186 4.4645252082 0.0000000000
5.4902686992 0.5800000000 4.1941055484 1.1215809859 4.4644825816 0.0000000000
5.4981736016 0.5800000000 4.1941003262 1.1215326445 4.4644423562 0.0000000000
5.5060785077 0.5800000000 4.1940952133 1.1214888930 4.4644044039 0.0000000000
5.5139834172 0.5800000000 4.1940901979 1.1214495296 4.4643685970 0.0000000000
5.5218883299 0.5800000000 4.1940852682 1.1214143527 4.4643348075 0.0000000000
5.5297932454 0.5800000000 4.1940804124 1.1213831605 4.4643029075 0.0000000000
5.5376981633 0.5800000000 4.1940756188 1.1213557514 4.4642727692 0.0000000000
5.5456030832 0.5800000000 4.1940708754 1.1213319238 4.4642442647 0.0000000000
5.5535080049 0.5800000000 4.1940661705 1.1213114759 4.4642172661 0.0000000000
5.5614129281 0.5800000000 4.1940614924 1.1212942061 4.4641916455 0.0000000000
5.5693178523 0.5800000000 4.1940568291 1.1212799128 4.4641672750 0.0000000000
5.5772227772 0.5800000000 4.1940521689 1.1212683941 4.4641440267 0.0000000000
5.5851277026 0.5800000000 4.1940475000 1.1212594485 4.4641217728 0.0000000000
5.5930326279 0.5800000000 4.1940428105 1.1212528743 4.4641003854 0.0000000000
5.6009375531 0.5800000000 4.1940380886 1.1212484698 4.4640797360 0.0000000000
5.6088424777 0.5800000000 4.1940333177 1.1212460337 4.4640596780 0.0000000000
5.6167474019 0.5800000000 4.1940284754 1.1212453655 4.4640400412 0.0000000000
5.6246523258 0.5800000000 4.1940235386 1.1212462644 4.4640206537 0.0000000000
5.6325572492 0.5800000000 4.1940184846 1.1212485297 4.4640013438 0.0000000000
5.6404621724 0.5800000000 4.1940132904 1.1212519608 4.4639819396 0.0000000000
5.6483670953 0.5800000000 4.1940079333 1.1212563570 4.4639622694 0.0000000000
5.6562720179 0.5800000000 4.1940023902 1.1212615177 4.4639421613 0.0000000000
5.6641769403 0.5800000000 4.1939966383 1.1212672423 4.4639214436 0.0000000000
5.6720818626 0.5800000000 4.1939906547 1.1212733299 4.4638999444 0.0000000000
5.6799867847 0.5800000000 4.1939844166 1.1212795801 4.4638774919 0.0000000000
5.6878917067 0.5800000000 4.1939779010 1.1212857920 4.4638539144 0.0000000000
5.6957966287 0.5800000000 4.1939710851 1.1212917652 4.4638290400 0.0000000000
5.7037015506 0.5800000000 4.1939639459 1.1212972988 4.4638026969 0.0000000000
5.7116064726 0.5800000000 4.1939564609 1.1213021937 4.4637747146 0.0000000000
5.7195113946 0.5800000000 4.1939486118 1.1213062905 4.4637449569 0.0000000000
5.7274163164 0.5800000000 4.1939403855 1.1213094730 4.4637133249 0.0000000000
5.7353212379 0.5800000000 4.1939317693 1.1213116271 4.4636797217 0.0000000000
5.7432261590 0.5800000000 4.1939227503 1.1213126391 4.4636440502 0.0000000000
5.7511310795 0.5800000000 4.1939133155 1.1213123948 4.4636062136 0.0000000000
5.7590359994 0.5800000000 4.1939034523 1.1213107804 4.4635661149 0.0000000000
5.7669409185 0.5800000000 4.1938931477 1.1213076818 4.4635236570 0.0000000000
5.7748458367 0.5800000000 4.1938823889 1.1213029851 4.4634787432 0.0000000000
5.7827507538 0.5800000000 4.1938711631 1.1212965764 4.4634312763 0.0000000000
5.7906556697 0.5800000000 4.1938594573 1.1212883416 4.4633811595 0.0000000000
5.7985605843 0.5800000000 4.1938472589 1.1212781668 4.4633282957 0.0000000000
5.8064654974 0.5800000000 4.1938345548 1.1212659380 4.4632725881 0.0000000000
5.8143704089 0.5800000000 4.1938213324 1.1212515413 4.4632139396 0.0000000000
5.8222753188 0.5800000000 4.1938075886 1.1212348881 4.4631523033 0.0000000000
5.8301802271 0.5800000000 4.1937933742 1.1212160257 4.4630879006 0.0000000000
5.8380851338 0.5800000000 4.1937787577 1.1211950475 4.4630210434 0.0000000000
5.8459900392 0.5800000000 4.1937638078 1.1211720466 4.4629520434 0.0000000000
5.8538949434 0.5800000000 4.1937485931 1.1211471162 4.4628812124 0.0000000000
5.8617998464 0.5800000000 4.1937331822 1.1211203496 4.4628088620 0.0000000000
5.8697047484 0.5800000000 4.1937176437 1.1210918401 4.4627353042 0.0000000000
5.8776096496 0.5800000000 4.1937020462 1.1210616807 4.4626608507 0.0000000000
5.8855145500 0.5800000000 4.1936864584 1.1210299647 4.4625858131 0.0000000000
5.8934194498 0.5800000000 4.1936709489 1.1209967854 4.4625105034 0.0000000000
5.9013243491 0.5800000000 4.1936555863 1.1209622360 4.4624352332 0.0000000000
5.9092292480 0.5800000000 4.1936404392 1.1209264096 4.4623603144 0.0000000000
5.9171341467 0.5800000000 4.1936255763 1.1208893996 4.4622860587 0.0000000000
5.9250390452 0.5800000000 4.1936110616 1.1208513089 4.4622127634 0.0000000000
5.9329439438 0.5800000000 4.1935968954 1.1208123768 4.4621405260 0.0000000000
5.9408488424 0.5800000000 4.1935830316 1.1207729426 4.4620692971 0.0000000000
5.9487537412 0.5800000000 4.1935694229 1.1207333476 4.4619990243 0.0000000000
5.9566586404 0.5800000000 4.1935560220 1.1206939334 4.4619296550 0.0000000000
5.9645635399 0.5800000000 4.1935427816 1.1206550414 4.4618611366 0.0000000000
5.9724684401 0.5800000000 4.1935296544 1.1206170130 4.4617934165 0.0000000000
5.9803733408 0.5800000000 4.1935165932 1.1205801898 4.4617264422 0.0000000000
5.9882782423 0.5800000000 4.1935035506 1.1205449131 4.4616601612 0.0000000000
5.9961831447 0.5800000000 4.1934904793 1.1205115245 4.4615945207 0.0000000000
6.0040880480 0.5800000000 4.1934773322 1.1204803653 4.4615294684 0.0000000000
6.0119929524 0.5800000000 4.1934640618 1.1204517772 4.4614649515 0.0000000000
6.0198978580 0.5800000000 4.1934506209 1.1204261014 4.4614009177 0.0000000000
6.0278027648 0.5800000000 4.1934369638 1.1204035614 4.4613372732 0.0000000000
6.0357076727 0.5800000000 4.1934230520 1.1203838386 4.4612737368 0.0000000000
6.0436125812 0.5800000000 4.1934088490 1.1203664588 4.4612099732 0.0000000000
6.0515174902 0.5800000000 4.1933943186 1.1203509480 4.4611456471 0.0000000000
6.0594223993 0.5800000000 4.1933794242 1.1203368321 4.4610804233 0.0000000000
6.0673273083 0.5800000000 4.1933641295 1.1203236369 4.4610139663 0.0000000000
6.0752322167 0.5800000000 4.1933483980 1.1203108885 4.4609459411 0.0000000000
6.0831371244 0.5800000000 4.1933321934 1.1202981126 4.4608760122 0.0000000000
6.0910420310 0.5800000000 4.1933154792 1.1202848352 4.4608038444 0.0000000000
6.0989469362 0.5800000000 4.1932982190 1.1202705822 4.4607291024 0.0000000000
6.1068518398 0.5800000000 4.1932803764 1.1202548796 4.4606514510 0.0000000000
6.1147567413 0.5800000000 4.1932619150 1.1202372531 4.4605705549 0.0000000000
6.1226616406 0.5800000000 4.1932427984 1.1202172318 4.4604860801 0.0000000000
6.1305665373 0.5800000000 4.1932229915 1.1201944845 4.4603977534 0.0000000000
6.1384714308 0.5800000000 4.1932024608 1.1201688752 4.4603053869 0.0000000000
6.1463763206 0.5800000000 4.1931811730 1.1201402826 4.4602087986 0.0000000000
6.1542812063 0.5800000000 4.1931590948 1.1201085853 4.4601078068 0.0000000000
6.1621860873 0.5800000000 4.1931361928 1.1200736620 4.4600022297 0.0000000000
6.1700909632 0.5800000000 4.1931124338 1.1200353913 4.4598918854 0.0000000000
6.1779958334 0.5800000000 4.1930877845 1.1199936517 4.4597765922 0.0000000000
6.1859006975 0.5800000000 4.1930622114 1.1199483220 4.4596561682 0.0000000000
6.1938055549 0.5800000000 4.1930356814 1.1198992808 4.4595304316 0.0000000000
6.2017104051 0.5800000000 4.1930081611 1.1198464066 4.4593992007 0.0000000000
6.2096152477 0.5800000000 4.1929796377 1.1197895751 4.4592623745 0.0000000000
6.2175200821 0.5800000000 4.1929501661 1.1197286515 4.4591201185 0.0000000000
6.2254249079 0.5800000000 4.1929198148 1.1196634993 4.4589726525 0.0000000000
6.2333297244 0.5800000000 4.1928886525 1.1195939816 4.4588201964 0.0000000000
6.2412345312 0.5800000000 4.1928567479 1.1195199619 4.4586629700 0.0000000000
6.2491393279 0.5800000000 4.1928241696 1.1194413034 4.4585011934 0.0000000000
6.2570441138 0.5800000000 4.1927909862 1.1193578693 4.4583350863 0.0000000000
6.2649488885 0.5800000000 4.1927572665 1.1192695231 4.4581648687 0.0000000000
6.2728536515 0.5800000000 4.1927230650 1.1191761831 4.4579907270 0.0000000000
6.2807584031 0.5800000000 4.1926883296 1.1190781938 4.4578125893 0.0000000000
6.2886631436 0.5800000000 4.1926529577 1.1189760978 4.4576302634 0.0000000000
6.2965678736 0.5800000000 4.1926168468 1.1188704389 4.4574435565 0.0000000000
6.3044725936 0.5800000000 4.1925798944 1.1187617609 4.4572522755 0.0000000000
6.3123773040 0.5800000000 4.1925419978 1.1186506076 4.4570562278 0.0000000000
6.3202820053 0.5800000000 4.1925030544 1.1185375228 4.4568552203 0.0000000000
6.3281866978 0.5800000000 4.1924629719 1.1184229833 4.4566490744 0.0000000000
6.3360913805 0.5800000000 4.1924217747 1.1183067011 4.4564377729 0.0000000000
6.3439960515 0.5800000000 4.1923795622 1.1181878998 4.4562214022 0.0000000000
6.3519007089 0.5800000000 4.1923364345 1.1180657957 4.4560000498 0.0000000000
6.3598053507 0.5800000000 4.1922924920 1.1179396046 4.4557738036 0.0000000000
6.3677099752 0.5800000000 4.1922478352 1.1178085427 4.4555427513 0.0000000000
6.3756145803 0.5800000000 4.1922025631 1.1176718452 4.4553069839 0.0000000000
6.3835191664 0.5800000000 4.1921567261 1.1175295734 4.4550667272 0.0000000000
6.3914237369 0.5800000000 4.1921103083 1.1173829086 4.4548223903 0.0000000000
6.3993282953 0.5800000000 4.1920632892 1.1172331122 4.4545743952 0.0000000000
6.4072328452 0.5800000000 4.1920156481 1.1170814453 4.4543231640 0.0000000000
6.4151373900 0.5800000000 4.1919673643 1.1169291691 4.4540691186 0.0000000000
6.4230419328 0.5800000000 4.1919184092 1.1167774161 4.4538125967 0.0000000000
6.4309464707 0.5800000000 4.1918686499 1.1166256910 4.4535528696 0.0000000000
6.4388509965 0.5800000000 4.1918178826 1.1164723821 4.4532884766 0.0000000000
6.4467555030 0.5800000000 4.1917659018 1.1163158557 4.4530179430 0.0000000000
6.4546599830 0.5800000000 4.1917125023 1.1161544780 4.4527397939 0.0000000000
6.4625644292 0.5800000000 4.1916574797 1.1159866212 4.4524525607 0.0000000000
6.4704688387 0.5800000000 4.1916007798 1.1158115517 4.4521557333 0.0000000000
6.4783732173 0.5800000000 4.1915426614 1.1156303982 4.4518507984 0.0000000000
6.4862775718 0.5800000000 4.1914834223 1.1154445219 4.4515394917 0.0000000000
6.4941819090 0.5800000000 4.1914233604 1.1152552842 4.4512235490 0.0000000000
6.5020862356 0.5800000000 4.1913627627 1.1150639812 4.4509046367 0.0000000000
6.5099905470 0.5800000000 4.1913015939 1.1148699784 4.4505823606 0.0000000000
6.5178948268 0.5800000000 4.1912394508 1.1146704338 4.4502539702 0.0000000000
6.5257990576 0.5800000000 4.1911759097 1.1144623846 4.4499165863 0.0000000000
6.5337032220 0.5800000000 4.1911105474 1.1142428707 4.4495673313 0.0000000000
6.5416073099 0.5800000000 4.1910430186 1.1140104154 4.4492042342 0.0000000000
6.5495113297 0.5800000000 4.1909731840 1.1137674365 4.4488277041 0.0000000000
6.5574152929 0.5800000000 4.1909009373 1.1135169831 4.4484385362 0.0000000000
6.5653192111 0.5800000000 4.1908261725 1.1132621042 4.4480375254 0.0000000000
6.5732230915 0.5800000000 4.1907489317 1.1130047115 4.4476256051 0.0000000000
6.5811269276 0.5800000000 4.1906697674 1.1127428038 4.4472041846 0.0000000000
6.5890307095 0.5800000000 4.1905893415 1.1124735391 4.4467747752 0.0000000000
6.5969344274 0.5800000000 4.1905083162 1.1121940753 4.4463388884 0.0000000000
6.6048380742 0.5800000000 4.1904270346 1.1119026164 4.4458971787 0.0000000000
6.6127416518 0.5800000000 4.1903446419 1.1116012968 4.4454470797 0.0000000000
6.6206451646 0.5800000000 4.1902600012 1.1112931744 4.4449852683 0.0000000000
6.6285486166 0.5800000000 4.1901720403 1.1109811400 4.4445086107 0.0000000000
6.6364520055 0.5800000000 4.1900809149 1.1106648775 4.4440176041 0.0000000000
6.6443553230 0.5800000000 4.1899878875 1.1103411816 4.4435160163 0.0000000000
6.6522585610 0.5800000000 4.1898942532 1.1100067726 4.4430077154 0.0000000000
6.6601617222 0.5800000000 4.1898006246 1.1096611140 4.4424949377 0.0000000000
6.6680648288 0.5800000000 4.1897063774 1.1093086439 4.4419769607 0.0000000000
6.6759679051 0.5800000000 4.1896107578 1.1089543162 4.4414527512 0.0000000000
6.6838709655 0.5800000000 4.1895132867 1.1086010920 4.4409215770 0.0000000000
6.6917740024 0.5800000000 4.1894140978 1.1082474830 4.4403833780 0.0000000000
6.6996770050 0.5800000000 4.1893134074 1.1078913954 4.4398381812 0.0000000000
6.7075799501 0.5800000000 4.1892111407 1.1075298767 4.4392845069 0.0000000000
6.7154827837 0.5800000000 4.1891065048 1.1071578520 4.4387171536 0.0000000000
6.7233854471 0.5800000000 4.1889985979 1.1067699242 4.4381303547 0.0000000000
6.7312879020 0.5800000000 4.1888868497 1.1063626795 4.4375204641 0.0000000000
6.7391901891 0.5800000000 4.1887719673 1.1059403398 4.4368919986 0.0000000000
6.7470923670 0.5800000000 4.1886549482 1.1055089005 4.4362513468 0.0000000000
6.7549944632 0.5800000000 4.1885360673 1.1050716273 4.4356009135 0.0000000000
6.7628964632 0.5800000000 4.1884146178 1.1046280800 4.4349376969 0.0000000000
6.7707983513 0.5800000000 4.1882899710 1.1041775917 4.4342589142 0.0000000000
6.7787001245 0.5800000000 4.1881623424 1.1037197111 4.4335652477 0.0000000000
6.7866017842 0.5800000000 4.1880322457 1.1032540599 4.4328586001 0.0000000000
6.7945033298 0.5800000000 4.1879000803 1.1027800908 4.4321403511 0.0000000000
6.8024047582 0.5800000000 4.1877660834 1.1022970161 4.4314111334 0.0000000000
6.8103060494 0.5800000000 4.1876302397 1.1018030149 4.4306701584 0.0000000000
6.8182071089 0.5800000000 4.1874914372 1.1012916176 4.4299103893 0.0000000000
6.8261078299 0.5800000000 4.1873483626 1.1007556960 4.4291237223 0.0000000000
6.8340082248 0.5800000000 4.1872011695 1.1001968441 4.4283114092 0.0000000000
6.8419083898 0.5800000000 4.1870510011 1.0996228071 4.4274811209 0.0000000000
6.8498084317 0.5800000000 4.1868982954 1.0990426263 4.4266382258 0.0000000000
6.8577084599 0.5800000000 4.1867428114 1.0984659670 4.4257856260 0.0000000000
6.8656084529 0.5800000000 4.1865843530 1.0978912700 4.4249219138 0.0000000000
6.8735082565 0.5800000000 4.1864228061 1.0973056038 4.4240414595 0.0000000000
6.8814077367 0.5800000000 4.1862583887 1.0966980290 4.4231407601 0.0000000000
6.8893067959 0.5800000000 4.1860916944 1.0960611004 4.4222192112 0.0000000000
6.8972054847 0.5800000000 4.1859219631 1.0954007701 4.4212761539 0.0000000000
6.9051040302 0.5800000000 4.1857468523 1.0947386721 4.4203108714 0.0000000000
6.9130025089 0.5800000000 4.1855666240 1.0940801082 4.4193265329 0.0000000000
6.9209008473 0.5800000000 4.1853834568 1.0934155619 4.4183280454 0.0000000000
6.9287987507 0.5800000000 4.1851967863 1.0927258894 4.4173054943 0.0000000000
6.9366959200 0.5800000000 4.1850049809 1.0919939917 4.4162455140 0.0000000000
6.9445928379 0.5800000000 4.1848102733 1.0912495577 4.4151689098 0.0000000000
6.9524899204 0.5800000000 4.1846148136 1.0905176567 4.4140943107 0.0000000000
6.9603867820 0.5800000000 4.1844172557 1.0897741383 4.4130066718 0.0000000000
6.9682829762 0.5800000000 4.1842143211 1.0889962469 4.4118837767 0.0000000000
6.9761781652 0.5800000000 4.1840015771 1.0881726431 4.4107033594 0.0000000000
6.9840724552 0.5800000000 4.1837780486 1.0873131806 4.4094654601 0.0000000000
6.9919665237 0.5800000000 4.1835527062 1.0864444220 4.4082165870 0.0000000000
6.9998614926 0.5800000000 4.1833448146 1.0856005911 4.4070474883 0.0000000000
7.0077568965 0.5800000000 4.1831391069 1.0847779448 4.4058955992 0.0000000000
7.0156517097 0.5800000000 4.1829158438 1.0839485144 4.4046707745 0.0000000000
7.0235452794 0.5800000000 4.1826784999 1.0830718311 4.4033707258 0.0000000000
7.0314376438 0.5800000000 4.1824344908 1.0821398516 4.4020218974 0.0000000000
7.0393293820 0.5800000000 4.1821882295 1.0811791606 4.4006525760 0.0000000000
7.0472202621 0.5800000000 4.1819303536 1.0801934540 4.3992267897 0.0000000000
7.0551096116 0.5800000000 4.1816609449 1.0791526120 4.3977328180 0.0000000000
7.0629977284 0.5800000000 4.1813912163 1.0780550319 4.3962148715 0.0000000000
7.0708865319 0.5800000000 4.1811301781 1.0769754319 4.3947388789 0.0000000000
7.0787756135 0.5800000000 4.1808643004 1.0759161039 4.3932516366 0.0000000000
7.0866638243 0.5800000000 4.1805855258 1.0748369736 4.3917048864 0.0000000000
7.0945500067 0.5800000000 4.1802916744 1.0736923264 4.3900716216 0.0000000000
7.1024339306 0.5800000000 4.1799859546 1.0724723855 4.3883607661 0.0000000000
7.1103181532 0.5800000000 4.1796911754 1.0712475788 4.3866917267 0.0000000000
7.1182037291 0.5800000000 4.1793965906 1.0700780799 4.3850455879 0.0000000000
7.1260880316 0.5800000000 4.1790856695 1.0688824397 4.3833236475 0.0000000000
7.1339688163 0.5800000000 4.1787556540 1.0675777684 4.3814817170 0.0000000000
7.1418481870 0.5800000000 4.1784257268 1.0662212073 4.3796193838 0.0000000000
7.1497288577 0.5800000000 4.1781095021 1.0648915363 4.3778226163 0.0000000000
7.1576091127 0.5800000000 4.1777743475 1.0635756339 4.3759556373 0.0000000000
7.1654871697 0.5800000000 4.1774264208 1.0621989015 4.3740132375 0.0000000000
7.1733605596 0.5800000000 4.1770575818 1.0606960898 4.3719367567 0.0000000000
7.1812352856 0.5800000000 4.1767024115 1.0592165694 4.3699242673 0.0000000000
7.1891120444 0.5800000000 4.1763530406 1.0577962422 4.3679586527 0.0000000000
7.1969855956 0.5800000000 4.1759700413 1.0563212627 4.3658366638 0.0000000000
7.2048545974 0.5800000000 4.1755777188 1.0547151851 4.3636249429 0.0000000000
7.2127236630 0.5800000000 4.1751861469 1.0531103313 4.3614167137 0.0000000000
7.2205912293 0.5800000000 4.1747749871 1.0514891262 4.3591235925 0.0000000000
7.2284520091 0.5800000000 4.1743363281 1.0497158298 4.3566596380 0.0000000000
7.2363117817 0.5800000000 4.1739061035 1.0479013209 4.3542129357 0.0000000000
7.2441767034 0.5800000000 4.1735048408 1.0461877003 4.3519224370 0.0000000000
7.2520416527 0.5800000000 4.1730819449 1.0445077395 4.3495588688 0.0000000000
7.2598992701 0.5800000000 4.1726273945 1.0426721246 4.3470064216 0.0000000000
7.2677531170 0.5800000000 4.1721601655 1.0407577471 4.3443717544 0.0000000000
7.2756029172 0.5800000000 4.1716793077 1.0387619536 4.3416500060 0.0000000000
7.2834496409 0.5800000000 4.1711818630 1.0367164826 4.3388420386 0.0000000000
7.2912929623 0.5800000000 4.1706778943 1.0346014034 4.3359801323 0.0000000000
7.2991372713 0.5800000000 4.1701757448 1.0325123755 4.3331359232 0.0000000000
7.3070104442 0.5800000000 4.1697926025 1.0310166854 4.3310050778 0.0000000000
7.3148801463 0.5800000000 4.1693927544 1.0294496539 4.3287788725 0.0000000000
7.3227308023 0.5800000000 4.1688905720 1.0275092259 4.3259939717 0.0000000000
7.3305710395 0.5800000000 4.1683739371 1.0253415470 4.3230603608 0.0000000000
7.3384101338 0.5800000000 4.1678453202 1.0231667004 4.3200759546 0.0000000000
7.3462426333 0.5800000000 4.1672968456 1.0208764985 4.3169659753 0.0000000000
7.3540694350 0.5800000000 4.1667275030 1.0184986991 4.3137374853 0.0000000000
7.3618950531 0.5800000000 4.1661740299 1.0160734393 4.3105534889 0.0000000000
7.3697209577 0.5800000000 4.1656037401 1.0136781935 4.3073142313 0.0000000000
7.3775498241 0.5800000000 4.1650481161 1.0113229918 4.3041496546 0.0000000000
7.3853757665 0.5800000000 4.1644711419 1.0089393316 4.3008882940 0.0000000000
7.3931881723 0.5800000000 4.1638647411 1.0063332520 4.2974202586 0.0000000000
7.4009968876 0.5800000000 4.1632333726 1.0036959049 4.2938398461 0.0000000000
7.4087947583 0.5800000000 4.1625737418 1.0009054759 4.2900851510 0.0000000000
7.4165933034 0.5800000000 4.1619223006 0.9981146499 4.2863630558 0.0000000000
7.4243801878 0.5800000000 4.1612344175 0.9951789298 4.2824372356 0.0000000000
7.4321663508 0.5800000000 4.1605486861 0.9922280909 4.2785139744 0.0000000000
7.4399373244 0.5800000000 4.1598005134 0.9891258473 4.2742803861 0.0000000000
7.4477027466 0.5800000000 4.1590524651 0.9859219701 4.2700066420 0.0000000000
7.4553701397 0.5800000000 4.1581439335 0.9817531090 4.2647049712 0.0000000000
7.4631704852 0.5800000000 4.1574743078 0.9790386927 4.2609407020 0.0000000000
7.4709433389 0.5800000000 4.1567235605 0.9759764061 4.2567127978 0.0000000000
7.4786841206 0.5800000000 4.1559257325 0.9725025426 4.2521319408 0.0000000000
7.4864317845 0.5800000000 4.1551459393 0.9691000567 4.2476517733 0.0000000000
7.4941552891 0.5800000000 4.1542785236 0.9654987092 4.2427415715 0.0000000000
7.5018619483 0.5800000000 4.1533988756 0.9616895740 4.2376993257 0.0000000000
7.5095707655 0.5800000000 4.1525207893 0.9579053995 4.2326733105 0.0000000000
7.5172972172 0.5800000000 4.1516952233 0.9542763350 4.2279194208 0.0000000000
7.5249918465 0.5800000000 4.1507660172 0.9503928284 4.2226491936 0.0000000000
7.5326742691 0.5800000000 4.1498368378 0.9463591558 4.2173190072 0.0000000000
7.5403648155 0.5800000000 4.1489315930 0.9423879903 4.2121095615 0.0000000000
7.5480084932 0.5800000000 4.1479035807 0.9380581039 4.2062655578 0.0000000000
7.5556441909 0.5800000000 4.1468866175 0.9336214010 4.2004230240 0.0000000000
7.5632817176 0.5800000000 4.1458700445 0.9292042078 4.1945898547 0.0000000000
7.5709262565 0.5800000000 4.1448652823 0.9248460627 4.1888275477 0.0000000000
7.5785859707 0.5800000000 4.1438961812 0.9206216809 4.1832613907 0.0000000000
7.5862187627 0.5800000000 4.1428536123 0.9162000383 4.1773224581 0.0000000000
7.5937584258 0.5800000000 4.1416563732 0.9110715823 4.1704821194 0.0000000000
7.6013087037 0.5800000000 4.1404943898 0.9059907059 4.1638018352 0.0000000000
7.6088623391 0.5800000000 4.1393210131 0.9009574199 4.1570950138 0.0000000000
7.6164306107 0.5800000000 4.1381844823 0.8960103174 4.1505700496 0.0000000000
7.6240318998 0.5800000000 4.1371137438 0.8913110372 4.1444073835 0.0000000000
7.6315737697 0.5800000000 4.1359005527 0.8862332149 4.1375234904 0.0000000000
7.6390688618 0.5800000000 4.1346454714 0.8807923133 4.1303268044 0.0000000000
7.6465636328 0.5800000000 4.1333891462 0.8753520557 4.1231254005 0.0000000000
7.6540315165 0.5800000000 4.1320882220 0.8697486033 4.1156803229 0.0000000000
7.6615168398 0.5800000000 4.1308221781 0.8642405810 4.1084129385 0.0000000000
7.6690022793 0.5800000000 4.1295300773 0.8587861388 4.1010627584 0.0000000000
7.6763796807 0.5800000000 4.1281078589 0.8526431221 4.0929166781 0.0000000000
7.6837794309 0.5800000000 4.1267164210 0.8466255724 4.0849439063 0.0000000000
7.6911352936 0.5800000000 4.1252658957 0.8403683252 4.0766389065 0.0000000000
7.6985815424 0.5800000000 4.1239408513 0.8346258190 4.0690417265 0.0000000000
7.7059394278 0.5800000000 4.1224863068 0.8283857150 4.0607275068 0.0000000000
7.7132943669 0.5800000000 4.1210308968 0.8221271766 4.0524024515 0.0000000000
7.7205883848 0.5800000000 4.1195070798 0.8155327053 4.0436693950 0.0000000000
7.7278706012 0.5800000000 4.1179660593 0.8088830059 4.0348454330 0.0000000000
7.7351332229 0.5800000000 4.1164007908 0.8021360818 4.0258855895 0.0000000000
7.7424783409 0.5800000000 4.1149460680 0.7958612968 4.0175567842 0.0000000000
7.7496143666 0.5800000000 4.1132437050 0.7885036402 4.0078042695 0.0000000000
7.7568289036 0.5800000000 4.1116417612 0.7814904909 3.9985912348 0.0000000000
7.7640274502 0.5800000000 4.1100144352 0.7744108706 3.9892500825 0.0000000000
7.7712080195 0.5800000000 4.1083730738 0.7672374358 3.9798152632 0.0000000000
7.7784263588 0.5800000000 4.1067817073 0.7602337695 3.9706483307 0.0000000000
7.7856490038 0.5800000000 4.1052091072 0.7532371696 3.9615592901 0.0000000000
7.7928262890 0.5800000000 4.1035845031 0.7460507377 3.9521863011 0.0000000000
7.7998739685 0.5800000000 4.1018287199 0.7382512032 3.9420433546 0.0000000000
7.8069386068 0.5800000000 4.1001070657 0.7304993967 3.9320560151 0.0000000000
7.8139919620 0.5800000000 4.0983863711 0.7227038754 3.9220550282 0.0000000000
7.8210160875 0.5800000000 4.0966682201 0.7147397194 3.9119967616 0.0000000000
7.8280088088 0.5800000000 4.0949314325 0.7066607750 3.9018180337 0.0000000000
7.8349476521 0.5800000000 4.0931566806 0.6983639372 3.8914002910 0.0000000000
7.8420434920 0.5800000000 4.0916993976 0.6908692956 3.8825733023 0.0000000000
7.8490079884 0.5800000000 4.0900664396 0.6832350170 3.8729877588 0.0000000000
7.8558867384 0.5800000000 4.0883874300 0.6750689872 3.8630053082 0.0000000000
7.8629634149 0.5800000000 4.0870018642 0.6676866878 3.8545101254 0.0000000000
7.8699178001 0.5800000000 4.0855663148 0.6602274926 3.8457842498 0.0000000000
7.8767733078 0.5800000000 4.0840220146 0.6523607989 3.8364603714 0.0000000000
7.8835417023 0.5800000000 4.0824861088 0.6440749713 3.8270024174 0.0000000000
7.8903503704 0.5800000000 4.0811068010 0.6360303352 3.8182673316 0.0000000000
7.8970805283 0.5800000000 4.0797782841 0.6277058717 3.8096234788 0.0000000000
7.9037664587 0.5800000000 4.0785170131 0.6190349273 3.8011100171 0.0000000000
7.9105330157 0.5800000000 4.0774009744 0.6104926862 3.7932289655 0.0000000000
7.9172785049 0.5800000000 4.0763101257 0.6013522944 3.7852094141 0.0000000000
7.9238617371 0.5800000000 4.0754899598 0.5912534159 3.7778891991 0.0000000000
7.9299757030 0.5800000000 4.0748298597 0.5832752269 3.7720575231 0.0000000000
7.9355404130 0.5800000000 4.0736668411 0.5743365182 3.7638299651 0.0000000000
7.9409580461 0.5800000000 4.0730496330 0.5642697672 3.7573344325 0.0000000000
7.9461694570 0.5800000000 4.0725765449 0.5540959407 3.7513725495 0.0000000000
7.9514577363 0.5800000000 4.0727445244 0.5457171036 3.7486929327 0.0000000000
7.9557717361 0.5800000000 4.0733862975 0.5315501469 3.7455932424 0.0000000000
7.9599103734 0.5800000000 4.0768698605 0.5172334002 3.7538007956 0.0000000000
7.9632443290 0.5800000000 4.0813793883 0.5033565112 3.7662881513 0.0000000000
7.9657513787 0.5800000000 4.0862238184 0.4890759580 3.7799536504 0.0000000000
7.9675474833 0.5800000000 4.0907724381 0.4735749106 3.7919477101 0.0000000000
7.9687833814 0.5800000000 4.0943284977 0.4562645536 3.7992478058 0.0000000000
7.9695727002 0.5800000000 4.0962280427 0.4372137171 3.7992256513 0.0000000000
7.9700915727 0.5800000000 4.0967821443 0.4175599373 3.7935805456 0.0000000000
7.9704503306 0.5800000000 4.0963199936 0.3978610510 3.7838523885 0.0000000000
7.9707143493 0.5800000000 4.0951217987 0.3783438326 3.7712527214 0.0000000000
7.9709168270 0.5800000000 4.0933281887 0.3591066745 3.7563834180 0.0000000000
7.9710772031 0.5800000000 4.0910719267 0.3401732776 3.7397850112 0.0000000000
7.9712079340 0.5800000000 4.0884075509 0.3215718750 3.7216869470 0.0000000000
7.9713169777 0.5800000000 4.0853973374 0.3033021244 3.7023381930 0.0000000000
7.9714086874 0.5800000000 4.0820938079 0.2853506463 3.6819434836 0.0000000000
7.9714888027 0.5800000000 4.0785400000 0.2677000000 3.6606679936 0.0000000000
7.9715517603 0.5800000000 4.0752500000 0.2524250000 3.6413979936 0.0000000000
7.9718783062 0.5800000000 4.0491835431 0.1516477490 3.4968212655 0.0000000000
7.9721438044 0.5800000000 4.0199515171 0.0564003038 3.3417941834 0.0000000000
7.9724542727 0.5800000000 3.9887357936 -0.0348585491 3.1804277484 0.0000000000
7.9738901022 0.5800000000 3.9789347014 -0.0440850862 3.1375327646 0.0000000000
7.9758084409 0.5800000000 3.9372452853 -0.1034867548 2.9470144329 0.0000000000
7.9776460705 0.5800000000 3.8953493165 -0.1620254891 2.7560150641 0.0000000000
7.9793537451 0.5800000000 3.8526516735 -0.2168338477 2.5633011487 0.0000000000
7.9808156658 0.5800000000 3.8089384479 -0.2664382266 2.3686064944 0.0000000000
7.9822060404 0.5800000000 3.7656107089 -0.3177138020 2.1747853082 0.0000000000
7.9845610052 0.5800000000 3.7399203904 -0.4162763204 2.0325990271 0.0000000000
7.9880690325 0.5800000000 3.7287057095 -0.5326023398 1.9412098958 0.0000000000
7.9930211790 0.5800000000 3.7215873051 -0.6506950031 1.8654992127 0.0000000000
7.9977871082 0.5800000000 3.7161071340 -0.7693893381 1.7961007942 0.0000000000
8.0021552544 0.5800000000 3.7113957752 -0.8883882197 1.7296558064 0.0000000000
8.0059937807 0.5800000000 3.7072840759 -1.0076401393 1.6655082416 0.0000000000
8.0093535169 0.5800000000 3.7034382383 -1.1270385973 1.6023655080 0.0000000000
8.0122959761 0.5800000000 3.6998493447 -1.2465559805 1.5402029802 0.0000000000
8.0149023787 0.5800000000 3.6963977496 -1.3661475016 1.4785599913 0.0000000000
8.0173023044 0.5800000000 3.6930830306 -1.4857903219 1.4174439872 0.0000000000
8.0195472943 0.5800000000 3.6898390361 -1.6054641090 1.3565984943 0.0000000000
8.0217128261 0.5800000000 3.6866560762 -1.7251573386 1.2959893631 0.0000000000
8.0238610026 0.5800000000 3.6835394318 -1.8448633398 1.2356403847 0.0000000000
8.0261654212 0.5800000000 3.6804505966 -1.9645556286 1.1754081284 0.0000000000
8.0280763451 0.5800000000 3.6773195091 -2.0842807636 1.1149937246 0.0000000000
8.0288883545 0.5800000000 3.6741661770 -2.2040835049 1.0544592998 0.0000000000
8.0301913838 0.5800000000 3.6710526598 -2.3238641940 0.9940929551 0.0000000000
8.0306736403 0.5800000000 3.6678369088 -2.4436672483 0.9333087296 0.0000000000
8.0313411566 0.5800000000 3.6646425427 -2.5634515207 0.8726175561 0.0000000000
8.0314497978 0.5800000000 3.6612037849 -2.6837723971 0.8107341741 0.0000000000
8.0315918298 0.5800000000 3.6619215598 -2.6636747955 0.8216443144 0.0000000000
8.0315994744 0.5800000000 3.6657729350 -2.5440098368 0.8849157988 0.0000000000
8.0316001124 0.5800000000 3.6692164402 -2.4242405598 0.9465975303 0.0000000000
8.0316005852 0.5800000000 3.6725477590 -2.3044507162 1.0078387429 0.0000000000
8.0316009687 0.5800000000 3.6757068152 -2.1846311918 1.0684027777 0.0000000000
8.0316012913 0.5800000000 3.6787509285 -2.0647930177 1.1285145004 0.0000000000
8.0316015690 0.5800000000 3.6817226882 -1.9449437329 1.1883412534 0.0000000000
8.0316018094 0.5800000000 3.6845185602 -1.8250678008 1.2474751140 0.0000000000
8.0316020235 0.5800000000 3.6871834837 -1.7051732606 1.3060926241 0.0000000000
8.0316022210 0.5800000000 3.6897316662 -1.5852629230 1.3642494893 0.0000000000
8.0316024141 0.5800000000 3.6920890197 -1.4653267453 1.4216533744 0.0000000000
8.0316026470 0.5800000000 3.6940666643 -1.3465652536 1.4770685493 0.0000000000
8.0316029482 0.5800000000 3.6913273721 -1.4222838437 1.4358239446 0.0000000000
8.0316030413 0.5800000000 3.6884014315 -1.5424440634 1.3760560941 0.0000000000
8.0316031056 0.5800000000 3.6856025771 -1.6623201076 1.3169102590 0.0000000000
8.0316031600 0.5800000000 3.6828080280 -1.7821962413 1.2577816090 0.0000000000
8.0316032092 0.5800000000 3.6799745551 -1.9020666245 1.1984995641 0.0000000000
8.0316032555 0.5800000000 3.6770359397 -2.0219210561 1.1388033301 0.0000000000
8.0316033001 0.5800000000 3.6741181259 -2.1417788093 1.0791889735 0.0000000000
8.0316033445 0.5800000000 3.6710866450 -2.2616185057 1.0191271714 0.0000000000
8.0316033897 0.5800000000 3.6680616245 -2.3814596672 0.9590906248 0.0000000000
8.0316034370 0.5800000000 3.6649051244 -2.5012794199 0.8985367231 0.0000000000
8.0316034876 0.5800000000 3.6617406914 -2.6210978512 0.8379516185 0.0000000000
8.0316035439 0.5800000000 3.6584963772 -2.7409031134 0.7770522569 0.0000000000
8.0316036092 0.5800000000 3.6551602463 -2.8606926536 0.7157919174 0.0000000000
8.0316036896 0.5800000000 3.6517432656 -2.9804678055 0.6542139338 0.0000000000
8.0316037982 0.5800000000 3.6482656206 -3.1002321584 0.5923976125 0.0000000000
8.0316039681 0.5800000000 3.6447112250 -3.2199821208 0.5302800453 0.0000000000
8.0316043331 0.5800000000 3.6411357170 -3.3397175390 0.4680838462 0.0000000000
8.0316071666 0.5800000000 3.6412488135 -3.3394450382 0.4686452323 0.0000000000
8.0316094603 0.5800000000 3.6450095719 -3.2197395534 0.5315704599 0.0000000000
8.0316117111 0.5800000000 3.6487396627 -3.1000228656 0.5943774983 0.0000000000
8.0316141358 0.5800000000 3.6523890791 -2.9802907284 0.6568680187 0.0000000000
8.0316168636 0.5800000000 3.6560169262 -2.8605544522 0.7192739176 0.0000000000
8.0316200390 0.5800000000 3.6596006790 -2.7408097037 0.7815068280 0.0000000000
8.0316238124 0.5800000000 3.6631397851 -2.6210573771 0.8435641830 0.0000000000
8.0316284944 0.5800000000 3.6666058207 -2.5012913531 0.9053347350 0.0000000000
8.0316338115 0.5800000000 3.6700572954 -2.3815260329 0.9670467619 0.0000000000
8.0316356910 0.5800000000 3.6734805598 -2.2617555857 1.0286479983 0.0000000000
8.0316364904 0.5800000000 3.6765990730 -2.1419297658 1.0890523793 0.0000000000
8.0316370600 0.5800000000 3.6795694691 -2.0220802338 1.1488737766 0.0000000000
8.0316375404 0.5800000000 3.6824119380 -1.9022116712 1.2081910770 0.0000000000
8.0316379923 0.5800000000 3.6849887569 -1.7822961351 1.2664645671 0.0000000000
8.0316385851 0.5800000000 3.6838572533 -1.8010165725 1.2544503777 0.0000000000
8.0316390354 0.5800000000 3.6806042500 -1.9173710081 1.1948965902 0.0000000000
8.0316392002 0.5800000000 3.6774986085 -2.0371895819 1.1345465947 0.0000000000
8.0316393384 0.5800000000 3.6744898103 -2.1570331959 1.0745739564 0.0000000000
8.0316394679 0.5800000000 3.6713956136 -2.2768631125 1.0142652031 0.0000000000
8.0316395969 0.5800000000 3.6682767971 -2.3966892305 0.9538594896 0.0000000000
8.0316397339 0.5800000000 3.6650733579 -2.5165011337 0.8931209717 0.0000000000
8.0316398903 0.5800000000 3.6618468988 -2.6363091973 0.8322919100 0.0000000000
8.0316400806 0.5800000000 3.6585449690 -2.7561044941 0.7711660718 0.0000000000
8.0316403386 0.5800000000 3.6551562490 -2.8758847947 0.7096990717 0.0000000000
8.0316407591 0.5800000000 3.6516721934 -2.9956467613 0.6478580625 0.0000000000
8.0316434171 0.5800000000 3.6484340112 -3.1081414372 0.5899074635 0.0000000000
8.0316468332 0.5800000000 3.6521182939 -2.9886303340 0.6524490354 0.0000000000
8.0316500070 0.5800000000 3.6557459032 -2.8688940012 0.7148540059 0.0000000000
8.0316534889 0.5800000000 3.6593298011 -2.7491492729 0.7770874888 0.0000000000
8.0316575668 0.5800000000 3.6628776543 -2.6293981490 0.8391793513 0.0000000000
8.0316628044 0.5800000000 3.6663596551 -2.5096348434 0.9010126765 0.0000000000
8.0316722396 0.5800000000 3.6697471233 -2.3898530868 0.9624752520 0.0000000000
8.0317422385 0.5800000000 3.6697169921 -2.3910461732 0.9618774925 0.0000000000
8.0318032063 0.5800000000 3.6663659741 -2.5108324673 0.9005589031 0.0000000000
8.0318549369 0.5800000000 3.6629587686 -2.6306093727 0.8390193190 0.0000000000
8.0319087282 0.5800000000 3.6594866102 -2.7503745388 0.7772246187 0.0000000000
8.0319721024 0.5800000000 3.6559833901 -2.8701340432 0.7153079367 0.0000000000
8.0320564362 0.5800000000 3.6524724887 -2.9898917938 0.6533612309 0.0000000000
8.0321773936 0.5800000000 3.6489595909 -3.1096487313 0.5914068647 0.0000000000
8.0323819234 0.5800000000 3.6454736454 -3.2294100963 0.5295585366 0.0000000000
8.0327696429 0.5800000000 3.6456100000 -3.2424750000 0.5248779936 0.0000000000
