# logAge Mass logTe Mbol logg C/O
-0.5054055187 1.5000000000 3.5234000000 -2.2348250000 0.8517612591 0.0000000000
-0.4607521638 1.5000000000 3.5234056168 -2.2347512871 0.8518132114 0.0000000000
-0.4160988123 1.5000000000 3.5234094184 -2.2346657588 0.8518626293 0.0000000000
-0.3714454643 1.5000000000 3.5234129549 -2.2345694435 0.8519153013 0.0000000000
-0.3267921198 1.5000000000 3.5234177763 -2.2344633694 0.8519770164 0.0000000000
-0.2821387791 1.5000000000 3.5234252696 -2.2343482723 0.8520530284 0.0000000000
-0.2374854440 1.5000000000 3.5234348645 -2.2342213709 0.8521421686 0.0000000000
-0.1928321176 1.5000000000 3.5234447359 -2.2340777530 0.8522391015 0.0000000000
-0.1481788000 1.5000000000 3.5234539869 -2.2339171951 0.8523403285 0.0000000000
-0.1035254888 1.5000000000 3.5234627112 -2.2337442681 0.8524443965 0.0000000000
-0.0588721870 1.5000000000 3.5234714870 -2.2335568212 0.8525544785 0.0000000000
-0.0142189070 1.5000000000 3.5234816046 -2.2333414326 0.8526811044 0.0000000000
0.0304343424 1.5000000000 3.5234941595 -2.2330894674 0.8528321103 0.0000000000
0.0750875632 1.5000000000 3.5235095697 -2.2328074580 0.8530065546 0.0000000000
0.1197407575 1.5000000000 3.5235276964 -2.2325019487 0.8532012650 0.0000000000
0.1643939201 1.5000000000 3.5235464692 -2.2321690083 0.8534095327 0.0000000000
0.2090470416 1.5000000000 3.5235638846 -2.2318014875 0.8536262025 0.0000000000
0.2537000995 1.5000000000 3.5235822244 -2.2313893747 0.8538644069 0.0000000000
0.2983530665 1.5000000000 3.5236053889 -2.2309222029 0.8541439334 0.0000000000
0.3430059357 1.5000000000 3.5236335996 -2.2304001749 0.8544655877 0.0000000000
0.3876587131 1.5000000000 3.5236645160 -2.2298305481 0.8548171036 0.0000000000
0.4323113745 1.5000000000 3.5236966956 -2.2292079261 0.8551948710 0.0000000000
0.4769638619 1.5000000000 3.5237297626 -2.2285128933 0.8556051519 0.0000000000
0.5216161245 1.5000000000 3.5237648115 -2.2277321370 0.8560576503 0.0000000000
0.5662681272 1.5000000000 3.5238053842 -2.2268641444 0.8565671383 0.0000000000
0.6109198305 1.5000000000 3.5238536579 -2.2259068338 0.8571431573 0.0000000000
0.6555711782 1.5000000000 3.5239073330 -2.2248532753 0.8577792809 0.0000000000
0.7002221061 1.5000000000 3.5239641568 -2.2236950148 0.8584698802 0.0000000000
0.7448725273 1.5000000000 3.5240256671 -2.2224204228 0.8592257584 0.0000000000
0.7895223258 1.5000000000 3.5240941606 -2.2210143956 0.8600621433 0.0000000000
0.8341712114 1.5000000000 3.5241692988 -2.2194417551 0.8609917524 0.0000000000
0.8788188227 1.5000000000 3.5242497010 -2.2176601288 0.8620260116 0.0000000000
0.9234649613 1.5000000000 3.5243368741 -2.2156598471 0.8631748167 0.0000000000
0.9681095460 1.5000000000 3.5244344158 -2.2134550866 0.8644468876 0.0000000000
1.0127523486 1.5000000000 3.5245436312 -2.2110399687 0.8658497964 0.0000000000
1.0573929643 1.5000000000 3.5246630979 -2.2083844597 0.8673898669 0.0000000000
1.1020308467 1.5000000000 3.5247926229 -2.2054555426 0.8690795337 0.0000000000
1.1466652067 1.5000000000 3.5249345656 -2.2022172418 0.8709426247 0.0000000000
1.1912955315 1.5000000000 3.5250928755 -2.1986544877 0.8730009659 0.0000000000
1.2359222119 1.5000000000 3.5252754311 -2.1948156119 0.8752667389 0.0000000000
1.2805454022 1.5000000000 3.5254886645 -2.1907354593 0.8777517333 0.0000000000
1.3251632419 1.5000000000 3.5257281505 -2.1863228383 0.8804747256 0.0000000000
1.3697733625 1.5000000000 3.5259869988 -2.1814563310 0.8834567218 0.0000000000
1.4143744163 1.5000000000 3.5262661368 -2.1760915004 0.8867192060 0.0000000000
1.4589653613 1.5000000000 3.5265700979 -2.1702157791 0.8902853391 0.0000000000
1.5035417237 1.5000000000 3.5268975397 -2.1637001491 0.8942013581 0.0000000000
1.5480963206 1.5000000000 3.5272424468 -2.1563247344 0.8985311524 0.0000000000
1.5926242443 1.5000000000 3.5276021990 -2.1479923344 0.9033031214 0.0000000000
1.6371235990 1.5000000000 3.5279787306 -2.1387654937 0.9084999840 0.0000000000
1.6815950953 1.5000000000 3.5283833388 -2.1287532989 0.9141232946 0.0000000000
1.7260443771 1.5000000000 3.5288458721 -2.1181388791 0.9202191958 0.0000000000
1.7704721888 1.5000000000 3.5293849887 -2.1069891705 0.9268355458 0.0000000000
1.8148604244 1.5000000000 3.5299732411 -2.0949420448 0.9340074057 0.0000000000
1.8591948570 1.5000000000 3.5305902528 -2.0817203543 0.9417641284 0.0000000000
1.9034864893 1.5000000000 3.5312698426 -2.0676118729 0.9501258804 0.0000000000
1.9477244464 1.5000000000 3.5320165574 -2.0525270688 0.9591466611 0.0000000000
1.9918543221 1.5000000000 3.5327685121 -2.0355926495 0.9689282475 0.0000000000
2.0358619447 1.5000000000 3.5335090321 -2.0167547085 0.9794255041 0.0000000000
2.0797818466 1.5000000000 3.5343001052 -1.9967012941 0.9906111624 0.0000000000
2.1236587866 1.5000000000 3.5352330165 -1.9761056775 1.0025810539 0.0000000000
2.1674503876 1.5000000000 3.5362466621 -1.9544280288 1.0153066961 0.0000000000
2.2111183584 1.5000000000 3.5373183711 -1.9312559003 1.0288623832 0.0000000000
2.2545980192 1.5000000000 3.5383718379 -1.9059698878 1.0431906557 0.0000000000
2.2979408470 1.5000000000 3.5394937634 -1.8792688696 1.0583587649 0.0000000000
2.3411782240 1.5000000000 3.5407131466 -1.8515462720 1.0743253368 0.0000000000
2.3842815122 1.5000000000 3.5420097792 -1.8225727118 1.0911012913 0.0000000000
2.4271385039 1.5000000000 3.5432752181 -1.7913901857 1.1086360573 0.0000000000
2.4698544108 1.5000000000 3.5446364578 -1.7590418449 1.1270203523 0.0000000000
2.5124294443 1.5000000000 3.5460767090 -1.7255729903 1.1461688989 0.0000000000
2.5548341032 1.5000000000 3.5475581875 -1.6907986536 1.1660045478 0.0000000000
2.5969562880 1.5000000000 3.5490127600 -1.6539258757 1.1865719486 0.0000000000
2.6389726834 1.5000000000 3.5505700311 -1.6163358205 1.2078370554 0.0000000000
2.6808639122 1.5000000000 3.5522164530 -1.5779087006 1.2297935907 0.0000000000
2.7223871443 1.5000000000 3.5537416887 -1.5370252644 1.2522479081 0.0000000000
2.7637889359 1.5000000000 3.5553732850 -1.4954081238 1.2754211494 0.0000000000
2.8051469641 1.5000000000 3.5571176180 -1.4535474549 1.2991427491 0.0000000000
2.8461718691 1.5000000000 3.5587769848 -1.4096637794 1.3233336865 0.0000000000
2.8870693547 1.5000000000 3.5604987406 -1.3650621706 1.3480613534 0.0000000000
2.9279401668 1.5000000000 3.5623460646 -1.3203417754 1.3733388075 0.0000000000
2.9683917199 1.5000000000 3.5640334062 -1.2732539235 1.3989233146 0.0000000000
3.0088086779 1.5000000000 3.5658172746 -1.2260039862 1.4249587629 0.0000000000
3.0491170167 1.5000000000 3.5676319644 -1.1781920228 1.4513423077 0.0000000000
3.0891238410 1.5000000000 3.5693751689 -1.1287998469 1.4780719958 0.0000000000
3.1291687535 1.5000000000 3.5712336438 -1.0796265392 1.5051752185 0.0000000000
3.1689605035 1.5000000000 3.5730104755 -1.0291818369 1.5324604263 0.0000000000
3.2086159635 1.5000000000 3.5748024607 -0.9780613426 1.5600765649 0.0000000000
3.2483133807 1.5000000000 3.5766939287 -0.9271661000 1.5880005340 0.0000000000
3.2876722906 1.5000000000 3.5784457116 -0.8746318484 1.6160213662 0.0000000000
3.3270357991 1.5000000000 3.5802652164 -0.8221277035 1.6443010433 0.0000000000
3.3664422763 1.5000000000 3.5821707100 -0.7698428812 1.6728369465 0.0000000000
3.4054312343 1.5000000000 3.5838885056 -0.7155967841 1.7014065678 0.0000000000
3.4445655071 1.5000000000 3.5857319638 -0.6620415157 1.7302025078 0.0000000000
3.4836339259 1.5000000000 3.5875849174 -0.6081921571 1.7591540659 0.0000000000
3.5223651712 1.5000000000 3.5892811590 -0.5527990348 1.7880962813 0.0000000000
3.5612525381 1.5000000000 3.5910890052 -0.4981170331 1.8172004664 0.0000000000
3.5999739938 1.5000000000 3.5928484030 -0.4427010216 1.8464044622 0.0000000000
3.6385882393 1.5000000000 3.5945703515 -0.3868056368 1.8756504105 0.0000000000
3.6773405505 1.5000000000 3.5963969669 -0.3315308828 1.9050667736 0.0000000000
3.7158265536 1.5000000000 3.5980940469 -0.2750925857 1.9344304123 0.0000000000
3.7542644109 1.5000000000 3.5997774598 -0.2184364980 1.9638264989 0.0000000000
3.7928339117 1.5000000000 3.6015651058 -0.1623607173 1.9934073953 0.0000000000
3.8311262776 1.5000000000 3.6032015462 -0.1050874575 2.0228624607 0.0000000000
3.8694125378 1.5000000000 3.6048467828 -0.0477862659 2.0523638839 0.0000000000
3.9078661574 1.5000000000 3.6065955208 0.0087922407 2.0819902386 0.0000000000
3.9460994098 1.5000000000 3.6082301444 0.0663120283 2.1115366478 0.0000000000
3.9842566081 1.5000000000 3.6098301467 0.1241577397 2.1410749416 0.0000000000
4.0226488101 1.5000000000 3.6115756481 0.1809977896 2.1707929672 0.0000000000
4.0606973416 1.5000000000 3.6131258433 0.2392893201 2.2003103602 0.0000000000
4.0988081991 1.5000000000 3.6147185504 0.2973247941 2.2298953784 0.0000000000
4.1370313471 1.5000000000 3.6163685710 0.3548888760 2.2595210933 0.0000000000
4.1750542590 1.5000000000 3.6179163323 0.4132908377 2.2890729233 0.0000000000
4.2130543524 1.5000000000 3.6194356540 0.4717905551 2.3185500971 0.0000000000
4.2511571398 1.5000000000 3.6210202156 0.5298621519 2.3481169823 0.0000000000
4.2892103805 1.5000000000 3.6225579438 0.5881396154 2.3775788804 0.0000000000
4.3271272511 1.5000000000 3.6240129140 0.6469874619 2.4069378998 0.0000000000
4.3651831794 1.5000000000 3.6255245480 0.7052633037 2.4362947725 0.0000000000
4.4033573072 1.5000000000 3.6270699047 0.7630480044 2.4655900798 0.0000000000
4.4413240772 1.5000000000 3.6284348483 0.8217096906 2.4945145284 0.0000000000
4.4795526737 1.5000000000 3.6298629175 0.8792884391 2.5232583048 0.0000000000
4.5180553239 1.5000000000 3.6313034907 0.9357108788 2.5515895735 0.0000000000
4.5567563691 1.5000000000 3.6326324847 0.9912972228 2.5791400870 0.0000000000
4.5958673245 1.5000000000 3.6338406755 1.0450726668 2.6054830278 0.0000000000
4.6358184183 1.5000000000 3.6350455816 1.0948252481 2.6302036845 0.0000000000
4.6766768983 1.5000000000 3.6361249801 1.1397518825 2.6524919325 0.0000000000
4.7185360600 1.5000000000 3.6370635827 1.1785193751 2.6717533399 0.0000000000
4.7611843063 1.5000000000 3.6377668357 1.2115092369 2.6877622965 0.0000000000
4.8044682348 1.5000000000 3.6383523264 1.2388845371 2.7010543795 0.0000000000
4.8480774905 1.5000000000 3.6388879017 1.2628507859 2.7127831801 0.0000000000
4.8917329238 1.5000000000 3.6394069414 1.2862854095 2.7242331884 0.0000000000
4.9352239354 1.5000000000 3.6399915822 1.3115451356 2.7366756420 0.0000000000
4.9782559579 1.5000000000 3.6406708124 1.3413002667 2.7512946152 0.0000000000
5.0203873283 1.5000000000 3.6415211153 1.3781802586 2.7694478239 0.0000000000
5.0607754829 1.5000000000 3.6425408259 1.4256116509 2.7924992231 0.0000000000
5.0983732422 1.5000000000 3.6437697641 1.4856487626 2.8214298205 0.0000000000
5.1327119688 1.5000000000 3.6452922082 1.5568264994 2.8559906918 0.0000000000
5.1647668394 1.5000000000 3.6469635677 1.6344214293 2.8937141016 0.0000000000
5.1962858009 1.5000000000 3.6485055210 1.7134007335 2.9314736364 0.0000000000
5.2284165252 1.5000000000 3.6500261753 1.7908271045 2.9685268019 0.0000000000
5.2611699806 1.5000000000 3.6515460456 1.8666052362 3.0049175360 0.0000000000
5.2942668474 1.5000000000 3.6529310195 1.9414622187 3.0404002247 0.0000000000
5.3277696665 1.5000000000 3.6542605349 2.0151881696 3.0752086667 0.0000000000
5.3617070877 1.5000000000 3.6555643344 2.0876641414 3.1094142530 0.0000000000
5.3960688449 1.5000000000 3.6568833647 2.1588776877 3.1431757930 0.0000000000
5.4305196878 1.5000000000 3.6580358221 2.2298409130 3.1761709128 0.0000000000
5.4652722445 1.5000000000 3.6591576913 2.2998814262 3.2086745948 0.0000000000
5.5003347604 1.5000000000 3.6602942467 2.3689481203 3.2408474938 0.0000000000
5.5356269878 1.5000000000 3.6613898648 2.4372842205 3.2725644066 0.0000000000
5.5710478122 1.5000000000 3.6624253776 2.5052093205 3.3038764977 0.0000000000
5.6065678001 1.5000000000 3.6633760510 2.5728175958 3.3347225013 0.0000000000
5.6422607841 1.5000000000 3.6643093521 2.6398557028 3.3652709485 0.0000000000
5.6781175966 1.5000000000 3.6652285238 2.7063463705 3.3955439023 0.0000000000
5.7141203256 1.5000000000 3.6661241501 2.7723446003 3.4255256996 0.0000000000
5.7502185142 1.5000000000 3.6669783794 2.8380195768 3.4552126073 0.0000000000
5.7863250639 1.5000000000 3.6677606998 2.9036714467 3.4846026368 0.0000000000
5.8225112421 1.5000000000 3.6684996031 2.9690518623 3.5137104164 0.0000000000
5.8587785071 1.5000000000 3.6692242254 3.0341518271 3.5426488916 0.0000000000
5.8951253651 1.5000000000 3.6699114658 3.0989763861 3.5713276768 0.0000000000
5.9315155994 1.5000000000 3.6705615553 3.1636510763 3.5997979107 0.0000000000
5.9679641068 1.5000000000 3.6711880435 3.2281217951 3.6280921512 0.0000000000
6.0044428310 1.5000000000 3.6717690927 3.2924882965 3.6561629484 0.0000000000
6.0409495756 1.5000000000 3.6723124175 3.3567574747 3.6840439189 0.0000000000
6.0774963464 1.5000000000 3.6728180554 3.4208861745 3.7117179504 0.0000000000
6.1141301423 1.5000000000 3.6732991289 3.4847047143 3.7391696605 0.0000000000
6.1508305002 1.5000000000 3.6737391963 3.5482856619 3.7663623089 0.0000000000
6.1876555630 1.5000000000 3.6741825227 3.6114137375 3.7933868449 0.0000000000
6.2246277751 1.5000000000 3.6746137869 3.6740026694 3.8201474742 0.0000000000
6.2617437515 1.5000000000 3.6750372599 3.7360579914 3.8466634950 0.0000000000
6.2990512917 1.5000000000 3.6754757982 3.7973901485 3.8729505113 0.0000000000
6.3365950625 1.5000000000 3.6759330553 3.8578139877 3.8989490753 0.0000000000
6.3744068123 1.5000000000 3.6764267795 3.9171820035 3.9246711783 0.0000000000
6.4125343112 1.5000000000 3.6769796305 3.9752710107 3.9501181855 0.0000000000
6.4510422343 1.5000000000 3.6776038119 4.0317641998 3.9752121866 0.0000000000
6.4900152322 1.5000000000 3.6783435149 4.0862170581 3.9999521418 0.0000000000
6.5295251268 1.5000000000 3.6792333729 4.1381788507 4.0242962910 0.0000000000
6.5696621110 1.5000000000 3.6803154628 4.1870175320 4.0481601231 0.0000000000
6.6105266890 1.5000000000 3.6816588741 4.2318794598 4.0714785392 0.0000000000
6.6522272971 1.5000000000 3.6833406017 4.2715390288 4.0940692776 0.0000000000
6.6948401910 1.5000000000 3.6854643733 4.3044043978 4.1157105114 0.0000000000
6.7383963416 1.5000000000 3.6881849999 4.3278585824 4.1359746916 0.0000000000
6.7826789349 1.5000000000 3.6916475237 4.3385490488 4.1541009734 0.0000000000
6.8269966141 1.5000000000 3.6960141466 4.3322777156 4.1690589316 0.0000000000
6.8699158142 1.5000000000 3.7013298444 4.3052223093 4.1794995603 0.0000000000
6.9095162586 1.5000000000 3.7074008955 4.2563357868 4.1842291557 0.0000000000
6.9442933127 1.5000000000 3.7138723995 4.1884610435 4.1829652743 0.0000000000
6.9737506115 1.5000000000 3.7203988698 4.1063038461 4.1762082768 0.0000000000
6.9984329040 1.5000000000 3.7267688407 4.0147187321 4.1650541148 0.0000000000
7.0193484084 1.5000000000 3.7328767045 3.9173184592 4.1505254606 0.0000000000
7.0373233501 1.5000000000 3.7387276847 3.8162015360 4.1334826121 0.0000000000
7.0530216344 1.5000000000 3.7443820674 3.7126643531 4.1146852698 0.0000000000
7.0669116632 1.5000000000 3.7499435250 3.6074892265 4.0948610495 0.0000000000
7.0796778905 1.5000000000 3.7555361666 3.5014345376 4.0748097404 0.0000000000
7.0919202040 1.5000000000 3.7613539933 3.3950688591 4.0555347761 0.0000000000
7.1042082396 1.5000000000 3.7676293513 3.2888998090 4.0381685877 0.0000000000
7.1172501082 1.5000000000 3.7746986321 3.1836133984 4.0243311468 0.0000000000
7.1332104260 1.5000000000 3.7836578765 3.0819292119 4.0194944496 0.0000000000
7.1590043330 1.5000000000 3.7933751220 3.1081302268 4.0688438379 0.0000000000
7.1713147336 1.5000000000 3.7941500562 3.2152401538 4.1147875455 0.0000000000
7.1806888853 1.5000000000 3.7930242647 3.3243442162 4.1539260044 0.0000000000
7.1896244301 1.5000000000 3.7910006534 3.4336009547 4.1895342545 0.0000000000
7.1994622456 1.5000000000 3.7883100000 3.5422750000 4.2222412591 0.0000000000
7.2045103877 1.5000000000 3.7869700000 3.5883250000 4.2353012591 0.0000000000
7.2078530130 1.5000000000 3.7861399574 3.6142655428 4.2423573058 0.0000000000
7.2117662824 1.5000000000 3.7852594742 3.6396934100 4.2490065198 0.0000000000
7.2166838962 1.5000000000 3.7843354262 3.6639786446 4.2550244215 0.0000000000
7.2236320286 1.5000000000 3.7834018962 3.6848847846 4.2596527576 0.0000000000
7.2337298756 1.5000000000 3.7826738068 3.6937901593 4.2603025498 0.0000000000
7.2444098969 1.5000000000 3.7825014170 3.6868485688 4.2568363548 0.0000000000
7.2544544149 1.5000000000 3.7826250872 3.6742060334 4.2522740211 0.0000000000
7.2640921648 1.5000000000 3.7828440469 3.6618554024 4.2482096075 0.0000000000
7.2741050114 1.5000000000 3.7830939554 3.6507954340 4.2447852542 0.0000000000
7.2844548369 1.5000000000 3.7833389886 3.6418687027 4.2421946944 0.0000000000
7.2950375899 1.5000000000 3.7835636986 3.6350403199 4.2403621814 0.0000000000
7.3057673015 1.5000000000 3.7837666478 3.6298243793 4.2390876020 0.0000000000
7.3165760683 1.5000000000 3.7839642446 3.6256513294 4.2382087693 0.0000000000
7.3274105662 1.5000000000 3.7841727505 3.6219981511 4.2375815214 0.0000000000
7.3382526776 1.5000000000 3.7843960791 3.6185465293 4.2370941870 0.0000000000
7.3490918126 1.5000000000 3.7846360735 3.6150337482 4.2366490522 0.0000000000
7.3599213037 1.5000000000 3.7848985731 3.6113314514 4.2362181321 0.0000000000
7.3707366387 1.5000000000 3.7851916136 3.6073851159 4.2358117596 0.0000000000
7.3815333589 1.5000000000 3.7855216646 3.6031442627 4.2354356224 0.0000000000
7.3923071413 1.5000000000 3.7858883077 3.5985726402 4.2350735458 0.0000000000
7.4030536999 1.5000000000 3.7862892575 3.5936378522 4.2347034301 0.0000000000
7.4137686514 1.5000000000 3.7867228871 3.5883074660 4.2343057938 0.0000000000
7.4244467966 1.5000000000 3.7871930962 3.5825487426 4.2338831408 0.0000000000
7.4350825283 1.5000000000 3.7877065471 3.5763287899 4.2334489636 0.0000000000
7.4456702361 1.5000000000 3.7882699228 3.5696147140 4.2330168360 0.0000000000
7.4562005691 1.5000000000 3.7888895301 3.5623571083 4.2325922227 0.0000000000
7.4666506535 1.5000000000 3.7895703166 3.5544468749 4.2321512754 0.0000000000
7.4769945608 1.5000000000 3.7903169231 3.5457614325 4.2316635244 0.0000000000
7.4872063441 1.5000000000 3.7911339974 3.5361782165 4.2310985354 0.0000000000
7.4972540147 1.5000000000 3.7920285155 3.5255799359 4.2304372952 0.0000000000
7.5070909096 1.5000000000 3.7930131071 3.5138621097 4.2296885314 0.0000000000
7.5166681165 1.5000000000 3.7941011989 3.5009221634 4.2288649199 0.0000000000
7.5259272144 1.5000000000 3.7952995245 3.4866573584 4.2279523004 0.0000000000
7.5347903213 1.5000000000 3.7966011201 3.4709646212 4.2268815879 0.0000000000
7.5431820549 1.5000000000 3.7980026214 3.4537751937 4.2256118221 0.0000000000
7.5510462072 1.5000000000 3.7995211473 3.4351545712 4.2242376769 0.0000000000
7.5583565442 1.5000000000 3.8011579358 3.4152369907 4.2228177987 0.0000000000
7.5651439397 1.5000000000 3.8028729891 3.3942368217 4.2212779440 0.0000000000
7.5714622865 1.5000000000 3.8046752524 3.3723876636 4.2197473340 0.0000000000
7.5774046345 1.5000000000 3.8065697175 3.3499379823 4.2183453220 0.0000000000
7.5831194664 1.5000000000 3.8085217872 3.3271538630 4.2170399529 0.0000000000
7.5888149265 1.5000000000 3.8105709623 3.3043852374 4.2161292034 0.0000000000
7.5948877379 1.5000000000 3.8127423973 3.2823397433 4.2159967454 0.0000000000
7.6021014159 1.5000000000 3.8150479415 3.2625994716 4.2173228138 0.0000000000
7.6121227637 1.5000000000 3.8173118482 3.2537586146 4.2228420979 0.0000000000
7.6226472872 1.5000000000 3.8184399027 3.2608583552 4.2301942119 0.0000000000
7.6325874855 1.5000000000 3.8188420391 3.2722164213 4.2363459840 0.0000000000
7.6426752689 1.5000000000 3.8189365138 3.2826219591 4.2408860980 0.0000000000
7.6531492086 1.5000000000 3.8189050053 3.2906065561 4.2439539029 0.0000000000
7.6638796376 1.5000000000 3.8188341262 3.2959206991 4.2457960437 0.0000000000
7.6747388467 1.5000000000 3.8187615121 3.2991843671 4.2468110541 0.0000000000
7.6856494473 1.5000000000 3.8187028271 3.3010195160 4.2473103740 0.0000000000
7.6965787464 1.5000000000 3.8186587816 3.3019618938 4.2475111430 0.0000000000
7.7075107388 1.5000000000 3.8186280463 3.3023779510 4.2475546246 0.0000000000
7.7184437345 1.5000000000 3.8186078467 3.3024771264 4.2475134963 0.0000000000
7.7293768521 1.5000000000 3.8185957492 3.3024223903 4.2474432119 0.0000000000
7.7403098918 1.5000000000 3.8185903979 3.3022672601 4.2473597547 0.0000000000
7.7512427694 1.5000000000 3.8185906156 3.3020468121 4.2472724464 0.0000000000
7.7621754736 1.5000000000 3.8185950933 3.3017921498 4.2471884921 0.0000000000
7.7731081061 1.5000000000 3.8186023163 3.3015281888 4.2471118000 0.0000000000
7.7840407784 1.5000000000 3.8186107527 3.3012793046 4.2470459918 0.0000000000
7.7949735685 1.5000000000 3.8186191860 3.3010620492 4.2469928227 0.0000000000
7.8059064513 1.5000000000 3.8186273714 3.3008688996 4.2469483046 0.0000000000
7.8168393814 1.5000000000 3.8186352505 3.3006877177 4.2469073480 0.0000000000
7.8277723142 1.5000000000 3.8186427667 3.3005064407 4.2468649022 0.0000000000
7.8387052175 1.5000000000 3.8186499567 3.3003164535 4.2468176674 0.0000000000
7.8496380766 1.5000000000 3.8186569866 3.3001139364 4.2467647801 0.0000000000
7.8605708783 1.5000000000 3.8186640319 3.2998954239 4.2467055564 0.0000000000
7.8715036093 1.5000000000 3.8186712679 3.2996574592 4.2466393143 0.0000000000
7.8824362668 1.5000000000 3.8186787297 3.2993992360 4.2465658724 0.0000000000
7.8933688734 1.5000000000 3.8186861154 3.2991263424 4.2464862575 0.0000000000
7.9043014554 1.5000000000 3.8186930728 3.2988453111 4.2464016746 0.0000000000
7.9152340391 1.5000000000 3.8186992499 3.2985626751 4.2463133288 0.0000000000
7.9261666463 1.5000000000 3.8187043428 3.2982839549 4.2462222122 0.0000000000
7.9370992722 1.5000000000 3.8187083355 3.2980085929 4.2461280384 0.0000000000
7.9480319021 1.5000000000 3.8187113193 3.2977337721 4.2460300452 0.0000000000
7.9589645213 1.5000000000 3.8187133855 3.2974566721 4.2459274700 0.0000000000
7.9698971151 1.5000000000 3.8187146255 3.2971744722 4.2458195501 0.0000000000
7.9808296688 1.5000000000 3.8187151307 3.2968843520 4.2457055228 0.0000000000
7.9917621677 1.5000000000 3.8187149925 3.2965834909 4.2455846253 0.0000000000
8.0026945969 1.5000000000 3.8187143022 3.2962690683 4.2454560950 0.0000000000
8.0136269419 1.5000000000 3.8187131511 3.2959382637 4.2453191691 0.0000000000
8.0245591880 1.5000000000 3.8187116308 3.2955882565 4.2451730849 0.0000000000
8.0354913203 1.5000000000 3.8187098324 3.2952162269 4.2450170796 0.0000000000
8.0464233297 1.5000000000 3.8187076535 3.2948207434 4.2448501706 0.0000000000
8.0573552241 1.5000000000 3.8187043956 3.2944046448 4.2446706995 0.0000000000
8.0682870144 1.5000000000 3.8186992468 3.2939715897 4.2444768823 0.0000000000
8.0792187234 1.5000000000 3.8186920208 3.2935265364 4.2442699570 0.0000000000
8.0901504058 1.5000000000 3.8186842773 3.2930780696 4.2440595959 0.0000000000
8.1010821215 1.5000000000 3.8186778226 3.2926352958 4.2438566676 0.0000000000
8.1120139019 1.5000000000 3.8186719535 3.2922025280 4.2436600842 0.0000000000
8.1229457387 1.5000000000 3.8186624815 3.2917774222 4.2434521539 0.0000000000
8.1338775989 1.5000000000 3.8186459168 3.2913543848 4.2432166801 0.0000000000
8.1448092942 1.5000000000 3.8186254722 3.2909084775 4.2429565388 0.0000000000
8.1557405707 1.5000000000 3.8186072182 3.2904065525 4.2426827530 0.0000000000
8.1666713283 1.5000000000 3.8185940748 3.2898359099 4.2424019222 0.0000000000
8.1776018364 1.5000000000 3.8185813994 3.2892328354 4.2421099907 0.0000000000
8.1885323521 1.5000000000 3.8185645488 3.2886322984 4.2418023738 0.0000000000
8.1994627785 1.5000000000 3.8185447858 3.2880239606 4.2414799864 0.0000000000
8.2103929321 1.5000000000 3.8185250059 3.2873859432 4.2411456599 0.0000000000
8.2213228867 1.5000000000 3.8185053459 3.2867258148 4.2408029685 0.0000000000
8.2322528109 1.5000000000 3.8184847505 3.2860623276 4.2404551920 0.0000000000
8.2431825618 1.5000000000 3.8184638432 3.2853822545 4.2400995336 0.0000000000
8.2541118859 1.5000000000 3.8184435455 3.2846607954 4.2397297592 0.0000000000
8.2650409332 1.5000000000 3.8184204602 3.2839131179 4.2393383469 0.0000000000
8.2759699252 1.5000000000 3.8183916534 3.2831617237 4.2389225622 0.0000000000
8.2868986492 1.5000000000 3.8183639992 3.2823869114 4.2385020206 0.0000000000
8.2978269811 1.5000000000 3.8183407826 3.2815769572 4.2380851724 0.0000000000
8.3087551833 1.5000000000 3.8183134069 3.2807565982 4.2376475261 0.0000000000
8.3196831902 1.5000000000 3.8182808422 3.2799217630 4.2371833332 0.0000000000
8.3306107219 1.5000000000 3.8182482352 3.2790489226 4.2367037688 0.0000000000
8.3415379065 1.5000000000 3.8182151952 3.2781490173 4.2362116466 0.0000000000
8.3524647820 1.5000000000 3.8181809802 3.2772265928 4.2357058169 0.0000000000
8.3633912588 1.5000000000 3.8181459793 3.2762754008 4.2351853366 0.0000000000
8.3743176676 1.5000000000 3.8181095795 3.2753189483 4.2346571564 0.0000000000
8.3852435983 1.5000000000 3.8180731912 3.2743299563 4.2341160066 0.0000000000
8.3961686477 1.5000000000 3.8180354285 3.2732815877 4.2335456080 0.0000000000
8.4070938104 1.5000000000 3.8179882811 3.2722429627 4.2329415684 0.0000000000
8.4180184973 1.5000000000 3.8179458853 3.2711727934 4.2323439178 0.0000000000
8.4289424587 1.5000000000 3.8179017966 3.2700572123 4.2317213303 0.0000000000
8.4398659774 1.5000000000 3.8178517932 3.2689166104 4.2310650761 0.0000000000
8.4507889832 1.5000000000 3.8178087629 3.2677439014 4.2304238710 0.0000000000
8.4617113918 1.5000000000 3.8177552574 3.2665395715 4.2297281172 0.0000000000
8.4726332216 1.5000000000 3.8177000332 3.2653032986 4.2290127111 0.0000000000
8.4835543631 1.5000000000 3.8176436927 3.2640300012 4.2282780305 0.0000000000
8.4944753116 1.5000000000 3.8175856555 3.2627467005 4.2275325615 0.0000000000
8.5053953044 1.5000000000 3.8175260954 3.2614141957 4.2267613191 0.0000000000
8.5163143159 1.5000000000 3.8174649127 3.2600326326 4.2259639629 0.0000000000
8.5272331346 1.5000000000 3.8174020341 3.2586420199 4.2251562033 0.0000000000
8.5381507574 1.5000000000 3.8173375359 3.2571945101 4.2243192069 0.0000000000
8.5490673774 1.5000000000 3.8172711333 3.2557009016 4.2234561529 0.0000000000
8.5599836894 1.5000000000 3.8172021568 3.2541941241 4.2225775359 0.0000000000
8.5708984765 1.5000000000 3.8171218691 3.2526229876 4.2216279303 0.0000000000
8.5818129998 1.5000000000 3.8170524628 3.2510373799 4.2207160621 0.0000000000
8.5927264113 1.5000000000 3.8169695149 3.2494084485 4.2197326981 0.0000000000
8.6036380382 1.5000000000 3.8168914161 3.2477052566 4.2187390261 0.0000000000
8.6145491054 1.5000000000 3.8167997050 3.2459838058 4.2176836015 0.0000000000
8.6254588849 1.5000000000 3.8167135448 3.2442104602 4.2166296223 0.0000000000
8.6363681631 1.5000000000 3.8166210873 3.2424198548 4.2155435501 0.0000000000
8.6472752297 1.5000000000 3.8165224378 3.2405489349 4.2144005843 0.0000000000
8.6581816334 1.5000000000 3.8164209424 3.2386548037 4.2132369500 0.0000000000
8.6690860665 1.5000000000 3.8163167289 3.2366920083 4.2120349779 0.0000000000
8.6799890737 1.5000000000 3.8162096309 3.2346816395 4.2108024384 0.0000000000
8.6908909932 1.5000000000 3.8160995633 3.2326353538 4.2095436539 0.0000000000
8.7017911984 1.5000000000 3.8159864419 3.2305337805 4.2082505387 0.0000000000
8.7126895885 1.5000000000 3.8158698851 3.2283753286 4.2069209311 0.0000000000
8.7235862768 1.5000000000 3.8157466477 3.2261661053 4.2055442921 0.0000000000
8.7344811026 1.5000000000 3.8156183990 3.2239022291 4.2041257468 0.0000000000
8.7453738198 1.5000000000 3.8154817240 3.2215789884 4.2026497502 0.0000000000
8.7562652293 1.5000000000 3.8153527123 3.2192145713 4.2011879368 0.0000000000
8.7671541106 1.5000000000 3.8152088922 3.2167837746 4.1996403377 0.0000000000
8.7780403904 1.5000000000 3.8150616051 3.2142825377 4.1980506944 0.0000000000
8.7889250809 1.5000000000 3.8149102192 3.2117401896 4.1964282115 0.0000000000
8.7998068165 1.5000000000 3.8147462438 3.2091246219 4.1947260829 0.0000000000
8.8106866209 1.5000000000 3.8145871545 3.2064573012 4.1930227975 0.0000000000
8.8215635304 1.5000000000 3.8144219758 3.2037194425 4.1912669394 0.0000000000
8.8324375316 1.5000000000 3.8142536251 3.2009114510 4.1894703397 0.0000000000
8.8433068684 1.5000000000 3.8140634180 3.1980026911 4.1875460075 0.0000000000
8.8541675719 1.5000000000 3.8138552128 3.1949048968 4.1854740690 0.0000000000
8.8650239864 1.5000000000 3.8136387434 3.1917178721 4.1833333814 0.0000000000
8.8758775896 1.5000000000 3.8134278514 3.1884695689 4.1811904921 0.0000000000
8.8867279728 1.5000000000 3.8131947060 3.1851636488 4.1789355426 0.0000000000
8.8975736688 1.5000000000 3.8129679333 3.1817604276 4.1766671633 0.0000000000
8.9084154936 1.5000000000 3.8127273097 3.1782869816 4.1743152906 0.0000000000
8.9192540364 1.5000000000 3.8124737008 3.1747554258 4.1718882327 0.0000000000
8.9300878157 1.5000000000 3.8122024779 3.1711416767 4.1693578412 0.0000000000
8.9409158341 1.5000000000 3.8119140127 3.1674301224 4.1667193590 0.0000000000
8.9517397782 1.5000000000 3.8116162922 3.1636492746 4.1640161376 0.0000000000
8.9625605717 1.5000000000 3.8113093903 3.1598171238 4.1612556699 0.0000000000
8.9733745236 1.5000000000 3.8109829694 3.1558755487 4.1583733563 0.0000000000
8.9841838720 1.5000000000 3.8106469674 3.1518607606 4.1554234327 0.0000000000
8.9949882102 1.5000000000 3.8103003909 3.1477682263 4.1524001133 0.0000000000
9.0057865395 1.5000000000 3.8099358948 3.1435873931 4.1492697954 0.0000000000
9.0165780588 1.5000000000 3.8095549389 3.1393070505 4.1460338349 0.0000000000
9.0273547385 1.5000000000 3.8091707141 3.1348099708 4.1426981036 0.0000000000
9.0381321403 1.5000000000 3.8087606387 3.1303288163 4.1392653406 0.0000000000
9.0489077538 1.5000000000 3.8083266111 3.1258349182 4.1357316706 0.0000000000
9.0596786997 1.5000000000 3.8078850969 3.1212763471 4.1321421855 0.0000000000
9.0704424452 1.5000000000 3.8074203699 3.1166268191 4.1284234662 0.0000000000
9.0811998720 1.5000000000 3.8069422576 3.1118951862 4.1246183638 0.0000000000
9.0919508646 1.5000000000 3.8064169316 3.1071035736 4.1206004148 0.0000000000
9.1026939440 1.5000000000 3.8058771348 3.1022125386 4.1164848135 0.0000000000
9.1134287870 1.5000000000 3.8053202629 3.0972215559 4.1122609330 0.0000000000
9.1241544571 1.5000000000 3.8047373363 3.0921271504 4.1078914643 0.0000000000
9.1348637622 1.5000000000 3.8041497195 3.0868331822 4.1034234101 0.0000000000
9.1455613270 1.5000000000 3.8034436582 3.0814757701 4.0984561998 0.0000000000
9.1562450319 1.5000000000 3.8027050066 3.0759732682 4.0933005928 0.0000000000
9.1669215824 1.5000000000 3.8019326338 3.0704139466 4.0879873727 0.0000000000
9.1775845748 1.5000000000 3.8011224695 3.0647261062 4.0824715794 0.0000000000
9.1882325279 1.5000000000 3.8002901285 3.0588900688 4.0768078004 0.0000000000
9.1988855201 1.5000000000 3.7993997689 3.0531608745 4.0709546843 0.0000000000
9.2095333273 1.5000000000 3.7984927177 3.0473879829 4.0650173229 0.0000000000
9.2201638388 1.5000000000 3.7975486096 3.0414590749 4.0588693276 0.0000000000
9.2307967568 1.5000000000 3.7965380996 3.0356219565 4.0524924399 0.0000000000
9.2414215140 1.5000000000 3.7954761873 3.0297503088 4.0458961318 0.0000000000
9.2520327454 1.5000000000 3.7943710738 3.0237858275 4.0390898852 0.0000000000
9.2626557171 1.5000000000 3.7932289376 3.0179886983 4.0322024887 0.0000000000
9.2732756910 1.5000000000 3.7921068636 3.0121375252 4.0253737234 0.0000000000
9.2838699876 1.5000000000 3.7908500000 3.0061750000 4.0179612591 0.0000000000
9.2846185813 1.5000000000 3.7907600000 3.0058000000 4.0174512591 0.0000000000
9.2856330185 1.5000000000 3.7906211993 3.0053015529 4.0166966773 0.0000000000
9.2866474557 1.5000000000 3.7904826200 3.0047696891 4.0159296145 0.0000000000
9.2876618928 1.5000000000 3.7903420901 3.0041920421 4.0151364363 0.0000000000
9.2886763300 1.5000000000 3.7902059259 3.0036246914 4.0143648394 0.0000000000
9.2896907672 1.5000000000 3.7900335657 3.0031182166 4.0134728086 0.0000000000
9.2907052044 1.5000000000 3.7898910806 3.0024950429 4.0126535987 0.0000000000
9.2917196416 1.5000000000 3.7897458159 3.0019039682 4.0118361097 0.0000000000
9.2927340788 1.5000000000 3.7896043648 3.0013424592 4.0110457019 0.0000000000
9.2937485159 1.5000000000 3.7894597322 3.0007723914 4.0102391444 0.0000000000
9.2947629531 1.5000000000 3.7893159558 3.0002038231 4.0094366114 0.0000000000
9.2957773903 1.5000000000 3.7891718684 2.9996445065 4.0086365353 0.0000000000
9.2967918275 1.5000000000 3.7890223410 2.9990747696 4.0078105310 0.0000000000
9.2978062647 1.5000000000 3.7888753738 2.9984964954 4.0069913526 0.0000000000
9.2988207018 1.5000000000 3.7887319240 2.9979322149 4.0061918409 0.0000000000
9.2998351390 1.5000000000 3.7885828023 2.9973662094 4.0053689522 0.0000000000
9.3008495762 1.5000000000 3.7884406915 2.9967977658 4.0045731312 0.0000000000
9.3018640134 1.5000000000 3.7882973262 2.9962294535 4.0037723452 0.0000000000
9.3028784506 1.5000000000 3.7881450690 2.9956802759 4.0029436453 0.0000000000
9.3038928877 1.5000000000 3.7880016334 2.9951065338 4.0021404064 0.0000000000
9.3049073249 1.5000000000 3.7878482824 2.9945784709 4.0013157771 0.0000000000
9.3059217621 1.5000000000 3.7877034318 2.9940037273 4.0005064773 0.0000000000
9.3069361993 1.5000000000 3.7875587603 2.9934250411 3.9996963165 0.0000000000
9.3079506365 1.5000000000 3.7874136900 2.9928658115 3.9988923435 0.0000000000
9.3089650736 1.5000000000 3.7872600799 2.9922877995 3.9980466984 0.0000000000
9.3099795108 1.5000000000 3.7871201296 2.9916256478 3.9972220364 0.0000000000
9.3109939480 1.5000000000 3.7869800963 2.9910353854 3.9964257986 0.0000000000
9.3120083852 1.5000000000 3.7868319577 2.9904698412 3.9956070261 0.0000000000
9.3130228224 1.5000000000 3.7866805455 2.9899020455 3.9947742592 0.0000000000
9.3140372595 1.5000000000 3.7865285486 2.9893463467 3.9939439923 0.0000000000
9.3150516967 1.5000000000 3.7863762163 2.9887858110 3.9931104486 0.0000000000
9.3160661339 1.5000000000 3.7862280460 2.9882241764 3.9922931136 0.0000000000
9.3170805711 1.5000000000 3.7860794943 2.9876716201 3.9914778843 0.0000000000
9.3180950083 1.5000000000 3.7859252279 2.9871172252 3.9906390607 0.0000000000
9.3191094454 1.5000000000 3.7857817076 2.9865335379 3.9898315045 0.0000000000
9.3201238826 1.5000000000 3.7856454023 2.9859458513 3.9890512088 0.0000000000
9.3211383198 1.5000000000 3.7854896227 2.9854268282 3.9882204813 0.0000000000
9.3221527570 1.5000000000 3.7853366321 2.9848837563 3.9873912900 0.0000000000
9.3231671942 1.5000000000 3.7851874501 2.9843287347 3.9865725533 0.0000000000
9.3241816313 1.5000000000 3.7850332593 2.9837902840 3.9857404098 0.0000000000
9.3251960685 1.5000000000 3.7848834393 2.9832436099 3.9849224602 0.0000000000
9.3262105057 1.5000000000 3.7847254754 2.9826867163 3.9840678474 0.0000000000
9.3272249429 1.5000000000 3.7845712948 2.9821468519 3.9832351791 0.0000000000
9.3282393801 1.5000000000 3.7844286202 2.9815470351 3.9824245540 0.0000000000
9.3292538172 1.5000000000 3.7842703416 2.9810261388 3.9815830812 0.0000000000
9.3302682544 1.5000000000 3.7841177725 2.9805091825 3.9807660222 0.0000000000
9.3312826916 1.5000000000 3.7839561941 2.9799429479 3.9798932145 0.0000000000
9.3322971288 1.5000000000 3.7837917729 2.9794222810 3.9790272632 0.0000000000
9.3333115660 1.5000000000 3.7836268580 2.9789105741 3.9781629209 0.0000000000
9.3343260031 1.5000000000 3.7834615212 2.9784145637 3.9773031695 0.0000000000
9.3353404403 1.5000000000 3.7832957285 2.9778857617 3.9764284777 0.0000000000
9.3363548775 1.5000000000 3.7831294766 2.9773684297 3.9755565372 0.0000000000
9.3373693147 1.5000000000 3.7829628101 2.9768472319 3.9746813920 0.0000000000
9.3383837519 1.5000000000 3.7828053114 2.9763180209 3.9738397132 0.0000000000
9.3393981891 1.5000000000 3.7826351522 2.9758079312 3.9729550404 0.0000000000
9.3404126262 1.5000000000 3.7824664116 2.9753230353 3.9720861196 0.0000000000
9.3414270634 1.5000000000 3.7823024542 2.9748273625 3.9712320207 0.0000000000
9.3424415006 1.5000000000 3.7821357341 2.9743245501 3.9703640156 0.0000000000
9.3434559378 1.5000000000 3.7819679594 2.9738358851 3.9694974508 0.0000000000
9.3444703750 1.5000000000 3.7817866867 2.9733250563 3.9685680283 0.0000000000
9.3454848121 1.5000000000 3.7816091719 2.9728484168 3.9676673133 0.0000000000
9.3464992493 1.5000000000 3.7814144121 2.9724336146 3.9667223532 0.0000000000
9.3475136865 1.5000000000 3.7812492762 2.9718800748 3.9658403937 0.0000000000
9.3485281237 1.5000000000 3.7810835867 2.9714066763 3.9649882764 0.0000000000
9.3495425609 1.5000000000 3.7809175262 2.9709322178 3.9641342511 0.0000000000
9.3505569980 1.5000000000 3.7807510445 2.9704335279 3.9632688482 0.0000000000
9.3515714352 1.5000000000 3.7805729298 2.9699794794 3.9623747699 0.0000000000
9.3525858724 1.5000000000 3.7803953958 2.9695134895 3.9614782381 0.0000000000
9.3536003096 1.5000000000 3.7802175796 2.9690867222 3.9605962665 0.0000000000
9.3546147468 1.5000000000 3.7800389221 2.9686263586 3.9596974907 0.0000000000
9.3556291839 1.5000000000 3.7798508930 2.9681772324 3.9587657238 0.0000000000
9.3566436211 1.5000000000 3.7796694289 2.9677235723 3.9578584037 0.0000000000
9.3576580583 1.5000000000 3.7794871675 2.9672679187 3.9569470965 0.0000000000
9.3586724955 1.5000000000 3.7793146468 2.9668116169 3.9560744930 0.0000000000
9.3596869327 1.5000000000 3.7791320118 2.9663550296 3.9551613182 0.0000000000
9.3607013698 1.5000000000 3.7789492720 2.9658981799 3.9542476189 0.0000000000
9.3617158070 1.5000000000 3.7787663298 2.9654408246 3.9533329082 0.0000000000
9.3627302442 1.5000000000 3.7785832867 2.9649832167 3.9524176925 0.0000000000
9.3637446814 1.5000000000 3.7784001692 2.9645580502 3.9515151560 0.0000000000
9.3647591186 1.5000000000 3.7782170540 2.9641556611 3.9506217396 0.0000000000
9.3657735557 1.5000000000 3.7780379587 2.9636998894 3.9497230497 0.0000000000
9.3667879929 1.5000000000 3.7778507266 2.9632518165 3.9487948920 0.0000000000
9.3678024301 1.5000000000 3.7776704686 2.9628011715 3.9478936020 0.0000000000
9.3688168673 1.5000000000 3.7774861851 2.9623572154 3.9469788855 0.0000000000
9.3698313045 1.5000000000 3.7773046351 2.9619115877 3.9460744345 0.0000000000
9.3708457416 1.5000000000 3.7771164594 2.9614945336 3.9451549099 0.0000000000
9.3718601788 1.5000000000 3.7769292023 2.9610867741 3.9442427778 0.0000000000
9.3728746160 1.5000000000 3.7767436691 2.9606646163 3.9433317818 0.0000000000
9.3738890532 1.5000000000 3.7765510299 2.9602486354 3.9423948327 0.0000000000
9.3749034904 1.5000000000 3.7763594879 2.9598539757 3.9414708009 0.0000000000
9.3759179275 1.5000000000 3.7761715619 2.9594081237 3.9405407560 0.0000000000
9.3769323647 1.5000000000 3.7759742692 2.9590055768 3.9395905665 0.0000000000
9.3779468019 1.5000000000 3.7757785148 2.9586206104 3.9386535624 0.0000000000
9.3789612391 1.5000000000 3.7755653479 2.9583271061 3.9376834931 0.0000000000
9.3799756763 1.5000000000 3.7753445286 2.9579779139 3.9366605389 0.0000000000
9.3809901134 1.5000000000 3.7751220477 2.9576050819 3.9356214825 0.0000000000
9.3820045506 1.5000000000 3.7748946116 2.9572353307 3.9345638378 0.0000000000
9.3830189878 1.5000000000 3.7746715619 2.9569079496 3.9335406866 0.0000000000
9.3840334250 1.5000000000 3.7744484194 2.9565345363 3.9324987511 0.0000000000
9.3850478622 1.5000000000 3.7742194054 2.9561802281 3.9314409721 0.0000000000
9.3860622994 1.5000000000 3.7739998434 2.9558028559 3.9304117752 0.0000000000
9.3870767365 1.5000000000 3.7737771931 2.9554703219 3.9293881602 0.0000000000
9.3880911737 1.5000000000 3.7735625000 2.9551195313 3.9283890718 0.0000000000
9.3891056109 1.5000000000 3.7733374768 2.9547886393 3.9273566221 0.0000000000
9.3901200481 1.5000000000 3.7731218416 2.9544653774 3.9263647763 0.0000000000
9.3911344853 1.5000000000 3.7728956656 2.9541282797 3.9253252332 0.0000000000
9.3921489224 1.5000000000 3.7726787768 2.9537859710 3.9243207545 0.0000000000
9.3931633596 1.5000000000 3.7724524323 2.9534836484 3.9232944474 0.0000000000
9.3941777968 1.5000000000 3.7722252178 2.9531573376 3.9222550654 0.0000000000
9.3951922340 1.5000000000 3.7720000337 2.9528375421 3.9212264105 0.0000000000
9.3962066712 1.5000000000 3.7717636090 2.9525191377 3.9201533502 0.0000000000
9.3972211083 1.5000000000 3.7715293767 2.9522542728 3.9191104750 0.0000000000
9.3982355455 1.5000000000 3.7712962345 2.9519702932 3.9180643145 0.0000000000
9.3992499827 1.5000000000 3.7710565343 2.9516956678 3.9169956633 0.0000000000
9.4002644199 1.5000000000 3.7708163050 2.9514178336 3.9159236124 0.0000000000
9.4012788571 1.5000000000 3.7705795004 2.9511443339 3.9148669943 0.0000000000
9.4022932942 1.5000000000 3.7703441181 2.9508654417 3.9138139083 0.0000000000
9.4033077314 1.5000000000 3.7701063814 2.9506007783 3.9127570959 0.0000000000
9.4043221686 1.5000000000 3.7698696369 2.9503120461 3.9116946251 0.0000000000
9.4053366058 1.5000000000 3.7696365006 2.9500446101 3.9106551057 0.0000000000
9.4063510430 1.5000000000 3.7693999459 2.9497999493 3.9096110225 0.0000000000
9.4073654801 1.5000000000 3.7691565902 2.9495526886 3.9085386954 0.0000000000
9.4083799173 1.5000000000 3.7689215700 2.9493048422 3.9074994759 0.0000000000
9.4093943545 1.5000000000 3.7686783268 2.9490483268 3.9064238970 0.0000000000
9.4104087917 1.5000000000 3.7684434250 2.9488134250 3.9053903290 0.0000000000
9.4114232289 1.5000000000 3.7682079017 2.9485779017 3.9043540263 0.0000000000
9.4124376660 1.5000000000 3.7679678914 2.9483628914 3.9033079811 0.0000000000
9.4134521032 1.5000000000 3.7677268125 2.9481468125 3.9022572340 0.0000000000
9.4144665404 1.5000000000 3.7674915597 2.9479052426 3.9012195950 0.0000000000
9.4154809776 1.5000000000 3.7672526932 2.9476939110 3.9001795963 0.0000000000
9.4164954148 1.5000000000 3.7670143853 2.9474654129 3.8991349655 0.0000000000
9.4175098519 1.5000000000 3.7667675167 2.9472562639 3.8980638313 0.0000000000
9.4185242891 1.5000000000 3.7665191271 2.9470492726 3.8969874764 0.0000000000
9.4195387263 1.5000000000 3.7662701770 2.9468418141 3.8959086926 0.0000000000
9.4205531635 1.5000000000 3.7660307251 2.9466089376 3.8948577343 0.0000000000
9.4215676007 1.5000000000 3.7657826978 2.9463756231 3.8937722996 0.0000000000
9.4225820378 1.5000000000 3.7655401536 2.9461451536 3.8927099347 0.0000000000
9.4235964750 1.5000000000 3.7652990347 2.9459190347 3.8916550116 0.0000000000
9.4246109122 1.5000000000 3.7650589197 2.9456972497 3.8906058377 0.0000000000
9.4256253494 1.5000000000 3.7648188769 2.9454829258 3.8895599370 0.0000000000
9.4266397866 1.5000000000 3.7645717360 2.9452681133 3.8884854484 0.0000000000
9.4276542238 1.5000000000 3.7643270988 2.9450433201 3.8874169823 0.0000000000
9.4286686609 1.5000000000 3.7640954269 2.9448119883 3.8863977621 0.0000000000
9.4296830981 1.5000000000 3.7638507396 2.9445935175 3.8853316243 0.0000000000
9.4306975353 1.5000000000 3.7636089921 2.9443721078 3.8842760707 0.0000000000
9.4317119725 1.5000000000 3.7633642553 2.9441502280 3.8832083716 0.0000000000
9.4327264097 1.5000000000 3.7631270794 2.9438985532 3.8821589979 0.0000000000
9.4337408468 1.5000000000 3.7628858882 2.9436552573 3.8810969149 0.0000000000
9.4347552840 1.5000000000 3.7626486665 2.9434080767 3.8800491556 0.0000000000
9.4357697212 1.5000000000 3.7624113159 2.9431592107 3.8790002071 0.0000000000
9.4367841584 1.5000000000 3.7621635427 2.9429381426 3.8779206868 0.0000000000
9.4377985956 1.5000000000 3.7619251408 2.9426097778 3.8768357333 0.0000000000
9.4388130327 1.5000000000 3.7616762353 2.9423341177 3.8757298474 0.0000000000
9.4398274699 1.5000000000 3.7614368051 2.9420341607 3.8746521437 0.0000000000
9.4408419071 1.5000000000 3.7611969094 2.9417362242 3.8735733863 0.0000000000
9.4418563443 1.5000000000 3.7609501144 2.9414607960 3.8724760352 0.0000000000
9.4428707815 1.5000000000 3.7606607722 2.9414617954 3.8713190659 0.0000000000
9.4438852186 1.5000000000 3.7603625350 2.9413412675 3.8700779060 0.0000000000
9.4448996558 1.5000000000 3.7600721417 2.9411940045 3.8688574277 0.0000000000
9.4459140930 1.5000000000 3.7597767500 2.9410661161 3.8676247055 0.0000000000
9.4469285302 1.5000000000 3.7594929117 2.9409087027 3.8664263869 0.0000000000
9.4479429674 1.5000000000 3.7592020465 2.9407300332 3.8651914585 0.0000000000
9.4489574045 1.5000000000 3.7589128694 2.9405098995 3.8639466964 0.0000000000
9.4499718417 1.5000000000 3.7586194631 2.9403842024 3.8627227923 0.0000000000
9.4509862789 1.5000000000 3.7583391885 2.9401243238 3.8614977427 0.0000000000
9.4520007161 1.5000000000 3.7580577930 2.9398331177 3.8602556781 0.0000000000
9.4530151533 1.5000000000 3.7577824385 2.9395209528 3.8590293942 0.0000000000
9.4540295904 1.5000000000 3.7575102803 2.9391754204 3.8578025483 0.0000000000
9.4550440276 1.5000000000 3.7572446188 2.9388182735 3.8565970436 0.0000000000
9.4560584648 1.5000000000 3.7569762724 2.9383844087 3.8553501123 0.0000000000
9.4570729020 1.5000000000 3.7567023267 2.9378961908 3.8540590422 0.0000000000
9.4580873392 1.5000000000 3.7564352087 2.9373517946 3.8527728115 0.0000000000
9.4591017763 1.5000000000 3.7561731094 2.9367430210 3.8514809052 0.0000000000
9.4601162135 1.5000000000 3.7559141610 2.9360776603 3.8501789671 0.0000000000
9.4611306507 1.5000000000 3.7556688016 2.9353216294 3.8488951170 0.0000000000
9.4621450879 1.5000000000 3.7554146111 2.9344859721 3.8475440922 0.0000000000
9.4631595251 1.5000000000 3.7551808698 2.9335673921 3.8462416950 0.0000000000
9.4641739622 1.5000000000 3.7549444095 2.9325220475 3.8448777160 0.0000000000
9.4651883994 1.5000000000 3.7547226209 2.9313381047 3.8435169848 0.0000000000
9.4662028366 1.5000000000 3.7545114762 2.9300195954 3.8421450021 0.0000000000
9.4672172738 1.5000000000 3.7543041238 2.9285397562 3.8407236569 0.0000000000
9.4682317110 1.5000000000 3.7541140852 2.9268507991 3.8392879197 0.0000000000
9.4692461481 1.5000000000 3.7539379071 2.9249738389 3.8378324231 0.0000000000
9.4702605853 1.5000000000 3.7537791999 2.9228476654 3.8363471248 0.0000000000
9.4712750225 1.5000000000 3.7536239441 2.9204637413 3.8347725318 0.0000000000
9.4722894597 1.5000000000 3.7534945777 2.9177529976 3.8331707688 0.0000000000
9.4733038969 1.5000000000 3.7533923291 2.9146414542 3.8315171571 0.0000000000
9.4743183341 1.5000000000 3.7533200000 2.9111003163 3.8298113856 0.0000000000
9.4753327712 1.5000000000 3.7532800000 2.9069925429 3.8280082762 0.0000000000
9.4763472084 1.5000000000 3.7532900000 2.9020569378 3.8260740342 0.0000000000
9.4773616456 1.5000000000 3.7533591299 2.8962543799 3.8240295307 0.0000000000
9.4783760828 1.5000000000 3.7534876012 2.8893809232 3.8217940331 0.0000000000
9.4793905200 1.5000000000 3.7537109246 2.8811426401 3.8193920134 0.0000000000
9.4804049571 1.5000000000 3.7540516067 2.8708695039 3.8166454875 0.0000000000
9.4814193943 1.5000000000 3.7545671754 2.8578313029 3.8134924817 0.0000000000
9.4824338315 1.5000000000 3.7553873901 2.8402975790 3.8097598511 0.0000000000
9.4834482687 1.5000000000 3.7566397367 2.8158947387 3.8050081015 0.0000000000
9.4844627059 1.5000000000 3.7587269308 2.7773748743 3.7979489320 0.0000000000
9.4854771430 1.5000000000 3.7631501489 2.6984967997 3.7840905743 0.0000000000
9.4864915802 1.5000000000 3.7646100000 2.5637000000 3.7360112591 0.0000000000
9.4864991311 1.5000000000 3.7642300000 2.5610500000 3.7334312591 0.0000000000
9.4865459286 1.5000000000 3.7620891549 2.5465452884 3.7190659940 0.0000000000
9.4866222591 1.5000000000 3.7591885564 2.5329214484 3.7020140639 0.0000000000
9.4868025309 1.5000000000 3.7543185026 2.5241115791 3.6790099011 0.0000000000
9.4870961696 1.5000000000 3.7489253261 2.5306024926 3.6600335606 0.0000000000
9.4873642433 1.5000000000 3.7452480525 2.5429870384 3.6502782846 0.0000000000
9.4876150409 1.5000000000 3.7424150545 2.5567091386 3.6444351327 0.0000000000
9.4878513219 1.5000000000 3.7399600474 2.5708875879 3.6402864838 0.0000000000
9.4880779613 1.5000000000 3.7377729445 2.5853380952 3.6373182752 0.0000000000
9.4882913916 1.5000000000 3.7357390502 2.5999304939 3.6350196573 0.0000000000
9.4884948857 1.5000000000 3.7338049762 2.6146079222 3.6331543327 0.0000000000
9.4886903091 1.5000000000 3.7320187717 2.6294029410 3.6319275224 0.0000000000
9.4888740931 1.5000000000 3.7302585196 2.6442184081 3.6308127007 0.0000000000
9.4890522306 1.5000000000 3.7285839451 2.6590962034 3.6300655210 0.0000000000
9.4892241377 1.5000000000 3.7269727838 2.6740182322 3.6295896870 0.0000000000
9.4893882643 1.5000000000 3.7253662846 2.6889439360 3.6291339718 0.0000000000
9.4895487293 1.5000000000 3.7237876124 2.7038884684 3.6287970962 0.0000000000
9.4897068356 1.5000000000 3.7222462836 2.7188574624 3.6286193783 0.0000000000
9.4898606637 1.5000000000 3.7206895578 2.7338167852 3.6283762041 0.0000000000
9.4900142355 1.5000000000 3.7191304403 2.7487745708 3.6281228484 0.0000000000
9.4901679952 1.5000000000 3.7175536732 2.7637207906 3.6277942679 0.0000000000
9.4903240299 1.5000000000 3.7159327536 2.7786372587 3.6272771770 0.0000000000
9.4904840494 1.5000000000 3.7142379816 2.7935020883 3.6264440207 0.0000000000
9.4906518480 1.5000000000 3.7124428212 2.8082925286 3.6251795554 0.0000000000
9.4908332049 1.5000000000 3.7104882627 2.8229544567 3.6232260927 0.0000000000
9.4910393573 1.5000000000 3.7082437738 2.8373513326 3.6200068872 0.0000000000
9.4913039587 1.5000000000 3.7053366912 2.8509614478 3.6138226030 0.0000000000
9.4917684276 1.5000000000 3.7003185252 2.8563083373 3.5958886947 0.0000000000
9.4920758687 1.5000000000 3.6971091258 2.8432624977 3.5778327615 0.0000000000
9.4922553007 1.5000000000 3.6953312976 2.8284615554 3.5648010717 0.0000000000
9.4923953045 1.5000000000 3.6939703034 2.8133834051 3.5533258346 0.0000000000
9.4925131406 1.5000000000 3.6928649591 2.7981731646 3.5428203611 0.0000000000
9.4926171906 1.5000000000 3.6919137300 2.7828966424 3.5329048361 0.0000000000
9.4927118886 1.5000000000 3.6910716269 2.7675806805 3.5234100386 0.0000000000
9.4927994486 1.5000000000 3.6903242856 2.7522332682 3.5142817088 0.0000000000
9.4928818987 1.5000000000 3.6896206815 2.7368726373 3.5053230400 0.0000000000
9.4929599940 1.5000000000 3.6889639761 2.7214994392 3.4965469393 0.0000000000
9.4930342668 1.5000000000 3.6883616974 2.7061119398 3.4879828246 0.0000000000
9.4931057305 1.5000000000 3.6877882393 2.6907172931 3.4795311334 0.0000000000
9.4931749611 1.5000000000 3.6872356810 2.6753180587 3.4711612066 0.0000000000
9.4932420903 1.5000000000 3.6867135507 2.6599121542 3.4629103234 0.0000000000
9.4933073242 1.5000000000 3.6862144578 2.6445013043 3.4547496121 0.0000000000
9.4933709514 1.5000000000 3.6857270948 2.6290881219 3.4466348869 0.0000000000
9.4934333805 1.5000000000 3.6852521203 2.6136725131 3.4385687456 0.0000000000
9.4934946902 1.5000000000 3.6847927637 2.5982538973 3.4305638729 0.0000000000
9.4935545627 1.5000000000 3.6843523532 2.5828317869 3.4226333868 0.0000000000
9.4936132542 1.5000000000 3.6839314799 2.5674062481 3.4147796778 0.0000000000
9.4936711928 1.5000000000 3.6835266494 2.5519780233 3.4069890659 0.0000000000
9.4937282503 1.5000000000 3.6831257119 2.5365491111 3.3992137510 0.0000000000
9.4937843019 1.5000000000 3.6827285841 2.5211195786 3.3914534270 0.0000000000
9.4938394089 1.5000000000 3.6823510014 2.5056869842 3.3837700583 0.0000000000
9.4938937848 1.5000000000 3.6819792399 2.4902534620 3.3761096034 0.0000000000
9.4939476402 1.5000000000 3.6815921639 2.4748222963 3.3683888332 0.0000000000
9.4940009095 1.5000000000 3.6812018214 2.4593916062 3.3606551870 0.0000000000
9.4940535181 1.5000000000 3.6808212253 2.4439593958 3.3529599187 0.0000000000
9.4941054553 1.5000000000 3.6804543329 2.4285251117 3.3453186352 0.0000000000
9.4941567198 1.5000000000 3.6800941276 2.4130898063 3.3377036921 0.0000000000
9.4942073939 1.5000000000 3.6797340700 2.3976544686 3.3300893266 0.0000000000
9.4942577899 1.5000000000 3.6793843146 2.3822176724 3.3225155865 0.0000000000
9.4943078944 1.5000000000 3.6790430897 2.3667796538 3.3149754794 0.0000000000
9.4943573791 1.5000000000 3.6786953525 2.3513425217 3.3074096776 0.0000000000
9.4944066379 1.5000000000 3.6783526072 2.3359047203 3.2998635758 0.0000000000
9.4944560066 1.5000000000 3.6780260390 2.3204647116 3.2923812996 0.0000000000
9.4945049466 1.5000000000 3.6776983613 2.3050248315 3.2848946368 0.0000000000
9.4945534519 1.5000000000 3.6773611894 2.2895862288 3.2773705083 0.0000000000
9.4946020109 1.5000000000 3.6770174277 2.2741485351 3.2698203838 0.0000000000
9.4946506559 1.5000000000 3.6766687457 2.2587115349 3.2622508557 0.0000000000
9.4946992049 1.5000000000 3.6763169644 2.2432749724 3.2546691057 0.0000000000
9.4947473960 1.5000000000 3.6759653506 2.2278383717 3.2470880101 0.0000000000
9.4947952120 1.5000000000 3.6756201211 2.2124008723 3.2395320924 0.0000000000
9.4948428204 1.5000000000 3.6752841279 2.1969620917 3.2320126074 0.0000000000
9.4948904657 1.5000000000 3.6749417759 2.1815241844 3.2244680365 0.0000000000
9.4949381832 1.5000000000 3.6745938455 2.1660870552 3.2169014631 0.0000000000
9.4949857429 1.5000000000 3.6742633513 2.1506475504 3.2094036846 0.0000000000
9.4950331324 1.5000000000 3.6739375499 2.1352073945 3.2019244164 0.0000000000
9.4950804596 1.5000000000 3.6735985023 2.1197690281 3.1943928794 0.0000000000
9.4951278420 1.5000000000 3.6732591067 2.1043307013 3.1868599665 0.0000000000
9.4951751825 1.5000000000 3.6729274131 2.0888913356 3.1793574457 0.0000000000
9.4952221974 1.5000000000 3.6726022333 2.0734511067 3.1718806351 0.0000000000
9.4952686656 1.5000000000 3.6722799730 2.0580104562 3.1644153336 0.0000000000
9.4953148577 1.5000000000 3.6719518923 2.0425705723 3.1569270570 0.0000000000
9.4953617736 1.5000000000 3.6716030160 2.0271336000 3.1493567630 0.0000000000
9.4954090360 1.5000000000 3.6712406317 2.0116985210 3.1417331941 0.0000000000
9.4954557230 1.5000000000 3.6708835276 1.9962626793 3.1341304413 0.0000000000
9.4955024463 1.5000000000 3.6705356384 1.9808255358 3.1265640271 0.0000000000
9.4955493964 1.5000000000 3.6701922765 1.9653877550 3.1190154669 0.0000000000
9.4955960172 1.5000000000 3.6698447876 1.9499505450 3.1114506274 0.0000000000
9.4956424791 1.5000000000 3.6694985289 1.9345131645 3.1038906405 0.0000000000
9.4956891187 1.5000000000 3.6691570533 1.9190751188 3.0963495197 0.0000000000
9.4957359997 1.5000000000 3.6688104708 1.9036377774 3.0887882532 0.0000000000
9.4957831759 1.5000000000 3.6684669793 1.8882000301 3.0812391883 0.0000000000
9.4958304830 1.5000000000 3.6681397842 1.8727600660 3.0737544224 0.0000000000
9.4958769718 1.5000000000 3.6678107341 1.8573203313 3.0662623279 0.0000000000
9.4959230536 1.5000000000 3.6674768456 1.8418812370 3.0587511364 0.0000000000
9.4959704820 1.5000000000 3.6671544685 1.8264405993 3.0512853728 0.0000000000
9.4960182329 1.5000000000 3.6668191525 1.8110017926 3.0437685859 0.0000000000
9.4960655648 1.5000000000 3.6664547596 1.7955670194 3.0361371051 0.0000000000
9.4961142169 1.5000000000 3.6660911582 1.7801321470 3.0285087505 0.0000000000
9.4961628428 1.5000000000 3.6657321397 1.7646966340 3.0208984714 0.0000000000
9.4962097985 1.5000000000 3.6653710459 1.7492613796 3.0132799944 0.0000000000
9.4962573156 1.5000000000 3.6650197877 1.7338247303 3.0057003018 0.0000000000
9.4963056486 1.5000000000 3.6646745713 1.7183872311 2.9981444365 0.0000000000
9.4963538152 1.5000000000 3.6643258052 1.7029502322 2.9905745727 0.0000000000
9.4964021213 1.5000000000 3.6639791632 1.6875129420 2.9830130888 0.0000000000
9.4964510886 1.5000000000 3.6636296533 1.6720760539 2.9754402937 0.0000000000
9.4964999587 1.5000000000 3.6632826906 1.6566388230 2.9678775505 0.0000000000
9.4965474264 1.5000000000 3.6629571396 1.6411986422 2.9603992744 0.0000000000
9.4965967057 1.5000000000 3.6626285534 1.6257589126 2.9529090377 0.0000000000
9.4966452092 1.5000000000 3.6623075964 1.6103180846 2.9454488783 0.0000000000
9.4966919560 1.5000000000 3.6619748662 1.5948789448 2.9379423019 0.0000000000
9.4967403436 1.5000000000 3.6615948033 1.5794465331 2.9302490853 0.0000000000
9.4967887301 1.5000000000 3.6612294218 1.5640119365 2.9226137208 0.0000000000
9.4968359432 1.5000000000 3.6608564901 1.5485784661 2.9149486058 0.0000000000
9.4968820768 1.5000000000 3.6604776899 1.5331458251 2.9072603487 0.0000000000
9.4969301243 1.5000000000 3.6601192681 1.5177102326 2.8996524246 0.0000000000
9.4969786280 1.5000000000 3.6597665451 1.5022738068 2.8920669620 0.0000000000
9.4970252405 1.5000000000 3.6593982752 1.4868395985 2.8844201991 0.0000000000
9.4970721955 1.5000000000 3.6590364212 1.4714044669 2.8767987308 0.0000000000
9.4971194128 1.5000000000 3.6586811984 1.4559683729 2.8692034017 0.0000000000
9.4971671392 1.5000000000 3.6583115703 1.4405343878 2.8615512954 0.0000000000
9.4972146085 1.5000000000 3.6579496462 1.4250992955 2.8539295619 0.0000000000
9.4972617987 1.5000000000 3.6576139166 1.4096604602 2.8464111094 0.0000000000
9.4973089244 1.5000000000 3.6572829597 1.3942209686 2.8389114853 0.0000000000
9.4973559385 1.5000000000 3.6569293765 1.3787847113 2.8313226497 0.0000000000
9.4974018373 1.5000000000 3.6565400711 1.3633536873 2.8235930183 0.0000000000
9.4974475384 1.5000000000 3.6561580386 1.3479215743 2.8158920433 0.0000000000
9.4974926165 1.5000000000 3.6557680034 1.3324906923 2.8081595497 0.0000000000
9.4975361161 1.5000000000 3.6553863097 1.3170584828 2.8004598911 0.0000000000
9.4975802071 1.5000000000 3.6550020088 1.3016266802 2.7927499664 0.0000000000
9.4976241557 1.5000000000 3.6546334581 1.2861924789 2.7851020831 0.0000000000
9.4976683229 1.5000000000 3.6542627351 1.2707586143 2.7774456450 0.0000000000
9.4977112033 1.5000000000 3.6538848674 1.2553258380 2.7697610638 0.0000000000
9.4977547116 1.5000000000 3.6535194669 1.2398911730 2.7621255960 0.0000000000
9.4977977381 1.5000000000 3.6531327162 1.2244597287 2.7544060152 0.0000000000
9.4978407274 1.5000000000 3.6527548088 1.2090269256 2.7467212646 0.0000000000
9.4978834297 1.5000000000 3.6524015564 1.1935904666 2.7391336714 0.0000000000
9.4979260485 1.5000000000 3.6520456213 1.1781543632 2.7315354897 0.0000000000
9.4979688312 1.5000000000 3.6516545808 1.1627236590 2.7237990459 0.0000000000
9.4980111249 1.5000000000 3.6512523072 1.1472946931 2.7160183649 0.0000000000
9.4980528460 1.5000000000 3.6508461963 1.1318663333 2.7082225777 0.0000000000
9.4980954304 1.5000000000 3.6504647039 1.1164341207 2.7005237229 0.0000000000
9.4981369544 1.5000000000 3.6500691670 1.1010040486 2.6927695463 0.0000000000
9.4981782339 1.5000000000 3.6496766622 1.0855734911 2.6850273042 0.0000000000
9.4982201933 1.5000000000 3.6492957885 1.0701411234 2.6773308623 0.0000000000
9.4982612761 1.5000000000 3.6489194353 1.0547080491 2.6696522200 0.0000000000
9.4983021865 1.5000000000 3.6485304110 1.0392769471 2.6619236821 0.0000000000
9.4983428158 1.5000000000 3.6481580666 1.0238432529 2.6542608265 0.0000000000
9.4983834354 1.5000000000 3.6477764511 1.0084109846 2.6465614573 0.0000000000
9.4984242540 1.5000000000 3.6473997799 0.9929779577 2.6388815618 0.0000000000
9.4984655941 1.5000000000 3.6469930542 0.9775497512 2.6310833765 0.0000000000
9.4985072352 1.5000000000 3.6465730667 0.9621237964 2.6232330445 0.0000000000
9.4985490472 1.5000000000 3.6461636802 0.9466959994 2.6154243796 0.0000000000
9.4985914635 1.5000000000 3.6457625789 0.9312668444 2.6076483125 0.0000000000
9.4986344253 1.5000000000 3.6453543582 0.9158388671 2.5998442385 0.0000000000
9.4986780396 1.5000000000 3.6449476330 0.9004106705 2.5920460592 0.0000000000
9.4987219596 1.5000000000 3.6445667116 0.8849783770 2.5843494561 0.0000000000
9.4987661618 1.5000000000 3.6441606550 0.8695500791 2.5765539106 0.0000000000
9.4988103643 1.5000000000 3.6437613372 0.8541207400 2.5687849040 0.0000000000
9.4988544355 1.5000000000 3.6433796737 0.8386885317 2.5610853664 0.0000000000
9.4988984754 1.5000000000 3.6429920719 0.8232572719 2.5533624553 0.0000000000
9.4989422007 1.5000000000 3.6425992145 0.8078268248 2.5456188470 0.0000000000
9.4989854319 1.5000000000 3.6422268532 0.7923931915 2.5379559484 0.0000000000
9.4990291048 1.5000000000 3.6418316179 0.7769632019 2.5302030113 0.0000000000
9.4990733794 1.5000000000 3.6414016756 0.7615389333 2.5223135346 0.0000000000
9.4991183654 1.5000000000 3.6409646905 0.7461159529 2.5143964022 0.0000000000
9.4991643569 1.5000000000 3.6405031583 0.7306974303 2.5063828644 0.0000000000
9.4992115098 1.5000000000 3.6400921996 0.7152701361 2.4985681120 0.0000000000
9.4992604873 1.5000000000 3.6396915056 0.6998410372 2.4907936965 0.0000000000
9.4993103636 1.5000000000 3.6392632340 0.6844167113 2.4829108796 0.0000000000
9.4993607847 1.5000000000 3.6388764676 0.6689854438 2.4751913072 0.0000000000
9.4994124910 1.5000000000 3.6384893194 0.6535542351 2.4674702306 0.0000000000
9.4994657425 1.5000000000 3.6380833161 0.6381261678 2.4596749904 0.0000000000
9.4995211002 1.5000000000 3.6376881034 0.6226963662 2.4519222192 0.0000000000
9.4995801895 1.5000000000 3.6373048891 0.6072647995 2.4442167351 0.0000000000
9.4996449144 1.5000000000 3.6369202589 0.5918335787 2.4365057260 0.0000000000
9.4997190258 1.5000000000 3.6364955541 0.5764092477 2.4286371747 0.0000000000
9.4998179125 1.5000000000 3.6360645378 0.5609868841 2.4207441638 0.0000000000
9.5000610803 1.5000000000 3.6361227488 0.5603111990 2.4207067339 0.0000000000
9.5001421698 1.5000000000 3.6366021272 0.5757251574 2.4287898307 0.0000000000
9.5001956978 1.5000000000 3.6370572278 0.5911445639 2.4367779958 0.0000000000
9.5002383503 1.5000000000 3.6374679179 0.6065721282 2.4445917817 0.0000000000
9.5002751305 1.5000000000 3.6378780941 0.6219998305 2.4524035678 0.0000000000
9.5003081714 1.5000000000 3.6382835091 0.6374283933 2.4601966526 0.0000000000
9.5003387247 1.5000000000 3.6387195098 0.6528517012 2.4681099787 0.0000000000
9.5003669628 1.5000000000 3.6391325069 0.6682791031 2.4759329279 0.0000000000
9.5003935358 1.5000000000 3.6395456281 0.6837064991 2.4837563710 0.0000000000
9.5004189251 1.5000000000 3.6399856239 0.6991292402 2.4916854509 0.0000000000
9.5004432134 1.5000000000 3.6404253412 0.7145520447 2.4996134419 0.0000000000
9.5004666364 1.5000000000 3.6408603878 0.7299755142 2.5075230159 0.0000000000
9.5004895706 1.5000000000 3.6413752662 0.7453838430 2.5157458609 0.0000000000
9.5005116626 1.5000000000 3.6418411193 0.7608019296 2.5237765081 0.0000000000
9.5005330412 1.5000000000 3.6422534713 0.7762294406 2.5315969205 0.0000000000
9.5005540071 1.5000000000 3.6426505680 0.7916594974 2.5393573301 0.0000000000
9.5005746828 1.5000000000 3.6430348318 0.8070916275 2.5470672373 0.0000000000
9.5005952626 1.5000000000 3.6434487663 0.8225189038 2.5548938857 0.0000000000
9.5006154836 1.5000000000 3.6438537471 0.8379477057 2.5626853296 0.0000000000
9.5006354267 1.5000000000 3.6442496031 0.8533780129 2.5704408766 0.0000000000
9.5006553988 1.5000000000 3.6446840743 0.8688017756 2.5783482665 0.0000000000
9.5006752863 1.5000000000 3.6451167448 0.8842258865 2.5862485927 0.0000000000
9.5006951143 1.5000000000 3.6455303807 0.8996532570 2.5940740847 0.0000000000
9.5007152431 1.5000000000 3.6459842591 0.9150735605 2.6020577195 0.0000000000
9.5007355021 1.5000000000 3.6464239832 0.9304964064 2.6099857544 0.0000000000
9.5007560494 1.5000000000 3.6468696764 0.9459181881 2.6179372401 0.0000000000
9.5007766795 1.5000000000 3.6472773593 0.9613465127 2.6257393013 0.0000000000
9.5007977915 1.5000000000 3.6476759645 0.9767763918 2.6335056736 0.0000000000
9.5008195141 1.5000000000 3.6480871477 0.9922042978 2.6413215689 0.0000000000
9.5008416842 1.5000000000 3.6484932251 1.0076298687 2.6491161067 0.0000000000
9.5008657944 1.5000000000 3.6488901480 1.0230648927 2.6568778080 0.0000000000
9.5008984745 1.5000000000 3.6492992968 1.0385491648 2.6647081121 0.0000000000
9.5009577697 1.5000000000 3.6492042303 1.0347379760 2.6628033708 0.0000000000
9.5009807235 1.5000000000 3.6488271108 1.0193233399 2.6551290383 0.0000000000
9.5010004318 1.5000000000 3.6484389986 1.0039354633 2.6474214389 0.0000000000
9.5010199011 1.5000000000 3.6480391272 0.9884852527 2.6396418689 0.0000000000
9.5010419054 1.5000000000 3.6476331658 0.9730622573 2.6318488251 0.0000000000
9.5010695298 1.5000000000 3.6472540533 0.9576274333 2.6241584458 0.0000000000
9.5011078697 1.5000000000 3.6468767986 0.9421947615 2.6164763582 0.0000000000
9.5011545737 1.5000000000 3.6464394627 0.9267718345 2.6085578437 0.0000000000
9.5012007507 1.5000000000 3.6460093935 0.9113477018 2.6006679137 0.0000000000
9.5012455445 1.5000000000 3.6455935898 0.8959211162 2.5928340645 0.0000000000
9.5012903400 1.5000000000 3.6451888210 0.8804926146 2.5850435890 0.0000000000
9.5013355385 1.5000000000 3.6447644846 0.8650674328 2.5771761707 0.0000000000
9.5013808369 1.5000000000 3.6443589920 0.8496390931 2.5693828643 0.0000000000
9.5014264742 1.5000000000 3.6439790379 0.8342067023 2.5616900914 0.0000000000
9.5014724398 1.5000000000 3.6435724166 0.8187785799 2.5538923573 0.0000000000
9.5015183756 1.5000000000 3.6431861267 0.8033471649 2.5461746318 0.0000000000
9.5015643372 1.5000000000 3.6428090897 0.7879143052 2.5384933398 0.0000000000
9.5016106161 1.5000000000 3.6424346031 0.7724810716 2.5308221001 0.0000000000
9.5016567740 1.5000000000 3.6420525408 0.7570489810 2.5231210147 0.0000000000
9.5017038172 1.5000000000 3.6416079718 0.7416276763 2.5151742166 0.0000000000
9.5017510127 1.5000000000 3.6411200706 0.7262142596 2.5070572455 0.0000000000
9.5017974698 1.5000000000 3.6407026786 0.7107879105 2.4992171376 0.0000000000
9.5018443621 1.5000000000 3.6402764665 0.6953630895 2.4913423609 0.0000000000
9.5018911939 1.5000000000 3.6398445268 0.6799392382 2.4834450617 0.0000000000
9.5019378184 1.5000000000 3.6394515882 0.6645089048 2.4757011737 0.0000000000
9.5019846488 1.5000000000 3.6390465624 0.6490805210 2.4679097172 0.0000000000
9.5020314838 1.5000000000 3.6386292655 0.6336541723 2.4600699899 0.0000000000
9.5020780926 1.5000000000 3.6382417594 0.6182230006 2.4523474967 0.0000000000
9.5021249698 1.5000000000 3.6378484655 0.6027927076 2.4446022043 0.0000000000
9.5021708043 1.5000000000 3.6374554681 0.5873623691 2.4368580790 0.0000000000
9.5022164824 1.5000000000 3.6370693672 0.5719309373 2.4291411029 0.0000000000
9.5022625526 1.5000000000 3.6366410453 0.5565065229 2.4212580493 0.0000000000
9.5023082655 1.5000000000 3.6362036608 0.5410836812 2.4133393749 0.0000000000
9.5023538996 1.5000000000 3.6357543271 0.5256629496 2.4053737471 0.0000000000
9.5023992304 1.5000000000 3.6353115162 0.5102410747 2.3974337535 0.0000000000
9.5024443374 1.5000000000 3.6348780326 0.4948177560 2.3895304919 0.0000000000
9.5024891946 1.5000000000 3.6344487181 0.4793936577 2.3816435944 0.0000000000
9.5025340089 1.5000000000 3.6339845211 0.4639756491 2.3736196033 0.0000000000
9.5025784767 1.5000000000 3.6335774744 0.4485475270 2.3658201675 0.0000000000
9.5026225648 1.5000000000 3.6331799212 0.4331178896 2.3580580998 0.0000000000
9.5026666571 1.5000000000 3.6327666932 0.4176908275 2.3502343630 0.0000000000
9.5027102335 1.5000000000 3.6323692295 0.4022611798 2.3424726491 0.0000000000
9.5027537539 1.5000000000 3.6319830331 0.3868298214 2.3347553200 0.0000000000
9.5027973065 1.5000000000 3.6315332738 0.3714090788 2.3267879857 0.0000000000
9.5028405189 1.5000000000 3.6310839196 0.3559884114 2.3188223022 0.0000000000
9.5028836557 1.5000000000 3.6306358892 0.3405674453 2.3108617941 0.0000000000
9.5029263531 1.5000000000 3.6301872441 0.3251466044 2.3028988771 0.0000000000
9.5029688176 1.5000000000 3.6297398239 0.3097255388 2.2949407702 0.0000000000
9.5030110571 1.5000000000 3.6292813642 0.2943065554 2.2869393381 0.0000000000
9.5030529670 1.5000000000 3.6288473117 0.2788831156 2.2790337520 0.0000000000
9.5030944496 1.5000000000 3.6284392677 0.2634551877 2.2712304048 0.0000000000
9.5031358324 1.5000000000 3.6280124510 0.2480304831 2.2633532561 0.0000000000
9.5031768788 1.5000000000 3.6275788878 0.2326071654 2.2554496766 0.0000000000
9.5032174874 1.5000000000 3.6271896940 0.2171761566 2.2477204976 0.0000000000
9.5032581331 1.5000000000 3.6267514778 0.2017534624 2.2397985551 0.0000000000
9.5032984541 1.5000000000 3.6262956725 0.1863338823 2.2318075022 0.0000000000
9.5033385699 1.5000000000 3.6258352760 0.1709151841 2.2237984367 0.0000000000
9.5033782795 1.5000000000 3.6253730589 0.1554967640 2.2157822004 0.0000000000
9.5034176098 1.5000000000 3.6249209682 0.1400765652 2.2078057581 0.0000000000
9.5034567454 1.5000000000 3.6244474825 0.1246603868 2.1997453437 0.0000000000
9.5034954815 1.5000000000 3.6239852447 0.1092420159 2.1917290443 0.0000000000
9.5035336735 1.5000000000 3.6235656526 0.0938160255 2.1838802796 0.0000000000
9.5035716810 1.5000000000 3.6231482772 0.0783896753 2.1760402380 0.0000000000
9.5036094835 1.5000000000 3.6227016671 0.0629683935 2.1680852847 0.0000000000
9.5036468924 1.5000000000 3.6222932367 0.0475405027 2.1602804069 0.0000000000
9.5036840365 1.5000000000 3.6218729520 0.0321147235 2.1524289564 0.0000000000
9.5037209890 1.5000000000 3.6214034924 0.0166980480 2.1443844477 0.0000000000
9.5037577653 1.5000000000 3.6209283029 0.0012819878 2.1363172659 0.0000000000
9.5037940989 1.5000000000 3.6204497726 -0.0141334590 2.1282369658 0.0000000000
9.5038300405 1.5000000000 3.6199992786 -0.0295540220 2.1202667647 0.0000000000
9.5038656987 1.5000000000 3.6195377703 -0.0449724854 2.1122533460 0.0000000000
9.5039011695 1.5000000000 3.6190678657 -0.0603891305 2.1042070699 0.0000000000
9.5039362756 1.5000000000 3.6185956757 -0.0758054579 2.0961517788 0.0000000000
9.5039710257 1.5000000000 3.6181632088 -0.0912293231 2.0882523651 0.0000000000
9.5040055287 1.5000000000 3.6177246975 -0.1066520185 2.0803292416 0.0000000000
9.5040394995 1.5000000000 3.6173070381 -0.1220782311 2.0724881191 0.0000000000
9.5040733317 1.5000000000 3.6168715152 -0.1375010837 2.0645768866 0.0000000000
9.5041070987 1.5000000000 3.6163810733 -0.1529139709 2.0564499639 0.0000000000
9.5041404862 1.5000000000 3.6159055199 -0.1683298932 2.0483813814 0.0000000000
9.5041735569 1.5000000000 3.6154172467 -0.1837432333 2.0402629525 0.0000000000
9.5042062579 1.5000000000 3.6149355075 -0.1991578408 2.0321701526 0.0000000000
9.5042387626 1.5000000000 3.6144663291 -0.2145749466 2.0241265970 0.0000000000
9.5042709328 1.5000000000 3.6139803497 -0.2299886665 2.0160171911 0.0000000000
9.5043027831 1.5000000000 3.6135091901 -0.2454050220 2.0079660106 0.0000000000
9.5043343624 1.5000000000 3.6130641129 -0.2608264151 2.0000171447 0.0000000000
9.5043656083 1.5000000000 3.6126407633 -0.2762518578 1.9921535692 0.0000000000
9.5043965612 1.5000000000 3.6122030234 -0.2916747211 1.9842334643 0.0000000000
9.5044273942 1.5000000000 3.6117530661 -0.3070949036 1.9762655622 0.0000000000
9.5044579994 1.5000000000 3.6112341249 -0.3225018749 1.9680270087 0.0000000000
9.5044882774 1.5000000000 3.6107464118 -0.3379152089 1.9599108228 0.0000000000
9.5045183544 1.5000000000 3.6102429620 -0.3533253625 1.9517329620 0.0000000000
9.5045481069 1.5000000000 3.6097441546 -0.3687365682 1.9435732503 0.0000000000
9.5045775591 1.5000000000 3.6092534672 -0.3841488395 1.9354455921 0.0000000000
9.5046067558 1.5000000000 3.6087885902 -0.3995665903 1.9274189837 0.0000000000
9.5046356478 1.5000000000 3.6083051471 -0.4149807916 1.9193195306 0.0000000000
9.5046641739 1.5000000000 3.6078748720 -0.4304048193 1.9114288192 0.0000000000
9.5046924418 1.5000000000 3.6074334057 -0.4458268997 1.9034941221 0.0000000000
9.5047204146 1.5000000000 3.6070022103 -0.4612507656 1.8955997939 0.0000000000
9.5047483633 1.5000000000 3.6064816878 -0.4766573894 1.8873550545 0.0000000000
9.5047759998 1.5000000000 3.6059508352 -0.4920617725 1.8790698908 0.0000000000
9.5048032395 1.5000000000 3.6054400413 -0.5074701500 1.8708633642 0.0000000000
9.5048302923 1.5000000000 3.6049518604 -0.5228836302 1.8627452488 0.0000000000
9.5048570619 1.5000000000 3.6044324702 -0.5382906705 1.8545048716 0.0000000000
9.5048835521 1.5000000000 3.6039663896 -0.5537081517 1.8464735569 0.0000000000
9.5049097238 1.5000000000 3.6035016499 -0.5691253896 1.8384477028 0.0000000000
9.5049356757 1.5000000000 3.6030111081 -0.5845382617 1.8303203869 0.0000000000
9.5049612533 1.5000000000 3.6025817332 -0.5999626071 1.8224331490 0.0000000000
9.5049866280 1.5000000000 3.6021453654 -0.6153856641 1.8145184552 0.0000000000
9.5050119058 1.5000000000 3.6016387643 -0.6307948277 1.8063283853 0.0000000000
9.5050369172 1.5000000000 3.6011009305 -0.6461982081 1.7980156980 0.0000000000
9.5050616835 1.5000000000 3.6005621654 -0.6616013692 1.7896993729 0.0000000000
9.5050861672 1.5000000000 3.6000460530 -0.6770089555 1.7814718887 0.0000000000
9.5051105165 1.5000000000 3.5995596880 -0.6924220626 1.7733611861 0.0000000000
9.5051345745 1.5000000000 3.5990326480 -0.7078272581 1.7650909480 0.0000000000
9.5051582712 1.5000000000 3.5985445503 -0.7232403797 1.7569733083 0.0000000000
9.5051816887 1.5000000000 3.5980951636 -0.7386614628 1.7490073282 0.0000000000
9.5052049076 1.5000000000 3.5976326889 -0.7540799674 1.7409900279 0.0000000000
9.5052278543 1.5000000000 3.5971839282 -0.7695004333 1.7330267986 0.0000000000
9.5052507011 1.5000000000 3.5966770663 -0.7849092893 1.7248358087 0.0000000000
9.5052733974 1.5000000000 3.5961146159 -0.8003065773 1.7164270916 0.0000000000
9.5052957737 1.5000000000 3.5955908449 -0.8157123136 1.7081697133 0.0000000000
9.5053179422 1.5000000000 3.5950453299 -0.8311133347 1.6998272447 0.0000000000
9.5053398836 1.5000000000 3.5945071218 -0.8465159853 1.6915133522 0.0000000000
9.5053615294 1.5000000000 3.5940284833 -0.8619313428 1.6834326551 0.0000000000
9.5053830192 1.5000000000 3.5935261549 -0.8773414554 1.6752592965 0.0000000000
9.5054042325 1.5000000000 3.5930225932 -0.8927513955 1.6670810736 0.0000000000
9.5054252223 1.5000000000 3.5925477572 -0.9081673017 1.6590153672 0.0000000000
9.5054460175 1.5000000000 3.5920602870 -0.9235809638 1.6509000214 0.0000000000
9.5054667130 1.5000000000 3.5914893516 -0.9389760095 1.6424582618 0.0000000000
9.5054872208 1.5000000000 3.5909096306 -0.9543691185 1.6339821342 0.0000000000
9.5055074906 1.5000000000 3.5903361526 -0.9697637651 1.6255303633 0.0000000000
9.5055274749 1.5000000000 3.5898373937 -0.9851745769 1.6173710032 0.0000000000
9.5055473165 1.5000000000 3.5892985301 -1.0005769333 1.6090546061 0.0000000000
9.5055669406 1.5000000000 3.5887459325 -1.0159765595 1.6006843652 0.0000000000
9.5055862864 1.5000000000 3.5882823664 -1.0313942046 1.5926630429 0.0000000000
9.5056054838 1.5000000000 3.5878070597 -1.0468096532 1.5845956364 0.0000000000
9.5056244931 1.5000000000 3.5873267295 -1.0622239862 1.5765085827 0.0000000000
9.5056433654 1.5000000000 3.5868379801 -1.0776360706 1.5683887512 0.0000000000
9.5056621191 1.5000000000 3.5862333597 -1.0930233733 1.5598153486 0.0000000000
9.5056806472 1.5000000000 3.5856801151 -1.1084225142 1.5514427139 0.0000000000
9.5056990160 1.5000000000 3.5851039924 -1.1238170133 1.5429804232 0.0000000000
9.5057172300 1.5000000000 3.5845152925 -1.1392082123 1.5344691440 0.0000000000
9.5057351708 1.5000000000 3.5839774959 -1.1546110068 1.5261568401 0.0000000000
9.5057529167 1.5000000000 3.5834780381 -1.1700214250 1.5179948416 0.0000000000
9.5057705535 1.5000000000 3.5829284911 -1.1854214939 1.5096366259 0.0000000000
9.5057879232 1.5000000000 3.5824543580 -1.2008371076 1.5015738482 0.0000000000
9.5058051180 1.5000000000 3.5819792695 -1.2162527768 1.4935072265 0.0000000000
9.5058222716 1.5000000000 3.5813794167 -1.2316410977 1.4849524869 0.0000000000
9.5058392390 1.5000000000 3.5807804848 -1.2470300299 1.4764011862 0.0000000000
9.5058560241 1.5000000000 3.5801777692 -1.2624173516 1.4678353953 0.0000000000
9.5058725724 1.5000000000 3.5796231256 -1.2778158997 1.4594574014 0.0000000000
9.5058889400 1.5000000000 3.5791170522 -1.2932252300 1.4512693757 0.0000000000
9.5059052149 1.5000000000 3.5785501328 -1.3086211814 1.4428433175 0.0000000000
9.5059212243 1.5000000000 3.5780414117 -1.3240301227 1.4346448568 0.0000000000
9.5059370767 1.5000000000 3.5775569372 -1.3394446114 1.4265411631 0.0000000000
9.5059527618 1.5000000000 3.5770750925 -1.3548592966 1.4184479103 0.0000000000
9.5059684056 1.5000000000 3.5764659906 -1.3702448621 1.4098572767 0.0000000000
9.5059839070 1.5000000000 3.5758293787 -1.3856231906 1.4011594976 0.0000000000
9.5059991839 1.5000000000 3.5752165160 -1.4010077967 1.3925542043 0.0000000000
9.5060142806 1.5000000000 3.5746737486 -1.4164091673 1.3842225865 0.0000000000
9.5060292788 1.5000000000 3.5740618137 -1.4317937452 1.3756210158 0.0000000000
9.5060440621 1.5000000000 3.5735057372 -1.4471912436 1.3672377105 0.0000000000
9.5060586821 1.5000000000 3.5729961335 -1.4626003685 1.3590356456 0.0000000000
9.5060731696 1.5000000000 3.5724899470 -1.4780099662 1.3508470606 0.0000000000
9.5060875134 1.5000000000 3.5719692034 -1.4934154325 1.3426018996 0.0000000000
9.5061017920 1.5000000000 3.5713123859 -1.5087888983 1.3338252433 0.0000000000
9.5061159117 1.5000000000 3.5706397298 -1.5241577693 1.3249870705 0.0000000000
9.5061298312 1.5000000000 3.5700847861 -1.5395571543 1.3166075416 0.0000000000
9.5061436565 1.5000000000 3.5694529785 -1.5549369110 1.3079284086 0.0000000000
9.5061573207 1.5000000000 3.5688548112 -1.5703244570 1.2993807212 0.0000000000
9.5061708039 1.5000000000 3.5683405196 -1.5857316618 1.2911606729 0.0000000000
9.5061841672 1.5000000000 3.5678105311 -1.6011356240 1.2828791338 0.0000000000
9.5061973785 1.5000000000 3.5672665841 -1.6165358667 1.2745432486 0.0000000000
9.5062105230 1.5000000000 3.5666831782 -1.6319256070 1.2660537288 0.0000000000
9.5062235546 1.5000000000 3.5659920792 -1.6472889326 1.2571440029 0.0000000000
9.5062364178 1.5000000000 3.5654103443 -1.6626807770 1.2486603255 0.0000000000
9.5062491846 1.5000000000 3.5647610744 -1.6780557677 1.2399132495 0.0000000000
9.5062617866 1.5000000000 3.5641219989 -1.6934328583 1.2312061112 0.0000000000
9.5062742422 1.5000000000 3.5635931375 -1.7088363958 1.2229292506 0.0000000000
9.5062865811 1.5000000000 3.5630537527 -1.7242376680 1.2146112026 0.0000000000
9.5062988048 1.5000000000 3.5624836298 -1.7396325143 1.2061727724 0.0000000000
9.5063109087 1.5000000000 3.5619631268 -1.7550375141 1.1979287608 0.0000000000
9.5063229767 1.5000000000 3.5612385381 -1.7703906636 1.1888891460 0.0000000000
9.5063348901 1.5000000000 3.5606012897 -1.7857683362 1.1801890835 0.0000000000
9.5063467094 1.5000000000 3.5599295092 -1.8011376107 1.1713542518 0.0000000000
9.5063584193 1.5000000000 3.5592496137 -1.8165045768 1.1624878831 0.0000000000
9.5063699543 1.5000000000 3.5586846874 -1.8318996967 1.1540701299 0.0000000000
9.5063814176 1.5000000000 3.5581254688 -1.8472961010 1.1456746938 0.0000000000
9.5063927672 1.5000000000 3.5575230184 -1.8626824239 1.1371103631 0.0000000000
9.5064039943 1.5000000000 3.5569830683 -1.8780831177 1.1287902851 0.0000000000
9.5064151953 1.5000000000 3.5562508628 -1.8934345939 1.1197208726 0.0000000000
9.5064262410 1.5000000000 3.5556168846 -1.9088128665 1.1110336511 0.0000000000
9.5064371940 1.5000000000 3.5549824099 -1.9241913784 1.1023443474 0.0000000000
9.5064480218 1.5000000000 3.5543500834 -1.9395704136 1.0936634271 0.0000000000
9.5064587365 1.5000000000 3.5537695745 -1.9549616567 1.0851848944 0.0000000000
9.5064693421 1.5000000000 3.5532080525 -1.9703560139 1.0767810636 0.0000000000
9.5064798517 1.5000000000 3.5525935839 -1.9857388697 1.0681700469 0.0000000000
9.5064902502 1.5000000000 3.5520461684 -2.0011381034 1.0598206912 0.0000000000
9.5065006260 1.5000000000 3.5513105303 -2.0164893015 1.0507376597 0.0000000000
9.5065108509 1.5000000000 3.5506287415 -2.0318531685 1.0418649576 0.0000000000
9.5065209905 1.5000000000 3.5499640512 -2.0472226289 1.0330584123 0.0000000000
9.5065310227 1.5000000000 3.5492569428 -2.0625813833 1.0240864768 0.0000000000
9.5065409606 1.5000000000 3.5486543648 -2.0779667563 1.0155220159 0.0000000000
9.5065507843 1.5000000000 3.5480634850 -2.0933554962 1.0070030007 0.0000000000
9.5065606145 1.5000000000 3.5474575684 -2.1087389567 0.9984259498 0.0000000000
9.5065703168 1.5000000000 3.5468650101 -2.1241274682 0.9899003121 0.0000000000
9.5065799341 1.5000000000 3.5460945468 -2.1394648222 0.9806835174 0.0000000000
9.5065894257 1.5000000000 3.5453915982 -2.1548208327 0.9717293189 0.0000000000
9.5065988118 1.5000000000 3.5447768109 -2.1701995539 0.9631186811 0.0000000000
9.5066080958 1.5000000000 3.5440909797 -2.1855628377 0.9542300428 0.0000000000
9.5066172833 1.5000000000 3.5435188309 -2.2009542299 0.9457848907 0.0000000000
9.5066264137 1.5000000000 3.5429419122 -2.2163476573 0.9373198451 0.0000000000
9.5066354146 1.5000000000 3.5423487202 -2.2317363172 0.9287916132 0.0000000000
9.5066443381 1.5000000000 3.5416967798 -2.2471053801 0.9200362262 0.0000000000
9.5066532540 1.5000000000 3.5409221552 -2.2624411090 0.9108034361 0.0000000000
9.5066620436 1.5000000000 3.5401867474 -2.2777885053 0.9017228464 0.0000000000
9.5066707369 1.5000000000 3.5395588012 -2.2931676652 0.8930593976 0.0000000000
9.5066793426 1.5000000000 3.5388577475 -2.3085243029 0.8841125280 0.0000000000
9.5066878599 1.5000000000 3.5382435488 -2.3239062981 0.8755029351 0.0000000000
9.5066962883 1.5000000000 3.5376620685 -2.3392986839 0.8670200595 0.0000000000
9.5067046374 1.5000000000 3.5370619401 -2.3546871674 0.8584641527 0.0000000000
9.5067129513 1.5000000000 3.5362925822 -2.3700249604 0.8492516038 0.0000000000
9.5067211863 1.5000000000 3.5355071419 -2.3853575766 0.8399767961 0.0000000000
9.5067293222 1.5000000000 3.5347797672 -2.4007081164 0.8309270813 0.0000000000
9.5067373800 1.5000000000 3.5341483530 -2.4160887520 0.8222491703 0.0000000000
9.5067453603 1.5000000000 3.5334626838 -2.4314501894 0.8133619184 0.0000000000
9.5067532805 1.5000000000 3.5328042664 -2.4468223294 0.8045793931 0.0000000000
9.5067611102 1.5000000000 3.5321725727 -2.4622022461 0.7959006514 0.0000000000
9.5067689169 1.5000000000 3.5314030592 -2.4775381693 0.7866882283 0.0000000000
9.5067766394 1.5000000000 3.5307211975 -2.4929046247 0.7778141993 0.0000000000
9.5067842936 1.5000000000 3.5300358555 -2.5082688375 0.7689271460 0.0000000000
9.5067918762 1.5000000000 3.5292972194 -2.5236161440 0.7598336791 0.0000000000
9.5067993909 1.5000000000 3.5286459265 -2.5389909870 0.7510785704 0.0000000000
9.5068068498 1.5000000000 3.5279684933 -2.5543577372 0.7422221375 0.0000000000
9.5068142193 1.5000000000 3.5273154387 -2.5697286027 0.7334615729 0.0000000000
9.5068215503 1.5000000000 3.5265916696 -2.5850773959 0.7244269789 0.0000000000
9.5068288203 1.5000000000 3.5257734459 -2.6003966660 0.7150263764 0.0000000000
9.5068360128 1.5000000000 3.5250873521 -2.6157613366 0.7061361326 0.0000000000
9.5068431363 1.5000000000 3.5243532339 -2.6311105902 0.6970599585 0.0000000000
9.5068501945 1.5000000000 3.5236311344 -2.6464619072 0.6880310338 0.0000000000
9.5068571845 1.5000000000 3.5229759460 -2.6618325180 0.6792620358 0.0000000000
9.5068641093 1.5000000000 3.5223216369 -2.6772023243 0.6704968770 0.0000000000
9.5068710010 1.5000000000 3.5215977889 -2.6925525939 0.6614613771 0.0000000000
9.5068778222 1.5000000000 3.5208106000 -2.7078874477 0.6521786799 0.0000000000
9.5068845849 1.5000000000 3.5200467982 -2.7232301959 0.6429863734 0.0000000000
9.5068912710 1.5000000000 3.5193596903 -2.7385904829 0.6340938272 0.0000000000
9.5068979147 1.5000000000 3.5186082436 -2.7539348665 0.6249502867 0.0000000000
9.5069044791 1.5000000000 3.5179367826 -2.7692983266 0.6161190588 0.0000000000
9.5069109848 1.5000000000 3.5173361012 -2.7846793522 0.6075639230 0.0000000000
9.5069174657 1.5000000000 3.5165490400 -2.8000043242 0.5982856893 0.0000000000
9.5069238703 1.5000000000 3.5157696832 -2.8153399763 0.5890340014 0.0000000000
9.5069302271 1.5000000000 3.5149336149 -2.8306599341 0.5795617448 0.0000000000
9.5069365237 1.5000000000 3.5141349582 -2.8459889764 0.5702355011 0.0000000000
9.5069427503 1.5000000000 3.5134460719 -2.8613460439 0.5613371291 0.0000000000
9.5069489229 1.5000000000 3.5127347234 -2.8766963797 0.5523516008 0.0000000000
9.5069550363 1.5000000000 3.5121023926 -2.8920673912 0.5436738728 0.0000000000
9.5069611204 1.5000000000 3.5113371539 -2.9074014045 0.5344793128 0.0000000000
9.5069671454 1.5000000000 3.5104272376 -2.9226935843 0.5247227758 0.0000000000
9.5069731178 1.5000000000 3.5097059214 -2.9380408481 0.5156986053 0.0000000000
9.5069790372 1.5000000000 3.5089053512 -2.9533644484 0.5063668843 0.0000000000
9.5069848906 1.5000000000 3.5081543580 -2.9687029117 0.4972275266 0.0000000000
9.5069906926 1.5000000000 3.5075078006 -2.9840703273 0.4884943304 0.0000000000
9.5069964562 1.5000000000 3.5067745793 -2.9994093811 0.4794258237 0.0000000000
9.5070021729 1.5000000000 3.5059119038 -3.0147129217 0.4698537054 0.0000000000
9.5070078445 1.5000000000 3.5050333711 -3.0300113028 0.4602202225 0.0000000000
9.5070134637 1.5000000000 3.5041800727 -3.0453165811 0.4506849173 0.0000000000
9.5070190227 1.5000000000 3.5035184406 -3.0606791524 0.4418933603 0.0000000000
9.5070245374 1.5000000000 3.5028983960 -3.0760544807 0.4332630509 0.0000000000
9.5070300100 1.5000000000 3.5022139130 -3.0914112133 0.4243824259 0.0000000000
9.5070354499 1.5000000000 3.5013803816 -3.1067195735 0.4149249560 0.0000000000
9.5070408491 1.5000000000 3.5004333033 -3.1219922179 0.4050275853 0.0000000000
9.5070462011 1.5000000000 3.4996995790 -3.1373321524 0.3959567141 0.0000000000
9.5070515090 1.5000000000 3.4989157135 -3.1526546381 0.3866922577 0.0000000000
9.5070567827 1.5000000000 3.4981274265 -3.1679777666 0.3774098586 0.0000000000
9.5070620182 1.5000000000 3.4974508386 -3.1833360261 0.3685602029 0.0000000000
9.5070672282 1.5000000000 3.4966916936 -3.1986659314 0.3593916607 0.0000000000
9.5070723969 1.5000000000 3.4958215021 -3.2139574164 0.3497943011 0.0000000000
9.5070775275 1.5000000000 3.4949303952 -3.2292431625 0.3401155748 0.0000000000
9.5070826256 1.5000000000 3.4940892820 -3.2445450615 0.3306303623 0.0000000000
9.5070876923 1.5000000000 3.4933562674 -3.2598862961 0.3215618101 0.0000000000
9.5070927243 1.5000000000 3.4926887883 -3.2752522950 0.3127454943 0.0000000000
9.5070977255 1.5000000000 3.4919472303 -3.2905906893 0.3036439044 0.0000000000
9.5071027049 1.5000000000 3.4910561661 -3.3058731849 0.2939666496 0.0000000000
9.5071076629 1.5000000000 3.4901608406 -3.3211522492 0.2842737219 0.0000000000
9.5071126050 1.5000000000 3.4893676708 -3.3364716755 0.2749732721 0.0000000000
9.5071175316 1.5000000000 3.4885535614 -3.3517818398 0.2655927688 0.0000000000
9.5071224590 1.5000000000 3.4877467530 -3.3670964989 0.2562396713 0.0000000000
9.5071274138 1.5000000000 3.4869732213 -3.3824257448 0.2470138465 0.0000000000
9.5071324117 1.5000000000 3.4860905311 -3.3977097583 0.2373694800 0.0000000000
9.5071375637 1.5000000000 3.4852566103 -3.4130182563 0.2279103979 0.0000000000
9.5071436328 1.5000000000 3.4844100000 -3.4283250000 0.2184012591 0.0000000000
