# logAge Mass logTe Mbol logg C/O
4.1860800861 0.5300000000 4.0406800000 1.2883000000 3.8783158696 0.0000000000
4.1946564004 0.5300000000 4.0406753184 1.2881665053 3.8782437452 0.0000000000
4.2032327281 0.5300000000 4.0406708108 1.2880349196 3.8781730806 0.0000000000
4.2118090687 0.5300000000 4.0406664828 1.2879052883 3.8781039161 0.0000000000
4.2203854221 0.5300000000 4.0406623399 1.2877776568 3.8780362919 0.0000000000
4.2289617878 0.5300000000 4.0406583876 1.2876520705 3.8779702482 0.0000000000
4.2375381655 0.5300000000 4.0406546314 1.2875285749 3.8779058252 0.0000000000
4.2461145548 0.5300000000 4.0406510768 1.2874072154 3.8778430631 0.0000000000
4.2546909555 0.5300000000 4.0406477294 1.2872880373 3.8777820023 0.0000000000
4.2632673671 0.5300000000 4.0406445947 1.2871710862 3.8777226828 0.0000000000
4.2718437893 0.5300000000 4.0406416781 1.2870564075 3.8776651450 0.0000000000
4.2804202218 0.5300000000 4.0406389852 1.2869440465 3.8776094290 0.0000000000
4.2889966643 0.5300000000 4.0406365215 1.2868340487 3.8775555751 0.0000000000
4.2975731164 0.5300000000 4.0406342925 1.2867264596 3.8775036235 0.0000000000
4.3061495777 0.5300000000 4.0406323038 1.2866213244 3.8774536144 0.0000000000
4.3147260479 0.5300000000 4.0406305607 1.2865186888 3.8774055881 0.0000000000
4.3233025267 0.5300000000 4.0406290690 1.2864185980 3.8773595847 0.0000000000
4.3318790137 0.5300000000 4.0406278340 1.2863210975 3.8773156445 0.0000000000
4.3404555086 0.5300000000 4.0406268613 1.2862262328 3.8772738078 0.0000000000
4.3490320110 0.5300000000 4.0406261563 1.2861340492 3.8772341147 0.0000000000
4.3576085207 0.5300000000 4.0406257247 1.2860445922 3.8771966054 0.0000000000
4.3661850372 0.5300000000 4.0406255719 1.2859579073 3.8771613203 0.0000000000
4.3747615602 0.5300000000 4.0406257035 1.2858740397 3.8771282994 0.0000000000
4.3833380894 0.5300000000 4.0406261249 1.2857930350 3.8770975831 0.0000000000
4.3919146244 0.5300000000 4.0406268416 1.2857149385 3.8770692116 0.0000000000
4.4004911649 0.5300000000 4.0406278593 1.2856397957 3.8770432250 0.0000000000
4.4090677106 0.5300000000 4.0406291833 1.2855676521 3.8770196636 0.0000000000
4.4176442611 0.5300000000 4.0406308192 1.2854985530 3.8769985677 0.0000000000
4.4262208160 0.5300000000 4.0406327726 1.2854325438 3.8769799775 0.0000000000
4.4347973751 0.5300000000 4.0406350489 1.2853696700 3.8769639331 0.0000000000
4.4433739379 0.5300000000 4.0406376536 1.2853099771 3.8769504748 0.0000000000
4.4519505041 0.5300000000 4.0406405923 1.2852535103 3.8769396429 0.0000000000
4.4605270735 0.5300000000 4.0406438704 1.2852003152 3.8769314775 0.0000000000
4.4691036456 0.5300000000 4.0406474936 1.2851504372 3.8769260189 0.0000000000
4.4776802201 0.5300000000 4.0406514672 1.2851039217 3.8769233073 0.0000000000
4.4862567967 0.5300000000 4.0406557969 1.2850608141 3.8769233829 0.0000000000
4.4948333750 0.5300000000 4.0406604881 1.2850211599 3.8769262860 0.0000000000
4.5034099547 0.5300000000 4.0406655463 1.2849850044 3.8769320567 0.0000000000
4.5119865355 0.5300000000 4.0406709771 1.2849523931 3.8769407353 0.0000000000
4.5205631169 0.5300000000 4.0406767860 1.2849233714 3.8769523621 0.0000000000
4.5291396987 0.5300000000 4.0406829784 1.2848979847 3.8769669772 0.0000000000
4.5377162805 0.5300000000 4.0406895600 1.2848762785 3.8769846209 0.0000000000
4.5462928620 0.5300000000 4.0406965361 1.2848582982 3.8770053333 0.0000000000
4.5548694428 0.5300000000 4.0407039124 1.2848440891 3.8770291548 0.0000000000
4.5634460226 0.5300000000 4.0407116943 1.2848336968 3.8770561255 0.0000000000
4.5720226010 0.5300000000 4.0407198874 1.2848271667 3.8770862857 0.0000000000
4.5805991778 0.5300000000 4.0407284971 1.2848245441 3.8771196756 0.0000000000
4.5891757525 0.5300000000 4.0407375290 1.2848258745 3.8771563354 0.0000000000
4.5977523248 0.5300000000 4.0407469886 1.2848312033 3.8771963053 0.0000000000
4.6063288944 0.5300000000 4.0407568814 1.2848405760 3.8772396256 0.0000000000
4.6149054609 0.5300000000 4.0407672129 1.2848540379 3.8772863365 0.0000000000
4.6234820240 0.5300000000 4.0407779887 1.2848716345 3.8773364782 0.0000000000
4.6320585834 0.5300000000 4.0407892142 1.2848934112 3.8773900909 0.0000000000
4.6406351387 0.5300000000 4.0408008950 1.2849194134 3.8774472149 0.0000000000
4.6492116895 0.5300000000 4.0408130365 1.2849496866 3.8775078903 0.0000000000
4.6577882356 0.5300000000 4.0408256444 1.2849842762 3.8775721575 0.0000000000
4.6663647766 0.5300000000 4.0408387240 1.2850232275 3.8776400566 0.0000000000
4.6749413120 0.5300000000 4.0408522809 1.2850665861 3.8777116278 0.0000000000
4.6835178417 0.5300000000 4.0408663207 1.2851143973 3.8777869114 0.0000000000
4.6920943652 0.5300000000 4.0408808488 1.2851667066 3.8778659476 0.0000000000
4.7006708823 0.5300000000 4.0408958708 1.2852235594 3.8779487767 0.0000000000
4.7092473925 0.5300000000 4.0409113922 1.2852850011 3.8780354388 0.0000000000
4.7178238955 0.5300000000 4.0409274184 1.2853510771 3.8781259741 0.0000000000
4.7264003911 0.5300000000 4.0409439551 1.2854218329 3.8782204230 0.0000000000
4.7349768787 0.5300000000 4.0409610076 1.2854973138 3.8783188256 0.0000000000
4.7435533582 0.5300000000 4.0409785816 1.2855775654 3.8784212221 0.0000000000
4.7521298291 0.5300000000 4.0409966825 1.2856626329 3.8785276528 0.0000000000
4.7607062912 0.5300000000 4.0410153159 1.2857525620 3.8786381579 0.0000000000
4.7692827440 0.5300000000 4.0410344872 1.2858473976 3.8787527774 0.0000000000
4.7778591872 0.5300000000 4.0410541976 1.2859471520 3.8788715206 0.0000000000
4.7864356207 0.5300000000 4.0410744393 1.2860517691 3.8789943343 0.0000000000
4.7950120441 0.5300000000 4.0410952034 1.2861611851 3.8791211574 0.0000000000
4.8035884571 0.5300000000 4.0411164813 1.2862753358 3.8792519291 0.0000000000
4.8121648596 0.5300000000 4.0411382639 1.2863941571 3.8793865882 0.0000000000
4.8207412511 0.5300000000 4.0411605426 1.2865175850 3.8795250739 0.0000000000
4.8293176316 0.5300000000 4.0411833083 1.2866455554 3.8796673251 0.0000000000
4.8378940006 0.5300000000 4.0412065524 1.2867780042 3.8798132809 0.0000000000
4.8464703580 0.5300000000 4.0412302660 1.2869148673 3.8799628803 0.0000000000
4.8550467035 0.5300000000 4.0412544401 1.2870560806 3.8801160624 0.0000000000
4.8636230367 0.5300000000 4.0412790661 1.2872015802 3.8802727661 0.0000000000
4.8721993576 0.5300000000 4.0413041350 1.2873513018 3.8804329305 0.0000000000
4.8807756657 0.5300000000 4.0413296381 1.2875051815 3.8805964946 0.0000000000
4.8893519609 0.5300000000 4.0413555664 1.2876631551 3.8807633974 0.0000000000
4.8979282428 0.5300000000 4.0413819112 1.2878251586 3.8809335780 0.0000000000
4.9065045112 0.5300000000 4.0414086637 1.2879911279 3.8811069754 0.0000000000
4.9150807659 0.5300000000 4.0414358149 1.2881609989 3.8812835286 0.0000000000
4.9236570065 0.5300000000 4.0414633560 1.2883347076 3.8814631767 0.0000000000
4.9322332328 0.5300000000 4.0414912783 1.2885121899 3.8816458586 0.0000000000
4.9408094446 0.5300000000 4.0415195728 1.2886933816 3.8818315134 0.0000000000
4.9493856416 0.5300000000 4.0415482307 1.2888782186 3.8820200799 0.0000000000
4.9579618238 0.5300000000 4.0415772424 1.2890666157 3.8822114854 0.0000000000
4.9665379915 0.5300000000 4.0416065965 1.2892584517 3.8824056363 0.0000000000
4.9751141453 0.5300000000 4.0416362817 1.2894536015 3.8826024369 0.0000000000
4.9836902857 0.5300000000 4.0416662865 1.2896519400 3.8828017915 0.0000000000
4.9922664130 0.5300000000 4.0416965995 1.2898533422 3.8830036045 0.0000000000
5.0008425278 0.5300000000 4.0417272094 1.2900576830 3.8832077803 0.0000000000
5.0094186306 0.5300000000 4.0417581047 1.2902648374 3.8834142232 0.0000000000
5.0179947218 0.5300000000 4.0417892740 1.2904746802 3.8836228376 0.0000000000
5.0265708018 0.5300000000 4.0418207059 1.2906870865 3.8838335277 0.0000000000
5.0351468712 0.5300000000 4.0418523890 1.2909019312 3.8840461980 0.0000000000
5.0437229304 0.5300000000 4.0418843119 1.2911190892 3.8842607528 0.0000000000
5.0522989799 0.5300000000 4.0419164631 1.2913384355 3.8844770964 0.0000000000
5.0608750201 0.5300000000 4.0419488314 1.2915598450 3.8846951332 0.0000000000
5.0694510515 0.5300000000 4.0419814052 1.2917831926 3.8849147675 0.0000000000
5.0780270747 0.5300000000 4.0420141732 1.2920083533 3.8851359037 0.0000000000
5.0866030899 0.5300000000 4.0420471239 1.2922352020 3.8853584461 0.0000000000
5.0951790978 0.5300000000 4.0420802460 1.2924636137 3.8855822991 0.0000000000
5.1037550988 0.5300000000 4.0421135281 1.2926934642 3.8858073677 0.0000000000
5.1123310933 0.5300000000 4.0421469620 1.2929246621 3.8860335825 0.0000000000
5.1209070814 0.5300000000 4.0421805435 1.2931571581 3.8862609066 0.0000000000
5.1294830633 0.5300000000 4.0422142685 1.2933909054 3.8864893056 0.0000000000
5.1380590394 0.5300000000 4.0422481330 1.2936258574 3.8867187447 0.0000000000
5.1466350098 0.5300000000 4.0422821332 1.2938619674 3.8869491894 0.0000000000
5.1552109747 0.5300000000 4.0423162650 1.2940991889 3.8871806050 0.0000000000
5.1637869343 0.5300000000 4.0423505243 1.2943374751 3.8874129569 0.0000000000
5.1723628889 0.5300000000 4.0423849073 1.2945767794 3.8876462104 0.0000000000
5.1809388386 0.5300000000 4.0424194099 1.2948170552 3.8878803311 0.0000000000
5.1895147838 0.5300000000 4.0424540281 1.2950582557 3.8881152841 0.0000000000
5.1980907245 0.5300000000 4.0424887579 1.2953003343 3.8883510350 0.0000000000
5.2066666610 0.5300000000 4.0425235954 1.2955432444 3.8885875490 0.0000000000
5.2152425935 0.5300000000 4.0425585366 1.2957869393 3.8888247916 0.0000000000
5.2238185223 0.5300000000 4.0425935774 1.2960313724 3.8890627282 0.0000000000
5.2323944475 0.5300000000 4.0426287139 1.2962764970 3.8893013240 0.0000000000
5.2409703693 0.5300000000 4.0426639419 1.2965222660 3.8895405438 0.0000000000
5.2495462882 0.5300000000 4.0426992510 1.2967686132 3.8897803189 0.0000000000
5.2581222046 0.5300000000 4.0427346223 1.2970154474 3.8900205376 0.0000000000
5.2666981189 0.5300000000 4.0427700363 1.2972626759 3.8902610851 0.0000000000
5.2752740318 0.5300000000 4.0428054737 1.2975102057 3.8905018466 0.0000000000
5.2838499437 0.5300000000 4.0428409150 1.2977579440 3.8907427073 0.0000000000
5.2924258551 0.5300000000 4.0428763409 1.2980057980 3.8909835524 0.0000000000
5.3010017665 0.5300000000 4.0429117319 1.2982536748 3.8912242672 0.0000000000
5.3095776785 0.5300000000 4.0429470686 1.2985014814 3.8914647367 0.0000000000
5.3181535915 0.5300000000 4.0429823317 1.2987491252 3.8917048464 0.0000000000
5.3267295060 0.5300000000 4.0430175016 1.2989965132 3.8919444812 0.0000000000
5.3353054227 0.5300000000 4.0430525590 1.2992435526 3.8921835265 0.0000000000
5.3438813418 0.5300000000 4.0430874844 1.2994901505 3.8924218675 0.0000000000
5.3524572641 0.5300000000 4.0431222585 1.2997362140 3.8926593894 0.0000000000
5.3610331899 0.5300000000 4.0431568619 1.2999816504 3.8928959774 0.0000000000
5.3696091198 0.5300000000 4.0431912758 1.3002263695 3.8931315207 0.0000000000
5.3781850540 0.5300000000 4.0432254921 1.3004703211 3.8933659664 0.0000000000
5.3867609926 0.5300000000 4.0432595101 1.3007134835 3.8935993033 0.0000000000
5.3953369357 0.5300000000 4.0432933293 1.3009558362 3.8938315214 0.0000000000
5.4039128833 0.5300000000 4.0433269494 1.3011973582 3.8940626106 0.0000000000
5.4124888356 0.5300000000 4.0433603699 1.3014380288 3.8942925609 0.0000000000
5.4210647925 0.5300000000 4.0433935904 1.3016778273 3.8945213620 0.0000000000
5.4296407543 0.5300000000 4.0434266103 1.3019167329 3.8947490041 0.0000000000
5.4382167209 0.5300000000 4.0434594294 1.3021547248 3.8949754770 0.0000000000
5.4467926924 0.5300000000 4.0434920470 1.3023917823 3.8952007706 0.0000000000
5.4553686690 0.5300000000 4.0435244629 1.3026278845 3.8954248750 0.0000000000
5.4639446506 0.5300000000 4.0435566765 1.3028630107 3.8956477799 0.0000000000
5.4725206374 0.5300000000 4.0435886874 1.3030971402 3.8958694753 0.0000000000
5.4810966295 0.5300000000 4.0436204952 1.3033302521 3.8960899512 0.0000000000
5.4896726269 0.5300000000 4.0436520975 1.3035623200 3.8963091878 0.0000000000
5.4982486300 0.5300000000 4.0436834730 1.3037932585 3.8965270650 0.0000000000
5.5068246395 0.5300000000 4.0437145888 1.3040229472 3.8967434038 0.0000000000
5.5154006558 0.5300000000 4.0437454121 1.3042512654 3.8969580241 0.0000000000
5.5239766796 0.5300000000 4.0437759099 1.3044780924 3.8971707461 0.0000000000
5.5325527115 0.5300000000 4.0438060493 1.3047033076 3.8973813897 0.0000000000
5.5411287519 0.5300000000 4.0438357974 1.3049267901 3.8975897752 0.0000000000
5.5497048015 0.5300000000 4.0438651213 1.3051484194 3.8977957226 0.0000000000
5.5582808608 0.5300000000 4.0438939881 1.3053680746 3.8979990518 0.0000000000
5.5668569304 0.5300000000 4.0439223649 1.3055856351 3.8981995831 0.0000000000
5.5754330109 0.5300000000 4.0439502187 1.3058009801 3.8983971365 0.0000000000
5.5840091029 0.5300000000 4.0439775167 1.3060139890 3.8985915321 0.0000000000
5.5925852068 0.5300000000 4.0440042260 1.3062245409 3.8987825898 0.0000000000
5.6011613234 0.5300000000 4.0440303139 1.3064325151 3.8989701311 0.0000000000
5.6097374529 0.5300000000 4.0440557598 1.3066377824 3.8991540217 0.0000000000
5.6183135956 0.5300000000 4.0440805588 1.3068402033 3.8993341861 0.0000000000
5.6268897514 0.5300000000 4.0441047070 1.3070396374 3.8995105525 0.0000000000
5.6354659207 0.5300000000 4.0441282005 1.3072359443 3.8996830493 0.0000000000
5.6440421033 0.5300000000 4.0441510354 1.3074289838 3.8998516048 0.0000000000
5.6526182996 0.5300000000 4.0441732078 1.3076186154 3.9000161471 0.0000000000
5.6611945096 0.5300000000 4.0441947139 1.3078046989 3.9001766047 0.0000000000
5.6697707334 0.5300000000 4.0442155497 1.3079870939 3.9003329058 0.0000000000
5.6783469712 0.5300000000 4.0442357112 1.3081656601 3.9004849786 0.0000000000
5.6869232231 0.5300000000 4.0442551948 1.3083402571 3.9006327515 0.0000000000
5.6954994892 0.5300000000 4.0442739964 1.3085107446 3.9007761528 0.0000000000
5.7040757695 0.5300000000 4.0442921121 1.3086769823 3.9009151108 0.0000000000
5.7126520643 0.5300000000 4.0443095395 1.3088388420 3.9010495645 0.0000000000
5.7212283731 0.5300000000 4.0443263029 1.3089964187 3.9011796486 0.0000000000
5.7298046946 0.5300000000 4.0443424496 1.3091500020 3.9013056689 0.0000000000
5.7383810281 0.5300000000 4.0443580280 1.3092998878 3.9014279367 0.0000000000
5.7469573723 0.5300000000 4.0443730862 1.3094463722 3.9015467632 0.0000000000
5.7555337262 0.5300000000 4.0443876725 1.3095897512 3.9016624600 0.0000000000
5.7641100889 0.5300000000 4.0444018351 1.3097303209 3.9017753382 0.0000000000
5.7726864592 0.5300000000 4.0444156222 1.3098683773 3.9018857092 0.0000000000
5.7812628361 0.5300000000 4.0444290821 1.3100042164 3.9019938845 0.0000000000
5.7898392186 0.5300000000 4.0444422630 1.3101381342 3.9021001753 0.0000000000
5.7984156057 0.5300000000 4.0444552131 1.3102704269 3.9022048929 0.0000000000
5.8069919962 0.5300000000 4.0444679808 1.3104013904 3.9023083488 0.0000000000
5.8155683891 0.5300000000 4.0444806141 1.3105313207 3.9024108542 0.0000000000
5.8241447837 0.5300000000 4.0444931474 1.3106604542 3.9025126408 0.0000000000
5.8327211798 0.5300000000 4.0445055666 1.3107888200 3.9026136642 0.0000000000
5.8412975776 0.5300000000 4.0445178475 1.3109164028 3.9027138207 0.0000000000
5.8498739771 0.5300000000 4.0445299655 1.3110431873 3.9028130065 0.0000000000
5.8584503785 0.5300000000 4.0445418962 1.3111691581 3.9029111178 0.0000000000
5.8670267819 0.5300000000 4.0445536153 1.3112942999 3.9030080508 0.0000000000
5.8756031874 0.5300000000 4.0445650983 1.3114185973 3.9031037019 0.0000000000
5.8841795950 0.5300000000 4.0445763208 1.3115420351 3.9031979670 0.0000000000
5.8927560050 0.5300000000 4.0445872585 1.3116645978 3.9032907426 0.0000000000
5.9013324173 0.5300000000 4.0445978868 1.3117862701 3.9033819248 0.0000000000
5.9099088322 0.5300000000 4.0446081814 1.3119070366 3.9034714097 0.0000000000
5.9184852496 0.5300000000 4.0446181178 1.3120268821 3.9035590938 0.0000000000
5.9270616698 0.5300000000 4.0446276744 1.3121457873 3.9036448820 0.0000000000
5.9356380928 0.5300000000 4.0446368480 1.3122637054 3.9037287438 0.0000000000
5.9442145185 0.5300000000 4.0446456442 1.3123805773 3.9038106774 0.0000000000
5.9527909472 0.5300000000 4.0446540684 1.3124963438 3.9038906806 0.0000000000
5.9613673788 0.5300000000 4.0446621259 1.3126109459 3.9039687517 0.0000000000
5.9699438134 0.5300000000 4.0446698223 1.3127243244 3.9040448886 0.0000000000
5.9785202510 0.5300000000 4.0446771629 1.3128364202 3.9041190894 0.0000000000
5.9870966918 0.5300000000 4.0446841532 1.3129471742 3.9041913522 0.0000000000
5.9956731356 0.5300000000 4.0446907987 1.3130565272 3.9042616751 0.0000000000
6.0042495827 0.5300000000 4.0446971046 1.3131644201 3.9043300562 0.0000000000
6.0128260330 0.5300000000 4.0447030766 1.3132707938 3.9043964934 0.0000000000
6.0214024867 0.5300000000 4.0447087199 1.3133755891 3.9044609849 0.0000000000
6.0299789437 0.5300000000 4.0447140393 1.3134787542 3.9045235283 0.0000000000
6.0385554040 0.5300000000 4.0447190326 1.3135802963 3.9045841185 0.0000000000
6.0471318674 0.5300000000 4.0447236946 1.3136802521 3.9046427487 0.0000000000
6.0557083339 0.5300000000 4.0447280197 1.3137786586 3.9046994120 0.0000000000
6.0642848033 0.5300000000 4.0447320028 1.3138755527 3.9047541019 0.0000000000
6.0728612755 0.5300000000 4.0447356384 1.3139709713 3.9048068115 0.0000000000
6.0814377504 0.5300000000 4.0447389210 1.3140649513 3.9048575342 0.0000000000
6.0900142278 0.5300000000 4.0447418454 1.3141575296 3.9049062630 0.0000000000
6.0985907077 0.5300000000 4.0447444061 1.3142487431 3.9049529914 0.0000000000
6.1071671900 0.5300000000 4.0447465979 1.3143386287 3.9049977126 0.0000000000
6.1157436744 0.5300000000 4.0447484152 1.3144272234 3.9050404197 0.0000000000
6.1243201610 0.5300000000 4.0447498527 1.3145145640 3.9050811062 0.0000000000
6.1328966495 0.5300000000 4.0447509058 1.3146006940 3.9051197705 0.0000000000
6.1414731398 0.5300000000 4.0447515737 1.3146856953 3.9051564424 0.0000000000
6.1500496317 0.5300000000 4.0447518569 1.3147696630 3.9051911624 0.0000000000
6.1586261251 0.5300000000 4.0447517562 1.3148526925 3.9052239713 0.0000000000
6.1672026198 0.5300000000 4.0447512721 1.3149348792 3.9052549097 0.0000000000
6.1757791156 0.5300000000 4.0447504054 1.3150163183 3.9052840183 0.0000000000
6.1843556123 0.5300000000 4.0447491565 1.3150971052 3.9053113378 0.0000000000
6.1929321098 0.5300000000 4.0447475263 1.3151773353 3.9053369089 0.0000000000
6.2015086080 0.5300000000 4.0447455153 1.3152571039 3.9053607722 0.0000000000
6.2100851065 0.5300000000 4.0447431241 1.3153365063 3.9053829685 0.0000000000
6.2186616053 0.5300000000 4.0447403534 1.3154156378 3.9054035383 0.0000000000
6.2272381042 0.5300000000 4.0447372068 1.3154945908 3.9054225330 0.0000000000
6.2358146031 0.5300000000 4.0447337045 1.3155734407 3.9054400640 0.0000000000
6.2443911019 0.5300000000 4.0447298730 1.3156522567 3.9054562644 0.0000000000
6.2529676005 0.5300000000 4.0447257386 1.3157311081 3.9054712672 0.0000000000
6.2615440988 0.5300000000 4.0447213275 1.3158100643 3.9054852054 0.0000000000
6.2701205968 0.5300000000 4.0447166662 1.3158891944 3.9054982121 0.0000000000
6.2786970942 0.5300000000 4.0447117809 1.3159685678 3.9055104202 0.0000000000
6.2872735911 0.5300000000 4.0447066979 1.3160482538 3.9055219628 0.0000000000
6.2958500873 0.5300000000 4.0447014436 1.3161283216 3.9055329728 0.0000000000
6.3044265828 0.5300000000 4.0446960394 1.3162088235 3.9055435565 0.0000000000
6.3130030777 0.5300000000 4.0446904597 1.3162896525 3.9055535694 0.0000000000
6.3215795723 0.5300000000 4.0446846538 1.3163706154 3.9055627310 0.0000000000
6.3301560667 0.5300000000 4.0446785707 1.3164515178 3.9055707594 0.0000000000
6.3387325612 0.5300000000 4.0446721592 1.3165321656 3.9055773728 0.0000000000
6.3473090561 0.5300000000 4.0446653685 1.3166123646 3.9055822893 0.0000000000
6.3558855516 0.5300000000 4.0446581473 1.3166919205 3.9055852270 0.0000000000
6.3644620479 0.5300000000 4.0446504447 1.3167706392 3.9055859041 0.0000000000
6.3730385452 0.5300000000 4.0446422312 1.3168484328 3.9055841674 0.0000000000
6.3816150428 0.5300000000 4.0446335791 1.3169257177 3.9055804729 0.0000000000
6.3901915400 0.5300000000 4.0446245909 1.3170030588 3.9055754568 0.0000000000
6.3987680361 0.5300000000 4.0446153692 1.3170810210 3.9055697549 0.0000000000
6.4073445301 0.5300000000 4.0446060164 1.3171601694 3.9055640032 0.0000000000
6.4159210214 0.5300000000 4.0445966351 1.3172410690 3.9055588377 0.0000000000
6.4244975093 0.5300000000 4.0445873265 1.3173242796 3.9055548875 0.0000000000
6.4330739934 0.5300000000 4.0445780910 1.3174099214 3.9055522020 0.0000000000
6.4416504746 0.5300000000 4.0445687521 1.3174973460 3.9055498162 0.0000000000
6.4502269538 0.5300000000 4.0445591157 1.3175858274 3.9055466632 0.0000000000
6.4588034320 0.5300000000 4.0445489876 1.3176746398 3.9055416761 0.0000000000
6.4673799099 0.5300000000 4.0445381738 1.3177630573 3.9055337878 0.0000000000
6.4759563886 0.5300000000 4.0445264822 1.3178503619 3.9055219433 0.0000000000
6.4845328680 0.5300000000 4.0445139036 1.3179364817 3.9055060766 0.0000000000
6.4931093468 0.5300000000 4.0445007445 1.3180224634 3.9054878330 0.0000000000
6.5016858234 0.5300000000 4.0444873432 1.3181094653 3.9054690284 0.0000000000
6.5102622964 0.5300000000 4.0444740376 1.3181986455 3.9054514783 0.0000000000
6.5188387643 0.5300000000 4.0444611661 1.3182911619 3.9054369987 0.0000000000
6.5274152259 0.5300000000 4.0444489580 1.3183878206 3.9054268300 0.0000000000
6.5359916825 0.5300000000 4.0444370676 1.3184875615 3.9054191645 0.0000000000
6.5445681364 0.5300000000 4.0444249590 1.3185887086 3.9054111892 0.0000000000
6.5531445895 0.5300000000 4.0444120965 1.3186895858 3.9054000899 0.0000000000
6.5617210440 0.5300000000 4.0443979445 1.3187885183 3.9053830549 0.0000000000
6.5702975008 0.5300000000 4.0443821543 1.3188845836 3.9053583204 0.0000000000
6.5788739582 0.5300000000 4.0443648741 1.3189788589 3.9053269094 0.0000000000
6.5874504138 0.5300000000 4.0443463332 1.3190727501 3.9052903025 0.0000000000
6.5960268653 0.5300000000 4.0443267614 1.3191676630 3.9052499804 0.0000000000
6.6046033108 0.5300000000 4.0443063910 1.3192648691 3.9052073811 0.0000000000
6.6131797511 0.5300000000 4.0442854867 1.3193640674 3.9051634435 0.0000000000
6.6217561896 0.5300000000 4.0442643346 1.3194639360 3.9051187823 0.0000000000
6.6303326293 0.5300000000 4.0442432207 1.3195631353 3.9050740067 0.0000000000
6.6389090735 0.5300000000 4.0442224230 1.3196603463 3.9050297000 0.0000000000
6.6474855223 0.5300000000 4.0442018103 1.3197552255 3.9049852010 0.0000000000
6.6560619722 0.5300000000 4.0441806723 1.3198488123 3.9049380836 0.0000000000
6.6646384191 0.5300000000 4.0441582544 1.3199422516 3.9048857880 0.0000000000
6.6732148593 0.5300000000 4.0441338826 1.3200367462 3.9048260984 0.0000000000
6.6817912895 0.5300000000 4.0441078699 1.3201342166 3.9047610358 0.0000000000
6.6903677072 0.5300000000 4.0440811929 1.3202370651 3.9046954674 0.0000000000
6.6989441096 0.5300000000 4.0440548383 1.3203476944 3.9046343005 0.0000000000
6.7075204968 0.5300000000 4.0440292848 1.3204666506 3.9045796692 0.0000000000
6.7160968744 0.5300000000 4.0440038743 1.3205903207 3.9045274950 0.0000000000
6.7246732488 0.5300000000 4.0439777937 1.3207145265 3.9044728549 0.0000000000
6.7332496258 0.5300000000 4.0439503122 1.3208355687 3.9044113458 0.0000000000
6.7418260032 0.5300000000 4.0439215161 1.3209545178 3.9043437412 0.0000000000
6.7504023740 0.5300000000 4.0438919606 1.3210751798 3.9042737839 0.0000000000
6.7589787318 0.5300000000 4.0438621404 1.3212011446 3.9042048892 0.0000000000
6.7675550749 0.5300000000 4.0438315601 1.3213322526 3.9041350111 0.0000000000
6.7761314051 0.5300000000 4.0437989581 1.3214654446 3.9040578800 0.0000000000
6.7847077251 0.5300000000 4.0437632959 1.3215977621 3.9039681581 0.0000000000
6.7932840426 0.5300000000 4.0437257184 1.3217278303 3.9038698753 0.0000000000
6.8018603686 0.5300000000 4.0436885253 1.3218551117 3.9037720156 0.0000000000
6.8104367077 0.5300000000 4.0436532178 1.3219801146 3.9036807866 0.0000000000
6.8190130445 0.5300000000 4.0436184310 1.3221070233 3.9035924028 0.0000000000
6.8275893594 0.5300000000 4.0435822427 1.3222407696 3.9035011482 0.0000000000
6.8361656426 0.5300000000 4.0435446444 1.3223846303 3.9034082994 0.0000000000
6.8447418950 0.5300000000 4.0435076270 1.3225401530 3.9033224388 0.0000000000
6.8533181181 0.5300000000 4.0434728255 1.3227082522 3.9032504724 0.0000000000
6.8618943137 0.5300000000 4.0434384036 1.3228855824 3.9031837170 0.0000000000
6.8704704836 0.5300000000 4.0434009208 1.3230668099 3.9031062767 0.0000000000
6.8790466387 0.5300000000 4.0433585627 1.3232458515 3.9030084612 0.0000000000
6.8876228073 0.5300000000 4.0433128682 1.3234151092 3.9028933862 0.0000000000
6.8961990107 0.5300000000 4.0432656956 1.3235700369 3.9027666666 0.0000000000
6.9047752242 0.5300000000 4.0432184630 1.3237216629 3.9026383869 0.0000000000
6.9133514108 0.5300000000 4.0431720280 1.3238841483 3.9025176408 0.0000000000
6.9219275448 0.5300000000 4.0431242628 1.3240609086 3.9023972842 0.0000000000
6.9305036075 0.5300000000 4.0430719278 1.3242504553 3.9022637630 0.0000000000
6.9390796262 0.5300000000 4.0430150276 1.3244443164 3.9021137066 0.0000000000
6.9476556685 0.5300000000 4.0429565265 1.3246281741 3.9019532455 0.0000000000
6.9562317511 0.5300000000 4.0428977776 1.3247996005 3.9017868204 0.0000000000
6.9648078468 0.5300000000 4.0428388029 1.3249665533 3.9016177026 0.0000000000
6.9733839249 0.5300000000 4.0427806730 1.3251404997 3.9014547614 0.0000000000
6.9819599535 0.5300000000 4.0427240881 1.3253324974 3.9013052209 0.0000000000
6.9905358997 0.5300000000 4.0426625293 1.3255372318 3.9011408795 0.0000000000
6.9991117509 0.5300000000 4.0425884894 1.3257411341 3.9009262807 0.0000000000
7.0076876365 0.5300000000 4.0425094003 1.3259225590 3.9006824945 0.0000000000
7.0162636549 0.5300000000 4.0424348757 1.3260746931 3.9004452496 0.0000000000
7.0248396642 0.5300000000 4.0423633858 1.3262381754 3.9002246829 0.0000000000
7.0334155821 0.5300000000 4.0422928050 1.3264321606 3.9000199539 0.0000000000
7.0419914199 0.5300000000 4.0422217301 1.3266469275 3.8998215608 0.0000000000
7.0505671668 0.5300000000 4.0421433184 1.3268666639 3.8995958088 0.0000000000
7.0591428185 0.5300000000 4.0420506601 1.3270748216 3.8993084387 0.0000000000
7.0677184703 0.5300000000 4.0419517991 1.3272653980 3.8989892253 0.0000000000
7.0762942086 0.5300000000 4.0418543831 1.3274341970 3.8986670808 0.0000000000
7.0848700227 0.5300000000 4.0417589963 1.3275859570 3.8983462378 0.0000000000
7.0934457198 0.5300000000 4.0416591480 1.3277571419 3.8980153182 0.0000000000
7.1020212996 0.5300000000 4.0415567307 1.3279567512 3.8976854930 0.0000000000
7.1105968648 0.5300000000 4.0414544998 1.3281621273 3.8973587198 0.0000000000
7.1191722601 0.5300000000 4.0413323852 1.3283344197 3.8969391781 0.0000000000
7.1277475349 0.5300000000 4.0411974624 1.3284908254 3.8964620494 0.0000000000
7.1363228451 0.5300000000 4.0410686659 1.3286639843 3.8960161269 0.0000000000
7.1448980994 0.5300000000 4.0409328985 1.3288192847 3.8955351776 0.0000000000
7.1534732940 0.5300000000 4.0407910682 1.3289662852 3.8950266564 0.0000000000
7.1620482421 0.5300000000 4.0406324081 1.3290840856 3.8944391362 0.0000000000
7.1706229579 0.5300000000 4.0404573815 1.3291652762 3.8937715059 0.0000000000
7.1791978001 0.5300000000 4.0402897823 1.3292561336 3.8931374524 0.0000000000
7.1877726599 0.5300000000 4.0401242593 1.3293600666 3.8925169335 0.0000000000
7.1963472978 0.5300000000 4.0399477913 1.3294649634 3.8918530203 0.0000000000
7.2049216779 0.5300000000 4.0397598423 1.3295801621 3.8911473036 0.0000000000
7.2134958953 0.5300000000 4.0395625028 1.3296576415 3.8903889374 0.0000000000
7.2220699777 0.5300000000 4.0393564573 1.3296843652 3.8895754448 0.0000000000
7.2306438630 0.5300000000 4.0391424763 1.3297172881 3.8887326901 0.0000000000
7.2392174633 0.5300000000 4.0389180305 1.3297615723 3.8878526204 0.0000000000
7.2477906409 0.5300000000 4.0386772506 1.3297744685 3.8868946593 0.0000000000
7.2563633398 0.5300000000 4.0384208531 1.3297254909 3.8858494784 0.0000000000
7.2649360467 0.5300000000 4.0381653924 1.3296617907 3.8848021556 0.0000000000
7.2735087455 0.5300000000 4.0379085170 1.3296346039 3.8837637790 0.0000000000
7.2820808570 0.5300000000 4.0376326249 1.3295881529 3.8826416303 0.0000000000
7.2906523490 0.5300000000 4.0373407585 1.3295006818 3.8814391762 0.0000000000
7.2992234257 0.5300000000 4.0370385366 1.3293706887 3.8801782915 0.0000000000
7.3077945092 0.5300000000 4.0367360394 1.3292539226 3.8789215962 0.0000000000
7.3163649830 0.5300000000 4.0364161380 1.3291302936 3.8775925390 0.0000000000
7.3249332536 0.5300000000 4.0360522997 1.3288948947 3.8760430261 0.0000000000
7.3335009916 0.5300000000 4.0356842743 1.3285807205 3.8744452552 0.0000000000
7.3420697498 0.5300000000 4.0353284528 1.3283650361 3.8729356952 0.0000000000
7.3506357054 0.5300000000 4.0349212668 1.3280598585 3.8711848800 0.0000000000
7.3591994052 0.5300000000 4.0344913032 1.3275866073 3.8692757253 0.0000000000
7.3677637933 0.5300000000 4.0340625998 1.3271948281 3.8674042000 0.0000000000
7.3763274155 0.5300000000 4.0336237100 1.3267685060 3.8654781120 0.0000000000
7.3848873452 0.5300000000 4.0331323681 1.3262489609 3.8633049263 0.0000000000
7.3934441178 0.5300000000 4.0326167481 1.3255728497 3.8609720018 0.0000000000
7.4020020896 0.5300000000 4.0321054979 1.3249756053 3.8586881032 0.0000000000
7.4105558947 0.5300000000 4.0315436596 1.3242974328 3.8561694813 0.0000000000
7.4191057826 0.5300000000 4.0309628533 1.3234349373 3.8535012576 0.0000000000
7.4276576437 0.5300000000 4.0303835699 1.3226953753 3.8508882992 0.0000000000
7.4362049208 0.5300000000 4.0297670827 1.3218264286 3.8480747718 0.0000000000
7.4447518929 0.5300000000 4.0291637570 1.3208847018 3.8452847784 0.0000000000
7.4532980105 0.5300000000 4.0285322997 1.3200101985 3.8424091479 0.0000000000
7.4618365428 0.5300000000 4.0278527530 1.3189244423 3.8392566585 0.0000000000
7.4703707596 0.5300000000 4.0271336260 1.3177862919 3.8359248904 0.0000000000
7.4788981693 0.5300000000 4.0263729908 1.3165090278 3.8323714440 0.0000000000
7.4874227316 0.5300000000 4.0256123171 1.3151191527 3.8287727991 0.0000000000
7.4959482163 0.5300000000 4.0248384908 1.3138091119 3.8251534777 0.0000000000
7.5044715130 0.5300000000 4.0240633799 1.3124176174 3.8214964363 0.0000000000
7.5129898682 0.5300000000 4.0232524928 1.3109671456 3.8176726991 0.0000000000
7.5215043061 0.5300000000 4.0224388627 1.3093875435 3.8137863377 0.0000000000
7.5300098543 0.5300000000 4.0215514865 1.3077564052 3.8095843777 0.0000000000
7.5385014341 0.5300000000 4.0206098090 1.3058815843 3.8050677393 0.0000000000
7.5469896881 0.5300000000 4.0196482278 1.3039748868 3.8004587356 0.0000000000
7.5554683427 0.5300000000 4.0186432409 1.3019442844 3.7956265471 0.0000000000
7.5639418862 0.5300000000 4.0176145207 1.2998573900 3.7906769083 0.0000000000
7.5723996164 0.5300000000 4.0165072952 1.2976264065 3.7853556131 0.0000000000
7.5808420016 0.5300000000 4.0153538397 1.2951850543 3.7797652500 0.0000000000
7.5892751208 0.5300000000 4.0141667358 1.2926496832 3.7740026860 0.0000000000
7.5977024133 0.5300000000 4.0129567581 1.2900606252 3.7681271520 0.0000000000
7.6061117913 0.5300000000 4.0117011914 1.2872505415 3.7619808517 0.0000000000
7.6145322836 0.5300000000 4.0104827257 1.2845510317 3.7560271851 0.0000000000
7.6229293804 0.5300000000 4.0091429343 1.2817616578 3.7495522700 0.0000000000
7.6312767956 0.5300000000 4.0076915236 1.2784360192 3.7424163717 0.0000000000
7.6396286669 0.5300000000 4.0062310912 1.2752071724 3.7352831036 0.0000000000
7.6479678911 0.5300000000 4.0047663865 1.2717891844 3.7280570894 0.0000000000
7.6562996419 0.5300000000 4.0032559367 1.2683859395 3.7206539923 0.0000000000
7.6645891546 0.5300000000 4.0016391179 1.2646572792 3.7126952528 0.0000000000
7.6728641608 0.5300000000 3.9999982126 1.2607949389 3.7045866957 0.0000000000
7.6811391361 0.5300000000 3.9983520826 1.2569461259 3.6964626505 0.0000000000
7.6893331476 0.5300000000 3.9965071047 1.2526090022 3.6873478891 0.0000000000
7.6975184029 0.5300000000 3.9946573866 1.2481816589 3.6781780798 0.0000000000
7.7057087172 0.5300000000 3.9928019350 1.2438348157 3.6690175358 0.0000000000
7.7140079341 0.5300000000 3.9912650807 1.2400274480 3.6613471716 0.0000000000
7.7221929726 0.5300000000 3.9894029113 1.2356358458 3.6521418533 0.0000000000
7.7303464421 0.5300000000 3.9874742878 1.2310566724 3.6425956897 0.0000000000
7.7383768517 0.5300000000 3.9853121065 1.2258200432 3.6318523129 0.0000000000
7.7463763373 0.5300000000 3.9830739926 1.2204836928 3.6207653170 0.0000000000
7.7544166633 0.5300000000 3.9809315134 1.2152911158 3.6101183695 0.0000000000
7.7623971094 0.5300000000 3.9786741235 1.2098294983 3.5989041630 0.0000000000
7.7703313045 0.5300000000 3.9763255934 1.2041929361 3.5872554177 0.0000000000
7.7782730459 0.5300000000 3.9740006954 1.1985719713 3.5757074395 0.0000000000
7.7861481763 0.5300000000 3.9715733859 1.1926410587 3.5636258365 0.0000000000
7.7938856904 0.5300000000 3.9689190605 1.1861979565 3.5504312942 0.0000000000
7.8017475594 0.5300000000 3.9664741847 1.1802122576 3.5382575116 0.0000000000
7.8095974929 0.5300000000 3.9640105042 1.1741695904 3.5259857225 0.0000000000
7.8173969901 0.5300000000 3.9614531906 1.1679578861 3.5132717866 0.0000000000
7.8251942680 0.5300000000 3.9589217477 1.1616619442 3.5006276380 0.0000000000
7.8328429198 0.5300000000 3.9561419016 1.1549022468 3.4868043749 0.0000000000
7.8404560467 0.5300000000 3.9533289654 1.1479667738 3.4727784407 0.0000000000
7.8482753155 0.5300000000 3.9508303303 1.1417719792 3.4603059824 0.0000000000
7.8557553580 0.5300000000 3.9478299778 1.1344430311 3.4453729933 0.0000000000
7.8631775955 0.5300000000 3.9447918586 1.1268549458 3.4301852822 0.0000000000
7.8706088921 0.5300000000 3.9417418142 1.1193545149 3.4149849324 0.0000000000
7.8780229996 0.5300000000 3.9386778129 1.1117762010 3.3996976014 0.0000000000
7.8853536233 0.5300000000 3.9355182691 1.1039351803 3.3839230183 0.0000000000
7.8926691786 0.5300000000 3.9323607364 1.0960009284 3.3681191864 0.0000000000
7.9001770247 0.5300000000 3.9295279195 1.0886708116 3.3538558721 0.0000000000
7.9075094696 0.5300000000 3.9263839403 1.0808579456 3.3381548089 0.0000000000
7.9146616129 0.5300000000 3.9231150759 1.0723916218 3.3216928218 0.0000000000
7.9220164026 0.5300000000 3.9200626492 1.0644778835 3.3063176197 0.0000000000
7.9291239926 0.5300000000 3.9167355624 1.0558501671 3.2895581862 0.0000000000
7.9362408943 0.5300000000 3.9135159956 1.0472912108 3.2732563365 0.0000000000
7.9432697253 0.5300000000 3.9104246570 1.0388113643 3.2574990434 0.0000000000
7.9500235810 0.5300000000 3.9070489468 1.0295345426 3.2402854739 0.0000000000
7.9568164006 0.5300000000 3.9037930068 1.0203589362 3.2235914712 0.0000000000
7.9636694699 0.5300000000 3.9006761175 1.0114661535 3.2075668009 0.0000000000
7.9705477188 0.5300000000 3.8977731190 1.0027279465 3.1924595241 0.0000000000
7.9774330049 0.5300000000 3.8951124944 0.9944529921 3.1785070442 0.0000000000
7.9843396147 0.5300000000 3.8926817690 0.9861054983 3.1654451448 0.0000000000
7.9910710324 0.5300000000 3.8898312855 0.9768192025 3.1503286927 0.0000000000
7.9978654671 0.5300000000 3.8872392321 0.9678229604 3.1363619820 0.0000000000
8.0047525899 0.5300000000 3.8849836287 0.9592654526 3.1239165656 0.0000000000
8.0113200373 0.5300000000 3.8828376085 0.9494277324 3.1113973966 0.0000000000
8.0179346212 0.5300000000 3.8807255600 0.9388951836 3.0987361831 0.0000000000
8.0246512229 0.5300000000 3.8790011073 0.9282936541 3.0875977606 0.0000000000
8.0294493712 0.5300000000 3.8772778836 0.9192938270 3.0771049348 0.0000000000
8.0339532232 0.5300000000 3.8752258098 0.9083556179 3.0645213558 0.0000000000
8.0387739004 0.5300000000 3.8741260112 0.8988856060 3.0563341569 0.0000000000
8.0432737869 0.5300000000 3.8742307471 0.8925388781 3.0542144092 0.0000000000
8.0475892210 0.5300000000 3.8735325478 0.8840449108 3.0480240253 0.0000000000
8.0516743586 0.5300000000 3.8731978038 0.8759028550 3.0434282268 0.0000000000
8.0547732481 0.5300000000 3.8730282703 0.8559678257 3.0347760809 0.0000000000
8.0578619486 0.5300000000 3.8762303575 0.8376434784 3.0402546911 0.0000000000
8.0603671714 0.5300000000 3.8790967257 0.8184436447 3.0440402302 0.0000000000
8.0623376665 0.5300000000 3.8809416776 0.7981195275 3.0432903909 0.0000000000
8.0638353967 0.5300000000 3.8813792924 0.7770661071 3.0366194820 0.0000000000
8.0649503441 0.5300000000 3.8804099211 0.7559669882 3.0243023494 0.0000000000
8.0657867924 0.5300000000 3.8782589417 0.7353304422 3.0074438133 0.0000000000
8.0664302317 0.5300000000 3.8752671292 0.7153069338 2.9874671597 0.0000000000
8.0669467337 0.5300000000 3.8716447210 0.6959185394 2.9652221692 0.0000000000
8.0673658552 0.5300000000 3.8674596328 0.6772347428 2.9410082979 0.0000000000
8.0677093355 0.5300000000 3.8628350154 0.6591991454 2.9152955893 0.0000000000
8.0679974737 0.5300000000 3.8578519173 0.6417643045 2.8883892606 0.0000000000
8.0682418009 0.5300000000 3.8525725378 0.6248783121 2.8605173455 0.0000000000
8.0684518334 0.5300000000 3.8470477633 0.6084876383 2.8318619782 0.0000000000
8.0686347967 0.5300000000 3.8413180312 0.5925403580 2.8025641378 0.0000000000
8.0687960540 0.5300000000 3.8354090121 0.5770055263 2.7727141285 0.0000000000
8.0689395095 0.5300000000 3.8293527859 0.5618281478 2.7424182722 0.0000000000
8.0690682054 0.5300000000 3.8231669955 0.5469799430 2.7117358287 0.0000000000
8.0691846413 0.5300000000 3.8168643630 0.5324415252 2.6807099317 0.0000000000
8.0692907268 0.5300000000 3.8104620064 0.5181773595 2.6493948390 0.0000000000
8.0693879740 0.5300000000 3.8039723971 0.5041612271 2.6178299487 0.0000000000
8.0694776989 0.5300000000 3.7974102809 0.4903573431 2.5860599303 0.0000000000
8.0695609760 0.5300000000 3.7907902405 0.4767271005 2.5541276717 0.0000000000
8.0696390209 0.5300000000 3.7841447953 0.4631741237 2.5221247002 0.0000000000
8.0697133383 0.5300000000 3.7775287583 0.4495316604 2.4902035669 0.0000000000
8.0697858956 0.5300000000 3.7710696809 0.4354287591 2.4587260968 0.0000000000
8.0698580880 0.5300000000 3.7648841802 0.4205791628 2.4280442557 0.0000000000
8.0699290095 0.5300000000 3.7589287022 0.4051525457 2.3980516965 0.0000000000
8.0699983802 0.5300000000 3.7532097104 0.3891754974 2.3687849101 0.0000000000
8.0700663818 0.5300000000 3.7477661629 0.3726070266 2.3403833317 0.0000000000
8.0701332699 0.5300000000 3.7426779571 0.3553538225 2.3131292269 0.0000000000
8.0701985606 0.5300000000 3.7379777819 0.3374237598 2.2871565011 0.0000000000
8.0702630348 0.5300000000 3.7339010439 0.3185642011 2.2633057256 0.0000000000
8.0703254661 0.5300000000 3.7302505713 0.2991628695 2.2409433025 0.0000000000
8.0703852198 0.5300000000 3.7268180603 0.2795146838 2.2193539845 0.0000000000
8.0704420207 0.5300000000 3.7235431654 0.2596984867 2.1983279258 0.0000000000
8.0704960610 0.5300000000 3.7203691477 0.2397803388 2.1776645958 0.0000000000
8.0705476304 0.5300000000 3.7173571558 0.2197050267 2.1575865035 0.0000000000
8.0705964055 0.5300000000 3.7144600000 0.1995250000 2.1379258696 0.0000000000
8.0706639269 0.5300000000 3.7104600000 0.1700500000 2.1101358696 0.0000000000
8.0713610317 0.5300000000 3.6764978184 -0.1731992865 1.8369874287 0.0000000000
8.0720581365 0.5300000000 3.6703790078 -0.2644825687 1.7759988734 0.0000000000
8.0727552413 0.5300000000 3.6752874632 -0.2031726748 1.8201566524 0.0000000000
8.0734523461 0.5300000000 3.6776005891 -0.1754894312 1.8404824537 0.0000000000
8.0741494509 0.5300000000 3.6792554775 -0.1567113610 1.8546132352 0.0000000000
8.0748465556 0.5300000000 3.6804761423 -0.1431045668 1.8649386121 0.0000000000
8.0755436604 0.5300000000 3.6812953541 -0.1339198538 1.8718893444 0.0000000000
8.0762407652 0.5300000000 3.6817978806 -0.1282584273 1.8761640211 0.0000000000
8.0769378700 0.5300000000 3.6821100000 -0.1247084297 1.8788324977 0.0000000000
8.0776349748 0.5300000000 3.6821100000 -0.1245377202 1.8789007815 0.0000000000
8.0783320796 0.5300000000 3.6820651841 -0.1247605644 1.8786323802 0.0000000000
8.0790291844 0.5300000000 3.6818332753 -0.1266263762 1.8769584202 0.0000000000
8.0797262892 0.5300000000 3.6816013665 -0.1284921880 1.8752844603 0.0000000000
8.0804233940 0.5300000000 3.6811997973 -0.1306980541 1.8727958371 0.0000000000
8.0811204988 0.5300000000 3.6807613951 -0.1329777456 1.8701303517 0.0000000000
8.0818176036 0.5300000000 3.6803229929 -0.1352574371 1.8674648663 0.0000000000
8.0825147084 0.5300000000 3.6794580645 -0.1414979228 1.8615089583 0.0000000000
8.0832118132 0.5300000000 3.6785801091 -0.1478593793 1.8554525541 0.0000000000
8.0839089180 0.5300000000 3.6777021537 -0.1542208357 1.8493961500 0.0000000000
8.0846060228 0.5300000000 3.6767687639 -0.1626886497 1.8422754653 0.0000000000
8.0853031276 0.5300000000 3.6757999747 -0.1725015468 1.8344751496 0.0000000000
8.0860002324 0.5300000000 3.6748311855 -0.1823144439 1.8266748339 0.0000000000
8.0866973372 0.5300000000 3.6739234784 -0.1921973119 1.8190908585 0.0000000000
8.0873944419 0.5300000000 3.6731035202 -0.2021806979 1.8118176711 0.0000000000
8.0880915467 0.5300000000 3.6722835619 -0.2121640839 1.8045444837 0.0000000000
8.0887886515 0.5300000000 3.6715528920 -0.2217806017 1.7977751967 0.0000000000
8.0894857563 0.5300000000 3.6708351295 -0.2313440852 1.7910787534 0.0000000000
8.0901828611 0.5300000000 3.6701142016 -0.2410070336 1.7843298626 0.0000000000
8.0908799659 0.5300000000 3.6693881057 -0.2508323791 1.7774953408 0.0000000000
8.0915770707 0.5300000000 3.6686620098 -0.2606577246 1.7706608189 0.0000000000
8.0922741755 0.5300000000 3.6679236888 -0.2710425086 1.7635536214 0.0000000000
8.0929712803 0.5300000000 3.6671818567 -0.2815879675 1.7563681095 0.0000000000
8.0936683851 0.5300000000 3.6664257753 -0.2923213779 1.7490504197 0.0000000000
8.0943654899 0.5300000000 3.6656252097 -0.3036415452 1.7413200904 0.0000000000
8.0950625947 0.5300000000 3.6648246441 -0.3149617125 1.7335897610 0.0000000000
8.0957596995 0.5300000000 3.6640088045 -0.3268775342 1.7255600739 0.0000000000
8.0964568043 0.5300000000 3.6631909171 -0.3388732162 1.7174902514 0.0000000000
8.0971539091 0.5300000000 3.6623592340 -0.3512696901 1.7092049297 0.0000000000
8.0978510139 0.5300000000 3.6615210883 -0.3638539181 1.7008186556 0.0000000000
8.0985481187 0.5300000000 3.6606494446 -0.3767119174 1.6921888809 0.0000000000
8.0992452235 0.5300000000 3.6597559279 -0.3897486786 1.6834001099 0.0000000000
8.0999423282 0.5300000000 3.6588975314 -0.4030666428 1.6746393380 0.0000000000
8.1006394330 0.5300000000 3.6580602935 -0.4165540223 1.6658954346 0.0000000000
8.1013365378 0.5300000000 3.6571720085 -0.4304534392 1.6567825281 0.0000000000
8.1020336426 0.5300000000 3.6562631752 -0.4445187173 1.6475210834 0.0000000000
8.1027307474 0.5300000000 3.6553643647 -0.4591327355 1.6380802342 0.0000000000
8.1034278522 0.5300000000 3.6544590749 -0.4738892399 1.6285564731 0.0000000000
8.1041249570 0.5300000000 3.6534746744 -0.4892004982 1.6184943680 0.0000000000
8.1048220618 0.5300000000 3.6525104112 -0.5047597559 1.6084136121 0.0000000000
8.1055191666 0.5300000000 3.6515768750 -0.5206974304 1.5983043973 0.0000000000
8.1062162714 0.5300000000 3.6506191216 -0.5371445798 1.5878945242 0.0000000000
8.1069133762 0.5300000000 3.6496405493 -0.5538816095 1.5772854231 0.0000000000
8.1076104810 0.5300000000 3.6486090287 -0.5711512610 1.5662514801 0.0000000000
8.1083075858 0.5300000000 3.6475822371 -0.5889100986 1.5550407787 0.0000000000
8.1090046906 0.5300000000 3.6465486708 -0.6070601759 1.5436464826 0.0000000000
8.1097017954 0.5300000000 3.6454895619 -0.6257386794 1.5319386453 0.0000000000
8.1103989002 0.5300000000 3.6444264279 -0.6450616942 1.5199569037 0.0000000000
8.1110960050 0.5300000000 3.6433197066 -0.6648881680 1.5075994287 0.0000000000
8.1117931097 0.5300000000 3.6421704022 -0.6852537111 1.4948559938 0.0000000000
8.1124902145 0.5300000000 3.6410059467 -0.7061809712 1.4818272678 0.0000000000
8.1131873193 0.5300000000 3.6398316644 -0.7275696839 1.4685746537 0.0000000000
8.1138844241 0.5300000000 3.6386714658 -0.7495701072 1.4551336901 0.0000000000
8.1145815289 0.5300000000 3.6374999779 -0.7722306940 1.4413835034 0.0000000000
8.1152786337 0.5300000000 3.6362928676 -0.7956088597 1.4272037962 0.0000000000
8.1159757385 0.5300000000 3.6350495503 -0.8197337895 1.4125805550 0.0000000000
8.1166728433 0.5300000000 3.6337832093 -0.8446343856 1.3975549524 0.0000000000
8.1173699481 0.5300000000 3.6324829412 -0.8703454310 1.3820694619 0.0000000000
8.1180670529 0.5300000000 3.6311411593 -0.8968710681 1.3660920794 0.0000000000
8.1187641577 0.5300000000 3.6297824158 -0.9242388206 1.3497100046 0.0000000000
8.1194612625 0.5300000000 3.6283983659 -0.9524404094 1.3328931693 0.0000000000
8.1201583673 0.5300000000 3.6269712412 -0.9814573218 1.3155779057 0.0000000000
8.1208554721 0.5300000000 3.6255275621 -1.0113206596 1.2978578540 0.0000000000
8.1215525769 0.5300000000 3.6240514417 -1.0419689497 1.2796940564 0.0000000000
8.1222496817 0.5300000000 3.6225676698 -1.0732485497 1.2612471289 0.0000000000
8.1229467865 0.5300000000 3.6210406214 -1.1052591423 1.2423346984 0.0000000000
8.1236438913 0.5300000000 3.6195128089 -1.1380197307 1.2231192127 0.0000000000
8.1243409960 0.5300000000 3.6179579950 -1.1715854081 1.2034736863 0.0000000000
8.1250381008 0.5300000000 3.6163796258 -1.2059650905 1.1834083365 0.0000000000
8.1257352056 0.5300000000 3.6148027042 -1.2410914269 1.1630501158 0.0000000000
8.1264323104 0.5300000000 3.6132237167 -1.2770695918 1.1423428999 0.0000000000
8.1271294152 0.5300000000 3.6115569835 -1.3138490173 1.1209641965 0.0000000000
8.1278265200 0.5300000000 3.6098946952 -1.3515628249 1.0992295204 0.0000000000
8.1285236248 0.5300000000 3.6081816184 -1.3903042599 1.0768806393 0.0000000000
8.1292207296 0.5300000000 3.6064415052 -1.4303555756 1.0538996603 0.0000000000
8.1299178344 0.5300000000 3.6046944779 -1.4720908167 1.0302174545 0.0000000000
8.1306149392 0.5300000000 3.6027702413 -1.5167344058 1.0046630724 0.0000000000
8.1313120440 0.5300000000 3.6006661457 -1.5657613241 0.9766359228 0.0000000000
8.1320091488 0.5300000000 3.5982478774 -1.6222014950 0.9443867813 0.0000000000
8.1327062536 0.5300000000 3.5953808029 -1.6910691707 0.9053714129 0.0000000000
8.1334033584 0.5300000000 3.5916085324 -1.7784407181 0.8553337119 0.0000000000
8.1341004632 0.5300000000 3.5871255885 -1.8828797962 0.7956263052 0.0000000000
8.1347975680 0.5300000000 3.5824783295 -1.9907424135 0.7338922220 0.0000000000
8.1354946728 0.5300000000 3.5770854002 -2.1161583267 0.6621541398 0.0000000000
8.1361917776 0.5300000000 3.5712227881 -2.2529664798 0.5839804302 0.0000000000
8.1368888823 0.5300000000 3.5652178598 -2.3933639987 0.5038017093 0.0000000000
8.1375859871 0.5300000000 3.5592904626 -2.5345464904 0.4236191238 0.0000000000
8.1382830919 0.5300000000 3.5541858314 -2.6653154949 0.3508929971 0.0000000000
8.1389801967 0.5300000000 3.5499879572 -2.7876676858 0.2851606242 0.0000000000
8.1396773015 0.5300000000 3.5314400000 -3.2173000000 0.0391158696 0.0000000000
