# logAge Mass logTe Mbol logg C/O
4.1860800861 0.6200000000 3.7141400000 0.7389250000 2.4205216895 0.0000000000
4.1937703336 0.6200000000 3.7141314842 0.7386536953 2.4203791044 0.0000000000
4.2014605811 0.6200000000 3.7141229684 0.7383823906 2.4202365193 0.0000000000
4.2091508285 0.6200000000 3.7141144526 0.7381110860 2.4200939343 0.0000000000
4.2168410760 0.6200000000 3.7141059368 0.7378397813 2.4199513492 0.0000000000
4.2245313235 0.6200000000 3.7140974210 0.7375684766 2.4198087641 0.0000000000
4.2322215710 0.6200000000 3.7140889052 0.7372971719 2.4196661790 0.0000000000
4.2399118185 0.6200000000 3.7140803894 0.7370258672 2.4195235940 0.0000000000
4.2476020660 0.6200000000 3.7140718736 0.7367545625 2.4193810089 0.0000000000
4.2552923135 0.6200000000 3.7140633578 0.7364832579 2.4192384238 0.0000000000
4.2629825609 0.6200000000 3.7140548420 0.7362119532 2.4190958387 0.0000000000
4.2706728084 0.6200000000 3.7140463262 0.7359406485 2.4189532537 0.0000000000
4.2783630559 0.6200000000 3.7140378104 0.7356693438 2.4188106686 0.0000000000
4.2860533034 0.6200000000 3.7140292946 0.7353980391 2.4186680835 0.0000000000
4.2937435509 0.6200000000 3.7140207788 0.7351267344 2.4185254984 0.0000000000
4.3014337984 0.6200000000 3.7140122630 0.7348554298 2.4183829134 0.0000000000
4.3091240458 0.6200000000 3.7140037472 0.7345841251 2.4182403283 0.0000000000
4.3168142933 0.6200000000 3.7139952314 0.7343128204 2.4180977432 0.0000000000
4.3245045408 0.6200000000 3.7139867156 0.7340415157 2.4179551581 0.0000000000
4.3321947883 0.6200000000 3.7139781998 0.7337702110 2.4178125730 0.0000000000
4.3398850358 0.6200000000 3.7139696840 0.7334989064 2.4176699880 0.0000000000
4.3475752833 0.6200000000 3.7139611682 0.7332276017 2.4175274029 0.0000000000
4.3552655308 0.6200000000 3.7139526524 0.7329562970 2.4173848178 0.0000000000
4.3629557782 0.6200000000 3.7139441366 0.7326849923 2.4172422327 0.0000000000
4.3706460257 0.6200000000 3.7139356208 0.7324136876 2.4170996477 0.0000000000
4.3783362732 0.6200000000 3.7139271050 0.7321423829 2.4169570626 0.0000000000
4.3860265207 0.6200000000 3.7139185892 0.7318710783 2.4168144775 0.0000000000
4.3937167682 0.6200000000 3.7139100734 0.7315997736 2.4166718924 0.0000000000
4.4014070157 0.6200000000 3.7139015576 0.7313284689 2.4165293074 0.0000000000
4.4090972632 0.6200000000 3.7138930418 0.7310571642 2.4163867223 0.0000000000
4.4167875106 0.6200000000 3.7138845260 0.7307858595 2.4162441372 0.0000000000
4.4244777581 0.6200000000 3.7138760102 0.7305145548 2.4161015521 0.0000000000
4.4321680056 0.6200000000 3.7138674944 0.7302432502 2.4159589670 0.0000000000
4.4398582531 0.6200000000 3.7138589786 0.7299719455 2.4158163820 0.0000000000
4.4475485006 0.6200000000 3.7138504628 0.7297006408 2.4156737969 0.0000000000
4.4552387481 0.6200000000 3.7138419470 0.7294293361 2.4155312118 0.0000000000
4.4629289955 0.6200000000 3.7138334312 0.7291580314 2.4153886267 0.0000000000
4.4706192430 0.6200000000 3.7138249154 0.7288867268 2.4152460417 0.0000000000
4.4783094905 0.6200000000 3.7138163996 0.7286154221 2.4151034566 0.0000000000
4.4859997380 0.6200000000 3.7138078838 0.7283441174 2.4149608715 0.0000000000
4.4936899855 0.6200000000 3.7137993680 0.7280728127 2.4148182864 0.0000000000
4.5013802330 0.6200000000 3.7137908522 0.7278015080 2.4146757014 0.0000000000
4.5090704805 0.6200000000 3.7137823364 0.7275302033 2.4145331163 0.0000000000
4.5167607279 0.6200000000 3.7137738206 0.7272588987 2.4143905312 0.0000000000
4.5244509754 0.6200000000 3.7137653048 0.7269875940 2.4142479461 0.0000000000
4.5321412229 0.6200000000 3.7137567890 0.7267162893 2.4141053611 0.0000000000
4.5398314704 0.6200000000 3.7137511575 0.7264943826 2.4139940727 0.0000000000
4.5475217179 0.6200000000 3.7137568658 0.7264666805 2.4140058250 0.0000000000
4.5552119654 0.6200000000 3.7137625741 0.7264389785 2.4140175774 0.0000000000
4.5629022129 0.6200000000 3.7137682824 0.7264112765 2.4140293298 0.0000000000
4.5705924603 0.6200000000 3.7137739907 0.7263835744 2.4140410822 0.0000000000
4.5782827078 0.6200000000 3.7137796990 0.7263558724 2.4140528345 0.0000000000
4.5859729553 0.6200000000 3.7137854073 0.7263281704 2.4140645869 0.0000000000
4.5936632028 0.6200000000 3.7137911156 0.7263004683 2.4140763393 0.0000000000
4.6013534503 0.6200000000 3.7137968239 0.7262727663 2.4140880917 0.0000000000
4.6090436978 0.6200000000 3.7138025322 0.7262450643 2.4140998441 0.0000000000
4.6167339452 0.6200000000 3.7138082405 0.7262173622 2.4141115964 0.0000000000
4.6244241927 0.6200000000 3.7138139488 0.7261896602 2.4141233488 0.0000000000
4.6321144402 0.6200000000 3.7138196571 0.7261619582 2.4141351012 0.0000000000
4.6398046877 0.6200000000 3.7138253654 0.7261342561 2.4141468536 0.0000000000
4.6474949352 0.6200000000 3.7138310737 0.7261065541 2.4141586059 0.0000000000
4.6551851827 0.6200000000 3.7138367820 0.7260788521 2.4141703583 0.0000000000
4.6628754302 0.6200000000 3.7138424903 0.7260511500 2.4141821107 0.0000000000
4.6705656776 0.6200000000 3.7138481986 0.7260234480 2.4141938631 0.0000000000
4.6782559251 0.6200000000 3.7138539069 0.7259957460 2.4142056155 0.0000000000
4.6859461726 0.6200000000 3.7138596152 0.7259680439 2.4142173678 0.0000000000
4.6936364201 0.6200000000 3.7138653235 0.7259403419 2.4142291202 0.0000000000
4.7013266676 0.6200000000 3.7138710318 0.7259126399 2.4142408726 0.0000000000
4.7090169151 0.6200000000 3.7138767401 0.7258849378 2.4142526250 0.0000000000
4.7167071625 0.6200000000 3.7138824484 0.7258572358 2.4142643773 0.0000000000
4.7243974100 0.6200000000 3.7138881567 0.7258295338 2.4142761297 0.0000000000
4.7320876575 0.6200000000 3.7138938650 0.7258018317 2.4142878821 0.0000000000
4.7397779050 0.6200000000 3.7138995733 0.7257741297 2.4142996345 0.0000000000
4.7474681525 0.6200000000 3.7139052816 0.7257464277 2.4143113868 0.0000000000
4.7551584000 0.6200000000 3.7139109899 0.7257187256 2.4143231392 0.0000000000
4.7628486475 0.6200000000 3.7139166982 0.7256910236 2.4143348916 0.0000000000
4.7705388949 0.6200000000 3.7139266776 0.7257837365 2.4144118944 0.0000000000
4.7782291424 0.6200000000 3.7139425173 0.7260416669 2.4145784255 0.0000000000
4.7859193899 0.6200000000 3.7139583570 0.7262995974 2.4147449565 0.0000000000
4.7936096374 0.6200000000 3.7139741967 0.7265575278 2.4149114876 0.0000000000
4.8012998849 0.6200000000 3.7139900364 0.7268154583 2.4150780186 0.0000000000
4.8089901324 0.6200000000 3.7140058762 0.7270733888 2.4152445496 0.0000000000
4.8166803799 0.6200000000 3.7140217159 0.7273313192 2.4154110807 0.0000000000
4.8243706273 0.6200000000 3.7140375556 0.7275892497 2.4155776117 0.0000000000
4.8320608748 0.6200000000 3.7140533953 0.7278471802 2.4157441427 0.0000000000
4.8397511223 0.6200000000 3.7140692350 0.7281051106 2.4159106738 0.0000000000
4.8474413698 0.6200000000 3.7140850747 0.7283630411 2.4160772048 0.0000000000
4.8551316173 0.6200000000 3.7141009144 0.7286209716 2.4162437359 0.0000000000
4.8628218648 0.6200000000 3.7141167541 0.7288789020 2.4164102669 0.0000000000
4.8705121122 0.6200000000 3.7141325939 0.7291368325 2.4165767979 0.0000000000
4.8782023597 0.6200000000 3.7141484336 0.7293947629 2.4167433290 0.0000000000
4.8858926072 0.6200000000 3.7141642733 0.7296526934 2.4169098600 0.0000000000
4.8935828547 0.6200000000 3.7141801130 0.7299106239 2.4170763910 0.0000000000
4.9012731022 0.6200000000 3.7141959527 0.7301685543 2.4172429221 0.0000000000
4.9089633497 0.6200000000 3.7142117924 0.7304264848 2.4174094531 0.0000000000
4.9166535972 0.6200000000 3.7142276321 0.7306844153 2.4175759842 0.0000000000
4.9243438446 0.6200000000 3.7142434719 0.7309423457 2.4177425152 0.0000000000
4.9320340921 0.6200000000 3.7142593116 0.7312002762 2.4179090462 0.0000000000
4.9397243396 0.6200000000 3.7142751513 0.7314582066 2.4180755773 0.0000000000
4.9474145871 0.6200000000 3.7142909727 0.7317206301 2.4182438323 0.0000000000
4.9551048346 0.6200000000 3.7143065196 0.7320503757 2.4184379183 0.0000000000
4.9627950821 0.6200000000 3.7143220666 0.7323801213 2.4186320043 0.0000000000
4.9704853295 0.6200000000 3.7143376135 0.7327098669 2.4188260903 0.0000000000
4.9781755770 0.6200000000 3.7143531604 0.7330396125 2.4190201763 0.0000000000
4.9858658245 0.6200000000 3.7143687074 0.7333693581 2.4192142623 0.0000000000
4.9935560720 0.6200000000 3.7143842543 0.7336991037 2.4194083483 0.0000000000
5.0012463195 0.6200000000 3.7143998013 0.7340288493 2.4196024343 0.0000000000
5.0089365670 0.6200000000 3.7144153482 0.7343585949 2.4197965203 0.0000000000
5.0166268145 0.6200000000 3.7144308951 0.7346883405 2.4199906063 0.0000000000
5.0243170619 0.6200000000 3.7144464421 0.7350180861 2.4201846923 0.0000000000
5.0320073094 0.6200000000 3.7144619890 0.7353478317 2.4203787783 0.0000000000
5.0396975569 0.6200000000 3.7144775360 0.7356775773 2.4205728643 0.0000000000
5.0473878044 0.6200000000 3.7144930829 0.7360073229 2.4207669503 0.0000000000
5.0550780519 0.6200000000 3.7145086298 0.7363370685 2.4209610363 0.0000000000
5.0627682994 0.6200000000 3.7145241768 0.7366668141 2.4211551223 0.0000000000
5.0704585469 0.6200000000 3.7145397237 0.7369965597 2.4213492083 0.0000000000
5.0781487943 0.6200000000 3.7145552707 0.7373263053 2.4215432943 0.0000000000
5.0858390418 0.6200000000 3.7145708176 0.7376560509 2.4217373803 0.0000000000
5.0935292893 0.6200000000 3.7145863645 0.7379857965 2.4219314663 0.0000000000
5.1012195368 0.6200000000 3.7146014461 0.7383054715 2.4221196625 0.0000000000
5.1089097843 0.6200000000 3.7146132079 0.7385533094 2.4222658448 0.0000000000
5.1166000318 0.6200000000 3.7146249697 0.7388011472 2.4224120271 0.0000000000
5.1242902792 0.6200000000 3.7146367315 0.7390489850 2.4225582094 0.0000000000
5.1319805267 0.6200000000 3.7146484933 0.7392968228 2.4227043917 0.0000000000
5.1396707742 0.6200000000 3.7146602551 0.7395446606 2.4228505740 0.0000000000
5.1473610217 0.6200000000 3.7146720169 0.7397924984 2.4229967563 0.0000000000
5.1550512692 0.6200000000 3.7146837787 0.7400403362 2.4231429386 0.0000000000
5.1627415167 0.6200000000 3.7146955405 0.7402881740 2.4232891210 0.0000000000
5.1704317642 0.6200000000 3.7147073023 0.7405360118 2.4234353033 0.0000000000
5.1781220116 0.6200000000 3.7147190641 0.7407838496 2.4235814856 0.0000000000
5.1858122591 0.6200000000 3.7147308258 0.7410316874 2.4237276679 0.0000000000
5.1935025066 0.6200000000 3.7147425876 0.7412795253 2.4238738502 0.0000000000
5.2011927541 0.6200000000 3.7147543494 0.7415273631 2.4240200325 0.0000000000
5.2088830016 0.6200000000 3.7147661112 0.7417752009 2.4241662148 0.0000000000
5.2165732491 0.6200000000 3.7147778730 0.7420230387 2.4243123971 0.0000000000
5.2242634966 0.6200000000 3.7147896348 0.7422708765 2.4244585794 0.0000000000
5.2319537440 0.6200000000 3.7148013966 0.7425187143 2.4246047617 0.0000000000
5.2396439915 0.6200000000 3.7148117926 0.7427411474 2.4247353187 0.0000000000
5.2473342390 0.6200000000 3.7148184680 0.7428943789 2.4248233130 0.0000000000
5.2550244865 0.6200000000 3.7148251434 0.7430476103 2.4249113073 0.0000000000
5.2627147340 0.6200000000 3.7148318189 0.7432008418 2.4249993016 0.0000000000
5.2704049815 0.6200000000 3.7148384943 0.7433540733 2.4250872959 0.0000000000
5.2780952289 0.6200000000 3.7148451697 0.7435073048 2.4251752903 0.0000000000
5.2857854764 0.6200000000 3.7148518451 0.7436605363 2.4252632846 0.0000000000
5.2934757239 0.6200000000 3.7148585206 0.7438137677 2.4253512789 0.0000000000
5.3011659714 0.6200000000 3.7148651960 0.7439669992 2.4254392732 0.0000000000
5.3088562189 0.6200000000 3.7148718714 0.7441202307 2.4255272675 0.0000000000
5.3165464664 0.6200000000 3.7148785469 0.7442734622 2.4256152618 0.0000000000
5.3242367139 0.6200000000 3.7148852223 0.7444266936 2.4257032561 0.0000000000
5.3319269613 0.6200000000 3.7148918977 0.7445799251 2.4257912505 0.0000000000
5.3396172088 0.6200000000 3.7148985732 0.7447331566 2.4258792448 0.0000000000
5.3473074563 0.6200000000 3.7149052486 0.7448863881 2.4259672391 0.0000000000
5.3549977038 0.6200000000 3.7149119240 0.7450396196 2.4260552334 0.0000000000
5.3626879513 0.6200000000 3.7149185995 0.7451928510 2.4261432277 0.0000000000
5.3703781988 0.6200000000 3.7149235635 0.7452949981 2.4262039429 0.0000000000
5.3780684462 0.6200000000 3.7149280732 0.7453835816 2.4262574151 0.0000000000
5.3857586937 0.6200000000 3.7149325830 0.7454721652 2.4263108874 0.0000000000
5.3934489412 0.6200000000 3.7149370927 0.7455607487 2.4263643596 0.0000000000
5.4011391887 0.6200000000 3.7149416024 0.7456493322 2.4264178318 0.0000000000
5.4088294362 0.6200000000 3.7149461121 0.7457379157 2.4264713041 0.0000000000
5.4165196837 0.6200000000 3.7149506218 0.7458264992 2.4265247763 0.0000000000
5.4242099312 0.6200000000 3.7149551315 0.7459150827 2.4265782485 0.0000000000
5.4319001786 0.6200000000 3.7149596412 0.7460036663 2.4266317208 0.0000000000
5.4395904261 0.6200000000 3.7149641509 0.7460922498 2.4266851930 0.0000000000
5.4472806736 0.6200000000 3.7149686606 0.7461808333 2.4267386652 0.0000000000
5.4549709211 0.6200000000 3.7149731703 0.7462694168 2.4267921375 0.0000000000
5.4626611686 0.6200000000 3.7149776800 0.7463580003 2.4268456097 0.0000000000
5.4703514161 0.6200000000 3.7149821897 0.7464465839 2.4268990819 0.0000000000
5.4780416636 0.6200000000 3.7149866994 0.7465351674 2.4269525542 0.0000000000
5.4857319110 0.6200000000 3.7149903615 0.7466126524 2.4269981964 0.0000000000
5.4934221585 0.6200000000 3.7149917098 0.7466598419 2.4270224653 0.0000000000
5.5011124060 0.6200000000 3.7149930580 0.7467070314 2.4270467342 0.0000000000
5.5088026535 0.6200000000 3.7149944063 0.7467542209 2.4270710031 0.0000000000
5.5164929010 0.6200000000 3.7149957546 0.7468014105 2.4270952720 0.0000000000
5.5241831485 0.6200000000 3.7149971029 0.7468486000 2.4271195409 0.0000000000
5.5318733959 0.6200000000 3.7149984511 0.7468957895 2.4271438098 0.0000000000
5.5395636434 0.6200000000 3.7149997994 0.7469429790 2.4271680787 0.0000000000
5.5472538909 0.6200000000 3.7150011477 0.7469901685 2.4271923476 0.0000000000
5.5549441384 0.6200000000 3.7150024959 0.7470373580 2.4272166165 0.0000000000
5.5626343859 0.6200000000 3.7150038442 0.7470845475 2.4272408854 0.0000000000
5.5703246334 0.6200000000 3.7150051925 0.7471317371 2.4272651543 0.0000000000
5.5780148809 0.6200000000 3.7150065408 0.7471789266 2.4272894232 0.0000000000
5.5857051283 0.6200000000 3.7150078890 0.7472261161 2.4273136921 0.0000000000
5.5933953758 0.6200000000 3.7150092373 0.7472733056 2.4273379610 0.0000000000
5.6010856233 0.6200000000 3.7150100000 0.7473060633 2.4273541148 0.0000000000
5.6087758708 0.6200000000 3.7150100000 0.7473200240 2.4273596991 0.0000000000
5.6164661183 0.6200000000 3.7150100000 0.7473339847 2.4273652834 0.0000000000
5.6241563658 0.6200000000 3.7150100000 0.7473479454 2.4273708676 0.0000000000
5.6318466133 0.6200000000 3.7150100000 0.7473619060 2.4273764519 0.0000000000
5.6395368607 0.6200000000 3.7150100000 0.7473758667 2.4273820362 0.0000000000
5.6472271082 0.6200000000 3.7150100000 0.7473898274 2.4273876205 0.0000000000
5.6549173557 0.6200000000 3.7150100000 0.7474037881 2.4273932047 0.0000000000
5.6626076032 0.6200000000 3.7150100000 0.7474177487 2.4273987890 0.0000000000
5.6702978507 0.6200000000 3.7150100000 0.7474317094 2.4274043733 0.0000000000
5.6779880982 0.6200000000 3.7150100000 0.7474456701 2.4274099575 0.0000000000
5.6856783456 0.6200000000 3.7150100000 0.7474596308 2.4274155418 0.0000000000
5.6933685931 0.6200000000 3.7150100000 0.7474735914 2.4274211261 0.0000000000
5.7010588406 0.6200000000 3.7150100000 0.7474875521 2.4274267103 0.0000000000
5.7087490881 0.6200000000 3.7150096892 0.7474980572 2.4274296690 0.0000000000
5.7164393356 0.6200000000 3.7150068206 0.7474801286 2.4274110233 0.0000000000
5.7241295831 0.6200000000 3.7150039520 0.7474622000 2.4273923775 0.0000000000
5.7318198306 0.6200000000 3.7150010834 0.7474442713 2.4273737317 0.0000000000
5.7395100780 0.6200000000 3.7149982148 0.7474263427 2.4273550859 0.0000000000
5.7472003255 0.6200000000 3.7149953462 0.7474084140 2.4273364401 0.0000000000
5.7548905730 0.6200000000 3.7149924777 0.7473904854 2.4273177943 0.0000000000
5.7625808205 0.6200000000 3.7149896091 0.7473725568 2.4272991485 0.0000000000
5.7702710680 0.6200000000 3.7149867405 0.7473546281 2.4272805027 0.0000000000
5.7779613155 0.6200000000 3.7149838719 0.7473366995 2.4272618570 0.0000000000
5.7856515629 0.6200000000 3.7149810033 0.7473187708 2.4272432112 0.0000000000
5.7933418104 0.6200000000 3.7149781348 0.7473008422 2.4272245654 0.0000000000
5.8010320579 0.6200000000 3.7149752662 0.7472829136 2.4272059196 0.0000000000
5.8087223054 0.6200000000 3.7149723976 0.7472649849 2.4271872738 0.0000000000
5.8164125529 0.6200000000 3.7149693987 0.7472421833 2.4271661577 0.0000000000
5.8241028004 0.6200000000 3.7149657366 0.7471945758 2.4271324662 0.0000000000
5.8317930479 0.6200000000 3.7149620745 0.7471469684 2.4270987748 0.0000000000
5.8394832953 0.6200000000 3.7149584124 0.7470993609 2.4270650834 0.0000000000
5.8471735428 0.6200000000 3.7149547503 0.7470517535 2.4270313920 0.0000000000
5.8548637903 0.6200000000 3.7149510882 0.7470041460 2.4269977005 0.0000000000
5.8625540378 0.6200000000 3.7149474260 0.7469565386 2.4269640091 0.0000000000
5.8702442853 0.6200000000 3.7149437639 0.7469089311 2.4269303177 0.0000000000
5.8779345328 0.6200000000 3.7149401018 0.7468613237 2.4268966263 0.0000000000
5.8856247803 0.6200000000 3.7149364397 0.7468137162 2.4268629348 0.0000000000
5.8933150277 0.6200000000 3.7149327776 0.7467661088 2.4268292434 0.0000000000
5.9010052752 0.6200000000 3.7149291155 0.7467185014 2.4267955520 0.0000000000
5.9086955227 0.6200000000 3.7149254534 0.7466708939 2.4267618606 0.0000000000
5.9163857702 0.6200000000 3.7149217913 0.7466232865 2.4267281691 0.0000000000
5.9240760177 0.6200000000 3.7149173371 0.7465629091 2.4266862014 0.0000000000
5.9317662652 0.6200000000 3.7149121245 0.7464903049 2.4266363093 0.0000000000
5.9394565126 0.6200000000 3.7149069119 0.7464177008 2.4265864172 0.0000000000
5.9471467601 0.6200000000 3.7149016992 0.7463450966 2.4265365251 0.0000000000
5.9548370076 0.6200000000 3.7148964866 0.7462724925 2.4264866331 0.0000000000
5.9625272551 0.6200000000 3.7148912740 0.7461998883 2.4264367410 0.0000000000
5.9702175026 0.6200000000 3.7148860614 0.7461272842 2.4263868489 0.0000000000
5.9779077501 0.6200000000 3.7148808488 0.7460546801 2.4263369568 0.0000000000
5.9855979976 0.6200000000 3.7148756362 0.7459820759 2.4262870647 0.0000000000
5.9932882450 0.6200000000 3.7148704236 0.7459094718 2.4262371727 0.0000000000
6.0009784925 0.6200000000 3.7148652110 0.7458368676 2.4261872806 0.0000000000
6.0086687400 0.6200000000 3.7148599984 0.7457642635 2.4261373885 0.0000000000
6.0163589875 0.6200000000 3.7148547858 0.7456916593 2.4260874964 0.0000000000
6.0240492350 0.6200000000 3.7148494306 0.7456162818 2.4260359248 0.0000000000
6.0317394825 0.6200000000 3.7148424772 0.7455098066 2.4259655208 0.0000000000
6.0394297299 0.6200000000 3.7148355237 0.7454033313 2.4258951167 0.0000000000
6.0471199774 0.6200000000 3.7148285702 0.7452968561 2.4258247127 0.0000000000
6.0548102249 0.6200000000 3.7148216167 0.7451903808 2.4257543086 0.0000000000
6.0625004724 0.6200000000 3.7148146632 0.7450839055 2.4256839046 0.0000000000
6.0701907199 0.6200000000 3.7148077097 0.7449774303 2.4256135005 0.0000000000
6.0778809674 0.6200000000 3.7148007562 0.7448709550 2.4255430965 0.0000000000
6.0855712149 0.6200000000 3.7147938028 0.7447644798 2.4254726925 0.0000000000
6.0932614623 0.6200000000 3.7147868493 0.7446580045 2.4254022884 0.0000000000
6.1009517098 0.6200000000 3.7147798958 0.7445515293 2.4253318844 0.0000000000
6.1086419573 0.6200000000 3.7147729423 0.7444450540 2.4252614803 0.0000000000
6.1163322048 0.6200000000 3.7147660586 0.7443322574 2.4251888269 0.0000000000
6.1240224523 0.6200000000 3.7147592261 0.7442148239 2.4251145235 0.0000000000
6.1317126998 0.6200000000 3.7147523936 0.7440973904 2.4250402202 0.0000000000
6.1394029473 0.6200000000 3.7147455611 0.7439799569 2.4249659168 0.0000000000
6.1470931947 0.6200000000 3.7147387286 0.7438625235 2.4248916134 0.0000000000
6.1547834422 0.6200000000 3.7147318961 0.7437450900 2.4248173101 0.0000000000
6.1624736897 0.6200000000 3.7147250637 0.7436276565 2.4247430067 0.0000000000
6.1701639372 0.6200000000 3.7147182312 0.7435102230 2.4246687033 0.0000000000
6.1778541847 0.6200000000 3.7147113987 0.7433927895 2.4245944000 0.0000000000
6.1855444322 0.6200000000 3.7147045662 0.7432753560 2.4245200966 0.0000000000
6.1932346796 0.6200000000 3.7146977337 0.7431579226 2.4244457932 0.0000000000
6.2009249271 0.6200000000 3.7146909012 0.7430404891 2.4243714899 0.0000000000
6.2086151746 0.6200000000 3.7146818682 0.7428943097 2.4242768860 0.0000000000
6.2163054221 0.6200000000 3.7146725008 0.7427437627 2.4241791977 0.0000000000
6.2239956696 0.6200000000 3.7146631334 0.7425932157 2.4240815095 0.0000000000
6.2316859171 0.6200000000 3.7146537661 0.7424426688 2.4239838212 0.0000000000
6.2393761646 0.6200000000 3.7146443987 0.7422921218 2.4238861330 0.0000000000
6.2470664120 0.6200000000 3.7146350313 0.7421415749 2.4237884447 0.0000000000
6.2547566595 0.6200000000 3.7146256640 0.7419910279 2.4236907565 0.0000000000
6.2624469070 0.6200000000 3.7146165978 0.7418368166 2.4235928074 0.0000000000
6.2701371545 0.6200000000 3.7146079924 0.7416770011 2.4234944594 0.0000000000
6.2778274020 0.6200000000 3.7145993869 0.7415171856 2.4233961114 0.0000000000
6.2855176495 0.6200000000 3.7145907815 0.7413573701 2.4232977634 0.0000000000
6.2932078970 0.6200000000 3.7145821760 0.7411975547 2.4231994154 0.0000000000
6.3008981444 0.6200000000 3.7145735706 0.7410377392 2.4231010674 0.0000000000
6.3085883919 0.6200000000 3.7145649651 0.7408779237 2.4230027195 0.0000000000
6.3162786394 0.6200000000 3.7145563597 0.7407181082 2.4229043715 0.0000000000
6.3239688869 0.6200000000 3.7145481161 0.7405591812 2.4228078262 0.0000000000
6.3316591344 0.6200000000 3.7145408971 0.7404027701 2.4227163858 0.0000000000
6.3393493819 0.6200000000 3.7145336781 0.7402463590 2.4226249455 0.0000000000
6.3470396293 0.6200000000 3.7145264591 0.7400899479 2.4225335052 0.0000000000
6.3547298768 0.6200000000 3.7145192402 0.7399335368 2.4224420649 0.0000000000
6.3624201243 0.6200000000 3.7145120212 0.7397771258 2.4223506246 0.0000000000
6.3701103718 0.6200000000 3.7145048022 0.7396207147 2.4222591842 0.0000000000
6.3778006193 0.6200000000 3.7144975832 0.7394643036 2.4221677439 0.0000000000
6.3854908668 0.6200000000 3.7144903643 0.7393078925 2.4220763036 0.0000000000
6.3931811143 0.6200000000 3.7144829571 0.7391450564 2.4219815405 0.0000000000
6.4008713617 0.6200000000 3.7144755399 0.7389818788 2.4218866008 0.0000000000
6.4085616092 0.6200000000 3.7144681228 0.7388187012 2.4217916611 0.0000000000
6.4162518567 0.6200000000 3.7144607056 0.7386555236 2.4216967214 0.0000000000
6.4239421042 0.6200000000 3.7144532885 0.7384923460 2.4216017817 0.0000000000
6.4316323517 0.6200000000 3.7144458713 0.7383291684 2.4215068420 0.0000000000
6.4393225992 0.6200000000 3.7144386118 0.7381661628 2.4214126019 0.0000000000
6.4470128466 0.6200000000 3.7144319512 0.7380038104 2.4213210184 0.0000000000
6.4547030941 0.6200000000 3.7144252906 0.7378414580 2.4212294350 0.0000000000
6.4623933416 0.6200000000 3.7144186300 0.7376791056 2.4211378516 0.0000000000
6.4700835891 0.6200000000 3.7144119694 0.7375167531 2.4210462682 0.0000000000
6.4777738366 0.6200000000 3.7144053087 0.7373544007 2.4209546848 0.0000000000
6.4854640841 0.6200000000 3.7143988756 0.7371903313 2.4208633244 0.0000000000
6.4931543316 0.6200000000 3.7143933358 0.7370195192 2.4207728402 0.0000000000
6.5008445790 0.6200000000 3.7143877959 0.7368487071 2.4206823560 0.0000000000
6.5085348265 0.6200000000 3.7143822561 0.7366778950 2.4205918717 0.0000000000
6.5162250740 0.6200000000 3.7143767162 0.7365070829 2.4205013875 0.0000000000
6.5239153215 0.6200000000 3.7143711764 0.7363362709 2.4204109033 0.0000000000
6.5316055690 0.6200000000 3.7143655496 0.7361664889 2.4203204836 0.0000000000
6.5392958165 0.6200000000 3.7143598995 0.7359969847 2.4202300813 0.0000000000
6.5469860640 0.6200000000 3.7143542493 0.7358274804 2.4201396791 0.0000000000
6.5546763114 0.6200000000 3.7143485992 0.7356579762 2.4200492768 0.0000000000
6.5623665589 0.6200000000 3.7143429491 0.7354884719 2.4199588745 0.0000000000
6.5700568064 0.6200000000 3.7143390227 0.7353218130 2.4198765054 0.0000000000
6.5777470539 0.6200000000 3.7143369783 0.7351582607 2.4198029068 0.0000000000
6.5854373014 0.6200000000 3.7143349339 0.7349947084 2.4197293083 0.0000000000
6.5931275489 0.6200000000 3.7143328895 0.7348311560 2.4196557097 0.0000000000
6.6008177963 0.6200000000 3.7143308450 0.7346676037 2.4195821112 0.0000000000
6.6085080438 0.6200000000 3.7143286018 0.7345056234 2.4195083462 0.0000000000
6.6161982913 0.6200000000 3.7143262185 0.7343447507 2.4194344639 0.0000000000
6.6238885388 0.6200000000 3.7143238352 0.7341838781 2.4193605817 0.0000000000
6.6315787863 0.6200000000 3.7143214519 0.7340230054 2.4192866994 0.0000000000
6.6392690338 0.6200000000 3.7143200000 0.7338672948 2.4192186074 0.0000000000
6.6469592813 0.6200000000 3.7143200000 0.7337196316 2.4191595421 0.0000000000
6.6546495287 0.6200000000 3.7143200000 0.7335719684 2.4191004768 0.0000000000
6.6623397762 0.6200000000 3.7143200000 0.7334243051 2.4190414115 0.0000000000
6.6700300237 0.6200000000 3.7143200000 0.7332773548 2.4189826314 0.0000000000
6.6777202712 0.6200000000 3.7143200000 0.7331311265 2.4189241401 0.0000000000
6.6854105187 0.6200000000 3.7143200000 0.7329848983 2.4188656488 0.0000000000
6.6931007662 0.6200000000 3.7143200000 0.7328386701 2.4188071575 0.0000000000
6.7007910136 0.6200000000 3.7143220788 0.7327064556 2.4187625868 0.0000000000
6.7084812611 0.6200000000 3.7143249049 0.7325792794 2.4187230209 0.0000000000
6.7161715086 0.6200000000 3.7143277310 0.7324521032 2.4186834549 0.0000000000
6.7238617561 0.6200000000 3.7143311800 0.7323278741 2.4186475593 0.0000000000
6.7315520036 0.6200000000 3.7143371655 0.7322156461 2.4186266101 0.0000000000
6.7392422511 0.6200000000 3.7143431510 0.7321034180 2.4186056609 0.0000000000
6.7469324986 0.6200000000 3.7143491365 0.7319911900 2.4185847116 0.0000000000
6.7546227460 0.6200000000 3.7143556291 0.7318905629 2.4185704312 0.0000000000
6.7623129935 0.6200000000 3.7143622072 0.7317918916 2.4185572750 0.0000000000
6.7700032410 0.6200000000 3.7143687853 0.7316932202 2.4185441189 0.0000000000
6.7776934885 0.6200000000 3.7143785027 0.7316041441 2.4185473580 0.0000000000
6.7853837360 0.6200000000 3.7143889311 0.7315172410 2.4185543102 0.0000000000
6.7930739835 0.6200000000 3.7143993594 0.7314303380 2.4185612625 0.0000000000
6.8007642310 0.6200000000 3.7144098471 0.7313675589 2.4185781013 0.0000000000
6.8084544784 0.6200000000 3.7144203385 0.7313063585 2.4185955871 0.0000000000
6.8161447259 0.6200000000 3.7144311610 0.7312470976 2.4186151724 0.0000000000
6.8238349734 0.6200000000 3.7144458354 0.7312104114 2.4186591958 0.0000000000
6.8315252209 0.6200000000 3.7144605099 0.7311737252 2.4187032192 0.0000000000
6.8392154684 0.6200000000 3.7144771075 0.7311464463 2.4187586979 0.0000000000
6.8469057159 0.6200000000 3.7144972253 0.7311363873 2.4188351457 0.0000000000
6.8545959633 0.6200000000 3.7145173431 0.7311263284 2.4189115934 0.0000000000
6.8622862108 0.6200000000 3.7145346263 0.7311158586 2.4189765381 0.0000000000
6.8699764583 0.6200000000 3.7145514781 0.7311053262 2.4190397325 0.0000000000
6.8776667058 0.6200000000 3.7145721586 0.7311151983 2.4191264032 0.0000000000
6.8853569533 0.6200000000 3.7145967559 0.7311459449 2.4192370911 0.0000000000
6.8930472008 0.6200000000 3.7146214112 0.7311779401 2.4193485104 0.0000000000
6.9007374483 0.6200000000 3.7146470628 0.7312313808 2.4194724929 0.0000000000
6.9084276957 0.6200000000 3.7146727143 0.7312848215 2.4195964754 0.0000000000
6.9161179432 0.6200000000 3.7147022089 0.7313713859 2.4197490796 0.0000000000
6.9238081907 0.6200000000 3.7147332281 0.7314710904 2.4199130381 0.0000000000
6.9314984382 0.6200000000 3.7147658754 0.7315760281 2.4200856024 0.0000000000
6.9391886857 0.6200000000 3.7148004393 0.7316871264 2.4202682973 0.0000000000
6.9468789332 0.6200000000 3.7148355909 0.7318056817 2.4204563256 0.0000000000
6.9545691807 0.6200000000 3.7148715086 0.7319339592 2.4206513074 0.0000000000
6.9622594281 0.6200000000 3.7149066117 0.7320593276 2.4208418674 0.0000000000
6.9699496756 0.6200000000 3.7149408505 0.7321816091 2.4210277353 0.0000000000
6.9776399231 0.6200000000 3.7149822850 0.7323411658 2.4212572957 0.0000000000
6.9853301706 0.6200000000 3.7150328511 0.7325480274 2.4215423050 0.0000000000
6.9930204181 0.6200000000 3.7150850816 0.7327603262 2.4218361462 0.0000000000
7.0007106656 0.6200000000 3.7151419198 0.7329876793 2.4221544405 0.0000000000
7.0084009130 0.6200000000 3.7151997838 0.7332340270 2.4224844354 0.0000000000
7.0160911605 0.6200000000 3.7152586493 0.7334989217 2.4228258552 0.0000000000
7.0237814080 0.6200000000 3.7153204109 0.7337562264 2.4231758237 0.0000000000
7.0314716555 0.6200000000 3.7153832717 0.7340151902 2.4235308526 0.0000000000
7.0391619030 0.6200000000 3.7154546066 0.7343463878 2.4239486711 0.0000000000
7.0468521505 0.6200000000 3.7155260773 0.7346816524 2.4243686595 0.0000000000
7.0545423980 0.6200000000 3.7155990423 0.7350616786 2.4248125301 0.0000000000
7.0622326454 0.6200000000 3.7156778709 0.7354570715 2.4252860016 0.0000000000
7.0699228929 0.6200000000 3.7157642027 0.7358721285 2.4257973518 0.0000000000
7.0776131404 0.6200000000 3.7158465784 0.7363147997 2.4263039231 0.0000000000
7.0853033879 0.6200000000 3.7159329401 0.7367800363 2.4268354645 0.0000000000
7.0929936354 0.6200000000 3.7160240975 0.7372683793 2.4273954311 0.0000000000
7.1006838829 0.6200000000 3.7161115966 0.7377864410 2.4279526521 0.0000000000
7.1083741303 0.6200000000 3.7161991952 0.7383237390 2.4285179660 0.0000000000
7.1160643778 0.6200000000 3.7162872336 0.7388824442 2.4290936017 0.0000000000
7.1237546253 0.6200000000 3.7163908072 0.7395048433 2.4297568556 0.0000000000
7.1314448728 0.6200000000 3.7164892560 0.7401181119 2.4303959584 0.0000000000
7.1391351203 0.6200000000 3.7165862056 0.7407366012 2.4310311524 0.0000000000
7.1468253678 0.6200000000 3.7166942250 0.7414027210 2.4317296780 0.0000000000
7.1545156153 0.6200000000 3.7167988392 0.7421187018 2.4324345271 0.0000000000
7.1622058627 0.6200000000 3.7169094946 0.7428468415 2.4331684047 0.0000000000
7.1698961102 0.6200000000 3.7170274708 0.7435841924 2.4339352496 0.0000000000
7.1775863577 0.6200000000 3.7171482447 0.7443418802 2.4347214205 0.0000000000
7.1852766052 0.6200000000 3.7172736639 0.7451453471 2.4355444841 0.0000000000
7.1929668527 0.6200000000 3.7174096195 0.7459712354 2.4364186618 0.0000000000
7.2006571002 0.6200000000 3.7175487558 0.7468362497 2.4373212124 0.0000000000
7.2083473477 0.6200000000 3.7176899522 0.7477379259 2.4382466686 0.0000000000
7.2160375951 0.6200000000 3.7178349403 0.7486683770 2.4391988015 0.0000000000
7.2237278426 0.6200000000 3.7179862798 0.7496208186 2.4401851361 0.0000000000
7.2314180901 0.6200000000 3.7181315945 0.7505768362 2.4411488019 0.0000000000
7.2391083376 0.6200000000 3.7182724776 0.7515663962 2.4421081585 0.0000000000
7.2467985851 0.6200000000 3.7184268001 0.7525876474 2.4431339487 0.0000000000
7.2544888326 0.6200000000 3.7185749385 0.7536870391 2.4441662593 0.0000000000
7.2621790800 0.6200000000 3.7187310892 0.7547707759 2.4452243565 0.0000000000
7.2698693275 0.6200000000 3.7188909342 0.7558533783 2.4462967776 0.0000000000
7.2775595750 0.6200000000 3.7190541486 0.7569969312 2.4474070564 0.0000000000
7.2852498225 0.6200000000 3.7192200130 0.7581868581 2.4485464845 0.0000000000
7.2929400700 0.6200000000 3.7193804139 0.7593996066 2.4496731877 0.0000000000
7.3006303175 0.6200000000 3.7195315510 0.7605874080 2.4507528567 0.0000000000
7.3083205650 0.6200000000 3.7196835596 0.7617987306 2.4518454201 0.0000000000
7.3160108124 0.6200000000 3.7198721077 0.7630607631 2.4531044257 0.0000000000
7.3237010599 0.6200000000 3.7200613597 0.7643959577 2.4543955112 0.0000000000
7.3313913074 0.6200000000 3.7202484117 0.7656725240 2.4556543459 0.0000000000
7.3390815549 0.6200000000 3.7204427162 0.7670049735 2.4569645436 0.0000000000
7.3467718024 0.6200000000 3.7206337764 0.7683484029 2.4582661562 0.0000000000
7.3544620499 0.6200000000 3.7208201078 0.7696684079 2.4595394838 0.0000000000
7.3621522974 0.6200000000 3.7210139539 0.7710324885 2.4608605006 0.0000000000
7.3698425448 0.6200000000 3.7212229773 0.7724182324 2.4622508918 0.0000000000
7.3775327923 0.6200000000 3.7214361435 0.7738400881 2.4636722986 0.0000000000
7.3852230398 0.6200000000 3.7216422569 0.7752768353 2.4650714514 0.0000000000
7.3929132873 0.6200000000 3.7218475187 0.7765660612 2.4664081887 0.0000000000
7.4006035348 0.6200000000 3.7220545438 0.7779415472 2.4677864836 0.0000000000
7.4082937823 0.6200000000 3.7222457658 0.7792458900 2.4690731088 0.0000000000
7.4159840297 0.6200000000 3.7224343792 0.7805382576 2.4703445092 0.0000000000
7.4236742772 0.6200000000 3.7226372397 0.7819419421 2.4717174250 0.0000000000
7.4313645247 0.6200000000 3.7228264260 0.7833841853 2.4730510678 0.0000000000
7.4390547722 0.6200000000 3.7230164847 0.7847365256 2.4743522385 0.0000000000
7.4467450197 0.6200000000 3.7232128154 0.7860442389 2.4756606468 0.0000000000
7.4544352672 0.6200000000 3.7234094674 0.7873829536 2.4769827405 0.0000000000
7.4621255147 0.6200000000 3.7235990834 0.7886579041 2.4782511848 0.0000000000
7.4698157621 0.6200000000 3.7237973287 0.7900599704 2.4796049923 0.0000000000
7.4775060096 0.6200000000 3.7240016463 0.7914012495 2.4809587744 0.0000000000
7.4851962571 0.6200000000 3.7241899467 0.7926942715 2.4822291848 0.0000000000
7.4928865046 0.6200000000 3.7243759548 0.7940080040 2.4834987104 0.0000000000
7.5005767521 0.6200000000 3.7245648369 0.7953511607 2.4847915014 0.0000000000
7.5082669996 0.6200000000 3.7247399477 0.7965996080 2.4859913237 0.0000000000
7.5159572470 0.6200000000 3.7249203765 0.7978890163 2.4872288020 0.0000000000
7.5236474945 0.6200000000 3.7251171829 0.7991614678 2.4885250083 0.0000000000
7.5313377420 0.6200000000 3.7253390318 0.8004545137 2.4899296222 0.0000000000
7.5390279895 0.6200000000 3.7255478160 0.8016932825 2.4912602665 0.0000000000
7.5467182370 0.6200000000 3.7257834697 0.8030966857 2.4927642427 0.0000000000
7.5544084845 0.6200000000 3.7259842193 0.8042921549 2.4940454286 0.0000000000
7.5620987320 0.6200000000 3.7261492167 0.8054498983 2.4951685155 0.0000000000
7.5697889794 0.6200000000 3.7262920337 0.8064588588 2.4961433680 0.0000000000
7.5774792269 0.6200000000 3.7264609690 0.8075647935 2.4972614830 0.0000000000
7.5851694744 0.6200000000 3.7266137841 0.8086654463 2.4983130043 0.0000000000
7.5928597219 0.6200000000 3.7267298318 0.8095266097 2.4991216606 0.0000000000
7.6005499694 0.6200000000 3.7268544917 0.8104489947 2.4999892540 0.0000000000
7.6082402169 0.6200000000 3.7269992058 0.8114120338 2.5009533262 0.0000000000
7.6159304644 0.6200000000 3.7270980841 0.8121106310 2.5016282785 0.0000000000
7.6236207118 0.6200000000 3.7272443713 0.8128882488 2.5025244742 0.0000000000
7.6313109593 0.6200000000 3.7273544299 0.8135437942 2.5032269267 0.0000000000
7.6390012068 0.6200000000 3.7274313543 0.8140709641 2.5037454921 0.0000000000
7.6466914543 0.6200000000 3.7275162372 0.8145789585 2.5042882218 0.0000000000
7.6543817018 0.6200000000 3.7276385121 0.8151925607 2.5050227624 0.0000000000
7.6620719493 0.6200000000 3.7276612459 0.8153093605 2.5051604171 0.0000000000
7.6697621967 0.6200000000 3.7277448003 0.8156990013 2.5056504911 0.0000000000
7.6774524442 0.6200000000 3.7277435620 0.8156339049 2.5056194994 0.0000000000
7.6851426917 0.6200000000 3.7277666896 0.8156833620 2.5057317925 0.0000000000
7.6928329392 0.6200000000 3.7277710407 0.8155052037 2.5056779339 0.0000000000
7.7005231867 0.6200000000 3.7277452154 0.8152869616 2.5054873356 0.0000000000
7.7082134342 0.6200000000 3.7277381354 0.8150203385 2.5053523665 0.0000000000
7.7159036817 0.6200000000 3.7276624984 0.8144943656 2.5048394291 0.0000000000
7.7235939291 0.6200000000 3.7275700000 0.8135956216 2.5041099381 0.0000000000
7.7312841766 0.6200000000 3.7275403143 0.8131773574 2.5038238897 0.0000000000
7.7389744241 0.6200000000 3.7274388672 0.8122136718 2.5030326270 0.0000000000
7.7466646716 0.6200000000 3.7272109880 0.8105247011 2.5014455221 0.0000000000
7.7543549191 0.6200000000 3.7271423351 0.8096425131 2.5008180350 0.0000000000
7.7620451666 0.6200000000 3.7269561027 0.8080790781 2.4994477314 0.0000000000
7.7697354140 0.6200000000 3.7266723778 0.8054638145 2.4972667264 0.0000000000
7.7774256615 0.6200000000 3.7265503234 0.8041992023 2.4962726641 0.0000000000
7.7851159090 0.6200000000 3.7262260166 0.8014288642 2.4938673016 0.0000000000
7.7928061565 0.6200000000 3.7259895853 0.7987031105 2.4918312748 0.0000000000
7.8004964040 0.6200000000 3.7256826381 0.7964447861 2.4897001565 0.0000000000
7.8081866515 0.6200000000 3.7252400000 0.7926760943 2.4864221272 0.0000000000
7.8158768990 0.6200000000 3.7249173142 0.7895571709 2.4838838148 0.0000000000
7.8235671464 0.6200000000 3.7245754452 0.7863117296 2.4812181622 0.0000000000
7.8312573939 0.6200000000 3.7241700565 0.7824755652 2.4780621417 0.0000000000
7.8389476414 0.6200000000 3.7237552341 0.7783660326 2.4747590390 0.0000000000
7.8466378889 0.6200000000 3.7232900055 0.7733001306 2.4708717637 0.0000000000
7.8543281364 0.6200000000 3.7230016020 0.7703906195 2.4685543453 0.0000000000
7.8620183839 0.6200000000 3.7222674570 0.7631495698 2.4627213453 0.0000000000
7.8697086314 0.6200000000 3.7215480484 0.7559304841 2.4569560768 0.0000000000
7.8773988788 0.6200000000 3.7208665194 0.7487010631 2.4513381924 0.0000000000
7.8850891263 0.6200000000 3.7201322125 0.7414614380 2.4455051149 0.0000000000
7.8927793738 0.6200000000 3.7194382863 0.7336481020 2.4396040756 0.0000000000
7.9004696213 0.6200000000 3.7187436999 0.7255421731 2.4335833582 0.0000000000
7.9081598688 0.6200000000 3.7180160976 0.7172115351 2.4273406940 0.0000000000
7.9158501163 0.6200000000 3.7173220907 0.7085162465 2.4210865507 0.0000000000
7.9235403637 0.6200000000 3.7165972587 0.6994799467 2.4145727028 0.0000000000
7.9312306112 0.6200000000 3.7157875098 0.6895681060 2.4073689709 0.0000000000
7.9389208587 0.6200000000 3.7150316023 0.6786990346 2.3999977126 0.0000000000
7.9466111062 0.6200000000 3.7142575955 0.6676746912 2.3924919480 0.0000000000
7.9543013537 0.6200000000 3.7135906508 0.6579597624 2.3859381977 0.0000000000
7.9619916012 0.6200000000 3.7126499393 0.6437032340 2.3764727403 0.0000000000
7.9696818487 0.6200000000 3.7115114099 0.6266953292 2.3651154609 0.0000000000
7.9773720961 0.6200000000 3.7139012363 0.6658782574 2.3903479376 0.0000000000
7.9850623436 0.6200000000 3.7121507842 0.6398611098 2.3729392703 0.0000000000
7.9927525911 0.6200000000 3.7104100169 0.6113909049 2.3545881190 0.0000000000
8.0004428386 0.6200000000 3.7083152092 0.5756351484 2.3319065856 0.0000000000
8.0081330861 0.6200000000 3.7054792408 0.5248089488 2.3002322323 0.0000000000
8.0158233336 0.6200000000 3.7002964848 0.4342646176 2.2432834758 0.0000000000
8.0235135811 0.6200000000 3.6708500000 -0.0949250000 1.9138216895 0.0000000000
8.0235308079 0.6200000000 3.6704500000 -0.1016250000 1.9095416895 0.0000000000
8.0241089758 0.6200000000 3.6570980772 -0.3818472791 1.7440450865 0.0000000000
8.0246871436 0.6200000000 3.6527287311 -0.4852744887 1.6851968184 0.0000000000
8.0252653115 0.6200000000 3.6581617496 -0.3643259943 1.7553082902 0.0000000000
8.0258434793 0.6200000000 3.6599395044 -0.3262064974 1.7776671082 0.0000000000
8.0264216472 0.6200000000 3.6609513282 -0.3053294358 1.7900652281 0.0000000000
8.0269998150 0.6200000000 3.6613178358 -0.2965962255 1.7950245424 0.0000000000
8.0275779829 0.6200000000 3.6613500000 -0.2953637420 1.7956461927 0.0000000000
8.0281561507 0.6200000000 3.6611999544 -0.2983809432 1.7938391300 0.0000000000
8.0287343186 0.6200000000 3.6609428607 -0.3035015883 1.7907624971 0.0000000000
8.0293124864 0.6200000000 3.6606062473 -0.3100385010 1.7868012783 0.0000000000
8.0298906543 0.6200000000 3.6602186298 -0.3177911240 1.7821497590 0.0000000000
8.0304688221 0.6200000000 3.6598185148 -0.3258416302 1.7773290966 0.0000000000
8.0310469900 0.6200000000 3.6594167871 -0.3343121602 1.7723339740 0.0000000000
8.0316251578 0.6200000000 3.6590144594 -0.3429389959 1.7672739287 0.0000000000
8.0322033257 0.6200000000 3.6586077609 -0.3516320217 1.7621699243 0.0000000000
8.0327814935 0.6200000000 3.6581750456 -0.3607190417 1.7568042553 0.0000000000
8.0333596613 0.6200000000 3.6577423304 -0.3698060618 1.7514385863 0.0000000000
8.0339378292 0.6200000000 3.6573091685 -0.3791571871 1.7459654888 0.0000000000
8.0345159970 0.6200000000 3.6568747025 -0.3892795154 1.7401786933 0.0000000000
8.0350941649 0.6200000000 3.6564402365 -0.3994018437 1.7343918979 0.0000000000
8.0356723327 0.6200000000 3.6559406011 -0.4100093379 1.7281503586 0.0000000000
8.0362505006 0.6200000000 3.6553798632 -0.4210717211 1.7214824538 0.0000000000
8.0368286684 0.6200000000 3.6548201929 -0.4321846658 1.7147985947 0.0000000000
8.0374068363 0.6200000000 3.6542788442 -0.4441653329 1.7078409332 0.0000000000
8.0379850041 0.6200000000 3.6537374956 -0.4561460000 1.7008832717 0.0000000000
8.0385631720 0.6200000000 3.6531295269 -0.4689675638 1.6933227716 0.0000000000
8.0391413398 0.6200000000 3.6525050518 -0.4819974762 1.6856129063 0.0000000000
8.0397195077 0.6200000000 3.6518182645 -0.4962892071 1.6771490646 0.0000000000
8.0402976755 0.6200000000 3.6511072063 -0.5110724205 1.6683915465 0.0000000000
8.0408758434 0.6200000000 3.6503719580 -0.5272732984 1.6589702019 0.0000000000
8.0414540112 0.6200000000 3.6496179662 -0.5439075258 1.6493005440 0.0000000000
8.0420321791 0.6200000000 3.6487691196 -0.5612326181 1.6389751206 0.0000000000
8.0426103469 0.6200000000 3.6479512680 -0.5783196186 1.6288689139 0.0000000000
8.0431885148 0.6200000000 3.6471712314 -0.5950834250 1.6190432450 0.0000000000
8.0437666826 0.6200000000 3.6464790088 -0.6110147238 1.6099018352 0.0000000000
8.0443448505 0.6200000000 3.6458197296 -0.6262792979 1.6011588887 0.0000000000
8.0449230183 0.6200000000 3.6451686935 -0.6411864825 1.5925918703 0.0000000000
8.0455011862 0.6200000000 3.6444782453 -0.6556408640 1.5840483252 0.0000000000
8.0460793540 0.6200000000 3.6438260076 -0.6701184852 1.5756483258 0.0000000000
8.0466575219 0.6200000000 3.6432174405 -0.6846226672 1.5674123848 0.0000000000
8.0472356897 0.6200000000 3.6425947364 -0.6994142393 1.5590049396 0.0000000000
8.0478138576 0.6200000000 3.6419672355 -0.7143148160 1.5505347052 0.0000000000
8.0483920254 0.6200000000 3.6413462578 -0.7296302754 1.5419246107 0.0000000000
8.0489701933 0.6200000000 3.6407042301 -0.7450822667 1.5331757031 0.0000000000
8.0495483611 0.6200000000 3.6400223748 -0.7607925814 1.5241641560 0.0000000000
8.0501265289 0.6200000000 3.6392786624 -0.7769183279 1.5147390080 0.0000000000
8.0507046968 0.6200000000 3.6385204928 -0.7932764615 1.5051630759 0.0000000000
8.0512828646 0.6200000000 3.6378286346 -0.8100997117 1.4956663430 0.0000000000
8.0518610325 0.6200000000 3.6371268303 -0.8272426570 1.4860019480 0.0000000000
8.0524392003 0.6200000000 3.6364150272 -0.8446621931 1.4761869212 0.0000000000
8.0530173682 0.6200000000 3.6356779582 -0.8625500236 1.4660835129 0.0000000000
8.0535955360 0.6200000000 3.6349253063 -0.8808038947 1.4557713568 0.0000000000
8.0541737039 0.6200000000 3.6341609164 -0.8993925482 1.4452783358 0.0000000000
8.0547518717 0.6200000000 3.6333855871 -0.9183881149 1.4345787921 0.0000000000
8.0553300396 0.6200000000 3.6325318185 -0.9379209911 1.4233505669 0.0000000000
8.0559082074 0.6200000000 3.6316750047 -0.9578653698 1.4119455605 0.0000000000
8.0564863753 0.6200000000 3.6308248714 -0.9782528203 1.4003900470 0.0000000000
8.0570645431 0.6200000000 3.6299822434 -0.9991189152 1.3886730970 0.0000000000
8.0576427110 0.6200000000 3.6291235949 -1.0205851277 1.3766520180 0.0000000000
8.0582208788 0.6200000000 3.6282331221 -1.0426141931 1.3642785008 0.0000000000
8.0587990467 0.6200000000 3.6273323025 -1.0650183419 1.3517135628 0.0000000000
8.0593772145 0.6200000000 3.6264355929 -1.0879463359 1.3389555267 0.0000000000
8.0599553824 0.6200000000 3.6255106898 -1.1115193887 1.3258266932 0.0000000000
8.0605335502 0.6200000000 3.6245364343 -1.1357873241 1.3122224970 0.0000000000
8.0611117181 0.6200000000 3.6235308661 -1.1607689036 1.2982075923 0.0000000000
8.0616898859 0.6200000000 3.6224966475 -1.1865048022 1.2837763584 0.0000000000
8.0622680538 0.6200000000 3.6214277966 -1.2130345891 1.2688890404 0.0000000000
8.0628462216 0.6200000000 3.6203363771 -1.2403853998 1.2535830381 0.0000000000
8.0634243895 0.6200000000 3.6192112618 -1.2685612955 1.2378122186 0.0000000000
8.0640025573 0.6200000000 3.6180532107 -1.2975575741 1.2215815027 0.0000000000
8.0645807252 0.6200000000 3.6168651818 -1.3273605145 1.2049082110 0.0000000000
8.0651588930 0.6200000000 3.6156426263 -1.3579743516 1.1877724540 0.0000000000
8.0657370609 0.6200000000 3.6143933738 -1.3893405026 1.1702289835 0.0000000000
8.0663152287 0.6200000000 3.6131151638 -1.4212467346 1.1523536509 0.0000000000
8.0668933965 0.6200000000 3.6118112840 -1.4538376660 1.1341017589 0.0000000000
8.0674715644 0.6200000000 3.6104623940 -1.4871381087 1.1153860222 0.0000000000
8.0680497322 0.6200000000 3.6091055487 -1.5210596184 1.0963900369 0.0000000000
8.0686279001 0.6200000000 3.6077510025 -1.5555251630 1.0771856344 0.0000000000
8.0692060679 0.6200000000 3.6063600251 -1.5905580272 1.0576085789 0.0000000000
8.0697842358 0.6200000000 3.6049669178 -1.6260989975 1.0378197618 0.0000000000
8.0703624036 0.6200000000 3.6035416868 -1.6621095276 1.0177146258 0.0000000000
8.0709405715 0.6200000000 3.6021195686 -1.6986683921 0.9974026071 0.0000000000
8.0715187393 0.6200000000 3.6006811000 -1.7357213956 0.9768275311 0.0000000000
8.0720969072 0.6200000000 3.5992373508 -1.7731637844 0.9560755789 0.0000000000
8.0726750750 0.6200000000 3.5976942010 -1.8121188533 0.9343209522 0.0000000000
8.0732532429 0.6200000000 3.5960656501 -1.8530874356 0.9114193155 0.0000000000
8.0738314107 0.6200000000 3.5943318684 -1.8966782909 0.8870478466 0.0000000000
8.0744095786 0.6200000000 3.5923760088 -1.9451688932 0.8598281673 0.0000000000
8.0749877464 0.6200000000 3.5901671590 -2.0002133427 0.8289749886 0.0000000000
8.0755659143 0.6200000000 3.5876245441 -2.0638198484 0.7933619264 0.0000000000
8.0761440821 0.6200000000 3.5843908972 -2.1432059993 0.7486728787 0.0000000000
8.0767222500 0.6200000000 3.5802502593 -2.2429039114 0.6922311623 0.0000000000
8.0773004178 0.6200000000 3.5757195179 -2.3509404950 0.6308935631 0.0000000000
8.0778785857 0.6200000000 3.5706155908 -2.4685663609 0.5634275085 0.0000000000
8.0784567535 0.6200000000 3.5652123603 -2.5919310885 0.4924686955 0.0000000000
8.0790349214 0.6200000000 3.5591871676 -2.7258074557 0.4148173778 0.0000000000
8.0796130892 0.6200000000 3.5534942291 -2.8502203014 0.3422804852 0.0000000000
8.0801912571 0.6200000000 3.5394552738 -3.1353391806 0.1720771126 0.0000000000
8.0807694249 0.6200000000 3.5300900000 -3.3232750000 0.0594416895 0.0000000000
