# logAge Mass logTe Mbol logg C/O
-0.5054055187 1.6000000000 3.5879800000 -2.6529500000 0.9708599827 0.0000000000
-0.4612829482 1.6000000000 3.5879842884 -2.6528689060 0.9709095738 0.0000000000
-0.4171603836 1.6000000000 3.5879890407 -2.6527711772 0.9709676744 0.0000000000
-0.3730378250 1.6000000000 3.5879938695 -2.6526577288 0.9710323693 0.0000000000
-0.3289152726 1.6000000000 3.5879983878 -2.6525294759 0.9711017434 0.0000000000
-0.2847927268 1.6000000000 3.5880022941 -2.6523871303 0.9711743068 0.0000000000
-0.2406701902 1.6000000000 3.5880065458 -2.6522284254 0.9712547957 0.0000000000
-0.1965476671 1.6000000000 3.5880130144 -2.6520489234 0.9713524708 0.0000000000
-0.1524251593 1.6000000000 3.5880220665 -2.6518474326 0.9714692757 0.0000000000
-0.1083026656 1.6000000000 3.5880321284 -2.6516269383 0.9715977209 0.0000000000
-0.0641801878 1.6000000000 3.5880417645 -2.6513872706 0.9717321324 0.0000000000
-0.0200577351 1.6000000000 3.5880501093 -2.6511208565 0.9718720774 0.0000000000
0.0240646836 1.6000000000 3.5880573566 -2.6508210935 0.9720209718 0.0000000000
0.0681870655 1.6000000000 3.5880674699 -2.6504887912 0.9721943457 0.0000000000
0.1123094067 1.6000000000 3.5880842003 -2.6501248419 0.9724068471 0.0000000000
0.1564316861 1.6000000000 3.5881035236 -2.6497183429 0.9726467398 0.0000000000
0.2005538756 1.6000000000 3.5881186980 -2.6492541869 0.9728930998 0.0000000000
0.2446759578 1.6000000000 3.5881311714 -2.6487285548 0.9731532462 0.0000000000
0.2887979225 1.6000000000 3.5881481894 -2.6481457662 0.9734544336 0.0000000000
0.3329197602 1.6000000000 3.5881713471 -2.6475072924 0.9738024539 0.0000000000
0.3770414616 1.6000000000 3.5881952167 -2.6468108698 0.9741765017 0.0000000000
0.4211629901 1.6000000000 3.5882171025 -2.6460477981 0.9745692734 0.0000000000
0.4652842520 1.6000000000 3.5882408229 -2.6451965598 0.9750046502 0.0000000000
0.5094051660 1.6000000000 3.5882699183 -2.6442400979 0.9755036166 0.0000000000
0.5535257204 1.6000000000 3.5883039889 -2.6431833484 0.9760625989 0.0000000000
0.5976459004 1.6000000000 3.5883419189 -2.6420322965 0.9766747397 0.0000000000
0.6417655644 1.6000000000 3.5883837835 -2.6407667889 0.9773484011 0.0000000000
0.6858845241 1.6000000000 3.5884300760 -2.6393574002 0.9780973267 0.0000000000
0.7300026491 1.6000000000 3.5884804475 -2.6377919784 0.9789249813 0.0000000000
0.7741198467 1.6000000000 3.5885340219 -2.6360700296 0.9798280586 0.0000000000
0.8182359310 1.6000000000 3.5885917579 -2.6341796336 0.9808151607 0.0000000000
0.8623506068 1.6000000000 3.5886567545 -2.6320952898 0.9819088847 0.0000000000
0.9064635404 1.6000000000 3.5887310209 -2.6297919808 0.9831272740 0.0000000000
0.9505743346 1.6000000000 3.5888141801 -2.6272471503 0.9844778430 0.0000000000
0.9946825837 1.6000000000 3.5889055828 -2.6244405967 0.9859660750 0.0000000000
1.0387878800 1.6000000000 3.5890046023 -2.6213592816 0.9875946792 0.0000000000
1.0828898210 1.6000000000 3.5891115825 -2.6179926717 0.9893692441 0.0000000000
1.1269880396 1.6000000000 3.5892329450 -2.6143362427 0.9913172654 0.0000000000
1.1710821369 1.6000000000 3.5893767700 -2.6103849507 0.9934730825 0.0000000000
1.2151711496 1.6000000000 3.5895425891 -2.6060989272 0.9958507680 0.0000000000
1.2592537127 1.6000000000 3.5897243012 -2.6014145194 0.9984513797 0.0000000000
1.3033277439 1.6000000000 3.5899182567 -2.5962536000 1.0012915696 0.0000000000
1.3473903691 1.6000000000 3.5901237057 -2.5905226562 1.0044057431 0.0000000000
1.3914394879 1.6000000000 3.5903430129 -2.5841739599 1.0078224503 0.0000000000
1.4354745578 1.6000000000 3.5905841981 -2.5772488158 1.0115572486 0.0000000000
1.4794951028 1.6000000000 3.5908552535 -2.5697841338 1.0156273430 0.0000000000
1.5235002781 1.6000000000 3.5911619228 -2.5617680314 1.0200604613 0.0000000000
1.5674874869 1.6000000000 3.5915063922 -2.5531402700 1.0248894435 0.0000000000
1.6114436971 1.6000000000 3.5918716362 -2.5436035101 1.0301651233 0.0000000000
1.6553526086 1.6000000000 3.5922349711 -2.5327943356 1.0359421330 0.0000000000
1.6992071284 1.6000000000 3.5925951080 -2.5206598340 1.0422364812 0.0000000000
1.7430068412 1.6000000000 3.5929661735 -2.5073623410 1.0490397402 0.0000000000
1.7867621938 1.6000000000 3.5933852157 -2.4931974514 1.0563818648 0.0000000000
1.8304883099 1.6000000000 3.5938993035 -2.4784828860 1.0643240421 0.0000000000
1.8741520311 1.6000000000 3.5944550083 -2.4626873644 1.0728650700 0.0000000000
1.9177304495 1.6000000000 3.5950204810 -2.4454680518 1.0820146859 0.0000000000
1.9612563014 1.6000000000 3.5956763212 -2.4274642370 1.0918395725 0.0000000000
2.0047191967 1.6000000000 3.5963955932 -2.4085251926 1.1022922783 0.0000000000
2.0480258572 1.6000000000 3.5970964113 -2.3875049447 1.1135036499 0.0000000000
2.0911589313 1.6000000000 3.5977928469 -2.3643244514 1.1255615896 0.0000000000
2.1341942433 1.6000000000 3.5985583585 -2.3400720319 1.1383246039 0.0000000000
2.1771148314 1.6000000000 3.5993859427 -2.3145761919 1.1518332768 0.0000000000
2.2199216204 1.6000000000 3.6002804698 -2.2879463259 1.1660633315 0.0000000000
2.2626097777 1.6000000000 3.6012384012 -2.2601445489 1.1810157681 0.0000000000
2.3051353142 1.6000000000 3.6022427246 -2.2308527545 1.1967497792 0.0000000000
2.3473577730 1.6000000000 3.6031782546 -2.1989171423 1.2132661443 0.0000000000
2.3894769462 1.6000000000 3.6042307728 -2.1661612872 1.2305785590 0.0000000000
2.4314596218 1.6000000000 3.6053403722 -2.1323415227 1.2485448625 0.0000000000
2.4733036607 1.6000000000 3.6065195778 -2.0974736838 1.2672088202 0.0000000000
2.5148617956 1.6000000000 3.6076591269 -2.0605423152 1.2865395641 0.0000000000
2.5561842493 1.6000000000 3.6088167636 -2.0219804887 1.3065948417 0.0000000000
2.5974227731 1.6000000000 3.6100784630 -1.9828817361 1.3272811403 0.0000000000
2.6385111722 1.6000000000 3.6113773116 -1.9428147767 1.3485033182 0.0000000000
2.6793319545 1.6000000000 3.6126578976 -1.9010806594 1.3703193092 0.0000000000
2.7199298656 1.6000000000 3.6139478271 -1.8580008371 1.3927109561 0.0000000000
2.7604338059 1.6000000000 3.6153176936 -1.8143862242 1.4156362675 0.0000000000
2.8008426524 1.6000000000 3.6167405793 -1.7702344737 1.4389885102 0.0000000000
2.8408671678 1.6000000000 3.6180500642 -1.7239313834 1.4627476861 0.0000000000
2.8808305127 1.6000000000 3.6194568207 -1.6773122977 1.4870223465 0.0000000000
2.9206919075 1.6000000000 3.6209040980 -1.6301577462 1.5116732761 0.0000000000
2.9604907768 1.6000000000 3.6224289535 -1.5826969776 1.5367570057 0.0000000000
2.9999289754 1.6000000000 3.6238287691 -1.5333578184 1.5620919318 0.0000000000
3.0393631055 1.6000000000 3.6253244139 -1.4840173413 1.5878107015 0.0000000000
3.0787987748 1.6000000000 3.6269021189 -1.4346987159 1.6138489719 0.0000000000
3.1177860057 1.6000000000 3.6283056580 -1.3831735931 1.6400731774 0.0000000000
3.1567690922 1.6000000000 3.6297797213 -1.3316380152 1.6665836616 0.0000000000
3.1958082240 1.6000000000 3.6313593596 -1.2803874466 1.6934024422 0.0000000000
3.2345671774 1.6000000000 3.6328311638 -1.2278148950 1.7203186800 0.0000000000
3.2731818713 1.6000000000 3.6342878415 -1.1745738947 1.7474417907 0.0000000000
3.3118589940 1.6000000000 3.6358256430 -1.1216298876 1.7747705996 0.0000000000
3.3504711701 1.6000000000 3.6373878039 -1.0683965071 1.8023125953 0.0000000000
3.3888213970 1.6000000000 3.6388456882 -1.0139719799 1.8299139436 0.0000000000
3.4272958013 1.6000000000 3.6404167728 -0.9601171221 1.8577402250 0.0000000000
3.4657362094 1.6000000000 3.6420120664 -0.9061150159 1.8857222417 0.0000000000
3.5038200944 1.6000000000 3.6434379078 -0.8505296428 1.9136597566 0.0000000000
3.5419621583 1.6000000000 3.6449224969 -0.7952022991 1.9417290507 0.0000000000
3.5801944577 1.6000000000 3.6464937490 -0.7402801880 1.9699829033 0.0000000000
3.6182064031 1.6000000000 3.6479632217 -0.6843961989 1.9982143900 0.0000000000
3.6562226215 1.6000000000 3.6494716925 -0.6285362319 2.0265922597 0.0000000000
3.6942579595 1.6000000000 3.6510023333 -0.5727595587 2.0550254923 0.0000000000
3.7322126097 1.6000000000 3.6525185030 -0.5166439469 2.0835364159 0.0000000000
3.7699910737 1.6000000000 3.6539479382 -0.4597704848 2.1120035413 0.0000000000
3.8078602723 1.6000000000 3.6554386773 -0.4032861686 2.1405602245 0.0000000000
3.8458074537 1.6000000000 3.6569839894 -0.3471377345 2.1692008463 0.0000000000
3.8834437278 1.6000000000 3.6583759474 -0.2896724031 2.1977548111 0.0000000000
3.9211400376 1.6000000000 3.6598031151 -0.2324588797 2.2263488910 0.0000000000
3.9589241156 1.6000000000 3.6612967608 -0.1756187490 2.2550595262 0.0000000000
3.9965808191 1.6000000000 3.6627224750 -0.1182478706 2.2837107343 0.0000000000
4.0341354389 1.6000000000 3.6640953011 -0.0604465231 2.3123225779 0.0000000000
4.0717726590 1.6000000000 3.6655167708 -0.0029890509 2.3409914456 0.0000000000
4.1094566368 1.6000000000 3.6669683499 0.0542720203 2.3697021903 0.0000000000
4.1469010090 1.6000000000 3.6682834778 0.1125269131 2.3982646593 0.0000000000
4.1844053119 1.6000000000 3.6696214890 0.1705374320 2.4268209114 0.0000000000
4.2219933861 1.6000000000 3.6710094888 0.2282003217 2.4554380667 0.0000000000
4.2595671660 1.6000000000 3.6723652892 0.2859252922 2.4839512565 0.0000000000
4.2970103825 1.6000000000 3.6736209246 0.3441932868 2.5122809958 0.0000000000
4.3345840465 1.6000000000 3.6749004374 0.4019307650 2.5404940381 0.0000000000
4.3723346593 1.6000000000 3.6762133517 0.4589374060 2.5685483518 0.0000000000
4.4101935158 1.6000000000 3.6774661496 0.5155022005 2.5961854614 0.0000000000
4.4482178404 1.6000000000 3.6786168159 0.5713801122 2.6231392910 0.0000000000
4.4867295854 1.6000000000 3.6797524614 0.6251305459 2.6491820465 0.0000000000
4.5259315147 1.6000000000 3.6808418190 0.6756681783 2.6737545299 0.0000000000
4.5660179025 1.6000000000 3.6818497794 0.7216626511 2.6961841609 0.0000000000
4.6070161584 1.6000000000 3.6826528249 0.7623523343 2.7156722159 0.0000000000
4.6490320341 1.6000000000 3.6832986095 0.7959471785 2.7316932920 0.0000000000
4.6918417108 1.6000000000 3.6838277840 0.8225863359 2.7444656531 0.0000000000
4.7351283680 1.6000000000 3.6842528597 0.8439275438 2.7547024390 0.0000000000
4.7786320949 1.6000000000 3.6846138952 0.8623123454 2.7635005014 0.0000000000
4.8221941258 1.6000000000 3.6849676306 0.8798210583 2.7719189283 0.0000000000
4.8656833506 1.6000000000 3.6853431625 0.8984283011 2.7808639530 0.0000000000
4.9089683680 1.6000000000 3.6857682492 0.9198004957 2.7911131778 0.0000000000
4.9518641956 1.6000000000 3.6862980181 0.9456047970 2.8035539740 0.0000000000
4.9940223811 1.6000000000 3.6869584582 0.9780878742 2.8191889652 0.0000000000
5.0347103940 1.6000000000 3.6877266536 1.0206367787 2.8392813087 0.0000000000
5.0729037353 1.6000000000 3.6887343192 1.0756733677 2.8653266065 0.0000000000
5.1074240671 1.6000000000 3.6900209041 1.1441744382 2.8978733743 0.0000000000
5.1381085556 1.6000000000 3.6914905932 1.2233009863 2.9354027498 0.0000000000
5.1668460667 1.6000000000 3.6929222822 1.3069209889 2.9745775070 0.0000000000
5.1958565858 1.6000000000 3.6943010654 1.3899571533 3.0133071054 0.0000000000
5.2256995549 1.6000000000 3.6956568064 1.4711310840 3.0511996419 0.0000000000
5.2562916382 1.6000000000 3.6969765507 1.5505480697 3.0882454132 0.0000000000
5.2873284961 1.6000000000 3.6981317408 1.6288957308 3.1242052381 0.0000000000
5.3189761859 1.6000000000 3.6992666999 1.7057028925 3.1594679393 0.0000000000
5.3511753071 1.6000000000 3.7003690009 1.7810670436 3.1940228037 0.0000000000
5.3838611623 1.6000000000 3.7014427311 1.8551127024 3.2279359878 0.0000000000
5.4168571599 1.6000000000 3.7024365790 1.9283021969 3.2611871775 0.0000000000
5.4501344872 1.6000000000 3.7033355916 2.0006981690 3.2937416168 0.0000000000
5.4837514996 1.6000000000 3.7042017802 2.0721094129 3.3257708687 0.0000000000
5.5176721228 1.6000000000 3.7050479844 2.1426194042 3.3573596819 0.0000000000
5.5518612937 1.6000000000 3.7058570380 2.2123168902 3.3884748906 0.0000000000
5.5862857009 1.6000000000 3.7066294917 2.2812894808 3.4191537416 0.0000000000
5.6208506279 1.6000000000 3.7073341263 2.3498263667 3.4493870347 0.0000000000
5.6555489060 1.6000000000 3.7079800744 2.4179442145 3.4792179659 0.0000000000
5.6904525469 1.6000000000 3.7085932425 2.4854050142 3.5086549584 0.0000000000
5.7255452418 1.6000000000 3.7091840851 2.5522513540 3.5377568647 0.0000000000
5.7608599648 1.6000000000 3.7097606999 2.6183635270 3.5665081930 0.0000000000
5.7963788577 1.6000000000 3.7103181457 2.6837894909 3.5949083619 0.0000000000
5.8321130025 1.6000000000 3.7108633980 2.7484792752 3.6229652849 0.0000000000
5.8680876325 1.6000000000 3.7114100531 2.8123305991 3.6506924346 0.0000000000
5.9043201560 1.6000000000 3.7119618709 2.8752635010 3.6780728665 0.0000000000
5.9407630707 1.6000000000 3.7124947481 2.9374331574 3.7050722382 0.0000000000
5.9775267593 1.6000000000 3.7130571186 2.9984090985 3.7317120966 0.0000000000
6.0146601115 1.6000000000 3.7136695618 3.0579649686 3.7579842173 0.0000000000
6.0522064508 1.6000000000 3.7143582441 3.1158734334 3.7839023325 0.0000000000
6.0902232808 1.6000000000 3.7151349988 3.1718225408 3.8093889941 0.0000000000
6.1287818124 1.6000000000 3.7160503354 3.2253895967 3.8344771630 0.0000000000
6.1679552033 1.6000000000 3.7171364930 3.2760687932 3.8590934721 0.0000000000
6.2077428529 1.6000000000 3.7183814453 3.3236352307 3.8830998561 0.0000000000
6.2483402594 1.6000000000 3.7199139361 3.3666454197 3.9064338949 0.0000000000
6.2898297908 1.6000000000 3.7218361787 3.4038172753 3.9289916078 0.0000000000
6.3321966693 1.6000000000 3.7241643547 3.4339707036 3.9503656828 0.0000000000
6.3754692649 1.6000000000 3.7271039202 3.4539549267 3.9701176342 0.0000000000
6.4193209555 1.6000000000 3.7307391680 3.4609346774 3.9874505256 0.0000000000
6.4629935115 1.6000000000 3.7351589535 3.4510436406 4.0011732531 0.0000000000
6.5050401028 1.6000000000 3.7403656483 3.4208284367 4.0099139507 0.0000000000
6.5436830753 1.6000000000 3.7461174920 3.3699247777 4.0125598619 0.0000000000
6.5776062854 1.6000000000 3.7520778391 3.3012048970 4.0089132979 0.0000000000
6.6065046296 1.6000000000 3.7579221776 3.2192730794 3.9995179247 0.0000000000
6.6308247042 1.6000000000 3.7635177324 3.1283679020 3.9855380732 0.0000000000
6.6515348505 1.6000000000 3.7688480265 3.0319109652 3.9682764749 0.0000000000
6.6694907005 1.6000000000 3.7739953210 2.9319871713 3.9488961350 0.0000000000
6.6858826355 1.6000000000 3.7791183124 2.8303816408 3.9287458884 0.0000000000
6.7017638675 1.6000000000 3.7844673622 2.7283410478 3.9093258505 0.0000000000
6.7178150270 1.6000000000 3.7902697515 2.6266233463 3.8918483273 0.0000000000
6.7342117694 1.6000000000 3.7967953590 2.5255269316 3.8775121915 0.0000000000
6.7509857919 1.6000000000 3.8042805491 2.4252372913 3.8673370955 0.0000000000
6.7680247378 1.6000000000 3.8133244163 2.3260411453 3.8638341060 0.0000000000
6.7853192674 1.6000000000 3.8250352594 2.2289074793 3.8718240118 0.0000000000
6.8027275194 1.6000000000 3.8415791712 2.1365162262 3.9010431580 0.0000000000
6.8205148114 1.6000000000 3.8646149656 2.0537777483 3.9600909443 0.0000000000
6.8418548496 1.6000000000 3.8928263117 1.9887174430 4.0469122068 0.0000000000
6.8700289464 1.6000000000 3.9209976537 2.0051810043 4.1661829991 0.0000000000
6.8874724135 1.6000000000 3.9275153769 2.1045288069 4.2319930131 0.0000000000
6.9004539703 1.6000000000 3.9272384201 2.2099186313 4.2730411156 0.0000000000
6.9138940881 1.6000000000 3.9250109652 2.3148162832 4.3060903566 0.0000000000
6.9368514849 1.6000000000 3.9238955105 2.4062520797 4.3382028567 0.0000000000
6.9727777437 1.6000000000 3.9348371480 2.3574635472 4.3624539937 0.0000000000
7.0103899611 1.6000000000 3.9462979336 2.3164000919 4.3918717539 0.0000000000
7.0520463378 1.6000000000 3.9491042707 2.3513210154 4.4170654717 0.0000000000
7.0946869567 1.6000000000 3.9488500000 2.3792000000 4.4271999827 0.0000000000
7.1567089925 1.6000000000 3.9482700000 2.3914500000 4.4297799827 0.0000000000
7.1668139440 1.6000000000 3.9482161081 2.3918910638 4.4297408406 0.0000000000
7.1769191778 1.6000000000 3.9481690557 2.3921895151 4.4296720115 0.0000000000
7.1870246412 1.6000000000 3.9481283319 2.3923634288 4.4295786819 0.0000000000
7.1971302811 1.6000000000 3.9480934260 2.3924308796 4.4294660385 0.0000000000
7.2072360448 1.6000000000 3.9480638271 2.3924099425 4.4293392680 0.0000000000
7.2173418793 1.6000000000 3.9480390243 2.3923186922 4.4292035569 0.0000000000
7.2274477317 1.6000000000 3.9480185070 2.3921752037 4.4290640919 0.0000000000
7.2375535493 1.6000000000 3.9480017641 2.3919975518 4.4289260597 0.0000000000
7.2476592863 1.6000000000 3.9479883126 2.3918019297 4.4287940049 0.0000000000
7.2577649391 1.6000000000 3.9479778278 2.3915937466 4.4286687926 0.0000000000
7.2678705192 1.6000000000 3.9479700416 2.3913745761 4.4285499795 0.0000000000
7.2779760376 1.6000000000 3.9479646857 2.3911459874 4.4284371206 0.0000000000
7.2880815058 1.6000000000 3.9479614921 2.3909095495 4.4283297709 0.0000000000
7.2981869351 1.6000000000 3.9479601925 2.3906668317 4.4282274854 0.0000000000
7.3082923368 1.6000000000 3.9479605188 2.3904194029 4.4281298191 0.0000000000
7.3183977221 1.6000000000 3.9479622028 2.3901688323 4.4280363270 0.0000000000
7.3285031023 1.6000000000 3.9479649765 2.3899166891 4.4279465642 0.0000000000
7.3386084889 1.6000000000 3.9479685715 2.3896645422 4.4278600856 0.0000000000
7.3487138922 1.6000000000 3.9479727290 2.3894138511 4.4277764389 0.0000000000
7.3588193128 1.6000000000 3.9479773053 2.3891646860 4.4276950784 0.0000000000
7.3689247446 1.6000000000 3.9479822364 2.3889161646 4.4276153941 0.0000000000
7.3790301810 1.6000000000 3.9479874595 2.3886673861 4.4275367750 0.0000000000
7.3891356158 1.6000000000 3.9479929119 2.3884174494 4.4274586101 0.0000000000
7.3992410424 1.6000000000 3.9479985310 2.3881654537 4.4273802881 0.0000000000
7.4093464550 1.6000000000 3.9480042611 2.3879105435 4.4273012442 0.0000000000
7.4194518511 1.6000000000 3.9480101086 2.3876522696 4.4272213249 0.0000000000
7.4295572300 1.6000000000 3.9480161130 2.3873903966 4.4271405931 0.0000000000
7.4396625912 1.6000000000 3.9480223138 2.3871246911 4.4270591141 0.0000000000
7.4497679342 1.6000000000 3.9480287506 2.3868549197 4.4269769529 0.0000000000
7.4598732583 1.6000000000 3.9480354631 2.3865808489 4.4268941744 0.0000000000
7.4699785630 1.6000000000 3.9480424902 2.3863022454 4.4268108416 0.0000000000
7.4800838472 1.6000000000 3.9480498401 2.3860188897 4.4267268990 0.0000000000
7.4901891096 1.6000000000 3.9480574749 2.3857305818 4.4266421151 0.0000000000
7.5002943486 1.6000000000 3.9480653530 2.3854371238 4.4265562442 0.0000000000
7.5103995625 1.6000000000 3.9480734327 2.3851383174 4.4264690404 0.0000000000
7.5205047500 1.6000000000 3.9480816724 2.3848339647 4.4263802580 0.0000000000
7.5306099093 1.6000000000 3.9480900304 2.3845238675 4.4262896513 0.0000000000
7.5407150389 1.6000000000 3.9480984869 2.3842078187 4.4261970579 0.0000000000
7.5508201370 1.6000000000 3.9481071083 2.3838855761 4.4261026462 0.0000000000
7.5609252014 1.6000000000 3.9481159820 2.3835568888 4.4260066661 0.0000000000
7.5710302302 1.6000000000 3.9481251957 2.3832215059 4.4259093676 0.0000000000
7.5811352214 1.6000000000 3.9481348369 2.3828791763 4.4258110007 0.0000000000
7.5912401730 1.6000000000 3.9481449854 2.3825296482 4.4257117836 0.0000000000
7.6013450828 1.6000000000 3.9481555278 2.3821726451 4.4256111520 0.0000000000
7.6114499479 1.6000000000 3.9481661495 2.3818078648 4.4255077267 0.0000000000
7.6215547657 1.6000000000 3.9481765266 2.3814350043 4.4254000908 0.0000000000
7.6316595336 1.6000000000 3.9481863351 2.3810537602 4.4252868273 0.0000000000
7.6417642490 1.6000000000 3.9481952898 2.3806638705 4.4251666899 0.0000000000
7.6518689131 1.6000000000 3.9482036764 2.3802656789 4.4250409597 0.0000000000
7.6619735298 1.6000000000 3.9482122171 2.3798599922 4.4249128478 0.0000000000
7.6720781031 1.6000000000 3.9482216450 2.3794476291 4.4247856141 0.0000000000
7.6821826368 1.6000000000 3.9482326893 2.3790294025 4.4246625009 0.0000000000
7.6922871296 1.6000000000 3.9482454798 2.3786052936 4.4245440195 0.0000000000
7.7023915693 1.6000000000 3.9482589072 2.3781735637 4.4244250371 0.0000000000
7.7124959422 1.6000000000 3.9482717088 2.3777322613 4.4242997223 0.0000000000
7.7226002349 1.6000000000 3.9482826299 2.3772794451 4.4241622803 0.0000000000
7.7327044406 1.6000000000 3.9482912772 2.3768142593 4.4240107953 0.0000000000
7.7428085650 1.6000000000 3.9482988692 2.3763378792 4.4238506109 0.0000000000
7.7529126153 1.6000000000 3.9483068010 2.3758517031 4.4236878680 0.0000000000
7.7630165977 1.6000000000 3.9483163830 2.3753569967 4.4235283131 0.0000000000
7.7731205066 1.6000000000 3.9483278350 2.3748533293 4.4233726542 0.0000000000
7.7832243282 1.6000000000 3.9483406239 2.3743390981 4.4232181176 0.0000000000
7.7933280487 1.6000000000 3.9483542002 2.3738126827 4.4230618566 0.0000000000
7.8034316566 1.6000000000 3.9483679030 2.3732728747 4.4229007446 0.0000000000
7.8135351449 1.6000000000 3.9483808857 2.3727191538 4.4227311871 0.0000000000
7.8236385069 1.6000000000 3.9483922891 2.3721510690 4.4225495667 0.0000000000
7.8337417418 1.6000000000 3.9484021125 2.3715688671 4.4223559796 0.0000000000
7.8438448614 1.6000000000 3.9484121874 2.3709742834 4.4221584457 0.0000000000
7.8539478790 1.6000000000 3.9484245514 2.3703692157 4.4219658746 0.0000000000
7.8640507936 1.6000000000 3.9484395473 2.3697538837 4.4217797252 0.0000000000
7.8741535833 1.6000000000 3.9484549255 2.3691259408 4.4215900611 0.0000000000
7.8842562243 1.6000000000 3.9484684022 2.3684828898 4.4213867474 0.0000000000
7.8943586950 1.6000000000 3.9484800091 2.3678230625 4.4211692439 0.0000000000
7.9044609752 1.6000000000 3.9484913568 2.3671453581 4.4209435530 0.0000000000
7.9145630631 1.6000000000 3.9485035956 2.3664501595 4.4207144288 0.0000000000
7.9246650086 1.6000000000 3.9485164845 2.3657420244 4.4204827303 0.0000000000
7.9347668577 1.6000000000 3.9485295830 2.3650251592 4.4202483784 0.0000000000
7.9448685362 1.6000000000 3.9485428739 2.3642936912 4.4200089546 0.0000000000
7.9549699096 1.6000000000 3.9485565598 2.3635366997 4.4197609018 0.0000000000
7.9650709735 1.6000000000 3.9485706046 2.3627540717 4.4195040296 0.0000000000
7.9751718614 1.6000000000 3.9485847233 2.3619571589 4.4192417393 0.0000000000
7.9852726182 1.6000000000 3.9485991508 2.3611501691 4.4189766537 0.0000000000
7.9953731419 1.6000000000 3.9486149191 2.3603254624 4.4187098441 0.0000000000
8.0054733700 1.6000000000 3.9486311945 2.3594783430 4.4184360979 0.0000000000
8.0155733270 1.6000000000 3.9486439592 2.3586107765 4.4181401299 0.0000000000
8.0256729986 1.6000000000 3.9486538359 2.3577225075 4.4178243293 0.0000000000
8.0357723082 1.6000000000 3.9486682085 2.3568095274 4.4175166276 0.0000000000
8.0458713214 1.6000000000 3.9486859522 2.3558764170 4.4172143582 0.0000000000
8.0559702063 1.6000000000 3.9486984951 2.3549339068 4.4168875260 0.0000000000
8.0660687455 1.6000000000 3.9487104903 2.3539689250 4.4165495138 0.0000000000
8.0761666712 1.6000000000 3.9487292490 2.3529652075 4.4162230616 0.0000000000
8.0862642902 1.6000000000 3.9487453850 2.3519417842 4.4158782362 0.0000000000
8.0963617193 1.6000000000 3.9487573635 2.3509066132 4.4155120818 0.0000000000
8.1064586957 1.6000000000 3.9487761869 2.3498448946 4.4151626882 0.0000000000
8.1165552138 1.6000000000 3.9487951392 2.3487560648 4.4148029655 0.0000000000
8.1266512757 1.6000000000 3.9488081581 2.3476406816 4.4144088876 0.0000000000
8.1367467758 1.6000000000 3.9488218277 2.3464941496 4.4140049533 0.0000000000
8.1468420313 1.6000000000 3.9488365022 2.3453339478 4.4135995704 0.0000000000
8.1569368577 1.6000000000 3.9488512286 2.3441510480 4.4131853162 0.0000000000
8.1670307483 1.6000000000 3.9488664276 2.3429191708 4.4127533614 0.0000000000
8.1771244155 1.6000000000 3.9488815425 2.3416755758 4.4123163828 0.0000000000
8.1872173132 1.6000000000 3.9488987148 2.3403943096 4.4118725655 0.0000000000
8.1973093836 1.6000000000 3.9489122409 2.3390721704 4.4113978143 0.0000000000
8.2074012177 1.6000000000 3.9489206070 2.3377387870 4.4108979255 0.0000000000
8.2174922829 1.6000000000 3.9489381405 2.3363699997 4.4104205444 0.0000000000
8.2275822612 1.6000000000 3.9489481862 2.3349514128 4.4098932927 0.0000000000
8.2376704352 1.6000000000 3.9489565419 2.3334550236 4.4093281595 0.0000000000
8.2477574084 1.6000000000 3.9489658881 2.3319085869 4.4087469698 0.0000000000
8.2578435224 1.6000000000 3.9489756326 2.3303277304 4.4081536053 0.0000000000
8.2679285591 1.6000000000 3.9489835157 2.3287043259 4.4075357759 0.0000000000
8.2780125515 1.6000000000 3.9489880150 2.3270407007 4.4068883231 0.0000000000
8.2880956068 1.6000000000 3.9489923248 2.3253420076 4.4062260850 0.0000000000
8.2981776947 1.6000000000 3.9489976780 2.3236078553 4.4055538367 0.0000000000
8.3082586505 1.6000000000 3.9490031832 2.3218324584 4.4048656987 0.0000000000
8.3183383841 1.6000000000 3.9490081783 2.3200133528 4.4041580368 0.0000000000
8.3284168708 1.6000000000 3.9490122591 2.3181509323 4.4034293918 0.0000000000
8.3384940871 1.6000000000 3.9490150286 2.3162456715 4.4026783656 0.0000000000
8.3485700101 1.6000000000 3.9490160898 2.3142980449 4.4019035600 0.0000000000
8.3586446165 1.6000000000 3.9490150459 2.3123085271 4.4011035771 0.0000000000
8.3687178832 1.6000000000 3.9490114998 2.3102775926 4.4002770188 0.0000000000
8.3787897401 1.6000000000 3.9490053305 2.3082043065 4.3994230272 0.0000000000
8.3888596686 1.6000000000 3.9489990709 2.3060741936 4.3985459439 0.0000000000
8.3989276639 1.6000000000 3.9489930855 2.3038874422 4.3976473017 0.0000000000
8.4089949336 1.6000000000 3.9489805187 2.3016799452 4.3967140357 0.0000000000
8.4190592861 1.6000000000 3.9489663905 2.2993909908 4.3957419410 0.0000000000
8.4291226276 1.6000000000 3.9489518498 2.2970745437 4.3947571993 0.0000000000
8.4391836048 1.6000000000 3.9489367986 2.2946947355 4.3937450713 0.0000000000
8.4492422544 1.6000000000 3.9489226204 2.2922541234 4.3927121137 0.0000000000
8.4592987201 1.6000000000 3.9488959562 2.2897585577 4.3916072304 0.0000000000
8.4693527793 1.6000000000 3.9488700330 2.2872034324 4.3904814875 0.0000000000
8.4794051714 1.6000000000 3.9488478636 2.2846071857 4.3893543112 0.0000000000
8.4894545790 1.6000000000 3.9488133183 2.2819404461 4.3881494344 0.0000000000
8.4995022604 1.6000000000 3.9487785245 2.2792333350 4.3869274145 0.0000000000
8.5095465458 1.6000000000 3.9487426608 2.2764485761 4.3856700562 0.0000000000
8.5195872908 1.6000000000 3.9486988056 2.2735860407 4.3843496215 0.0000000000
8.5296259461 1.6000000000 3.9486529684 2.2706782749 4.3830031661 0.0000000000
8.5396614546 1.6000000000 3.9486063589 2.2677033586 4.3816267615 0.0000000000
8.5496936078 1.6000000000 3.9485460213 2.2646601193 4.3801681158 0.0000000000
8.5597217300 1.6000000000 3.9484850933 2.2615351325 4.3786744088 0.0000000000
8.5697471732 1.6000000000 3.9484236198 2.2583568037 4.3771571835 0.0000000000
8.5797679131 1.6000000000 3.9483487227 2.2550889618 4.3755504580 0.0000000000
8.5897855638 1.6000000000 3.9482724738 2.2517628330 4.3739150110 0.0000000000
8.5997992762 1.6000000000 3.9481958954 2.2483637620 4.3722490691 0.0000000000
8.6097883980 1.6000000000 3.9481463744 2.2445346848 4.3705193543 0.0000000000
8.6197893070 1.6000000000 3.9480527486 2.2409116648 4.3686956431 0.0000000000
8.6297885480 1.6000000000 3.9479385057 2.2372619526 4.3667787865 0.0000000000
8.6397838485 1.6000000000 3.9478298149 2.2335441134 4.3648568878 0.0000000000
8.6497740848 1.6000000000 3.9477046857 2.2297456442 4.3628369831 0.0000000000
8.6597574570 1.6000000000 3.9475726679 2.2258370807 4.3607454866 0.0000000000
8.6697365026 1.6000000000 3.9474334686 2.2218621033 4.3585986982 0.0000000000
8.6797092524 1.6000000000 3.9472905227 2.2177897617 4.3563979780 0.0000000000
8.6896725618 1.6000000000 3.9471340665 2.2135786326 4.3540877016 0.0000000000
8.6996329685 1.6000000000 3.9469729443 2.2093260867 4.3517421946 0.0000000000
8.7095850685 1.6000000000 3.9467973534 2.2049572164 4.3492922827 0.0000000000
8.7195269272 1.6000000000 3.9466160354 2.2004463738 4.3467626739 0.0000000000
8.7294635801 1.6000000000 3.9464302104 2.1958661922 4.3441873012 0.0000000000
8.7393918196 1.6000000000 3.9462252069 2.1911762465 4.3414913090 0.0000000000
8.7492816867 1.6000000000 3.9460469467 2.1860088087 4.3387112930 0.0000000000
8.7591807119 1.6000000000 3.9457995066 2.1809645020 4.3357038100 0.0000000000
8.7690533217 1.6000000000 3.9455292490 2.1756099916 4.3324809754 0.0000000000
8.7789176939 1.6000000000 3.9452334571 2.1701699564 4.3291217935 0.0000000000
8.7887671640 1.6000000000 3.9449294330 2.1645660105 4.3256641189 0.0000000000
8.7986045243 1.6000000000 3.9446159864 2.1588341553 4.3221175905 0.0000000000
8.8084290809 1.6000000000 3.9442706371 2.1529783125 4.3183938562 0.0000000000
8.8182359004 1.6000000000 3.9439277041 2.1469381376 4.3146060540 0.0000000000
8.8280040507 1.6000000000 3.9435861540 2.1405337255 4.3106780887 0.0000000000
8.8377780826 1.6000000000 3.9431923303 2.1341886762 4.3065647742 0.0000000000
8.8475413301 1.6000000000 3.9427833521 2.1277464387 4.3023519665 0.0000000000
8.8572840550 1.6000000000 3.9423511226 2.1211225033 4.2979734742 0.0000000000
8.8670115077 1.6000000000 3.9418964595 2.1143685173 4.2934532277 0.0000000000
8.8767173851 1.6000000000 3.9414285647 2.1074285585 4.2888056648 0.0000000000
8.8864020356 1.6000000000 3.9409371856 2.1003156511 4.2839949853 0.0000000000
8.8960647984 1.6000000000 3.9404195607 2.0930307581 4.2790105287 0.0000000000
8.9057042832 1.6000000000 3.9398847880 2.0855629437 4.2738843119 0.0000000000
8.9153178443 1.6000000000 3.9393136385 2.0779056166 4.2685367832 0.0000000000
8.9249091669 1.6000000000 3.9387209963 2.0700860892 4.2630384036 0.0000000000
8.9344539748 1.6000000000 3.9381346194 2.0619281673 4.2574297271 0.0000000000
8.9439817074 1.6000000000 3.9374859592 2.0536652058 4.2515299018 0.0000000000
8.9534582674 1.6000000000 3.9367525772 2.0450880438 4.2451655090 0.0000000000
8.9628455681 1.6000000000 3.9359372555 2.0359562528 4.2382515058 0.0000000000
8.9721880277 1.6000000000 3.9350791926 2.0265658203 4.2310630811 0.0000000000
8.9814771939 1.6000000000 3.9341983210 2.0168716837 4.2236619400 0.0000000000
8.9907577836 1.6000000000 3.9332413154 2.0071632101 4.2159505285 0.0000000000
9.0000215956 1.6000000000 3.9322650404 1.9973698396 4.2081280801 0.0000000000
9.0091979565 1.6000000000 3.9312387165 1.9871136188 4.1999202963 0.0000000000
9.0183613234 1.6000000000 3.9301089310 1.9768414568 4.1912922893 0.0000000000
9.0274806226 1.6000000000 3.9289236675 1.9663658053 4.1823609750 0.0000000000
9.0365341512 1.6000000000 3.9276927009 1.9555784123 4.1731221513 0.0000000000
9.0455664978 1.6000000000 3.9263774685 1.9447365067 4.1635244593 0.0000000000
9.0545465298 1.6000000000 3.9249972812 1.9336796315 4.1535809602 0.0000000000
9.0634264315 1.6000000000 3.9234537120 1.9222851802 4.1428489027 0.0000000000
9.0721686863 1.6000000000 3.9216619670 1.9104302479 4.1309399500 0.0000000000
9.0808234794 1.6000000000 3.9197539864 1.8982924956 4.1184529263 0.0000000000
9.0894255619 1.6000000000 3.9177619106 1.8860109973 4.1055720240 0.0000000000
9.0979809716 1.6000000000 3.9156204443 1.8736764428 4.0920723370 0.0000000000
9.1064549851 1.6000000000 3.9133658197 1.8611249281 4.0780332328 0.0000000000
9.1148835859 1.6000000000 3.9109435058 1.8485722013 4.0633228865 0.0000000000
9.1232399168 1.6000000000 3.9083926462 1.8358809565 4.0480429502 0.0000000000
9.1315573869 1.6000000000 3.9056700000 1.8232500000 4.0320999827 0.0000000000
9.1327679165 1.6000000000 3.9052400000 1.8214000000 4.0296399827 0.0000000000
9.1341296417 1.6000000000 3.9046998849 1.8192518684 4.0266202696 0.0000000000
9.1354684078 1.6000000000 3.9041574975 1.8170183802 4.0235573247 0.0000000000
9.1368061610 1.6000000000 3.9035910037 1.8148172075 4.0204108806 0.0000000000
9.1381470467 1.6000000000 3.9030280569 1.8126220893 4.0172810461 0.0000000000
9.1394823957 1.6000000000 3.9024533220 1.8104250651 4.0141032969 0.0000000000
9.1408205439 1.6000000000 3.9018777671 1.8082399690 4.0109270387 0.0000000000
9.1421543966 1.6000000000 3.9012962919 1.8060482633 4.0077244554 0.0000000000
9.1434865209 1.6000000000 3.9007069913 1.8038630558 4.0044931701 0.0000000000
9.1448094571 1.6000000000 3.9001163417 1.8016456666 4.0012436162 0.0000000000
9.1461341269 1.6000000000 3.8995199422 1.7994453395 3.9979778871 0.0000000000
9.1474615739 1.6000000000 3.8989067578 1.7972835120 3.9946604187 0.0000000000
9.1487839400 1.6000000000 3.8982922885 1.7951046070 3.9913309795 0.0000000000
9.1501048548 1.6000000000 3.8976753641 1.7929245214 3.9879912475 0.0000000000
9.1514234471 1.6000000000 3.8970469219 1.7907563042 3.9846101921 0.0000000000
9.1527419531 1.6000000000 3.8964059118 1.7886108214 3.9811879584 0.0000000000
9.1540628097 1.6000000000 3.8957652244 1.7864738696 3.9777704282 0.0000000000
9.1553725489 1.6000000000 3.8951141930 1.7843136977 3.9743022338 0.0000000000
9.1566864685 1.6000000000 3.8944599390 1.7821759244 3.9708301082 0.0000000000
9.1579927695 1.6000000000 3.8938035748 1.7800130143 3.9673394875 0.0000000000
9.1592975605 1.6000000000 3.8931245089 1.7778883386 3.9637733535 0.0000000000
9.1606042543 1.6000000000 3.8924531691 1.7757558526 3.9602350000 0.0000000000
9.1619105888 1.6000000000 3.8917679633 1.7736493792 3.9566515874 0.0000000000
9.1632075996 1.6000000000 3.8910817988 1.7715092967 3.9530508967 0.0000000000
9.1645085095 1.6000000000 3.8903825996 1.7694106793 3.9494146527 0.0000000000
9.1658022691 1.6000000000 3.8896724888 1.7673076622 3.9457330026 0.0000000000
9.1670978097 1.6000000000 3.8889628753 1.7652105482 3.9420557032 0.0000000000
9.1683871664 1.6000000000 3.8882384094 1.7631211438 3.9383220779 0.0000000000
9.1696765156 1.6000000000 3.8875066271 1.7610476774 3.9345655619 0.0000000000
9.1709615366 1.6000000000 3.8867686352 1.7589711505 3.9307829837 0.0000000000
9.1722464931 1.6000000000 3.8860262010 1.7569045283 3.9269865980 0.0000000000
9.1735271465 1.6000000000 3.8852833263 1.7548220762 3.9231821183 0.0000000000
9.1747989232 1.6000000000 3.8845099911 1.7527761380 3.9192704023 0.0000000000
9.1760755424 1.6000000000 3.8837404795 1.7507390679 3.9153775277 0.0000000000
9.1773448592 1.6000000000 3.8829715607 1.7486727861 3.9114753400 0.0000000000
9.1786211989 1.6000000000 3.8821930219 1.7466564352 3.9075546444 0.0000000000
9.1798907104 1.6000000000 3.8814045117 1.7446371117 3.9035928743 0.0000000000
9.1811539128 1.6000000000 3.8806062490 1.7426173813 3.8995919311 0.0000000000
9.1824196476 1.6000000000 3.8798013654 1.7406238484 3.8955749837 0.0000000000
9.1836499525 1.6000000000 3.8789053565 1.7387413532 3.8912379500 0.0000000000
9.1848393632 1.6000000000 3.8779889609 1.7367547585 3.8867777298 0.0000000000
9.1860276200 1.6000000000 3.8770636662 1.7347900112 3.8822906520 0.0000000000
9.1872084648 1.6000000000 3.8761318189 1.7328163929 3.8777738152 0.0000000000
9.1883887426 1.6000000000 3.8751923388 1.7308636728 3.8732348068 0.0000000000
9.1895651016 1.6000000000 3.8742431633 1.7289257415 3.8686629324 0.0000000000
9.1907353957 1.6000000000 3.8732794121 1.7270096039 3.8640414727 0.0000000000
9.1919061762 1.6000000000 3.8723116012 1.7251083099 3.8594097113 0.0000000000
9.1930700432 1.6000000000 3.8713347791 1.7232092337 3.8547427926 0.0000000000
9.1942375982 1.6000000000 3.8703549687 1.7213342804 3.8500735696 0.0000000000
9.1953918014 1.6000000000 3.8693613642 1.7194525810 3.8453464719 0.0000000000
9.1965460876 1.6000000000 3.8683629680 1.7175873769 3.8406068053 0.0000000000
9.1977003640 1.6000000000 3.8673598049 1.7157382006 3.8358544825 0.0000000000
9.1988477145 1.6000000000 3.8663415988 1.7139136550 3.8310518399 0.0000000000
9.1999954637 1.6000000000 3.8653199700 1.7121033919 3.8262412193 0.0000000000
9.2011508215 1.6000000000 3.8643592960 1.7101656468 3.8216234252 0.0000000000
9.2023016240 1.6000000000 3.8633085282 1.7084723653 3.8167430415 0.0000000000
9.2034378253 1.6000000000 3.8622637466 1.7066988789 3.8118545207 0.0000000000
9.2045724662 1.6000000000 3.8612164473 1.7049283854 3.8069571260 0.0000000000
9.2057001856 1.6000000000 3.8601603060 1.7031636230 3.8020266560 0.0000000000
9.2068271246 1.6000000000 3.8590975539 1.7014208122 3.7970785230 0.0000000000
9.2079476491 1.6000000000 3.8580276887 1.6996794472 3.7921025163 0.0000000000
9.2090676740 1.6000000000 3.8569620166 1.6979193688 3.7871357965 0.0000000000
9.2101882304 1.6000000000 3.8558916444 1.6961792154 3.7821582466 0.0000000000
9.2113061798 1.6000000000 3.8548195563 1.6944351947 3.7771722859 0.0000000000
9.2124168069 1.6000000000 3.8537369692 1.6927025937 3.7721488970 0.0000000000
9.2135291222 1.6000000000 3.8526621170 1.6909472491 3.7671473502 0.0000000000
9.2146378253 1.6000000000 3.8515832238 1.6891925232 3.7621298871 0.0000000000
9.2157466812 1.6000000000 3.8505072076 1.6874276512 3.7571198734 0.0000000000
9.2168553311 1.6000000000 3.8494371713 1.6856398516 3.7521246085 0.0000000000
9.2179567967 1.6000000000 3.8483641522 1.6838348394 3.7471105273 0.0000000000
9.2190481879 1.6000000000 3.8472645719 1.6821165294 3.7420248819 0.0000000000
9.2200677744 1.6000000000 3.8460521729 1.6805864824 3.7365632672 0.0000000000
9.2210756148 1.6000000000 3.8448538426 1.6789393966 3.7311111119 0.0000000000
9.2220709527 1.6000000000 3.8436568545 1.6772394094 3.7256431643 0.0000000000
9.2230714586 1.6000000000 3.8424690933 1.6755183513 3.7202036965 0.0000000000
9.2240835445 1.6000000000 3.8413036731 1.6737466461 3.7148333335 0.0000000000
9.2250967886 1.6000000000 3.8401589875 1.6718948897 3.7095138884 0.0000000000
9.2261069009 1.6000000000 3.8390216275 1.6700051833 3.7042085659 0.0000000000
9.2271150488 1.6000000000 3.8379050676 1.6680329827 3.6989534463 0.0000000000
9.2281252005 1.6000000000 3.8368190544 1.6659634356 3.6937815743 0.0000000000
9.2291436390 1.6000000000 3.8357886383 1.6637469947 3.6887733339 0.0000000000
9.2301561713 1.6000000000 3.8347999428 1.6613990067 3.6838793565 0.0000000000
9.2311580879 1.6000000000 3.8338609548 1.6589004646 3.6791239877 0.0000000000
9.2321432917 1.6000000000 3.8329751805 1.6562442616 3.6745184092 0.0000000000
9.2331050388 1.6000000000 3.8321829507 1.6533601790 3.6701958570 0.0000000000
9.2340442735 1.6000000000 3.8314982936 1.6502669795 3.6662199488 0.0000000000
9.2349465496 1.6000000000 3.8309491664 1.6469438697 3.6626941960 0.0000000000
9.2357962629 1.6000000000 3.8305221711 1.6434282440 3.6595799645 0.0000000000
9.2365904377 1.6000000000 3.8302143245 1.6397568132 3.6568800060 0.0000000000
9.2373184168 1.6000000000 3.8300509843 1.6359440739 3.6547015495 0.0000000000
9.2379753005 1.6000000000 3.8300111248 1.6320296564 3.6529763444 0.0000000000
9.2385628819 1.6000000000 3.8300920645 1.6280520843 3.6517090746 0.0000000000
9.2390854484 1.6000000000 3.8302781320 1.6240388428 3.6508480476 0.0000000000
9.2395540545 1.6000000000 3.8305604314 1.6200196660 3.6503695746 0.0000000000
9.2399744875 1.6000000000 3.8309055736 1.6159973434 3.6501412145 0.0000000000
9.2403526854 1.6000000000 3.8313277200 1.6119946715 3.6502287311 0.0000000000
9.2406938212 1.6000000000 3.8318028730 1.6080080837 3.6505347080 0.0000000000
9.2409935292 1.6000000000 3.8323351178 1.6040473430 3.6510793910 0.0000000000
9.2412633861 1.6000000000 3.8329193487 1.6001175092 3.6518443812 0.0000000000
9.2415113590 1.6000000000 3.8335435301 1.5962169098 3.6527808669 0.0000000000
9.2417368215 1.6000000000 3.8341989213 1.5923397127 3.6538515531 0.0000000000
9.2419423657 1.6000000000 3.8348773146 1.5884802179 3.6550213282 0.0000000000
9.2421271370 1.6000000000 3.8355703048 1.5846306348 3.6562534559 0.0000000000
9.2422948854 1.6000000000 3.8362842001 1.5807999177 3.6575767502 0.0000000000
9.2424506629 1.6000000000 3.8370258565 1.5769997148 3.6590232946 0.0000000000
9.2425926923 1.6000000000 3.8378058016 1.5732441540 3.6606408505 0.0000000000
9.2427245074 1.6000000000 3.8386008037 1.5695057504 3.6623254978 0.0000000000
9.2428459596 1.6000000000 3.8394027827 1.5657748434 3.6640410509 0.0000000000
9.2429591371 1.6000000000 3.8402182699 1.5620606350 3.6658173162 0.0000000000
9.2430637971 1.6000000000 3.8410379445 1.5583502122 3.6676118456 0.0000000000
9.2431615273 1.6000000000 3.8418629534 1.5546458017 3.6694301170 0.0000000000
9.2432503090 1.6000000000 3.8427079310 1.5509691959 3.6713393851 0.0000000000
9.2433315333 1.6000000000 3.8435540009 1.5472920022 3.6732527873 0.0000000000
9.2434079631 1.6000000000 3.8444077306 1.5436255997 3.6752011451 0.0000000000
9.2434799816 1.6000000000 3.8452574190 1.5399527930 3.6771307757 0.0000000000
9.2435475429 1.6000000000 3.8461247758 1.5363053204 3.6791412142 0.0000000000
9.2436111820 1.6000000000 3.8469871099 1.5326502435 3.6811285198 0.0000000000
9.2436707438 1.6000000000 3.8478657303 1.5290186361 3.6831903581 0.0000000000
9.2437265672 1.6000000000 3.8487272733 1.5253613680 3.6851736229 0.0000000000
9.2437793479 1.6000000000 3.8495972159 1.5217159421 3.6871952231 0.0000000000
9.2438288810 1.6000000000 3.8504704715 1.5180753732 3.6892320181 0.0000000000
9.2438757307 1.6000000000 3.8513318971 1.5144168158 3.6912142974 0.0000000000
9.2439196401 1.6000000000 3.8521889108 1.5107516119 3.6931762704 0.0000000000
9.2439603980 1.6000000000 3.8530426957 1.5070814833 3.6951233588 0.0000000000
9.2439985697 1.6000000000 3.8538854813 1.5033951737 3.6970199773 0.0000000000
9.2440342969 1.6000000000 3.8547269670 1.4997074393 3.6989108264 0.0000000000
9.2440683400 1.6000000000 3.8555594072 1.4960063105 3.7007601356 0.0000000000
9.2441007943 1.6000000000 3.8563955442 1.4923103225 3.7026262886 0.0000000000
9.2441315565 1.6000000000 3.8572288089 1.4886102005 3.7044792985 0.0000000000
9.2441606916 1.6000000000 3.8580706474 1.4849221938 3.7063714497 0.0000000000
9.2441885820 1.6000000000 3.8588974117 1.4812129703 3.7081948175 0.0000000000
9.2442149908 1.6000000000 3.8597260009 1.4775063141 3.7100265118 0.0000000000
9.2442398466 1.6000000000 3.8605436683 1.4737846322 3.7118085089 0.0000000000
9.2442634252 1.6000000000 3.8613463296 1.4700422099 3.7135221852 0.0000000000
9.2442855748 1.6000000000 3.8621472452 1.4662975588 3.7152279872 0.0000000000
9.2443065096 1.6000000000 3.8629298037 1.4625287096 3.7168506814 0.0000000000
9.2443264616 1.6000000000 3.8637148011 1.4587630335 3.7184844006 0.0000000000
9.2443454635 1.6000000000 3.8644988118 1.4549960376 3.7201136449 0.0000000000
9.2443636765 1.6000000000 3.8652675321 1.4512092598 3.7216738149 0.0000000000
9.2443810139 1.6000000000 3.8660359716 1.4474224659 3.7232328555 0.0000000000
9.2443976003 1.6000000000 3.8668010681 1.4436312602 3.7247767591 0.0000000000
9.2444133226 1.6000000000 3.8675542305 1.4398249068 3.7262668674 0.0000000000
9.2444282764 1.6000000000 3.8683063005 1.4360172043 3.7277520664 0.0000000000
9.2444426257 1.6000000000 3.8690410818 1.4321886481 3.7291597691 0.0000000000
9.2444563287 1.6000000000 3.8697791695 1.4283636728 3.7305821298 0.0000000000
9.2444693475 1.6000000000 3.8705007456 1.4245193939 3.7319307226 0.0000000000
9.2444817852 1.6000000000 3.8712192277 1.4206714154 3.7332654595 0.0000000000
9.2444937538 1.6000000000 3.8719349334 1.4168197963 3.7345876347 0.0000000000
9.2445051674 1.6000000000 3.8726414914 1.4129580152 3.7358691543 0.0000000000
9.2445161623 1.6000000000 3.8733390398 1.4090861331 3.7371105951 0.0000000000
9.2445266384 1.6000000000 3.8740271766 1.4052032438 3.7383099866 0.0000000000
9.2445366884 1.6000000000 3.8747129485 1.4013177928 3.7394988939 0.0000000000
9.2445463082 1.6000000000 3.8753849760 1.3974172456 3.7406267849 0.0000000000
9.2445555960 1.6000000000 3.8760554049 1.3935150418 3.7417476188 0.0000000000
9.2445645866 1.6000000000 3.8767224786 1.3896091948 3.7428535751 0.0000000000
9.2445732228 1.6000000000 3.8773831688 1.3856965555 3.7439312801 0.0000000000
9.2445815747 1.6000000000 3.8780307763 1.3817703242 3.7449512177 0.0000000000
9.2445896151 1.6000000000 3.8786786833 1.3778443571 3.7459724588 0.0000000000
9.2445974243 1.6000000000 3.8793179006 1.3739095073 3.7469553881 0.0000000000
9.2446049230 1.6000000000 3.8799523511 1.3699699786 3.7479173785 0.0000000000
9.2446122349 1.6000000000 3.8805764770 1.3660199878 3.7488338856 0.0000000000
9.2446192552 1.6000000000 3.8811996329 1.3620690482 3.7497461335 0.0000000000
9.2446261401 1.6000000000 3.8818112018 1.3581068252 3.7506075198 0.0000000000
9.2446328163 1.6000000000 3.8824252049 1.3541469880 3.7514795973 0.0000000000
9.2446393541 1.6000000000 3.8830195965 1.3501684100 3.7522657327 0.0000000000
9.2446457215 1.6000000000 3.8836193311 1.3461948969 3.7530752660 0.0000000000
9.2446520144 1.6000000000 3.8842123011 1.3422151235 3.7538552363 0.0000000000
9.2446581789 1.6000000000 3.8848065350 1.3382364359 3.7546406971 0.0000000000
9.2446643170 1.6000000000 3.8853847758 1.3342430630 3.7553563113 0.0000000000
9.2446704152 1.6000000000 3.8859668466 1.3302531596 3.7560886329 0.0000000000
9.2446765613 1.6000000000 3.8865445675 1.3262591709 3.7568019212 0.0000000000
9.2446828755 1.6000000000 3.8871287187 1.3222715024 3.7575434586 0.0000000000
9.2446895769 1.6000000000 3.8877080946 1.3182844322 3.7582661339 0.0000000000
9.2446968372 1.6000000000 3.8883137749 1.3142782398 3.7590863781 0.0000000000
9.2447072650 1.6000000000 3.8889548063 1.3105093792 3.7601429595 0.0000000000
9.2447300620 1.6000000000 3.8896363207 1.3093047495 3.7623871653 0.0000000000
9.2447387269 1.6000000000 3.8894226066 1.3135031319 3.7632116616 0.0000000000
9.2447435905 1.6000000000 3.8891156004 1.3176843923 3.7636561411 0.0000000000
9.2447465499 1.6000000000 3.8887589084 1.3218697986 3.7639035358 0.0000000000
9.2447501457 1.6000000000 3.8884151715 1.3260259950 3.7641910668 0.0000000000
9.2447537233 1.6000000000 3.8880660087 1.3301685278 3.7644514286 0.0000000000
9.2447567935 1.6000000000 3.8876977545 1.3343091617 3.7646346654 0.0000000000
9.2447594559 1.6000000000 3.8873129023 1.3384476967 3.7647506705 0.0000000000
9.2447618954 1.6000000000 3.8869162791 1.3425822052 3.7648179810 0.0000000000
9.2447642841 1.6000000000 3.8865122972 1.3467108767 3.7648535222 0.0000000000
9.2447666757 1.6000000000 3.8861015798 1.3508329731 3.7648594911 0.0000000000
9.2447690608 1.6000000000 3.8856827196 1.3549483307 3.7648301933 0.0000000000
9.2447714294 1.6000000000 3.8852542900 1.3590567914 3.7647598590 0.0000000000
9.2447737713 1.6000000000 3.8848148645 1.3631581966 3.7646427191 0.0000000000
9.2447760822 1.6000000000 3.8843631013 1.3672520925 3.7644732250 0.0000000000
9.2447783727 1.6000000000 3.8838978935 1.3713372071 3.7642464397 0.0000000000
9.2447806561 1.6000000000 3.8834181743 1.3754121277 3.7639575311 0.0000000000
9.2447829460 1.6000000000 3.8829228770 1.3794754418 3.7636016672 0.0000000000
9.2447852556 1.6000000000 3.8824109347 1.3835257367 3.7631740160 0.0000000000
9.2447875982 1.6000000000 3.8818812807 1.3875616000 3.7626697455 0.0000000000
9.2447899874 1.6000000000 3.8813328484 1.3915816189 3.7620840237 0.0000000000
9.2447924363 1.6000000000 3.8807645709 1.3955843810 3.7614120185 0.0000000000
9.2447949585 1.6000000000 3.8801753815 1.3995684736 3.7606488979 0.0000000000
9.2447975672 1.6000000000 3.8795642134 1.4035324841 3.7597898300 0.0000000000
9.2448002758 1.6000000000 3.8789300000 1.4074750000 3.7588299827 0.0000000000
9.2448255856 1.6000000000 3.8728000000 1.4356250000 3.7455699827 0.0000000000
9.2448448836 1.6000000000 3.8682586269 1.4445960313 3.7309929026 0.0000000000
9.2448709928 1.6000000000 3.8626641737 1.4426544358 3.7078384517 0.0000000000
9.2448940860 1.6000000000 3.8582367517 1.4332603469 3.6863711282 0.0000000000
9.2449160880 1.6000000000 3.8544170983 1.4223014400 3.6667089518 0.0000000000
9.2449393108 1.6000000000 3.8507015529 1.4111207632 3.6473744996 0.0000000000
9.2449654962 1.6000000000 3.8468222047 1.4002945800 3.6275266335 0.0000000000
9.2449962180 1.6000000000 3.8426322556 1.3902218812 3.6067377574 0.0000000000
9.2450330925 1.6000000000 3.8380473494 1.3812894767 3.5848251711 0.0000000000
9.2450776761 1.6000000000 3.8330873521 1.3737160425 3.5619558081 0.0000000000
9.2451325875 1.6000000000 3.8277987313 1.3676974005 3.5383938680 0.0000000000
9.2451998091 1.6000000000 3.8222378804 1.3634944753 3.5144692944 0.0000000000
9.2452834859 1.6000000000 3.8164878348 1.3614393485 3.4906470614 0.0000000000
9.2453902890 1.6000000000 3.8106849085 1.3619130706 3.4676248449 0.0000000000
9.2455239014 1.6000000000 3.8050624975 1.3655095408 3.4465737891 0.0000000000
9.2456733684 1.6000000000 3.7999125407 1.3722042024 3.4286518263 0.0000000000
9.2458238493 1.6000000000 3.7953263693 1.3811159233 3.4138718294 0.0000000000
9.2459718376 1.6000000000 3.7913919826 1.3918070654 3.4024107390 0.0000000000
9.2461093636 1.6000000000 3.7879297459 1.4034701582 3.3932270296 0.0000000000
9.2462365980 1.6000000000 3.7849103718 1.4158930943 3.3861187077 0.0000000000
9.2463525036 1.6000000000 3.7821800116 1.4287221390 3.3803288847 0.0000000000
9.2464589084 1.6000000000 3.7797333603 1.4419062153 3.3758159099 0.0000000000
9.2465563653 1.6000000000 3.7774989987 1.4553252300 3.3722460695 0.0000000000
9.2466458994 1.6000000000 3.7753926144 1.4688742886 3.3692401557 0.0000000000
9.2467292391 1.6000000000 3.7734890373 1.4826044098 3.3671178957 0.0000000000
9.2468070670 1.6000000000 3.7717465273 1.4964734903 3.3656954881 0.0000000000
9.2468793572 1.6000000000 3.7700370331 1.5103675065 3.3644151177 0.0000000000
9.2469471900 1.6000000000 3.7683899332 1.5243055903 3.3634019515 0.0000000000
9.2470116708 1.6000000000 3.7668495151 1.5383211934 3.3628465203 0.0000000000
9.2470731907 1.6000000000 3.7653874685 1.5523907099 3.3626261407 0.0000000000
9.2471320557 1.6000000000 3.7639724892 1.5664891556 3.3626056018 0.0000000000
9.2471886330 1.6000000000 3.7625923535 1.5806087835 3.3627329101 0.0000000000
9.2472432737 1.6000000000 3.7612368905 1.5947436507 3.3629650051 0.0000000000
9.2472962833 1.6000000000 3.7598948722 1.6088867131 3.3632541569 0.0000000000
9.2473480176 1.6000000000 3.7585634907 1.6230359765 3.3635883362 0.0000000000
9.2473989113 1.6000000000 3.7572521211 1.6371968475 3.3640072061 0.0000000000
9.2474492968 1.6000000000 3.7559565329 1.6513668916 3.3644928710 0.0000000000
9.2474994000 1.6000000000 3.7546582980 1.6655354548 3.3649673566 0.0000000000
9.2475494987 1.6000000000 3.7533482428 1.6796971607 3.3653918183 0.0000000000
9.2475999374 1.6000000000 3.7520217743 1.6938492477 3.3657467788 0.0000000000
9.2476512244 1.6000000000 3.7506655967 1.7079839810 3.3659759620 0.0000000000
9.2477040064 1.6000000000 3.7492624497 1.7220901899 3.3660058575 0.0000000000
9.2477591495 1.6000000000 3.7477924163 1.7361524061 3.3657506104 0.0000000000
9.2478178381 1.6000000000 3.7462326756 1.7501557850 3.3651129991 0.0000000000
9.2478820709 1.6000000000 3.7445496671 1.7640723292 3.3639475826 0.0000000000
9.2479561417 1.6000000000 3.7426655811 1.7778107454 3.3619066052 0.0000000000
9.2480462359 1.6000000000 3.7403733539 1.7912040277 3.3580950094 0.0000000000
9.2481937123 1.6000000000 3.7369163832 1.8028462871 3.3489240304 0.0000000000
9.2484089004 1.6000000000 3.7322989395 1.7976946954 3.3283936187 0.0000000000
9.2485280088 1.6000000000 3.7299923500 1.7843639359 3.3138349569 0.0000000000
9.2486150486 1.6000000000 3.7284881928 1.7703229385 3.3022019294 0.0000000000
9.2486883489 1.6000000000 3.7273568917 1.7560649733 3.2919735387 0.0000000000
9.2487563425 1.6000000000 3.7263002375 1.7417735872 3.2820303674 0.0000000000
9.2488195150 1.6000000000 3.7253379359 1.7274381545 3.2724469878 0.0000000000
9.2488780933 1.6000000000 3.7245100315 1.7130505868 3.2633803434 0.0000000000
9.2489336991 1.6000000000 3.7237815817 1.6986295028 3.2546981105 0.0000000000
9.2489870781 1.6000000000 3.7231304960 1.6841854677 3.2463161537 0.0000000000
9.2490389246 1.6000000000 3.7225276105 1.6697283247 3.2381217546 0.0000000000
9.2490901018 1.6000000000 3.7219324081 1.6552691458 3.2299572732 0.0000000000
9.2491406753 1.6000000000 3.7213396277 1.6408094302 3.2218022655 0.0000000000
9.2491903255 1.6000000000 3.7207634061 1.6263454985 3.2137118066 0.0000000000
9.2492391437 1.6000000000 3.7202094920 1.6118760102 3.2057083547 0.0000000000
9.2492872336 1.6000000000 3.7196836143 1.5973999442 3.1978144175 0.0000000000
9.2493344674 1.6000000000 3.7191966050 1.5829155519 3.1900726236 0.0000000000
9.2493809455 1.6000000000 3.7187440060 1.5684240564 3.1824656293 0.0000000000
9.2494270728 1.6000000000 3.7183030601 1.5539301953 3.1749043012 0.0000000000
9.2494728687 1.6000000000 3.7178784783 1.5394334518 3.1674072767 0.0000000000
9.2495181474 1.6000000000 3.7174871250 1.5249308532 3.1600408239 0.0000000000
9.2495632034 1.6000000000 3.7170982831 1.5104277839 3.1526842288 0.0000000000
9.2496083326 1.6000000000 3.7166826534 1.4959293835 3.1452223495 0.0000000000
9.2496533641 1.6000000000 3.7162612338 1.4814319619 3.1377377027 0.0000000000
9.2496981439 1.6000000000 3.7158525573 1.4669322993 3.1303031315 0.0000000000
9.2497426448 1.6000000000 3.7154602472 1.4524298333 3.1229329048 0.0000000000
9.2497868767 1.6000000000 3.7150788015 1.4379255137 3.1156053942 0.0000000000
9.2498308663 1.6000000000 3.7147005594 1.4234206541 3.1082904819 0.0000000000
9.2498746315 1.6000000000 3.7143334336 1.4089140569 3.1010193400 0.0000000000
9.2499181918 1.6000000000 3.7139822905 1.3944049638 3.0938111303 0.0000000000
9.2499615780 1.6000000000 3.7136339394 1.3798954124 3.0866139053 0.0000000000
9.2500048539 1.6000000000 3.7132867391 1.3653857154 3.0794212252 0.0000000000
9.2500480943 1.6000000000 3.7129538450 1.3508739539 3.0722849440 0.0000000000
9.2500911230 1.6000000000 3.7126345685 1.3363602154 3.0652023429 0.0000000000
9.2501338019 1.6000000000 3.7123178419 1.3218461017 3.0581297907 0.0000000000
9.2501767423 1.6000000000 3.7119841707 1.3073344675 3.0509904526 0.0000000000
9.2502202286 1.6000000000 3.7116286505 1.2928260263 3.0437649951 0.0000000000
9.2502635614 1.6000000000 3.7112775879 1.2783169027 3.0365570953 0.0000000000
9.2503065801 1.6000000000 3.7109340512 1.2638066558 3.0293788496 0.0000000000
9.2503496090 1.6000000000 3.7105823404 1.2492976168 3.0221683910 0.0000000000
9.2503924401 1.6000000000 3.7102361849 1.2347877762 3.0149798326 0.0000000000
9.2504348946 1.6000000000 3.7099082007 1.2202752719 3.0078628941 0.0000000000
9.2504774554 1.6000000000 3.7095760603 1.2057633507 3.0007295639 0.0000000000
9.2505202775 1.6000000000 3.7092345875 1.1912527894 2.9935594483 0.0000000000
9.2505629772 1.6000000000 3.7089063774 1.1767403454 2.9864416306 0.0000000000
9.2506055537 1.6000000000 3.7085888144 1.1622263745 2.9793657899 0.0000000000
9.2506482126 1.6000000000 3.7082673586 1.1477129488 2.9722745964 0.0000000000
9.2506909428 1.6000000000 3.7079475695 1.1331993215 2.9651899893 0.0000000000
9.2507336788 1.6000000000 3.7076368111 1.1186844614 2.9581410116 0.0000000000
9.2507763721 1.6000000000 3.7073345164 1.1041683966 2.9511254070 0.0000000000
9.2508190999 1.6000000000 3.7070229856 1.0896536425 2.9440733819 0.0000000000
9.2508619998 1.6000000000 3.7066776489 1.0751437283 2.9368880695 0.0000000000
9.2509048992 1.6000000000 3.7063222285 1.0606352194 2.9296629846 0.0000000000
9.2509476548 1.6000000000 3.7059830025 1.0461243323 2.9225017254 0.0000000000
9.2509905279 1.6000000000 3.7056415723 1.0316137767 2.9153317827 0.0000000000
9.2510335018 1.6000000000 3.7052930281 1.0171042707 2.9081338034 0.0000000000
9.2510762011 1.6000000000 3.7049552364 1.0025931876 2.9009782034 0.0000000000
9.2511187627 1.6000000000 3.7046249965 0.9880809931 2.8938523657 0.0000000000
9.2511615005 1.6000000000 3.7042910422 0.9735693403 2.8867118877 0.0000000000
9.2512042913 1.6000000000 3.7039580947 0.9590575513 2.8795753820 0.0000000000
9.2512470375 1.6000000000 3.7036302257 0.9445450342 2.8724588990 0.0000000000
9.2512898550 1.6000000000 3.7033043536 0.9300322296 2.8653502891 0.0000000000
9.2513328178 1.6000000000 3.7029817267 0.9155189846 2.8582544832 0.0000000000
9.2513759541 1.6000000000 3.7026660522 0.9010047979 2.8511861105 0.0000000000
9.2514193035 1.6000000000 3.7023535067 0.8864901575 2.8441300725 0.0000000000
9.2514628091 1.6000000000 3.7020347554 0.8719763623 2.8370495491 0.0000000000
9.2515062105 1.6000000000 3.7016952609 0.8574655646 2.8298872520 0.0000000000
9.2515494690 1.6000000000 3.7013424645 0.8429566944 2.8226725183 0.0000000000
9.2515927652 1.6000000000 3.7010000044 0.8284462964 2.8154985187 0.0000000000
9.2516362296 1.6000000000 3.7006630523 0.8139350881 2.8083462271 0.0000000000
9.2516797972 1.6000000000 3.7003223240 0.7994244363 2.8011790530 0.0000000000
9.2517230186 1.6000000000 3.6999851212 0.7849132685 2.7940257748 0.0000000000
9.2517662734 1.6000000000 3.6996537400 0.7704012571 2.7868954453 0.0000000000
9.2518106114 1.6000000000 3.6993233077 0.7558891327 2.7797688667 0.0000000000
9.2518553844 1.6000000000 3.6989924750 0.7413770733 2.7726407118 0.0000000000
9.2518996715 1.6000000000 3.6986633322 0.7268647627 2.7655192166 0.0000000000
9.2519437147 1.6000000000 3.6983416163 0.7123514107 2.7584270121 0.0000000000
9.2519876189 1.6000000000 3.6980226236 0.6978376781 2.7513455485 0.0000000000
9.2520312252 1.6000000000 3.6976954082 0.6833250864 2.7442316498 0.0000000000
9.2520745230 1.6000000000 3.6973727533 0.6688118455 2.7371357342 0.0000000000
9.2521179051 1.6000000000 3.6970594067 0.6542973150 2.7300765356 0.0000000000
9.2521623863 1.6000000000 3.6967257144 0.6397857125 2.7229371254 0.0000000000
9.2522072532 1.6000000000 3.6963690809 0.6252774277 2.7157072774 0.0000000000
9.2522512187 1.6000000000 3.6960109730 0.6107693905 2.7084716310 0.0000000000
9.2522950642 1.6000000000 3.6956698700 0.5962588239 2.7013029923 0.0000000000
9.2523389004 1.6000000000 3.6953323830 0.5817477025 2.6941485956 0.0000000000
9.2523827920 1.6000000000 3.6949817048 0.5672385374 2.6869422169 0.0000000000
9.2524275987 1.6000000000 3.6946357699 0.5527286766 2.6797545329 0.0000000000
9.2524711860 1.6000000000 3.6943032720 0.5382168255 2.6726198007 0.0000000000
9.2525135419 1.6000000000 3.6939668120 0.5237055424 2.6654694475 0.0000000000
9.2525568317 1.6000000000 3.6936152892 0.5091964878 2.6582597344 0.0000000000
9.2526011137 1.6000000000 3.6932863339 0.4946841753 2.6511389884 0.0000000000
9.2526457735 1.6000000000 3.6929635475 0.4801709592 2.6440425564 0.0000000000
9.2526892135 1.6000000000 3.6926268792 0.4656597220 2.6368913882 0.0000000000
9.2527319600 1.6000000000 3.6922917571 0.4511482364 2.6297463058 0.0000000000
9.2527765120 1.6000000000 3.6919641729 0.4366357274 2.6226309651 0.0000000000
9.2528214904 1.6000000000 3.6916002030 0.4221286257 2.6153722448 0.0000000000
9.2528644767 1.6000000000 3.6912392579 0.4076210153 2.6081254203 0.0000000000
9.2529073265 1.6000000000 3.6908720261 0.3931143966 2.6008538455 0.0000000000
9.2529510157 1.6000000000 3.6905121190 0.3786066485 2.5936111180 0.0000000000
9.2529932700 1.6000000000 3.6901607581 0.3640975505 2.5864020353 0.0000000000
9.2530344180 1.6000000000 3.6897982783 0.3495901498 2.5791491557 0.0000000000
9.2530767536 1.6000000000 3.6894401797 0.3350821126 2.5719135464 0.0000000000
9.2531197060 1.6000000000 3.6890935676 0.3205723159 2.5647231793 0.0000000000
9.2531620212 1.6000000000 3.6887410041 0.3060634126 2.5575093642 0.0000000000
9.2532032314 1.6000000000 3.6883926286 0.2915538478 2.5503120362 0.0000000000
9.2532445134 1.6000000000 3.6880292431 0.2770465947 2.5430555929 0.0000000000
9.2532885353 1.6000000000 3.6876629200 0.2625398763 2.5357876132 0.0000000000
9.2533307898 1.6000000000 3.6873176305 0.2480298600 2.5286024485 0.0000000000
9.2533731672 1.6000000000 3.6869640657 0.2335211028 2.5213846865 0.0000000000
9.2534165105 1.6000000000 3.6865904673 0.2190155179 2.5140880590 0.0000000000
9.2534582020 1.6000000000 3.6862162989 0.2045099859 2.5067891726 0.0000000000
9.2535008646 1.6000000000 3.6858506400 0.1900031087 2.4995237861 0.0000000000
9.2535422423 1.6000000000 3.6854703427 0.1754985651 2.4922007796 0.0000000000
9.2535837940 1.6000000000 3.6850885723 0.1609942594 2.4848719755 0.0000000000
9.2536252269 1.6000000000 3.6847177026 0.1464882154 2.4775860790 0.0000000000
9.2536660637 1.6000000000 3.6843542762 0.1319809632 2.4703294727 0.0000000000
9.2537068639 1.6000000000 3.6839648234 0.1174779057 2.4629704386 0.0000000000
9.2537469748 1.6000000000 3.6836066228 0.1029698459 2.4557344124 0.0000000000
9.2537874834 1.6000000000 3.6832566782 0.0884605047 2.4485308974 0.0000000000
9.2538277362 1.6000000000 3.6828919630 0.0739534825 2.4412692276 0.0000000000
9.2538673201 1.6000000000 3.6825231332 0.0594470635 2.4339913408 0.0000000000
9.2539068114 1.6000000000 3.6821706244 0.0449380926 2.4267777172 0.0000000000
9.2539466584 1.6000000000 3.6817997675 0.0304320979 2.4194918918 0.0000000000
9.2539860048 1.6000000000 3.6814078148 0.0159295076 2.4121230448 0.0000000000
9.2540255585 1.6000000000 3.6810151813 0.0014270076 2.4047515107 0.0000000000
9.2540643762 1.6000000000 3.6806201453 -0.0130751058 2.3973705215 0.0000000000
9.2541037003 1.6000000000 3.6802379993 -0.0275792739 2.3900402705 0.0000000000
9.2541428665 1.6000000000 3.6798706673 -0.0420859426 2.3827682747 0.0000000000
9.2541824913 1.6000000000 3.6794691176 -0.0565869356 2.3753616787 0.0000000000
9.2542225573 1.6000000000 3.6790854969 -0.0710909461 2.3680255919 0.0000000000
9.2542627509 1.6000000000 3.6787219092 -0.0855981846 2.3607683457 0.0000000000
9.2543036309 1.6000000000 3.6783543882 -0.1001048011 2.3534956151 0.0000000000
9.2543452028 1.6000000000 3.6779688787 -0.1146084528 2.3461521162 0.0000000000
9.2543872657 1.6000000000 3.6776142423 -0.1291170624 2.3389301269 0.0000000000
9.2544298285 1.6000000000 3.6772548575 -0.1436248819 2.3316894598 0.0000000000
9.2544727903 1.6000000000 3.6768820912 -0.1581305652 2.3243961213 0.0000000000
9.2545158969 1.6000000000 3.6764771221 -0.1726308997 2.3169761111 0.0000000000
9.2545589329 1.6000000000 3.6760724269 -0.1871312863 2.3095571759 0.0000000000
9.2546019193 1.6000000000 3.6756649541 -0.2016311903 2.3021273230 0.0000000000
9.2546451676 1.6000000000 3.6752838638 -0.2161354589 2.2948012541 0.0000000000
9.2546888416 1.6000000000 3.6748821547 -0.2306363209 2.2873940730 0.0000000000
9.2547328066 1.6000000000 3.6744811055 -0.2451372844 2.2799894908 0.0000000000
9.2547768942 1.6000000000 3.6741095905 -0.2596431906 2.2727010686 0.0000000000
9.2548213828 1.6000000000 3.6737344767 -0.2741485077 2.2653984863 0.0000000000
9.2548662876 1.6000000000 3.6733310525 -0.2886490064 2.2579845902 0.0000000000
9.2549112726 1.6000000000 3.6729646722 -0.3031557059 2.2507163893 0.0000000000
9.2549562645 1.6000000000 3.6725919007 -0.3176613851 2.2434230313 0.0000000000
9.2550009153 1.6000000000 3.6722263837 -0.3321682378 2.2361582222 0.0000000000
9.2550455629 1.6000000000 3.6718415769 -0.3466718421 2.2288175533 0.0000000000
9.2550903691 1.6000000000 3.6714245901 -0.3611699378 2.2213503678 0.0000000000
9.2551355860 1.6000000000 3.6710051572 -0.3756676777 2.2138735406 0.0000000000
9.2551816339 1.6000000000 3.6706097068 -0.3901695216 2.2064910014 0.0000000000
9.2552288753 1.6000000000 3.6701993187 -0.4046687793 2.1990497457 0.0000000000
9.2552773040 1.6000000000 3.6697821451 -0.4191668114 2.1915818386 0.0000000000
9.2553270371 1.6000000000 3.6693965921 -0.4336703203 2.1842382229 0.0000000000
9.2553794465 1.6000000000 3.6690097635 -0.4481735140 2.1768896310 0.0000000000
9.2554360331 1.6000000000 3.6686075264 -0.4626740355 2.1694804742 0.0000000000
9.2554984537 1.6000000000 3.6682305415 -0.4771785710 2.1621707203 0.0000000000
9.2555712351 1.6000000000 3.6678556345 -0.4916831414 2.1548692642 0.0000000000
9.2556699478 1.6000000000 3.6674784518 -0.5061862539 2.1475592884 0.0000000000
9.2559132106 1.6000000000 3.6675161661 -0.5068848817 2.1474306944 0.0000000000
9.2559920441 1.6000000000 3.6679358910 -0.4923883916 2.1549081901 0.0000000000
9.2560454098 1.6000000000 3.6683378187 -0.4778877977 2.1623161385 0.0000000000
9.2560891411 1.6000000000 3.6687331298 -0.4633858767 2.1696981511 0.0000000000
9.2561265877 1.6000000000 3.6691660759 -0.4488905690 2.1772280586 0.0000000000
9.2561587858 1.6000000000 3.6695820770 -0.4343920188 2.1846914832 0.0000000000
9.2561872138 1.6000000000 3.6699836995 -0.4198908996 2.1920984208 0.0000000000
9.2562129384 1.6000000000 3.6704166447 -0.4053953539 2.1996284200 0.0000000000
9.2562365448 1.6000000000 3.6708561515 -0.3909010414 2.2071841720 0.0000000000
9.2562585852 1.6000000000 3.6712825034 -0.3764042387 2.2146883009 0.0000000000
9.2562794835 1.6000000000 3.6717230557 -0.3619100751 2.2222481753 0.0000000000
9.2562992889 1.6000000000 3.6721418840 -0.3474122391 2.2297226228 0.0000000000
9.2563182264 1.6000000000 3.6725119100 -0.3329056853 2.2370053486 0.0000000000
9.2563366428 1.6000000000 3.6729103106 -0.3184039006 2.2443996649 0.0000000000
9.2563543437 1.6000000000 3.6732905300 -0.3038990412 2.2517224861 0.0000000000
9.2563715962 1.6000000000 3.6736643444 -0.2893931186 2.2590201129 0.0000000000
9.2563885213 1.6000000000 3.6740874021 -0.2748956840 2.2665113176 0.0000000000
9.2564049592 1.6000000000 3.6744848526 -0.2603936936 2.2739019157 0.0000000000
9.2564210449 1.6000000000 3.6748802254 -0.2458913412 2.2812843477 0.0000000000
9.2564369715 1.6000000000 3.6752974119 -0.2313928805 2.2887524781 0.0000000000
9.2564525283 1.6000000000 3.6757391168 -0.2168988561 2.2963169074 0.0000000000
9.2564677251 1.6000000000 3.6761500621 -0.2023992176 2.3037605438 0.0000000000
9.2564827316 1.6000000000 3.6765868946 -0.1879043747 2.3113058114 0.0000000000
9.2564974341 1.6000000000 3.6770122468 -0.1734072880 2.3188060547 0.0000000000
9.2565117943 1.6000000000 3.6773803856 -0.1589004895 2.3260813292 0.0000000000
9.2565261384 1.6000000000 3.6777571966 -0.1443950541 2.3333907474 0.0000000000
9.2565404145 1.6000000000 3.6781259648 -0.1298883499 2.3406685021 0.0000000000
9.2565546231 1.6000000000 3.6784936656 -0.1153814058 2.3479420827 0.0000000000
9.2565689304 1.6000000000 3.6789010270 -0.1008811423 2.3553716338 0.0000000000
9.2565831841 1.6000000000 3.6792942480 -0.0863785201 2.3627455668 0.0000000000
9.2565974407 1.6000000000 3.6796701109 -0.0718728583 2.3700512830 0.0000000000
9.2566118764 1.6000000000 3.6800806925 -0.0573731892 2.3774934770 0.0000000000
9.2566264133 1.6000000000 3.6805077602 -0.0428764524 2.3850004424 0.0000000000
9.2566410316 1.6000000000 3.6809177421 -0.0283766284 2.3924402997 0.0000000000
9.2566558476 1.6000000000 3.6813323658 -0.0138776484 2.3998983865 0.0000000000
9.2566708811 1.6000000000 3.6817632558 0.0006183754 2.4074203560 0.0000000000
9.2566859916 1.6000000000 3.6821575937 0.0151208912 2.4147987139 0.0000000000
9.2567013131 1.6000000000 3.6825232403 0.0296281269 2.4220641948 0.0000000000
9.2567169225 1.6000000000 3.6828883363 0.0441354069 2.4293274906 0.0000000000
9.2567328649 1.6000000000 3.6832511629 0.0586431192 2.4365818820 0.0000000000
9.2567492854 1.6000000000 3.6836443227 0.0731457564 2.4439555762 0.0000000000
9.2567660320 1.6000000000 3.6840391067 0.0876481433 2.4513356666 0.0000000000
9.2567830522 1.6000000000 3.6844093914 0.1021546182 2.4586193957 0.0000000000
9.2568005905 1.6000000000 3.6848038600 0.1166572203 2.4659983108 0.0000000000
9.2568186385 1.6000000000 3.6852147829 0.1311563690 2.4734416619 0.0000000000
9.2568372808 1.6000000000 3.6856180447 0.1456590861 2.4808557960 0.0000000000
9.2568569346 1.6000000000 3.6860304523 0.1601519993 2.4883025917 0.0000000000
9.2568790269 1.6000000000 3.6864508708 0.1746765382 2.4957940810 0.0000000000
9.2569052027 1.6000000000 3.6868757490 0.1891158956 2.5032693370 0.0000000000
9.2569709358 1.6000000000 3.6872336450 0.2027232741 2.5101438724 0.0000000000
9.2570216608 1.6000000000 3.6868756802 0.1880991339 2.5028623570 0.0000000000
9.2570523433 1.6000000000 3.6864593494 0.1734220556 2.4953262026 0.0000000000
9.2570782100 1.6000000000 3.6860444652 0.1589400010 2.4878738438 0.0000000000
9.2571051218 1.6000000000 3.6856489698 0.1444362550 2.4804903639 0.0000000000
9.2571363006 1.6000000000 3.6852566589 0.1299328920 2.4731197751 0.0000000000
9.2571762470 1.6000000000 3.6848661182 0.1154303794 2.4657566071 0.0000000000
9.2572251783 1.6000000000 3.6844754061 0.1009278475 2.4583927459 0.0000000000
9.2572760757 1.6000000000 3.6841189895 0.0864197173 2.4511638276 0.0000000000
9.2573261566 1.6000000000 3.6837399499 0.0719153262 2.4438459128 0.0000000000
9.2573759040 1.6000000000 3.6833632929 0.0574104398 2.4365373303 0.0000000000
9.2574258214 1.6000000000 3.6830145837 0.0429011091 2.4293387613 0.0000000000
9.2574762730 1.6000000000 3.6826662947 0.0283917647 2.4221418673 0.0000000000
9.2575271798 1.6000000000 3.6823107711 0.0138834877 2.4149164623 0.0000000000
9.2575784172 1.6000000000 3.6819548820 -0.0006246940 2.4076896332 0.0000000000
9.2576303772 1.6000000000 3.6815449321 -0.0151239671 2.4002501241 0.0000000000
9.2576824333 1.6000000000 3.6811409868 -0.0296242882 2.3928342145 0.0000000000
9.2577346930 1.6000000000 3.6807468782 -0.0441262494 2.3854569956 0.0000000000
9.2577873062 1.6000000000 3.6803503492 -0.0586278437 2.3780702420 0.0000000000
9.2578397650 1.6000000000 3.6799464407 -0.0731281706 2.3706544774 0.0000000000
9.2578923852 1.6000000000 3.6795794115 -0.0876345578 2.3633838056 0.0000000000
9.2579454097 1.6000000000 3.6791966457 -0.1021384251 2.3560511954 0.0000000000
9.2579983640 1.6000000000 3.6787976600 -0.1166395925 2.3486547858 0.0000000000
9.2580513188 1.6000000000 3.6784424884 -0.1311478841 2.3414307825 0.0000000000
9.2581044365 1.6000000000 3.6780798831 -0.1456550155 2.3341775087 0.0000000000
9.2581577523 1.6000000000 3.6777019923 -0.1601595325 2.3268641388 0.0000000000
9.2582112749 1.6000000000 3.6773530576 -0.1746687536 2.3196647118 0.0000000000
9.2582654451 1.6000000000 3.6769988031 -0.1891772020 2.3124443142 0.0000000000
9.2583200969 1.6000000000 3.6765820033 -0.2036750896 2.3049779602 0.0000000000
9.2583746479 1.6000000000 3.6761827377 -0.2181760890 2.2975804979 0.0000000000
9.2584288756 1.6000000000 3.6757735179 -0.2326754214 2.2901438855 0.0000000000
9.2584832869 1.6000000000 3.6753571716 -0.2471734725 2.2826792800 0.0000000000
9.2585371659 1.6000000000 3.6749806906 -0.2616783323 2.2753714121 0.0000000000
9.2585905958 1.6000000000 3.6745869701 -0.2761803256 2.2679957329 0.0000000000
9.2586439264 1.6000000000 3.6741812509 -0.2906802812 2.2605728738 0.0000000000
9.2586970868 1.6000000000 3.6738054494 -0.3051852588 2.2532676766 0.0000000000
9.2587500725 1.6000000000 3.6734311671 -0.3196904479 2.2459684719 0.0000000000
9.2588031064 1.6000000000 3.6730372056 -0.3341924111 2.2385918405 0.0000000000
9.2588558822 1.6000000000 3.6726720233 -0.3486990657 2.2313284496 0.0000000000
9.2589085178 1.6000000000 3.6723032679 -0.3632051534 2.2240509929 0.0000000000
9.2589609799 1.6000000000 3.6719303723 -0.3777105976 2.2167572328 0.0000000000
9.2590133731 1.6000000000 3.6715101678 -0.3922079955 2.2092774558 0.0000000000
9.2590656507 1.6000000000 3.6710911780 -0.4067056000 2.2018024548 0.0000000000
9.2591177780 1.6000000000 3.6706775070 -0.4212041209 2.1943483622 0.0000000000
9.2591694850 1.6000000000 3.6702765462 -0.4357047503 2.1869442675 0.0000000000
9.2592211609 1.6000000000 3.6698723808 -0.4502049507 2.1795275258 0.0000000000
9.2592725869 1.6000000000 3.6694541034 -0.4647026904 2.1720553200 0.0000000000
9.2593237099 1.6000000000 3.6690674727 -0.4792059688 2.1647074861 0.0000000000
9.2593745937 1.6000000000 3.6686750501 -0.4937080589 2.1573369596 0.0000000000
9.2594253837 1.6000000000 3.6682708576 -0.5082081415 2.1499201563 0.0000000000
9.2594758691 1.6000000000 3.6678909262 -0.5227124606 2.1425987032 0.0000000000
9.2595262056 1.6000000000 3.6675243976 -0.5372189884 2.1353299776 0.0000000000
9.2595762193 1.6000000000 3.6671472099 -0.5517237377 2.1280193273 0.0000000000
9.2596261089 1.6000000000 3.6667448257 -0.5662242295 2.1206095936 0.0000000000
9.2596756807 1.6000000000 3.6663135089 -0.5807196710 2.1130861497 0.0000000000
9.2597249589 1.6000000000 3.6658835117 -0.5952152986 2.1055679099 0.0000000000
9.2597743505 1.6000000000 3.6654731829 -0.6097143786 2.0981269627 0.0000000000
9.2598230712 1.6000000000 3.6650501393 -0.6242112298 2.0906360480 0.0000000000
9.2598716507 1.6000000000 3.6646250987 -0.6387076994 2.0831372978 0.0000000000
9.2599197533 1.6000000000 3.6642263310 -0.6532089019 2.0757417460 0.0000000000
9.2599676412 1.6000000000 3.6638397245 -0.6677121004 2.0683940404 0.0000000000
9.2600153253 1.6000000000 3.6634194189 -0.6822092367 2.0609139635 0.0000000000
9.2600625223 1.6000000000 3.6630298274 -0.6967119178 2.0535545252 0.0000000000
9.2601095050 1.6000000000 3.6626536396 -0.7112170149 2.0462477352 0.0000000000
9.2601562001 1.6000000000 3.6622650983 -0.7257199891 2.0388923802 0.0000000000
9.2602026811 1.6000000000 3.6618732745 -0.7402224309 2.0315241084 0.0000000000
9.2602489656 1.6000000000 3.6614323041 -0.7547160271 2.0239627881 0.0000000000
9.2602949199 1.6000000000 3.6609910893 -0.7692095385 2.0164005244 0.0000000000
9.2603405062 1.6000000000 3.6605771638 -0.7837080466 2.0089454192 0.0000000000
9.2603858440 1.6000000000 3.6601506856 -0.7982043278 2.0014409939 0.0000000000
9.2604309418 1.6000000000 3.6597038545 -0.8126967118 1.9938567158 0.0000000000
9.2604755849 1.6000000000 3.6592970517 -0.8271963164 1.9864296630 0.0000000000
9.2605199198 1.6000000000 3.6588977586 -0.8416974013 1.9790320563 0.0000000000
9.2605641336 1.6000000000 3.6584779373 -0.8561947147 1.9715538459 0.0000000000
9.2606079230 1.6000000000 3.6580679538 -0.8706936510 1.9641143375 0.0000000000
9.2606514528 1.6000000000 3.6576846462 -0.8851974202 1.9567795993 0.0000000000
9.2606946553 1.6000000000 3.6572974290 -0.8997005887 1.9494294630 0.0000000000
9.2607376662 1.6000000000 3.6569037447 -0.9142026329 1.9420539082 0.0000000000
9.2607805009 1.6000000000 3.6564543447 -0.9286946743 1.9344594917 0.0000000000
9.2608229869 1.6000000000 3.6559992325 -0.9431854689 1.9268427251 0.0000000000
9.2608650914 1.6000000000 3.6555831128 -0.9576836302 1.9193789817 0.0000000000
9.2609069520 1.6000000000 3.6551529780 -0.9721792335 1.9118602012 0.0000000000
9.2609485035 1.6000000000 3.6547015534 -0.9866707903 1.9042578800 0.0000000000
9.2609896540 1.6000000000 3.6542762218 -1.0011664820 1.8967582770 0.0000000000
9.2610304840 1.6000000000 3.6538746450 -1.0156673403 1.8893516265 0.0000000000
9.2610710338 1.6000000000 3.6534545195 -1.0301646438 1.8818722032 0.0000000000
9.2611111415 1.6000000000 3.6530478687 -1.0446645424 1.8744456405 0.0000000000
9.2611510057 1.6000000000 3.6526544741 -1.0591661573 1.8670714161 0.0000000000
9.2611904654 1.6000000000 3.6522716002 -1.0736698990 1.8597384238 0.0000000000
9.2612296648 1.6000000000 3.6518656725 -1.0881697703 1.8523147645 0.0000000000
9.2612687318 1.6000000000 3.6514089753 -1.1026604294 1.8446917122 0.0000000000
9.2613073811 1.6000000000 3.6509602998 -1.1171527876 1.8371000669 0.0000000000
9.2613457018 1.6000000000 3.6505175772 -1.1316453197 1.8295321635 0.0000000000
9.2613836983 1.6000000000 3.6500883228 -1.1461410208 1.8220168654 0.0000000000
9.2614214425 1.6000000000 3.6496404045 -1.1606332767 1.8144282900 0.0000000000
9.2614587910 1.6000000000 3.6492201967 -1.1751305964 1.8069485310 0.0000000000
9.2614958450 1.6000000000 3.6488061105 -1.1896284515 1.7994930441 0.0000000000
9.2615325854 1.6000000000 3.6483881127 -1.2041261403 1.7920219775 0.0000000000
9.2615690090 1.6000000000 3.6479562078 -1.2186212184 1.7844963265 0.0000000000
9.2616051298 1.6000000000 3.6475512636 -1.2331214856 1.7770764427 0.0000000000
9.2616409102 1.6000000000 3.6471523454 -1.2476229909 1.7696801680 0.0000000000
9.2616765554 1.6000000000 3.6467058775 -1.2621152422 1.7620973958 0.0000000000
9.2617119634 1.6000000000 3.6462151491 -1.2765988383 1.7543410437 0.0000000000
9.2617469811 1.6000000000 3.6457451633 -1.2910865060 1.7466660335 0.0000000000
9.2617817068 1.6000000000 3.6453062961 -1.3055804278 1.7391129960 0.0000000000
9.2618161769 1.6000000000 3.6448693370 -1.3200743618 1.7315675861 0.0000000000
9.2618502370 1.6000000000 3.6444148956 -1.3345651645 1.7239534992 0.0000000000
9.2618840466 1.6000000000 3.6439909610 -1.3490614550 1.7164592447 0.0000000000
9.2619175541 1.6000000000 3.6435895997 -1.3635619406 1.7090536052 0.0000000000
9.2619508869 1.6000000000 3.6431724568 -1.3780597355 1.7015859155 0.0000000000
9.2619837980 1.6000000000 3.6427489730 -1.3925559736 1.6940934853 0.0000000000
9.2620164512 1.6000000000 3.6423722402 -1.4070606034 1.6867847019 0.0000000000
9.2620488256 1.6000000000 3.6419787554 -1.4215624324 1.6794100315 0.0000000000
9.2620810747 1.6000000000 3.6415053709 -1.4360493411 1.6717217297 0.0000000000
9.2621130322 1.6000000000 3.6410265179 -1.4505355130 1.6640118492 0.0000000000
9.2621447315 1.6000000000 3.6405511988 -1.4650226821 1.6563157052 0.0000000000
9.2621761579 1.6000000000 3.6400823692 -1.4795104900 1.6486452634 0.0000000000
9.2622072799 1.6000000000 3.6396479538 -1.4940049229 1.6411098285 0.0000000000
9.2622382280 1.6000000000 3.6391763935 -1.5084923965 1.6334285981 0.0000000000
9.2622688691 1.6000000000 3.6387277866 -1.5229835485 1.6258377094 0.0000000000
9.2622992484 1.6000000000 3.6383160395 -1.5374821824 1.6183912676 0.0000000000
9.2623293862 1.6000000000 3.6378990584 -1.5519798829 1.6109242629 0.0000000000
9.2623592382 1.6000000000 3.6374831349 -1.5664778513 1.6034613815 0.0000000000
9.2623888171 1.6000000000 3.6370837891 -1.5809791348 1.5960634853 0.0000000000
9.2624182366 1.6000000000 3.6366148871 -1.5954666296 1.5883928790 0.0000000000
9.2624474081 1.6000000000 3.6361589482 -1.6099568025 1.5807730544 0.0000000000
9.2624763170 1.6000000000 3.6356828358 -1.6244428350 1.5730741920 0.0000000000
9.2625049303 1.6000000000 3.6351999265 -1.6389274759 1.5653486984 0.0000000000
9.2625332423 1.6000000000 3.6347510057 -1.6534182955 1.5577566871 0.0000000000
9.2625613326 1.6000000000 3.6343372594 -1.6679158458 1.5503026819 0.0000000000
9.2625892314 1.6000000000 3.6338683858 -1.6824035736 1.5426320964 0.0000000000
9.2626167703 1.6000000000 3.6334236645 -1.6968964105 1.5350560763 0.0000000000
9.2626441534 1.6000000000 3.6329961804 -1.7113929371 1.5275475294 0.0000000000
9.2626711855 1.6000000000 3.6325737155 -1.7258901051 1.5200588025 0.0000000000
9.2626979803 1.6000000000 3.6321840254 -1.7403923597 1.5126991404 0.0000000000
9.2627246160 1.6000000000 3.6317806372 -1.7548923166 1.5052856047 0.0000000000
9.2627510373 1.6000000000 3.6312836570 -1.7693741574 1.4975049475 0.0000000000
9.2627771934 1.6000000000 3.6308130431 -1.7838610364 1.4898277403 0.0000000000
9.2628031455 1.6000000000 3.6303372763 -1.7983475969 1.4821300492 0.0000000000
9.2628288425 1.6000000000 3.6298544199 -1.8128327637 1.4744045568 0.0000000000
9.2628542711 1.6000000000 3.6294054656 -1.8273239582 1.4668122616 0.0000000000
9.2628794633 1.6000000000 3.6289971478 -1.8418225524 1.4593795527 0.0000000000
9.2629045244 1.6000000000 3.6285270149 -1.8563099071 1.4517040793 0.0000000000
9.2629292387 1.6000000000 3.6281005798 -1.8708054920 1.4442001052 0.0000000000
9.2629537593 1.6000000000 3.6277041895 -1.8853062250 1.4368142509 0.0000000000
9.2629780440 1.6000000000 3.6273028181 -1.8998061421 1.4294087982 0.0000000000
9.2630021233 1.6000000000 3.6268838388 -1.9143027146 1.4219342521 0.0000000000
9.2630260758 1.6000000000 3.6263817959 -1.9287839923 1.4141335694 0.0000000000
9.2630498120 1.6000000000 3.6258772318 -1.9432647627 1.4063230049 0.0000000000
9.2630733045 1.6000000000 3.6254174926 -1.9577537453 1.3986884550 0.0000000000
9.2630966041 1.6000000000 3.6249313396 -1.9722377338 1.3909502476 0.0000000000
9.2631197126 1.6000000000 3.6244088975 -1.9867140114 1.3830699680 0.0000000000
9.2631425498 1.6000000000 3.6239540097 -2.0012038435 1.3754544841 0.0000000000
9.2631652160 1.6000000000 3.6235119328 -2.0156960445 1.3678892960 0.0000000000
9.2631876743 1.6000000000 3.6230387254 -2.0301822985 1.3602019648 0.0000000000
9.2632099130 1.6000000000 3.6226204902 -2.0446789681 1.3527303560 0.0000000000
9.2632319228 1.6000000000 3.6222358541 -2.0591823677 1.3453904520 0.0000000000
9.2632538266 1.6000000000 3.6217957263 -2.0736749419 1.3378329111 0.0000000000
9.2632755374 1.6000000000 3.6212999769 -2.0881563519 1.3300573496 0.0000000000
9.2632970946 1.6000000000 3.6207986598 -2.1026363554 1.3222600795 0.0000000000
9.2633184483 1.6000000000 3.6203002276 -2.1171167894 1.3144741774 0.0000000000
9.2633395974 1.6000000000 3.6198228141 -2.1316004523 1.3067710582 0.0000000000
9.2633605709 1.6000000000 3.6193786748 -2.1460923001 1.2991977619 0.0000000000
9.2633814011 1.6000000000 3.6188891187 -2.1605746854 1.2914465835 0.0000000000
9.2634020147 1.6000000000 3.6184631916 -2.1750708543 1.2839444074 0.0000000000
9.2634224464 1.6000000000 3.6180549830 -2.1895709206 1.2765115465 0.0000000000
9.2634427343 1.6000000000 3.6176346126 -2.2040684048 1.2690310710 0.0000000000
9.2634627983 1.6000000000 3.6172210698 -2.2185655920 1.2615780250 0.0000000000
9.2634827141 1.6000000000 3.6167834848 -2.2330579443 1.2540307443 0.0000000000
9.2635025016 1.6000000000 3.6162562397 -2.2475314718 1.2461323528 0.0000000000
9.2635220801 1.6000000000 3.6157749776 -2.2620160981 1.2384134540 0.0000000000
9.2635414908 1.6000000000 3.6152604392 -2.2764924696 1.2305647516 0.0000000000
9.2635607559 1.6000000000 3.6147405046 -2.2909676799 1.2226949290 0.0000000000
9.2635797825 1.6000000000 3.6143052436 -2.3054615721 1.2151563283 0.0000000000
9.2635986335 1.6000000000 3.6138856166 -2.3199584360 1.2076790746 0.0000000000
9.2636173690 1.6000000000 3.6133903040 -2.3344396379 1.1999053436 0.0000000000
9.2636358788 1.6000000000 3.6129708686 -2.3489351804 1.1924293850 0.0000000000
9.2636542402 1.6000000000 3.6125745029 -2.3634347130 1.1850441091 0.0000000000
9.2636724310 1.6000000000 3.6121754129 -2.3779338423 1.1776480975 0.0000000000
9.2636905087 1.6000000000 3.6116909280 -2.3924149926 1.1699176978 0.0000000000
9.2637084430 1.6000000000 3.6111581236 -2.4068877413 1.1619973805 0.0000000000
9.2637262060 1.6000000000 3.6106258838 -2.4213607833 1.1540792046 0.0000000000
9.2637437821 1.6000000000 3.6101556449 -2.4358472188 1.1464036748 0.0000000000
9.2637612284 1.6000000000 3.6096629873 -2.4503288969 1.1386403729 0.0000000000
9.2637785156 1.6000000000 3.6091437011 -2.4648056057 1.1307725447 0.0000000000
9.2637956012 1.6000000000 3.6087239188 -2.4793004296 1.1232954860 0.0000000000
9.2638126121 1.6000000000 3.6082990405 -2.4937945122 1.1157983398 0.0000000000
9.2638294422 1.6000000000 3.6078139051 -2.5082764137 1.1080650375 0.0000000000
9.2638460836 1.6000000000 3.6074193931 -2.5227755957 1.1006873166 0.0000000000
9.2638625986 1.6000000000 3.6070296247 -2.5372750675 1.0933284544 0.0000000000
9.2638790351 1.6000000000 3.6064892171 -2.5517465342 1.0853782374 0.0000000000
9.2638953021 1.6000000000 3.6059828058 -2.5662256870 1.0775609310 0.0000000000
9.2639114189 1.6000000000 3.6054481723 -2.5806994167 1.0696329051 0.0000000000
9.2639274004 1.6000000000 3.6049148925 -2.5951730416 1.0617103360 0.0000000000
9.2639432439 1.6000000000 3.6044531755 -2.6096591342 1.0540690311 0.0000000000
9.2639589709 1.6000000000 3.6039901964 -2.6241449352 1.0464227942 0.0000000000
9.2639745713 1.6000000000 3.6034725409 -2.6386207800 1.0385618342 0.0000000000
9.2639899942 1.6000000000 3.6030672140 -2.6531169915 1.0311420422 0.0000000000
9.2640052758 1.6000000000 3.6026570115 -2.6676121446 1.0237031707 0.0000000000
9.2640204662 1.6000000000 3.6022227240 -2.6821030465 1.0161696599 0.0000000000
9.2640355550 1.6000000000 3.6017728861 -2.6965906381 1.0085752719 0.0000000000
9.2640504770 1.6000000000 3.6012208723 -2.7110584381 1.0005800964 0.0000000000
9.2640653157 1.6000000000 3.6006796373 -2.7255278244 0.9926274023 0.0000000000
9.2640800551 1.6000000000 3.6002029404 -2.7400097029 0.9849278633 0.0000000000
9.2640946752 1.6000000000 3.5996752272 -2.7544812126 0.9770284064 0.0000000000
9.2641091545 1.6000000000 3.5991635619 -2.7689560181 0.9691918232 0.0000000000
9.2641235248 1.6000000000 3.5987264727 -2.7834461181 0.9616474264 0.0000000000
9.2641377849 1.6000000000 3.5982645894 -2.7979307160 0.9540060540 0.0000000000
9.2641519734 1.6000000000 3.5977651626 -2.8124071575 0.9462177700 0.0000000000
9.2641659972 1.6000000000 3.5973636856 -2.8269046403 0.9388128689 0.0000000000
9.2641798862 1.6000000000 3.5969362342 -2.8413965395 0.9313063036 0.0000000000
9.2641937212 1.6000000000 3.5963847058 -2.8558602349 0.9233147117 0.0000000000
9.2642074275 1.6000000000 3.5958551650 -2.8703293222 0.9154089137 0.0000000000
9.2642210381 1.6000000000 3.5953093242 -2.8847944416 0.9074395028 0.0000000000
9.2642345044 1.6000000000 3.5948020107 -2.8992684178 0.8996206583 0.0000000000
9.2642478558 1.6000000000 3.5943635692 -2.9137582355 0.8920709651 0.0000000000
9.2642611221 1.6000000000 3.5938606933 -2.9282331531 0.8842694946 0.0000000000
9.2642742519 1.6000000000 3.5933648752 -2.9427092026 0.8764958024 0.0000000000
9.2642872829 1.6000000000 3.5929286370 -2.9572001349 0.8689544769 0.0000000000
9.2643002184 1.6000000000 3.5924889109 -2.9716904401 0.8613994504 0.0000000000
9.2643130177 1.6000000000 3.5920478582 -2.9861803843 0.8538392616 0.0000000000
9.2643257656 1.6000000000 3.5915040573 -3.0006450734 0.8458781827 0.0000000000
9.2643384080 1.6000000000 3.5909011410 -3.0150948835 0.8376865932 0.0000000000
9.2643509280 1.6000000000 3.5903667024 -3.0295613717 0.8297622435 0.0000000000
9.2643633467 1.6000000000 3.5898963760 -3.0440442104 0.8220878023 0.0000000000
9.2643757063 1.6000000000 3.5893598028 -3.0585104234 0.8141550246 0.0000000000
9.2643879156 1.6000000000 3.5888736506 -3.0729898233 0.8064186557 0.0000000000
9.2644000636 1.6000000000 3.5884440960 -3.0874836103 0.7989029226 0.0000000000
9.2644121073 1.6000000000 3.5879976293 -3.1019723350 0.7913215660 0.0000000000
9.2644240431 1.6000000000 3.5874988031 -3.1164487653 0.7835356888 0.0000000000
9.2644359255 1.6000000000 3.5870418733 -3.1309372488 0.7759125765 0.0000000000
9.2644477370 1.6000000000 3.5864479867 -3.1453881836 0.7677566561 0.0000000000
9.2644594424 1.6000000000 3.5859191283 -3.1598570123 0.7598536909 0.0000000000
9.2644711152 1.6000000000 3.5853538084 -3.1743166231 0.7518085669 0.0000000000
9.2644826788 1.6000000000 3.5847690057 -3.1887703161 0.7436878790 0.0000000000
9.2644941822 1.6000000000 3.5842872204 -3.2032526236 0.7359678149 0.0000000000
9.2645056422 1.6000000000 3.5837994766 -3.2177351636 0.7282238235 0.0000000000
9.2645170524 1.6000000000 3.5832464848 -3.2321985448 0.7202265041 0.0000000000
9.2645284081 1.6000000000 3.5827927196 -3.2466859579 0.7126164780 0.0000000000
9.2645397532 1.6000000000 3.5823657811 -3.2611801162 0.7051110605 0.0000000000
9.2645511372 1.6000000000 3.5819116362 -3.2756671199 0.6974996796 0.0000000000
9.2645626415 1.6000000000 3.5813180847 -3.2901202871 0.6893442067 0.0000000000
9.2645747663 1.6000000000 3.5807200000 -3.3045750000 0.6811699827 0.0000000000
