# logAge Mass logTe Mbol logg C/O
4.3263063607 1.7000000000 3.6625500000 0.6478250000 2.6157789214 0.0000000000
4.3346113614 1.7000000000 3.6625492073 0.6478085307 2.6157691630 0.0000000000
4.3429163606 1.7000000000 3.6625484047 0.6477897278 2.6157584314 0.0000000000
4.3512213584 1.7000000000 3.6625475929 0.6477687075 2.6157467758 0.0000000000
4.3595263549 1.7000000000 3.6625467723 0.6477455862 2.6157342452 0.0000000000
4.3678313500 1.7000000000 3.6625459439 0.6477204803 2.6157208889 0.0000000000
4.3761363440 1.7000000000 3.6625451080 0.6476935061 2.6157067559 0.0000000000
4.3844413369 1.7000000000 3.6625442655 0.6476647799 2.6156918953 0.0000000000
4.3927463287 1.7000000000 3.6625434169 0.6476344182 2.6156763562 0.0000000000
4.4010513195 1.7000000000 3.6625425629 0.6476025373 2.6156601877 0.0000000000
4.4093563094 1.7000000000 3.6625417041 0.6475692536 2.6156434390 0.0000000000
4.4176612985 1.7000000000 3.6625408411 0.6475346834 2.6156261592 0.0000000000
4.4259662869 1.7000000000 3.6625399747 0.6474989430 2.6156083974 0.0000000000
4.4342712746 1.7000000000 3.6625391054 0.6474621488 2.6155902027 0.0000000000
4.4425762617 1.7000000000 3.6625382340 0.6474244172 2.6155716242 0.0000000000
4.4508812483 1.7000000000 3.6625373609 0.6473858646 2.6155527110 0.0000000000
4.4591862344 1.7000000000 3.6625364870 0.6473466072 2.6155335122 0.0000000000
4.4674912202 1.7000000000 3.6625356128 0.6473067615 2.6155140770 0.0000000000
4.4757962057 1.7000000000 3.6625347389 0.6472664438 2.6154944545 0.0000000000
4.4841011909 1.7000000000 3.6625338660 0.6472257704 2.6154746937 0.0000000000
4.4924061760 1.7000000000 3.6625329948 0.6471848578 2.6154548438 0.0000000000
4.5007111611 1.7000000000 3.6625321259 0.6471438222 2.6154349540 0.0000000000
4.5090161462 1.7000000000 3.6625312600 0.6471027800 2.6154150732 0.0000000000
4.5173211313 1.7000000000 3.6625303976 0.6470618476 2.6153952507 0.0000000000
4.5256261166 1.7000000000 3.6625295394 0.6470211414 2.6153755355 0.0000000000
4.5339311021 1.7000000000 3.6625286861 0.6469807776 2.6153559768 0.0000000000
4.5422360880 1.7000000000 3.6625278383 0.6469408727 2.6153366237 0.0000000000
4.5505410742 1.7000000000 3.6625269967 0.6469015431 2.6153175252 0.0000000000
4.5588460609 1.7000000000 3.6625261618 0.6468629049 2.6152987306 0.0000000000
4.5671510482 1.7000000000 3.6625253344 0.6468250747 2.6152802888 0.0000000000
4.5754560360 1.7000000000 3.6625245150 0.6467881688 2.6152622491 0.0000000000
4.5837610246 1.7000000000 3.6625237044 0.6467523035 2.6152446605 0.0000000000
4.5920660139 1.7000000000 3.6625229032 0.6467175952 2.6152275722 0.0000000000
4.6003710040 1.7000000000 3.6625221119 0.6466841602 2.6152110332 0.0000000000
4.6086759951 1.7000000000 3.6625213313 0.6466521150 2.6151950927 0.0000000000
4.6169809872 1.7000000000 3.6625205620 0.6466215758 2.6151797998 0.0000000000
4.6252859803 1.7000000000 3.6625198047 0.6465926586 2.6151652035 0.0000000000
4.6335909745 1.7000000000 3.6625190603 0.6465654379 2.6151513378 0.0000000000
4.6418959698 1.7000000000 3.6625183309 0.6465399098 2.6151382088 0.0000000000
4.6502009660 1.7000000000 3.6625176183 0.6465160614 2.6151258192 0.0000000000
4.6585059631 1.7000000000 3.6625169247 0.6464938799 2.6151141720 0.0000000000
4.6668109610 1.7000000000 3.6625162519 0.6464733526 2.6151032699 0.0000000000
4.6751159597 1.7000000000 3.6625156019 0.6464544668 2.6150931157 0.0000000000
4.6834209591 1.7000000000 3.6625149768 0.6464372095 2.6150837123 0.0000000000
4.6917259591 1.7000000000 3.6625143785 0.6464215682 2.6150750625 0.0000000000
4.7000309596 1.7000000000 3.6625138090 0.6464075299 2.6150671692 0.0000000000
4.7083359606 1.7000000000 3.6625132702 0.6463950820 2.6150600352 0.0000000000
4.7166409620 1.7000000000 3.6625127643 0.6463842117 2.6150536633 0.0000000000
4.7249459638 1.7000000000 3.6625122931 0.6463749062 2.6150480562 0.0000000000
4.7332509658 1.7000000000 3.6625118586 0.6463671526 2.6150432170 0.0000000000
4.7415559680 1.7000000000 3.6625114629 0.6463609384 2.6150391484 0.0000000000
4.7498609703 1.7000000000 3.6625111079 0.6463562506 2.6150358532 0.0000000000
4.7581659726 1.7000000000 3.6625107956 0.6463530765 2.6150333342 0.0000000000
4.7664709750 1.7000000000 3.6625105279 0.6463514034 2.6150315943 0.0000000000
4.7747759772 1.7000000000 3.6625103069 0.6463512185 2.6150306364 0.0000000000
4.7830809793 1.7000000000 3.6625101345 0.6463525090 2.6150304631 0.0000000000
4.7913859812 1.7000000000 3.6625100128 0.6463552621 2.6150310775 0.0000000000
4.7996909828 1.7000000000 3.6625099437 0.6463594650 2.6150324822 0.0000000000
4.8079959840 1.7000000000 3.6625099292 0.6463651051 2.6150346802 0.0000000000
4.8163009847 1.7000000000 3.6625099713 0.6463721695 2.6150376743 0.0000000000
4.8246059850 1.7000000000 3.6625100716 0.6463806427 2.6150414651 0.0000000000
4.8329109847 1.7000000000 3.6625102287 0.6463904753 2.6150460263 0.0000000000
4.8412159840 1.7000000000 3.6625104385 0.6464015944 2.6150513132 0.0000000000
4.8495209829 1.7000000000 3.6625106972 0.6464139271 2.6150572809 0.0000000000
4.8578259814 1.7000000000 3.6625110007 0.6464274002 2.6150638843 0.0000000000
4.8661309795 1.7000000000 3.6625113452 0.6464419407 2.6150710784 0.0000000000
4.8744359773 1.7000000000 3.6625117267 0.6464574753 2.6150788182 0.0000000000
4.8827409749 1.7000000000 3.6625121412 0.6464739310 2.6150870586 0.0000000000
4.8910459722 1.7000000000 3.6625125849 0.6464912347 2.6150957548 0.0000000000
4.8993509694 1.7000000000 3.6625130537 0.6465093133 2.6151048615 0.0000000000
4.9076559664 1.7000000000 3.6625135438 0.6465280937 2.6151143340 0.0000000000
4.9159609634 1.7000000000 3.6625140511 0.6465475027 2.6151241270 0.0000000000
4.9242659603 1.7000000000 3.6625145718 0.6465674673 2.6151341956 0.0000000000
4.9325709571 1.7000000000 3.6625151019 0.6465879143 2.6151444949 0.0000000000
4.9408759540 1.7000000000 3.6625156375 0.6466087707 2.6151549797 0.0000000000
4.9491809510 1.7000000000 3.6625161746 0.6466299633 2.6151656051 0.0000000000
4.9574859481 1.7000000000 3.6625167093 0.6466514190 2.6151763260 0.0000000000
4.9657909453 1.7000000000 3.6625172375 0.6466730647 2.6151870975 0.0000000000
4.9740959428 1.7000000000 3.6625177555 0.6466948274 2.6151978745 0.0000000000
4.9824009404 1.7000000000 3.6625182593 0.6467166339 2.6152086120 0.0000000000
4.9907059384 1.7000000000 3.6625187448 0.6467384110 2.6152192649 0.0000000000
4.9990109366 1.7000000000 3.6625192082 0.6467600857 2.6152297884 0.0000000000
5.0073159352 1.7000000000 3.6625196455 0.6467815850 2.6152401374 0.0000000000
5.0156209343 1.7000000000 3.6625200528 0.6468028355 2.6152502667 0.0000000000
5.0239259337 1.7000000000 3.6625204271 0.6468237556 2.6152601318 0.0000000000
5.0322309335 1.7000000000 3.6625207678 0.6468442396 2.6152696886 0.0000000000
5.0405359337 1.7000000000 3.6625210751 0.6468641783 2.6152788932 0.0000000000
5.0488409342 1.7000000000 3.6625213488 0.6468834622 2.6152877016 0.0000000000
5.0571459349 1.7000000000 3.6625215890 0.6469019820 2.6152960700 0.0000000000
5.0654509359 1.7000000000 3.6625217955 0.6469196283 2.6153039545 0.0000000000
5.0737559370 1.7000000000 3.6625219683 0.6469362917 2.6153113112 0.0000000000
5.0820609383 1.7000000000 3.6625221074 0.6469518629 2.6153180961 0.0000000000
5.0903659397 1.7000000000 3.6625222128 0.6469662323 2.6153242654 0.0000000000
5.0986709411 1.7000000000 3.6625222844 0.6469792908 2.6153297752 0.0000000000
5.1069759426 1.7000000000 3.6625223222 0.6469909288 2.6153345815 0.0000000000
5.1152809440 1.7000000000 3.6625223261 0.6470010370 2.6153386405 0.0000000000
5.1235859454 1.7000000000 3.6625222961 0.6470095060 2.6153419082 0.0000000000
5.1318909466 1.7000000000 3.6625222322 0.6470162265 2.6153443408 0.0000000000
5.1401959477 1.7000000000 3.6625221343 0.6470210890 2.6153458944 0.0000000000
5.1485009486 1.7000000000 3.6625220025 0.6470239842 2.6153465249 0.0000000000
5.1568059493 1.7000000000 3.6625218366 0.6470248027 2.6153461887 0.0000000000
5.1651109497 1.7000000000 3.6625216366 0.6470234351 2.6153448416 0.0000000000
5.1734159498 1.7000000000 3.6625214024 0.6470197721 2.6153424400 0.0000000000
5.1817209495 1.7000000000 3.6625211342 0.6470137042 2.6153389397 0.0000000000
5.1900259488 1.7000000000 3.6625208317 0.6470051220 2.6153342970 0.0000000000
5.1983309477 1.7000000000 3.6625204950 0.6469939163 2.6153284679 0.0000000000
5.2066359461 1.7000000000 3.6625201240 0.6469799775 2.6153214085 0.0000000000
5.2149409439 1.7000000000 3.6625197182 0.6469631998 2.6153130740 0.0000000000
5.2232459411 1.7000000000 3.6625192703 0.6469435131 2.6153034079 0.0000000000
5.2315509373 1.7000000000 3.6625187694 0.6469208701 2.6152923470 0.0000000000
5.2398559324 1.7000000000 3.6625182043 0.6468952236 2.6152798279 0.0000000000
5.2481609262 1.7000000000 3.6625175638 0.6468665262 2.6152657872 0.0000000000
5.2564659183 1.7000000000 3.6625168369 0.6468347310 2.6152501615 0.0000000000
5.2647709087 1.7000000000 3.6625160125 0.6467997905 2.6152328875 0.0000000000
5.2730758970 1.7000000000 3.6625150793 0.6467616578 2.6152139017 0.0000000000
5.2813808831 1.7000000000 3.6625140263 0.6467202855 2.6151931408 0.0000000000
5.2896858667 1.7000000000 3.6625128423 0.6466756264 2.6151705413 0.0000000000
5.2979908477 1.7000000000 3.6625115163 0.6466276334 2.6151460399 0.0000000000
5.3062958257 1.7000000000 3.6625100370 0.6465762593 2.6151195732 0.0000000000
5.3146008005 1.7000000000 3.6625083949 0.6465214391 2.6150910765 0.0000000000
5.3229057715 1.7000000000 3.6625065865 0.6464630313 2.6150604800 0.0000000000
5.3312107382 1.7000000000 3.6625046103 0.6464008742 2.6150277124 0.0000000000
5.3395156998 1.7000000000 3.6625024646 0.6463348057 2.6149927021 0.0000000000
5.3478206558 1.7000000000 3.6625001478 0.6462646639 2.6149553781 0.0000000000
5.3561256055 1.7000000000 3.6624976582 0.6461902869 2.6149156688 0.0000000000
5.3644305483 1.7000000000 3.6624949941 0.6461115129 2.6148735029 0.0000000000
5.3727354835 1.7000000000 3.6624921540 0.6460281799 2.6148288092 0.0000000000
5.3810404106 1.7000000000 3.6624891361 0.6459401260 2.6147815163 0.0000000000
5.3893453289 1.7000000000 3.6624859389 0.6458471892 2.6147315527 0.0000000000
5.3976502377 1.7000000000 3.6624825607 0.6457492077 2.6146788473 0.0000000000
5.4059551365 1.7000000000 3.6624789999 0.6456460203 2.6146233292 0.0000000000
5.4142600246 1.7000000000 3.6624752614 0.6455375314 2.6145649795 0.0000000000
5.4225649017 1.7000000000 3.6624713615 0.6454237647 2.6145038731 0.0000000000
5.4308697672 1.7000000000 3.6624673178 0.6453047562 2.6144400950 0.0000000000
5.4391746209 1.7000000000 3.6624631480 0.6451805420 2.6143737300 0.0000000000
5.4474794622 1.7000000000 3.6624588696 0.6450511582 2.6143048630 0.0000000000
5.4557842907 1.7000000000 3.6624545003 0.6449166409 2.6142335789 0.0000000000
5.4640891060 1.7000000000 3.6624500577 0.6447770262 2.6141599625 0.0000000000
5.4723939077 1.7000000000 3.6624455593 0.6446323502 2.6140840988 0.0000000000
5.4806986954 1.7000000000 3.6624410229 0.6444826490 2.6140060725 0.0000000000
5.4890034685 1.7000000000 3.6624364659 0.6443279587 2.6139259686 0.0000000000
5.4973082268 1.7000000000 3.6624319061 0.6441683153 2.6138438720 0.0000000000
5.5056129697 1.7000000000 3.6624273594 0.6440037512 2.6137598596 0.0000000000
5.5139176966 1.7000000000 3.6624228160 0.6438342380 2.6136738805 0.0000000000
5.5222224067 1.7000000000 3.6624182451 0.6436596978 2.6135857808 0.0000000000
5.5305270991 1.7000000000 3.6624136153 0.6434800516 2.6134954033 0.0000000000
5.5388317730 1.7000000000 3.6624088953 0.6432952203 2.6134025909 0.0000000000
5.5471364276 1.7000000000 3.6624040538 0.6431051248 2.6133071865 0.0000000000
5.5554410621 1.7000000000 3.6623990594 0.6429096859 2.6132090332 0.0000000000
5.5637456755 1.7000000000 3.6623938806 0.6427088247 2.6131079737 0.0000000000
5.5720502671 1.7000000000 3.6623884862 0.6425024619 2.6130038510 0.0000000000
5.5803548361 1.7000000000 3.6623828448 0.6422905185 2.6128965081 0.0000000000
5.5886593816 1.7000000000 3.6623769251 0.6420729153 2.6127857879 0.0000000000
5.5969639027 1.7000000000 3.6623706956 0.6418495733 2.6126715332 0.0000000000
5.6052683987 1.7000000000 3.6623641326 0.6416204223 2.6125536209 0.0000000000
5.6135728688 1.7000000000 3.6623572543 0.6413854416 2.6124321152 0.0000000000
5.6218773122 1.7000000000 3.6623500933 0.6411446274 2.6123071453 0.0000000000
5.6301817282 1.7000000000 3.6623426821 0.6408979763 2.6121788404 0.0000000000
5.6384861160 1.7000000000 3.6623350536 0.6406454845 2.6120473297 0.0000000000
5.6467904748 1.7000000000 3.6623272404 0.6403871484 2.6119127422 0.0000000000
5.6550948039 1.7000000000 3.6623192750 0.6401229645 2.6117752072 0.0000000000
5.6633991026 1.7000000000 3.6623111902 0.6398529291 2.6116348538 0.0000000000
5.6717033700 1.7000000000 3.6623030186 0.6395770385 2.6114918112 0.0000000000
5.6800076055 1.7000000000 3.6622947929 0.6392952892 2.6113462086 0.0000000000
5.6883118082 1.7000000000 3.6622865457 0.6390076775 2.6111981752 0.0000000000
5.6966159775 1.7000000000 3.6622783096 0.6387142001 2.6110478396 0.0000000000
5.7049201129 1.7000000000 3.6622700899 0.6384149080 2.6108952443 0.0000000000
5.7132242151 1.7000000000 3.6622618331 0.6381099715 2.6107402422 0.0000000000
5.7215282848 1.7000000000 3.6622534772 0.6377995770 2.6105826608 0.0000000000
5.7298323228 1.7000000000 3.6622449605 0.6374839108 2.6104223278 0.0000000000
5.7381363296 1.7000000000 3.6622362214 0.6371631591 2.6102590708 0.0000000000
5.7464403062 1.7000000000 3.6622271982 0.6368375082 2.6100927174 0.0000000000
5.7547442532 1.7000000000 3.6622178290 0.6365071444 2.6099230952 0.0000000000
5.7630481712 1.7000000000 3.6622080522 0.6361722540 2.6097500319 0.0000000000
5.7713520612 1.7000000000 3.6621978061 0.6358330233 2.6095733552 0.0000000000
5.7796559237 1.7000000000 3.6621870289 0.6354896385 2.6093928925 0.0000000000
5.7879597594 1.7000000000 3.6621756590 0.6351422859 2.6092084716 0.0000000000
5.7962635692 1.7000000000 3.6621636375 0.6347911410 2.6090199277 0.0000000000
5.8045673520 1.7000000000 3.6621509675 0.6344361533 2.6088272528 0.0000000000
5.8128711054 1.7000000000 3.6621377105 0.6340770594 2.6086305873 0.0000000000
5.8211748272 1.7000000000 3.6621239302 0.6337135872 2.6084300772 0.0000000000
5.8294785149 1.7000000000 3.6621096903 0.6333454651 2.6082258684 0.0000000000
5.8377821660 1.7000000000 3.6620950543 0.6329724212 2.6080181072 0.0000000000
5.8460857782 1.7000000000 3.6620800861 0.6325941836 2.6078069394 0.0000000000
5.8543893491 1.7000000000 3.6620648494 0.6322104805 2.6075925112 0.0000000000
5.8626928763 1.7000000000 3.6620494078 0.6318210400 2.6073749685 0.0000000000
5.8709963573 1.7000000000 3.6620338250 0.6314255904 2.6071544575 0.0000000000
5.8792997897 1.7000000000 3.6620181647 0.6310238598 2.6069311241 0.0000000000
5.8876031712 1.7000000000 3.6620024906 0.6306155763 2.6067051145 0.0000000000
5.8959064995 1.7000000000 3.6619868597 0.6302005003 2.6064765602 0.0000000000
5.9042097737 1.7000000000 3.6619712846 0.6297786012 2.6062455003 0.0000000000
5.9125129932 1.7000000000 3.6619557606 0.6293499321 2.6060119365 0.0000000000
5.9208161575 1.7000000000 3.6619402827 0.6289145459 2.6057758706 0.0000000000
5.9291192662 1.7000000000 3.6619248461 0.6284724959 2.6055373043 0.0000000000
5.9374223188 1.7000000000 3.6619094460 0.6280238351 2.6052962393 0.0000000000
5.9457253147 1.7000000000 3.6618940773 0.6275686168 2.6050526773 0.0000000000
5.9540282536 1.7000000000 3.6618787353 0.6271068940 2.6048066201 0.0000000000
5.9623311348 1.7000000000 3.6618634150 0.6266387198 2.6045580694 0.0000000000
5.9706339579 1.7000000000 3.6618481116 0.6261641475 2.6043070268 0.0000000000
5.9789367224 1.7000000000 3.6618328202 0.6256832301 2.6040534942 0.0000000000
5.9872394278 1.7000000000 3.6618175359 0.6251960208 2.6037974732 0.0000000000
5.9955420738 1.7000000000 3.6618022534 0.6247025747 2.6035389648 0.0000000000
6.0038446602 1.7000000000 3.6617869664 0.6242029520 2.6032779678 0.0000000000
6.0121471870 1.7000000000 3.6617716685 0.6236972134 2.6030144808 0.0000000000
6.0204496542 1.7000000000 3.6617563532 0.6231854199 2.6027485023 0.0000000000
6.0287520618 1.7000000000 3.6617410142 0.6226676324 2.6024800310 0.0000000000
6.0370544097 1.7000000000 3.6617256448 0.6221439116 2.6022090652 0.0000000000
6.0453566978 1.7000000000 3.6617102387 0.6216143186 2.6019356038 0.0000000000
6.0536589262 1.7000000000 3.6616947895 0.6210789141 2.6016596450 0.0000000000
6.0619610948 1.7000000000 3.6616792907 0.6205377591 2.6013811877 0.0000000000
6.0702632036 1.7000000000 3.6616637358 0.6199909144 2.6011002302 0.0000000000
6.0785652525 1.7000000000 3.6616481184 0.6194384408 2.6008167712 0.0000000000
6.0868672415 1.7000000000 3.6616324320 0.6188803996 2.6005308093 0.0000000000
6.0951691708 1.7000000000 3.6616166700 0.6183168607 2.6002423457 0.0000000000
6.1034710407 1.7000000000 3.6616008253 0.6177479031 2.5999513838 0.0000000000
6.1117728517 1.7000000000 3.6615848909 0.6171736061 2.5996579276 0.0000000000
6.1200746039 1.7000000000 3.6615688599 0.6165940492 2.5993619808 0.0000000000
6.1283762979 1.7000000000 3.6615527252 0.6160093118 2.5990635471 0.0000000000
6.1366779340 1.7000000000 3.6615364799 0.6154194733 2.5987626302 0.0000000000
6.1449795125 1.7000000000 3.6615201168 0.6148246131 2.5984592340 0.0000000000
6.1532810338 1.7000000000 3.6615036291 0.6142248106 2.5981533622 0.0000000000
6.1615824983 1.7000000000 3.6614870098 0.6136201452 2.5978450186 0.0000000000
6.1698839064 1.7000000000 3.6614702517 0.6130106963 2.5975342068 0.0000000000
6.1781852583 1.7000000000 3.6614533480 0.6123965433 2.5972209308 0.0000000000
6.1864865547 1.7000000000 3.6614362920 0.6117777750 2.5969051992 0.0000000000
6.1947877970 1.7000000000 3.6614190793 0.6111545479 2.5965870576 0.0000000000
6.2030889874 1.7000000000 3.6614017068 0.6105270490 2.5962665681 0.0000000000
6.2113901278 1.7000000000 3.6613841713 0.6098954653 2.5959437925 0.0000000000
6.2196912204 1.7000000000 3.6613664695 0.6092599838 2.5956187930 0.0000000000
6.2279922670 1.7000000000 3.6613485984 0.6086207914 2.5952916315 0.0000000000
6.2362932699 1.7000000000 3.6613305547 0.6079780753 2.5949623701 0.0000000000
6.2445942309 1.7000000000 3.6613123351 0.6073320224 2.5946310708 0.0000000000
6.2528951522 1.7000000000 3.6612939366 0.6066828197 2.5942977955 0.0000000000
6.2611960358 1.7000000000 3.6612753558 0.6060306542 2.5939626064 0.0000000000
6.2694968837 1.7000000000 3.6612565897 0.6053757130 2.5936255653 0.0000000000
6.2777976979 1.7000000000 3.6612376350 0.6047181832 2.5932867345 0.0000000000
6.2860984813 1.7000000000 3.6612184850 0.6040583009 2.5929461815 0.0000000000
6.2943992386 1.7000000000 3.6611991234 0.6033964382 2.5926039903 0.0000000000
6.3026999749 1.7000000000 3.6611795324 0.6027329907 2.5922602474 0.0000000000
6.3110006953 1.7000000000 3.6611596940 0.6020683539 2.5919150391 0.0000000000
6.3193014049 1.7000000000 3.6611395904 0.6014029233 2.5915684521 0.0000000000
6.3276021088 1.7000000000 3.6611192035 0.6007370943 2.5912205729 0.0000000000
6.3359028121 1.7000000000 3.6610985154 0.6000712625 2.5908714880 0.0000000000
6.3442035200 1.7000000000 3.6610775083 0.5994058233 2.5905212839 0.0000000000
6.3525042374 1.7000000000 3.6610561642 0.5987411723 2.5901700471 0.0000000000
6.3608049697 1.7000000000 3.6610344652 0.5980777050 2.5898178641 0.0000000000
6.3691057217 1.7000000000 3.6610123933 0.5974158167 2.5894648214 0.0000000000
6.3774064987 1.7000000000 3.6609899333 0.5967559031 2.5891110157 0.0000000000
6.3857073056 1.7000000000 3.6609671459 0.5960983581 2.5887568481 0.0000000000
6.3940081473 1.7000000000 3.6609441797 0.5954435742 2.5884030698 0.0000000000
6.4023090286 1.7000000000 3.6609211882 0.5947919436 2.5880504518 0.0000000000
6.4106099543 1.7000000000 3.6608983250 0.5941438586 2.5876997648 0.0000000000
6.4189109293 1.7000000000 3.6608757434 0.5934997116 2.5873517797 0.0000000000
6.4272119584 1.7000000000 3.6608535970 0.5928598949 2.5870072673 0.0000000000
6.4355130464 1.7000000000 3.6608320392 0.5922248008 2.5866669983 0.0000000000
6.4438141982 1.7000000000 3.6608112234 0.5915948216 2.5863317437 0.0000000000
6.4521154186 1.7000000000 3.6607913032 0.5909703496 2.5860022742 0.0000000000
6.4604167125 1.7000000000 3.6607724321 0.5903517771 2.5856793606 0.0000000000
6.4687180846 1.7000000000 3.6607547618 0.5897394963 2.5853637670 0.0000000000
6.4770195388 1.7000000000 3.6607383207 0.5891338821 2.5850557570 0.0000000000
6.4853210774 1.7000000000 3.6607229302 0.5885352812 2.5847547547 0.0000000000
6.4936227024 1.7000000000 3.6607083920 0.5879440375 2.5844601042 0.0000000000
6.5019244159 1.7000000000 3.6606945075 0.5873604947 2.5841711494 0.0000000000
6.5102262199 1.7000000000 3.6606810786 0.5867849968 2.5838872344 0.0000000000
6.5185281166 1.7000000000 3.6606679067 0.5862178876 2.5836077033 0.0000000000
6.5268301080 1.7000000000 3.6606547936 0.5856595110 2.5833319001 0.0000000000
6.5351321963 1.7000000000 3.6606415408 0.5851102107 2.5830591688 0.0000000000
6.5434343833 1.7000000000 3.6606279503 0.5845703326 2.5827888558 0.0000000000
6.5517366791 1.7000000000 3.6606140121 0.5840410631 2.5825213948 0.0000000000
6.5600391133 1.7000000000 3.6606002002 0.5835257579 2.5822600253 0.0000000000
6.5683417189 1.7000000000 3.6605870661 0.5830281181 2.5820084330 0.0000000000
6.5766445282 1.7000000000 3.6605751509 0.5825518015 2.5817702457 0.0000000000
6.5849475544 1.7000000000 3.6605646482 0.5820989865 2.5815471087 0.0000000000
6.5932507873 1.7000000000 3.6605553249 0.5816700371 2.5813382359 0.0000000000
6.6015542150 1.7000000000 3.6605469222 0.5812652066 2.5811426927 0.0000000000
6.6098578260 1.7000000000 3.6605391810 0.5808847482 2.5809595448 0.0000000000
6.6181616078 1.7000000000 3.6605319235 0.5805286373 2.5807880704 0.0000000000
6.6264655465 1.7000000000 3.6605252060 0.5801960462 2.5806281637 0.0000000000
6.6347696280 1.7000000000 3.6605191268 0.5798860027 2.5804798296 0.0000000000
6.6430738378 1.7000000000 3.6605137845 0.5795975344 2.5803430731 0.0000000000
6.6513781619 1.7000000000 3.6605092774 0.5793296708 2.5802178994 0.0000000000
6.6596825879 1.7000000000 3.6605056709 0.5790819268 2.5801043759 0.0000000000
6.6679871083 1.7000000000 3.6605029514 0.5788549807 2.5800027192 0.0000000000
6.6762917162 1.7000000000 3.6605010935 0.5786496817 2.5799131678 0.0000000000
6.6845964048 1.7000000000 3.6605000719 0.5784668788 2.5798359604 0.0000000000
6.6929011672 1.7000000000 3.6604998614 0.5783074211 2.5797713355 0.0000000000
6.7012059966 1.7000000000 3.6605004318 0.5781720794 2.5797194802 0.0000000000
6.7095108834 1.7000000000 3.6605016771 0.5780604385 2.5796798054 0.0000000000
6.7178158166 1.7000000000 3.6605034332 0.5779711639 2.5796511198 0.0000000000
6.7261207849 1.7000000000 3.6605055341 0.5779028974 2.5796322165 0.0000000000
6.7344257772 1.7000000000 3.6605078138 0.5778542803 2.5796218888 0.0000000000
6.7427307823 1.7000000000 3.6605101067 0.5778239545 2.5796189298 0.0000000000
6.7510357904 1.7000000000 3.6605123516 0.5778106313 2.5796225804 0.0000000000
6.7593407971 1.7000000000 3.6605148521 0.5778132650 2.5796336356 0.0000000000
6.7676457989 1.7000000000 3.6605179903 0.5778308624 2.5796532275 0.0000000000
6.7759507925 1.7000000000 3.6605221486 0.5778624304 2.5796824879 0.0000000000
6.7842557745 1.7000000000 3.6605277093 0.5779069757 2.5797225487 0.0000000000
6.7925607417 1.7000000000 3.6605350005 0.5779634148 2.5797742895 0.0000000000
6.8008656956 1.7000000000 3.6605437022 0.5780295791 2.5798355620 0.0000000000
6.8091706404 1.7000000000 3.6605530662 0.5781025843 2.5799022201 0.0000000000
6.8174755803 1.7000000000 3.6605623369 0.5781795333 2.5799700823 0.0000000000
6.8257805196 1.7000000000 3.6605707588 0.5782575297 2.5800349684 0.0000000000
6.8340854611 1.7000000000 3.6605779310 0.5783345789 2.5800944768 0.0000000000
6.8423904030 1.7000000000 3.6605845152 0.5784113893 2.5801515380 0.0000000000
6.8506953426 1.7000000000 3.6605913717 0.5784891739 2.5802100777 0.0000000000
6.8590002775 1.7000000000 3.6605993604 0.5785691456 2.5802740213 0.0000000000
6.8673052058 1.7000000000 3.6606090907 0.5786521528 2.5803461454 0.0000000000
6.8756101298 1.7000000000 3.6606199270 0.5787372344 2.5804235233 0.0000000000
6.8839150533 1.7000000000 3.6606308482 0.5788228689 2.5805014617 0.0000000000
6.8922199799 1.7000000000 3.6606408332 0.5789075344 2.5805752678 0.0000000000
6.9005249125 1.7000000000 3.6606492346 0.5789897128 2.5806417448 0.0000000000
6.9088298521 1.7000000000 3.6606565485 0.5790678971 2.5807022742 0.0000000000
6.9171347995 1.7000000000 3.6606634890 0.5791405824 2.5807591105 0.0000000000
6.9254397553 1.7000000000 3.6606707702 0.5792062644 2.5808145079 0.0000000000
6.9337447194 1.7000000000 3.6606789211 0.5792642412 2.5808703024 0.0000000000
6.9420496897 1.7000000000 3.6606879233 0.5793161893 2.5809270905 0.0000000000
6.9503546637 1.7000000000 3.6606976573 0.5793642241 2.5809852402 0.0000000000
6.9586596392 1.7000000000 3.6607079436 0.5794101025 2.5810447369 0.0000000000
6.9669646170 1.7000000000 3.6607181135 0.5794526510 2.5811024357 0.0000000000
6.9752695997 1.7000000000 3.6607272587 0.5794892634 2.5811536614 0.0000000000
6.9835745893 1.7000000000 3.6607345957 0.5795177717 2.5811944129 0.0000000000
6.9918795829 1.7000000000 3.6607408663 0.5795414182 2.5812289537 0.0000000000
7.0001845747 1.7000000000 3.6607478231 0.5795670317 2.5812670266 0.0000000000
7.0084895594 1.7000000000 3.6607570293 0.5796005318 2.5813172513 0.0000000000
7.0167945391 1.7000000000 3.6607681494 0.5796389455 2.5813770971 0.0000000000
7.0250995198 1.7000000000 3.6607798313 0.5796745379 2.5814380617 0.0000000000
7.0334045060 1.7000000000 3.6607908914 0.5797017571 2.5814931898 0.0000000000
7.0417094963 1.7000000000 3.6608008897 0.5797243648 2.5815422260 0.0000000000
7.0500144874 1.7000000000 3.6608095806 0.5797485555 2.5815866658 0.0000000000
7.0583194767 1.7000000000 3.6608170495 0.5797786461 2.5816285779 0.0000000000
7.0666244645 1.7000000000 3.6608249349 0.5798101469 2.5816727196 0.0000000000
7.0749294519 1.7000000000 3.6608352580 0.5798362320 2.5817244462 0.0000000000
7.0832344390 1.7000000000 3.6608481282 0.5798565692 2.5817840618 0.0000000000
7.0915394251 1.7000000000 3.6608615865 0.5798778482 2.5818464068 0.0000000000
7.0998444099 1.7000000000 3.6608739776 0.5799045392 2.5819066473 0.0000000000
7.1081493957 1.7000000000 3.6608847835 0.5799339222 2.5819616242 0.0000000000
7.1164543848 1.7000000000 3.6608937407 0.5799620671 2.5820087109 0.0000000000
7.1247593762 1.7000000000 3.6609023212 0.5799862045 2.5820526880 0.0000000000
7.1330643649 1.7000000000 3.6609139743 0.5800049276 2.5821067897 0.0000000000
7.1413693504 1.7000000000 3.6609291656 0.5800179841 2.5821727776 0.0000000000
7.1496743394 1.7000000000 3.6609430958 0.5800269901 2.5822321006 0.0000000000
7.1579793338 1.7000000000 3.6609533241 0.5800367812 2.5822769303 0.0000000000
7.1662843244 1.7000000000 3.6609629736 0.5800579684 2.5823240031 0.0000000000
7.1745893064 1.7000000000 3.6609747400 0.5800921588 2.5823847451 0.0000000000
7.1828942845 1.7000000000 3.6609894726 0.5801241991 2.5824564915 0.0000000000
7.1911992642 1.7000000000 3.6610068206 0.5801416688 2.5825328712 0.0000000000
7.1995042510 1.7000000000 3.6610219693 0.5801515207 2.5825974070 0.0000000000
7.2078092441 1.7000000000 3.6610327554 0.5801641205 2.5826455911 0.0000000000
7.2161142281 1.7000000000 3.6610466665 0.5801847637 2.5827094927 0.0000000000
7.2244191999 1.7000000000 3.6610662416 0.5802105930 2.5827981251 0.0000000000
7.2327241747 1.7000000000 3.6610859772 0.5802296436 2.5828846878 0.0000000000
7.2410291606 1.7000000000 3.6611025358 0.5802369084 2.5829538278 0.0000000000
7.2493341523 1.7000000000 3.6611168802 0.5802395030 2.5830122435 0.0000000000
7.2576391434 1.7000000000 3.6611303624 0.5802456397 2.5830686268 0.0000000000
7.2659441274 1.7000000000 3.6611443341 0.5802635302 2.5831316700 0.0000000000
7.2742490991 1.7000000000 3.6611600065 0.5802999932 2.5832089447 0.0000000000
7.2825540664 1.7000000000 3.6611766681 0.5803428170 2.5832927208 0.0000000000
7.2908590446 1.7000000000 3.6611926451 0.5803695162 2.5833673083 0.0000000000
7.2991640280 1.7000000000 3.6612094424 0.5803834924 2.5834400879 0.0000000000
7.3074690012 1.7000000000 3.6612300199 0.5804000195 2.5835290088 0.0000000000
7.3157739572 1.7000000000 3.6612550128 0.5804290478 2.5836405918 0.0000000000
7.3240789218 1.7000000000 3.6612758955 0.5804590845 2.5837361374 0.0000000000
7.3323839086 1.7000000000 3.6612904810 0.5804751772 2.5838009162 0.0000000000
7.3406889026 1.7000000000 3.6613075051 0.5804703491 2.5838670815 0.0000000000
7.3489938939 1.7000000000 3.6613277226 0.5804561563 2.5839422745 0.0000000000
7.3572988746 1.7000000000 3.6613498141 0.5804483033 2.5840274991 0.0000000000
7.3656038366 1.7000000000 3.6613724600 0.5804624947 2.5841237594 0.0000000000
7.3739087722 1.7000000000 3.6613943476 0.5805142844 2.5842320256 0.0000000000
7.3822136947 1.7000000000 3.6614154910 0.5805889489 2.5843464651 0.0000000000
7.3905186538 1.7000000000 3.6614383011 0.5806189557 2.5844497080 0.0000000000
7.3988236250 1.7000000000 3.6614615932 0.5806328914 2.5845484509 0.0000000000
7.4071285536 1.7000000000 3.6614830244 0.5806983245 2.5846603488 0.0000000000
7.4154334688 1.7000000000 3.6615091643 0.5807611442 2.5847900361 0.0000000000
7.4237384255 1.7000000000 3.6615357944 0.5807841286 2.5849057505 0.0000000000
7.4320433910 1.7000000000 3.6615576726 0.5807934613 2.5849969964 0.0000000000
7.4403483211 1.7000000000 3.6615882927 0.5807835246 2.5851155022 0.0000000000
7.4486532478 1.7000000000 3.6616125683 0.5808574796 2.5852421864 0.0000000000
7.4569581931 1.7000000000 3.6616400513 0.5809026936 2.5853702042 0.0000000000
7.4652631538 1.7000000000 3.6616656656 0.5808922837 2.5854684974 0.0000000000
7.4735681137 1.7000000000 3.6616882069 0.5808797822 2.5855536620 0.0000000000
7.4818730337 1.7000000000 3.6617188048 0.5809465863 2.5857027753 0.0000000000
7.4901779443 1.7000000000 3.6617496119 0.5809531180 2.5858286163 0.0000000000
7.4984828593 1.7000000000 3.6617749043 0.5809485956 2.5859279768 0.0000000000
7.5067877861 1.7000000000 3.6618040500 0.5810429912 2.5860823180 0.0000000000
7.5150927656 1.7000000000 3.6618311917 0.5810739395 2.5862032641 0.0000000000
7.5233976713 1.7000000000 3.6618636759 0.5810145873 2.5863094601 0.0000000000
7.5317025030 1.7000000000 3.6619027278 0.5809452000 2.5864379127 0.0000000000
7.5400074401 1.7000000000 3.6619376973 0.5810113039 2.5866042320 0.0000000000
7.5483123778 1.7000000000 3.6619676295 0.5810323281 2.5867323705 0.0000000000
7.5566172277 1.7000000000 3.6619964878 0.5809538458 2.5868164108 0.0000000000
7.5649221110 1.7000000000 3.6620294340 0.5810433901 2.5869840134 0.0000000000
7.5732270611 1.7000000000 3.6620582050 0.5810321522 2.5870946021 0.0000000000
7.5815318182 1.7000000000 3.6620886528 0.5809317363 2.5871762270 0.0000000000
7.5898366717 1.7000000000 3.6621310558 0.5810231126 2.5873823895 0.0000000000
7.5981415637 1.7000000000 3.6621645741 0.5809770328 2.5874980311 0.0000000000
7.6064463599 1.7000000000 3.6621983969 0.5808969737 2.5876012985 0.0000000000
7.6147513745 1.7000000000 3.6622342448 0.5809824455 2.5877788789 0.0000000000
7.6230559819 1.7000000000 3.6622678749 0.5808331425 2.5878536781 0.0000000000
7.6313608652 1.7000000000 3.6623077057 0.5808662682 2.5880262514 0.0000000000
7.6396657730 1.7000000000 3.6623423800 0.5808488655 2.5881579876 0.0000000000
7.6479704324 1.7000000000 3.6623783879 0.5807084241 2.5882458428 0.0000000000
7.6562751265 1.7000000000 3.6624188179 0.5807137509 2.5884096933 0.0000000000
7.6645794720 1.7000000000 3.6624545213 0.5806059718 2.5885093955 0.0000000000
7.6728828717 1.7000000000 3.6624817381 0.5802451727 2.5884739428 0.0000000000
7.6811872989 1.7000000000 3.6625168179 0.5800218731 2.5885249424 0.0000000000
7.6894888118 1.7000000000 3.6625443113 0.5794311210 2.5883986149 0.0000000000
7.6977911311 1.7000000000 3.6625696206 0.5789029393 2.5882885795 0.0000000000
7.7060958191 1.7000000000 3.6626188665 0.5789497136 2.5885042730 0.0000000000
7.7144007299 1.7000000000 3.6626669780 0.5789060544 2.5886792550 0.0000000000
7.7227048739 1.7000000000 3.6626971887 0.5786267593 2.5886883798 0.0000000000
7.7310065075 1.7000000000 3.6627252177 0.5780457852 2.5885681063 0.0000000000
7.7393069809 1.7000000000 3.6627504356 0.5773659067 2.5883970263 0.0000000000
7.7476111395 1.7000000000 3.6627948878 0.5770979876 2.5884676676 0.0000000000
7.7559142687 1.7000000000 3.6628296905 0.5766809334 2.5884400568 0.0000000000
7.7642145570 1.7000000000 3.6628596682 0.5759896265 2.5882834450 0.0000000000
7.7725160484 1.7000000000 3.6628951842 0.5753942637 2.5881873637 0.0000000000
7.7808167819 1.7000000000 3.6629287708 0.5747434542 2.5880613861 0.0000000000
7.7891199945 1.7000000000 3.6629696995 0.5743289534 2.5880593005 0.0000000000
7.7974219910 1.7000000000 3.6630050488 0.5737989856 2.5879887110 0.0000000000
7.8057196292 1.7000000000 3.6630257340 0.5729279142 2.5877230230 0.0000000000
7.8140204006 1.7000000000 3.6630641486 0.5722931308 2.5876227682 0.0000000000
7.8223212813 1.7000000000 3.6630963136 0.5716474216 2.5874931446 0.0000000000
7.8306196781 1.7000000000 3.6631271315 0.5708278033 2.5872885685 0.0000000000
7.8389162964 1.7000000000 3.6631552190 0.5698984117 2.5870291622 0.0000000000
7.8472124792 1.7000000000 3.6631878878 0.5689467398 2.5867791684 0.0000000000
7.8555070892 1.7000000000 3.6632145679 0.5679113518 2.5864717336 0.0000000000
7.8638030954 1.7000000000 3.6632423443 0.5669475100 2.5861973024 0.0000000000
7.8720949704 1.7000000000 3.6632607919 0.5657853046 2.5858062107 0.0000000000
7.8803853955 1.7000000000 3.6632851338 0.5645630562 2.5854146793 0.0000000000
7.8886771156 1.7000000000 3.6633070246 0.5634075351 2.5850400337 0.0000000000
7.8969666454 1.7000000000 3.6633303402 0.5621481301 2.5846295344 0.0000000000
7.9052427422 1.7000000000 3.6633405231 0.5604169519 2.5839777946 0.0000000000
7.9135238300 1.7000000000 3.6633507330 0.5588436579 2.5833893165 0.0000000000
7.9217959256 1.7000000000 3.6633589086 0.5569974386 2.5826835312 0.0000000000
7.9300678184 1.7000000000 3.6633661807 0.5551365485 2.5819682637 0.0000000000
7.9383379984 1.7000000000 3.6633701888 0.5532389039 2.5812252381 0.0000000000
7.9465987010 1.7000000000 3.6633671342 0.5511028534 2.5803585995 0.0000000000
7.9548496436 1.7000000000 3.6633568583 0.5487346301 2.5793702066 0.0000000000
7.9630946072 1.7000000000 3.6633445028 0.5462433439 2.5783242701 0.0000000000
7.9713393148 1.7000000000 3.6633250131 0.5437482029 2.5772482548 0.0000000000
7.9795625045 1.7000000000 3.6632975344 0.5408421100 2.5759759028 0.0000000000
7.9877860952 1.7000000000 3.6632744685 0.5379453493 2.5747249350 0.0000000000
7.9959874659 1.7000000000 3.6632307205 0.5346801924 2.5732438805 0.0000000000
8.0041856660 1.7000000000 3.6631847234 0.5313662313 2.5717343074 0.0000000000
8.0123588408 1.7000000000 3.6631349038 0.5276901004 2.5700645765 0.0000000000
8.0205059277 1.7000000000 3.6630615184 0.5236664044 2.5681615569 0.0000000000
8.0286307968 1.7000000000 3.6629865034 0.5193739174 2.5661445021 0.0000000000
8.0367249479 1.7000000000 3.6628936318 0.5147314883 2.5639160438 0.0000000000
8.0447821396 1.7000000000 3.6627925070 0.5097146978 2.5615048287 0.0000000000
8.0527775011 1.7000000000 3.6626689351 0.5041128316 2.5587697944 0.0000000000
8.0607258561 1.7000000000 3.6625260880 0.4981231635 2.5558025387 0.0000000000
8.0686332532 1.7000000000 3.6623802001 0.4918554772 2.5527119127 0.0000000000
8.0764100434 1.7000000000 3.6621866405 0.4846188207 2.5490430115 0.0000000000
8.0840458266 1.7000000000 3.6619687133 0.4765071261 2.5449266249 0.0000000000
8.0915174074 1.7000000000 3.6617208939 0.4675270232 2.5403433063 0.0000000000
8.0989881330 1.7000000000 3.6614682107 0.4585140568 2.5357273869 0.0000000000
8.1062588219 1.7000000000 3.6611821407 0.4485633094 2.5306028081 0.0000000000
8.1132886501 1.7000000000 3.6608583840 0.4375666034 2.5249090989 0.0000000000
8.1199432783 1.7000000000 3.6604796877 0.4253071005 2.5184905125 0.0000000000
8.1259689964 1.7000000000 3.6600485891 0.4113092867 2.5111669924 0.0000000000
8.1315590637 1.7000000000 3.6595886471 0.3968103071 2.5035276327 0.0000000000
8.1367496032 1.7000000000 3.6590938695 0.3815282944 2.4954357169 0.0000000000
8.1417824761 1.7000000000 3.6585898003 0.3657680247 2.4871153324 0.0000000000
8.1460084163 1.7000000000 3.6580220976 0.3483029110 2.4778584762 0.0000000000
8.1501781177 1.7000000000 3.6574477390 0.3307761506 2.4685503375 0.0000000000
8.1527055350 1.7000000000 3.6567942544 0.3113051659 2.4581480051 0.0000000000
8.1542141431 1.7000000000 3.6560986524 0.2909637081 2.4472290142 0.0000000000
8.1555488813 1.7000000000 3.6554111895 0.2705436363 2.4363111339 0.0000000000
8.1567304456 1.7000000000 3.6547205352 0.2500652621 2.4253571669 0.0000000000
8.1577832022 1.7000000000 3.6540309668 0.2295427713 2.4143898970 0.0000000000
8.1587224539 1.7000000000 3.6533443898 0.2089852039 2.4034205623 0.0000000000
8.1595597817 1.7000000000 3.6526533829 0.1884009582 2.3924228361 0.0000000000
8.1603061843 1.7000000000 3.6519729459 0.1677926746 2.3814577747 0.0000000000
8.1609741213 1.7000000000 3.6512775437 0.1471707366 2.3704273909 0.0000000000
8.1615704637 1.7000000000 3.6505915995 0.1265331317 2.3594285719 0.0000000000
8.1621031702 1.7000000000 3.6499146176 0.1058827054 2.3484604741 0.0000000000
8.1625787232 1.7000000000 3.6492230391 0.0852265385 2.3374316931 0.0000000000
8.1630021061 1.7000000000 3.6485411655 0.0645613474 2.3264381224 0.0000000000
8.1633832212 1.7000000000 3.6478712276 0.0438885178 2.3154892390 0.0000000000
8.1637274192 1.7000000000 3.6472269482 0.0232066680 2.3046393815 0.0000000000
8.1640383348 1.7000000000 3.6465443037 0.0025289882 2.2936377316 0.0000000000
8.1643146427 1.7000000000 3.6459133323 -0.0181616800 2.2828375784 0.0000000000
8.1645635927 1.7000000000 3.6452266188 -0.0388434100 2.2718180326 0.0000000000
8.1647859165 1.7000000000 3.6445724266 -0.0595339331 2.2609250544 0.0000000000
8.1649852583 1.7000000000 3.6438930868 -0.0802207829 2.2499329553 0.0000000000
8.1651645575 1.7000000000 3.6432199797 -0.1009101071 2.2389647973 0.0000000000
8.1653261555 1.7000000000 3.6425491408 -0.1216008202 2.2280051566 0.0000000000
8.1654728015 1.7000000000 3.6418698942 -0.1422905104 2.2170122940 0.0000000000
8.1656059374 1.7000000000 3.6411938648 -0.1629814304 2.2060318084 0.0000000000
8.1657253251 1.7000000000 3.6405185732 -0.1836730288 2.1950540027 0.0000000000
8.1658335552 1.7000000000 3.6398534907 -0.2043670798 2.1841160522 0.0000000000
8.1659323082 1.7000000000 3.6391766063 -0.2250589714 2.1731317580 0.0000000000
8.1660228393 1.7000000000 3.6384956851 -0.2457502924 2.1621315449 0.0000000000
8.1661055939 1.7000000000 3.6378229084 -0.2664435186 2.1511631475 0.0000000000
8.1661815424 1.7000000000 3.6371526989 -0.2871373889 2.1402047614 0.0000000000
8.1662513764 1.7000000000 3.6364725256 -0.3078293998 2.1292072638 0.0000000000
8.1663156145 1.7000000000 3.6357914469 -0.3285213199 2.1182061812 0.0000000000
8.1663749004 1.7000000000 3.6351274673 -0.3492168295 2.1072720589 0.0000000000
8.1664299422 1.7000000000 3.6344421296 -0.3699080407 2.0962542236 0.0000000000
8.1664808323 1.7000000000 3.6337600000 -0.3906000000 2.0852489214 0.0000000000
8.1665345417 1.7000000000 3.6330000000 -0.4140000000 2.0728489214 0.0000000000
8.1671261985 1.7000000000 3.6232877395 -0.7137175287 1.9141128679 0.0000000000
8.1677178552 1.7000000000 3.6226654562 -0.7339272450 1.9035398483 0.0000000000
8.1683095119 1.7000000000 3.6254805277 -0.6491381155 1.9487157860 0.0000000000
8.1689011687 1.7000000000 3.6270812574 -0.6004597134 1.9745900655 0.0000000000
8.1694928254 1.7000000000 3.6283730611 -0.5605619320 1.9957163929 0.0000000000
8.1700844821 1.7000000000 3.6295214002 -0.5251108920 2.0144901655 0.0000000000
8.1706761389 1.7000000000 3.6306051633 -0.4913756933 2.0323192972 0.0000000000
8.1712677956 1.7000000000 3.6316114381 -0.4607635167 2.0485892671 0.0000000000
8.1718594523 1.7000000000 3.6324518907 -0.4353492373 2.0621167893 0.0000000000
8.1724511091 1.7000000000 3.6330570749 -0.4168263365 2.0719466865 0.0000000000
8.1730427658 1.7000000000 3.6334660874 -0.4043487974 2.0785737518 0.0000000000
8.1736344225 1.7000000000 3.6337458485 -0.3959265274 2.0830617043 0.0000000000
8.1742260793 1.7000000000 3.6338624491 -0.3924430831 2.0849214845 0.0000000000
8.1748177360 1.7000000000 3.6339221314 -0.3907004006 2.0858572868 0.0000000000
8.1754093927 1.7000000000 3.6339034263 -0.3913550806 2.0855205942 0.0000000000
8.1760010495 1.7000000000 3.6338614009 -0.3927041565 2.0848128625 0.0000000000
8.1765927062 1.7000000000 3.6337600631 -0.3958193571 2.0831614309 0.0000000000
8.1771843629 1.7000000000 3.6336587252 -0.3989345577 2.0815099992 0.0000000000
8.1777760197 1.7000000000 3.6335380381 -0.4026956226 2.0795228248 0.0000000000
8.1783676764 1.7000000000 3.6334053837 -0.4068561476 2.0773279971 0.0000000000
8.1789593331 1.7000000000 3.6332727293 -0.4110166727 2.0751331694 0.0000000000
8.1795509899 1.7000000000 3.6331362238 -0.4152765903 2.0728831804 0.0000000000
8.1801426466 1.7000000000 3.6329907739 -0.4197673550 2.0705050751 0.0000000000
8.1807343033 1.7000000000 3.6328453241 -0.4242581196 2.0681269698 0.0000000000
8.1813259601 1.7000000000 3.6326998742 -0.4287488843 2.0657488644 0.0000000000
8.1819176168 1.7000000000 3.6325522037 -0.4333147744 2.0633318263 0.0000000000
8.1825092735 1.7000000000 3.6323941249 -0.4382327808 2.0607323087 0.0000000000
8.1831009303 1.7000000000 3.6322360461 -0.4431507871 2.0581327911 0.0000000000
8.1836925870 1.7000000000 3.6320779674 -0.4480687934 2.0555332734 0.0000000000
8.1842842437 1.7000000000 3.6319198886 -0.4529867997 2.0529337558 0.0000000000
8.1848759005 1.7000000000 3.6317593259 -0.4579740729 2.0502965957 0.0000000000
8.1854675572 1.7000000000 3.6315533046 -0.4642289985 2.0469705402 0.0000000000
8.1860592139 1.7000000000 3.6313472833 -0.4704839241 2.0436444848 0.0000000000
8.1866508707 1.7000000000 3.6311412620 -0.4767388496 2.0403184294 0.0000000000
8.1872425274 1.7000000000 3.6309352407 -0.4829937752 2.0369923739 0.0000000000
8.1878341841 1.7000000000 3.6307290365 -0.4892551916 2.0336629909 0.0000000000
8.1884258409 1.7000000000 3.6304747673 -0.4972231346 2.0294587366 0.0000000000
8.1890174976 1.7000000000 3.6302204980 -0.5051910775 2.0252544824 0.0000000000
8.1896091543 1.7000000000 3.6299662287 -0.5131590204 2.0210502281 0.0000000000
8.1902008111 1.7000000000 3.6297103823 -0.5211711228 2.0168220016 0.0000000000
8.1907924678 1.7000000000 3.6294062389 -0.5305355379 2.0118596620 0.0000000000
8.1913841245 1.7000000000 3.6291020955 -0.5398999530 2.0068973224 0.0000000000
8.1919757813 1.7000000000 3.6287979521 -0.5492643681 2.0019349827 0.0000000000
8.1925674380 1.7000000000 3.6284557071 -0.5596562741 1.9964092401 0.0000000000
8.1931590947 1.7000000000 3.6281096059 -0.5701521681 1.9908264778 0.0000000000
8.1937507515 1.7000000000 3.6277626617 -0.5809161093 1.9851331243 0.0000000000
8.1943424082 1.7000000000 3.6274131869 -0.5924845645 1.9791078434 0.0000000000
8.1949340649 1.7000000000 3.6270637122 -0.6040530198 1.9730825624 0.0000000000
8.1955257217 1.7000000000 3.6266504497 -0.6165458987 1.9664323607 0.0000000000
8.1961173784 1.7000000000 3.6262280680 -0.6291709345 1.9596928196 0.0000000000
8.1967090351 1.7000000000 3.6257850334 -0.6426315631 1.9525364298 0.0000000000
8.1973006919 1.7000000000 3.6253339859 -0.6564163860 1.9452183106 0.0000000000
8.1978923486 1.7000000000 3.6248523420 -0.6710639982 1.9374326900 0.0000000000
8.1984840053 1.7000000000 3.6243603511 -0.6860033844 1.9294889719 0.0000000000
8.1990756621 1.7000000000 3.6238357630 -0.7019206010 1.9210237328 0.0000000000
8.1996673188 1.7000000000 3.6232972843 -0.7182150497 1.9123520388 0.0000000000
8.2002589755 1.7000000000 3.6227266587 -0.7353658755 1.9032092060 0.0000000000
8.2008506323 1.7000000000 3.6221269491 -0.7533786913 1.8936052413 0.0000000000
8.2014422890 1.7000000000 3.6215042322 -0.7720683781 1.8836384989 0.0000000000
8.2020339457 1.7000000000 3.6208490110 -0.7917066090 1.8731623217 0.0000000000
8.2026256025 1.7000000000 3.6201608548 -0.8124548925 1.8621103836 0.0000000000
8.2032172592 1.7000000000 3.6194358036 -0.8341465769 1.8505335052 0.0000000000
8.2038089159 1.7000000000 3.6186712242 -0.8568740804 1.8383841859 0.0000000000
8.2044005727 1.7000000000 3.6178666623 -0.8807255035 1.8256253692 0.0000000000
8.2049922294 1.7000000000 3.6170214264 -0.9057966556 1.8122159648 0.0000000000
8.2055838861 1.7000000000 3.6161357886 -0.9321309991 1.7981396761 0.0000000000
8.2061755429 1.7000000000 3.6151981781 -0.9597903990 1.7833254742 0.0000000000
8.2067671996 1.7000000000 3.6142198475 -0.9887454072 1.7678301483 0.0000000000
8.2073588563 1.7000000000 3.6131999066 -1.0189197258 1.7516806575 0.0000000000
8.2079505131 1.7000000000 3.6121272959 -1.0503494802 1.7348183127 0.0000000000
8.2085421698 1.7000000000 3.6110377324 -1.0832181097 1.7173126071 0.0000000000
8.2091338265 1.7000000000 3.6098530265 -1.1177324898 1.6987680314 0.0000000000
8.2097254833 1.7000000000 3.6086263633 -1.1536914605 1.6794777905 0.0000000000
8.2103171400 1.7000000000 3.6073277055 -1.1914002877 1.6591996282 0.0000000000
8.2109087967 1.7000000000 3.6059542644 -1.2310845036 1.6378321774 0.0000000000
8.2115004535 1.7000000000 3.6045020073 -1.2732047891 1.6151750351 0.0000000000
8.2120921102 1.7000000000 3.6029526586 -1.3175804357 1.5912273816 0.0000000000
8.2126837669 1.7000000000 3.6013513178 -1.3634760698 1.5664637648 0.0000000000
8.2132754237 1.7000000000 3.5997014567 -1.4102968325 1.5411360153 0.0000000000
8.2138670804 1.7000000000 3.5980096090 -1.4582665807 1.5151807249 0.0000000000
8.2144587371 1.7000000000 3.5962656052 -1.5077856965 1.4883970637 0.0000000000
8.2150503939 1.7000000000 3.5944529777 -1.5589170747 1.4606940022 0.0000000000
8.2156420506 1.7000000000 3.5925421313 -1.6116255014 1.4319672460 0.0000000000
8.2162337073 1.7000000000 3.5905549746 -1.6658694462 1.4023210414 0.0000000000
8.2168253641 1.7000000000 3.5885358930 -1.7210058229 1.3721901642 0.0000000000
8.2174170208 1.7000000000 3.5863787376 -1.7796929323 1.3400866989 0.0000000000
8.2180086775 1.7000000000 3.5841049783 -1.8410241355 1.3064591805 0.0000000000
8.2186003343 1.7000000000 3.5815976064 -1.9066856592 1.2701650833 0.0000000000
8.2191919910 1.7000000000 3.5786659838 -1.9822591335 1.2282092033 0.0000000000
8.2197836477 1.7000000000 3.5747971595 -2.0821438957 1.1727800012 0.0000000000
8.2203753045 1.7000000000 3.5689087084 -2.2288380900 1.0905485190 0.0000000000
8.2209669612 1.7000000000 3.5608990652 -2.4212340067 0.9815515795 0.0000000000
8.2215586179 1.7000000000 3.5514269695 -2.6409229955 0.8557876012 0.0000000000
8.2221502747 1.7000000000 3.5410269246 -2.8717922770 0.7218397091 0.0000000000
8.2227419314 1.7000000000 3.5314513620 -3.0749234663 0.6022849830 0.0000000000
8.2233335881 1.7000000000 3.5227920623 -3.2526955110 0.4965389661 0.0000000000
8.2239252449 1.7000000000 3.5185650870 -3.3387198711 0.4452213209 0.0000000000
8.2245169016 1.7000000000 3.5006742961 -3.6784576702 0.2377630377 0.0000000000
8.2251085583 1.7000000000 3.4875100000 -3.9130500000 0.0912689214 0.0000000000
