# logAge Mass logTe Mbol logg C/O
0.6232330661 0.1000000000 3.5200100000 4.9236250000 2.5254900000 0.0000000000
0.6705232739 0.1000000000 3.5200123514 4.9236797368 2.5255213003 0.0000000000
0.7178134979 0.1000000000 3.5200143014 4.9237267925 2.5255479227 0.0000000000
0.7651037366 0.1000000000 3.5200158848 4.9237674898 2.5255705351 0.0000000000
0.8123939886 0.1000000000 3.5200171363 4.9238031512 2.5255898056 0.0000000000
0.8596842523 0.1000000000 3.5200180906 4.9238350994 2.5256064021 0.0000000000
0.9069745263 0.1000000000 3.5200187824 4.9238646571 2.5256209924 0.0000000000
0.9542648091 0.1000000000 3.5200192465 4.9238931469 2.5256342447 0.0000000000
1.0015550992 0.1000000000 3.5200195175 4.9239218914 2.5256468267 0.0000000000
1.0488453951 0.1000000000 3.5200196303 4.9239522133 2.5256594066 0.0000000000
1.0961356954 0.1000000000 3.5200196195 4.9239854351 2.5256726521 0.0000000000
1.1434259985 0.1000000000 3.5200195199 4.9240228796 2.5256872314 0.0000000000
1.1907163031 0.1000000000 3.5200193661 4.9240658693 2.5257038123 0.0000000000
1.2380066075 0.1000000000 3.5200191930 4.9241157270 2.5257230627 0.0000000000
1.2852969104 0.1000000000 3.5200190352 4.9241737752 2.5257456507 0.0000000000
1.3325872102 0.1000000000 3.5200189274 4.9242413366 2.5257722442 0.0000000000
1.3798775055 0.1000000000 3.5200189044 4.9243197337 2.5258035111 0.0000000000
1.4271677947 0.1000000000 3.5200190009 4.9244102894 2.5258401194 0.0000000000
1.4744580765 0.1000000000 3.5200192516 4.9245143261 2.5258827370 0.0000000000
1.5217483493 0.1000000000 3.5200196913 4.9246331665 2.5259320319 0.0000000000
1.5690386116 0.1000000000 3.5200203547 4.9247681333 2.5259886721 0.0000000000
1.6163288620 0.1000000000 3.5200212765 4.9249205491 2.5260533255 0.0000000000
1.6636190989 0.1000000000 3.5200224913 4.9250917365 2.5261266600 0.0000000000
1.7109093210 0.1000000000 3.5200240341 4.9252830181 2.5262093435 0.0000000000
1.7581995267 0.1000000000 3.5200259394 4.9254957167 2.5263020442 0.0000000000
1.8054897145 0.1000000000 3.5200282420 4.9257311548 2.5264054298 0.0000000000
1.8527798829 0.1000000000 3.5200309753 4.9259906760 2.5265201717 0.0000000000
1.9000700280 0.1000000000 3.5200340998 4.9262768331 2.5266471325 0.0000000000
1.9473601418 0.1000000000 3.5200374641 4.9265940266 2.5267874668 0.0000000000
1.9946502164 0.1000000000 3.5200409075 4.9269468173 2.5269423571 0.0000000000
2.0419402407 0.1000000000 3.5200442947 4.9273402290 2.5271132703 0.0000000000
2.0892301987 0.1000000000 3.5200475365 4.9277801503 2.5273022060 0.0000000000
2.1365200734 0.1000000000 3.5200505528 4.9282725657 2.5275112376 0.0000000000
2.1838098448 0.1000000000 3.5200541756 4.9288237135 2.5277461879 0.0000000000
2.2310994847 0.1000000000 3.5200613252 4.9294404241 2.5280214705 0.0000000000
2.2783889517 0.1000000000 3.5200708494 4.9301345222 2.5283372063 0.0000000000
2.3256781881 0.1000000000 3.5200746616 4.9309229807 2.5286678386 0.0000000000
2.3729671744 0.1000000000 3.5200759688 4.9318024934 2.5290248727 0.0000000000
2.4202558984 0.1000000000 3.5200803065 4.9327657977 2.5294275449 0.0000000000
2.4675443079 0.1000000000 3.5200901642 4.9338177292 2.5298877484 0.0000000000
2.5148322681 0.1000000000 3.5200999122 4.9349892498 2.5303953489 0.0000000000
2.5621197364 0.1000000000 3.5201097229 4.9362789833 2.5309504848 0.0000000000
2.6094064287 0.1000000000 3.5201191108 4.9377354509 2.5315706236 0.0000000000
2.6566922745 0.1000000000 3.5201385812 4.9393547500 2.5322962248 0.0000000000
2.7039767023 0.1000000000 3.5201492703 4.9412143277 2.5330828125 0.0000000000
2.7512601787 0.1000000000 3.5201581226 4.9432205779 2.5339207216 0.0000000000
2.7985421944 0.1000000000 3.5201767112 4.9454301304 2.5348788968 0.0000000000
2.8458222327 0.1000000000 3.5201964644 4.9478912404 2.5359423536 0.0000000000
2.8930993015 0.1000000000 3.5202161158 4.9506845684 2.5371382904 0.0000000000
2.9403737283 0.1000000000 3.5202347360 4.9537462388 2.5384374397 0.0000000000
2.9876445567 0.1000000000 3.5202620521 4.9571364418 2.5399027853 0.0000000000
3.0349104298 0.1000000000 3.5202917906 4.9609331165 2.5415404090 0.0000000000
3.0821713130 0.1000000000 3.5203211858 4.9651021658 2.5433256097 0.0000000000
3.1294251130 0.1000000000 3.5203493535 4.9697430141 2.5452946195 0.0000000000
3.1766710911 0.1000000000 3.5203856364 4.9748604240 2.5474867153 0.0000000000
3.2239069201 0.1000000000 3.5204242425 4.9805301946 2.5499090480 0.0000000000
3.2711307661 0.1000000000 3.5204694742 4.9867947792 2.5525958085 0.0000000000
3.3183403488 0.1000000000 3.5205179932 4.9936976862 2.5555510474 0.0000000000
3.3655316528 0.1000000000 3.5205722020 5.0013410586 2.5588252315 0.0000000000
3.4127027314 0.1000000000 3.5206308963 5.0097300298 2.5624155971 0.0000000000
3.4598492901 0.1000000000 3.5206928812 5.0189385966 2.5663469633 0.0000000000
3.5069649762 0.1000000000 3.5207668724 5.0290870026 2.5707022908 0.0000000000
3.5540453368 0.1000000000 3.5208446215 5.0402130626 2.5754637109 0.0000000000
3.6010843562 0.1000000000 3.5209253258 5.0523823586 2.5806542466 0.0000000000
3.6480747241 0.1000000000 3.5210167819 5.0656747981 2.5863370470 0.0000000000
3.6950086955 0.1000000000 3.5211168069 5.0801582348 2.5925305214 0.0000000000
3.7418769868 0.1000000000 3.5212273495 5.0959153042 2.5992755196 0.0000000000
3.7886683697 0.1000000000 3.5213427774 5.1130403512 2.6065872500 0.0000000000
3.8353716328 0.1000000000 3.5214626541 5.1316089295 2.6144941884 0.0000000000
3.8819781885 0.1000000000 3.5215988886 5.1516374202 2.6230505225 0.0000000000
3.9284728951 0.1000000000 3.5217363889 5.1732296632 2.6322374207 0.0000000000
3.9748404098 0.1000000000 3.5218908545 5.1964674219 2.6421503868 0.0000000000
4.0210680562 0.1000000000 3.5220489972 5.2213855123 2.6527501935 0.0000000000
4.0671417326 0.1000000000 3.5222131376 5.2480254241 2.6640627200 0.0000000000
4.1130446200 0.1000000000 3.5223900766 5.2764472271 2.6761391973 0.0000000000
4.1587667066 0.1000000000 3.5225697924 5.3066355799 2.6889334016 0.0000000000
4.2042897097 0.1000000000 3.5227591824 5.3386486492 2.7024961891 0.0000000000
4.2496070306 0.1000000000 3.5229442435 5.3724350508 2.7167509941 0.0000000000
4.2947044508 0.1000000000 3.5231517590 5.4080128953 2.7318121942 0.0000000000
4.3395731990 0.1000000000 3.5233496648 5.4453545953 2.7475404973 0.0000000000
4.3842061539 0.1000000000 3.5235623667 5.4844217026 2.7640181479 0.0000000000
4.4286028552 0.1000000000 3.5237703146 5.5251365552 2.7811358806 0.0000000000
4.4727567387 0.1000000000 3.5239871109 5.5674694592 2.7989362271 0.0000000000
4.5166680627 0.1000000000 3.5242123423 5.6113507338 2.8173896626 0.0000000000
4.5603377149 0.1000000000 3.5244345417 5.6567144612 2.8364239515 0.0000000000
4.6037665691 0.1000000000 3.5246545712 5.7035008381 2.8560186202 0.0000000000
4.6469604441 0.1000000000 3.5248914524 5.7516268619 2.8762165543 0.0000000000
4.6899249204 0.1000000000 3.5251233379 5.8010200136 2.8969013571 0.0000000000
4.7326721463 0.1000000000 3.5253520760 5.8515776453 2.9180393620 0.0000000000
4.7752133453 0.1000000000 3.5255963720 5.9032098517 2.9396694286 0.0000000000
4.8175787002 0.1000000000 3.5258627923 5.9557376848 2.9617462431 0.0000000000
4.8598105620 0.1000000000 3.5261703028 6.0089320943 2.9842540491 0.0000000000
4.9019286738 0.1000000000 3.5265411016 6.0626846606 3.0072382708 0.0000000000
4.9438345646 0.1000000000 3.5268829686 6.1174640539 3.0305174960 0.0000000000
4.9854371284 0.1000000000 3.5271455839 6.1736722504 3.0540512359 0.0000000000
5.0267392208 0.1000000000 3.5273309818 6.2312506314 3.0778241799 0.0000000000
5.0677408206 0.1000000000 3.5274227121 6.2901579562 3.1017540307 0.0000000000
5.1084512941 0.1000000000 3.5274095998 6.3503164095 3.1257649629 0.0000000000
5.1488758353 0.1000000000 3.5273005800 6.4116654074 3.1498684828 0.0000000000
5.1890253944 0.1000000000 3.5270785506 6.4741310894 3.1739666383 0.0000000000
5.2289048333 0.1000000000 3.5267596974 6.5376667108 3.1981054740 0.0000000000
5.2685309873 0.1000000000 3.5263373073 6.6021815831 3.2222218625 0.0000000000
5.3079206321 0.1000000000 3.5257974893 6.6675899534 3.2462259385 0.0000000000
5.3470772291 0.1000000000 3.5251660667 6.7338621486 3.2702091263 0.0000000000
5.3860253563 0.1000000000 3.5244338530 6.8008913533 3.2940919533 0.0000000000
5.4248199600 0.1000000000 3.5235974446 6.8684675222 3.3177767874 0.0000000000
5.4638495236 0.1000000000 3.5226901502 6.9351836253 3.3408340509 0.0000000000
5.5037428182 0.1000000000 3.5217598027 6.9986051225 3.3624812598 0.0000000000
5.5448896734 0.1000000000 3.5208420014 7.0567767858 3.3820787201 0.0000000000
5.5880512751 0.1000000000 3.5200111016 7.1049171454 3.3980112645 0.0000000000
5.6331798863 0.1000000000 3.5193930508 7.1399941882 3.4095698783 0.0000000000
5.6794747932 0.1000000000 3.5189559184 7.1639449250 3.4174016436 0.0000000000
5.7263480224 0.1000000000 3.5186590713 7.1795664297 3.4224628569 0.0000000000
5.7734598592 0.1000000000 3.5184498085 7.1898356048 3.4257334761 0.0000000000
5.8206083622 0.1000000000 3.5182747448 7.1990004442 3.4286991570 0.0000000000
5.8678158241 0.1000000000 3.5181465921 7.2059057897 3.4309486841 0.0000000000
5.9149834053 0.1000000000 3.5179788733 7.2143866029 3.4336701344 0.0000000000
5.9621477848 0.1000000000 3.5178064960 7.2229953861 3.4364241385 0.0000000000
6.0092462206 0.1000000000 3.5176295397 7.2335888909 3.4399537150 0.0000000000
6.0562905593 0.1000000000 3.5173844530 7.2455908714 3.4437741605 0.0000000000
6.1031750395 0.1000000000 3.5170772245 7.2610363002 3.4487234182 0.0000000000
6.1497315668 0.1000000000 3.5166616063 7.2816547075 3.4553083081 0.0000000000
6.1959194797 0.1000000000 3.5161361891 7.3068891286 3.4633004080 0.0000000000
6.2414012918 0.1000000000 3.5154384283 7.3391455938 3.4734119507 0.0000000000
6.2852299289 0.1000000000 3.5144555895 7.3833315698 3.4871549858 0.0000000000
6.3259444649 0.1000000000 3.5130977642 7.4432076767 3.5056741275 0.0000000000
6.3613182379 0.1000000000 3.5112493687 7.5212689693 3.5295050625 0.0000000000
6.3897416745 0.1000000000 3.5089344486 7.6153970005 3.5578965946 0.0000000000
6.4122226526 0.1000000000 3.5063148034 7.7191391010 3.5889148540 0.0000000000
6.4315408640 0.1000000000 3.5036102133 7.8268312004 3.6211733334 0.0000000000
6.4505865868 0.1000000000 3.5009329360 7.9348350960 3.6536657824 0.0000000000
6.4709744216 0.1000000000 3.4983779316 8.0413108576 3.6860360696 0.0000000000
6.4930142196 0.1000000000 3.4959643213 8.1457288671 3.7181488321 0.0000000000
6.5167458031 0.1000000000 3.4937481367 8.2478304993 3.7501247466 0.0000000000
6.5421112073 0.1000000000 3.4917207861 8.3474710190 3.7818715519 0.0000000000
6.5690997223 0.1000000000 3.4899232131 8.4444389453 3.8134684304 0.0000000000
6.5977254770 0.1000000000 3.4884108686 8.5384581853 3.8450267487 0.0000000000
6.6279768322 0.1000000000 3.4872279205 8.6292679871 3.8766188768 0.0000000000
6.6599375622 0.1000000000 3.4864751500 8.7163702902 3.9084487160 0.0000000000
6.6936032961 0.1000000000 3.4862317231 8.7993785500 3.9406783124 0.0000000000
6.7289600030 0.1000000000 3.4865813287 8.8778652295 3.9734714064 0.0000000000
6.7657046748 0.1000000000 3.4874381609 8.9522496573 4.0066525065 0.0000000000
6.8029006870 0.1000000000 3.4883679112 9.0252202774 4.0395597556 0.0000000000
6.8402443228 0.1000000000 3.4892268823 9.0977237453 4.0719970274 0.0000000000
6.8777388401 0.1000000000 3.4900152871 9.1697439767 4.1039587389 0.0000000000
6.9153991641 0.1000000000 3.4907760640 9.2412232135 4.1355935414 0.0000000000
6.9532035307 0.1000000000 3.4914953712 9.3122284501 4.1668728649 0.0000000000
6.9910797416 0.1000000000 3.4921314412 9.3829990202 4.1977253729 0.0000000000
7.0290866484 0.1000000000 3.4927520727 9.4533310707 4.2283407190 0.0000000000
7.0672122514 0.1000000000 3.4933429862 9.5232621393 4.2586768005 0.0000000000
7.1054324570 0.1000000000 3.4939039558 9.5928713561 4.2887643656 0.0000000000
7.1437185558 0.1000000000 3.4944122166 9.6622563547 4.3185514081 0.0000000000
7.1820818972 0.1000000000 3.4949009514 9.7313751111 4.3481538498 0.0000000000
7.2205063503 0.1000000000 3.4953597817 9.8002827049 4.3775522087 0.0000000000
7.2589872560 0.1000000000 3.4957784320 9.8689947415 4.4067116248 0.0000000000
7.2975103807 0.1000000000 3.4961675125 9.9375598458 4.4356939881 0.0000000000
7.3360582775 0.1000000000 3.4965177122 10.0060391946 4.4644865266 0.0000000000
7.3746366343 0.1000000000 3.4968293044 10.0744124188 4.4930821852 0.0000000000
7.4132769200 0.1000000000 3.4971240256 10.1425671767 4.5215229732 0.0000000000
7.4519244527 0.1000000000 3.4973858271 10.2106971118 4.5498221533 0.0000000000
7.4905549831 0.1000000000 3.4975912760 10.2788884667 4.5779204909 0.0000000000
7.5291684932 0.1000000000 3.4977516314 10.3471408389 4.6058628611 0.0000000000
7.5677510946 0.1000000000 3.4978505400 10.4155030787 4.6336033915 0.0000000000
7.6063051606 0.1000000000 3.4978875375 10.4839662300 4.6611366420 0.0000000000
7.6448232494 0.1000000000 3.4978780124 10.5525559271 4.6885344203 0.0000000000
7.6832998009 0.1000000000 3.4977984282 10.6212908778 4.7157100638 0.0000000000
7.7217353566 0.1000000000 3.4976521915 10.6901683100 4.7426760899 0.0000000000
7.7601222994 0.1000000000 3.4974390281 10.7592139095 4.7694416762 0.0000000000
7.7984582248 0.1000000000 3.4971499120 10.8284346912 4.7959735245 0.0000000000
7.8367392225 0.1000000000 3.4967922251 10.8978432392 4.8223061959 0.0000000000
7.8749675678 0.1000000000 3.4963471106 10.9674297673 4.8483603494 0.0000000000
7.9131490194 0.1000000000 3.4958346574 11.0371741245 4.8742082794 0.0000000000
7.9512781828 0.1000000000 3.4952292394 11.1070924275 4.8997539286 0.0000000000
7.9893769598 0.1000000000 3.4945384045 11.1771092172 4.9249973048 0.0000000000
8.0274232865 0.1000000000 3.4937523889 11.2472977121 4.9499286404 0.0000000000
8.0654376604 0.1000000000 3.4928612290 11.3175865338 4.9744795295 0.0000000000
8.1034541035 0.1000000000 3.4918826248 11.3878610956 4.9986749375 0.0000000000
8.1414872077 0.1000000000 3.4907939356 11.4580691092 5.0224033862 0.0000000000
8.1795863357 0.1000000000 3.4896082872 11.5280432222 5.0456504376 0.0000000000
8.2177731150 0.1000000000 3.4883132055 11.5977058543 5.0683351639 0.0000000000
8.2561181798 0.1000000000 3.4869195084 11.6668105305 5.0904022457 0.0000000000
8.2947191800 0.1000000000 3.4854404168 11.7350072650 5.1117645732 0.0000000000
8.3336451363 0.1000000000 3.4838836387 11.8020279728 5.1323457440 0.0000000000
8.3730189180 0.1000000000 3.4822797266 11.8673849791 5.1520728982 0.0000000000
8.4129254238 0.1000000000 3.4806254478 11.9306816146 5.1707744372 0.0000000000
8.4534832877 0.1000000000 3.4789582316 11.9913293887 5.1883646819 0.0000000000
8.4948026754 0.1000000000 3.4772997273 12.0486727069 5.2046679919 0.0000000000
8.5369637801 0.1000000000 3.4756841426 12.1020552867 5.2195586851 0.0000000000
8.5800355408 0.1000000000 3.4741435565 12.1506889164 5.2328497927 0.0000000000
8.6240477252 0.1000000000 3.4727470678 12.1937672962 5.2444951896 0.0000000000
8.6689392524 0.1000000000 3.4715043352 12.2307773572 5.2543282835 0.0000000000
8.7145763615 0.1000000000 3.4704350303 12.2616102437 5.2623842188 0.0000000000
8.7608145051 0.1000000000 3.4695728479 12.2862764763 5.2688019821 0.0000000000
8.8074839928 0.1000000000 3.4688981856 12.3052555276 5.2736949533 0.0000000000
8.8544371395 0.1000000000 3.4683919863 12.3192577130 5.2772710306 0.0000000000
8.9015598666 0.1000000000 3.4680406662 12.3291320162 5.2798154715 0.0000000000
8.9487740975 0.1000000000 3.4678023555 12.3357867832 5.2815241352 0.0000000000
8.9960329882 0.1000000000 3.4676467397 12.3400598233 5.2826108883 0.0000000000
9.0433119129 0.1000000000 3.4675611017 12.3426296480 5.2832962659 0.0000000000
9.0905986188 0.1000000000 3.4675100000 12.3440750000 5.2836700000 0.0000000000
9.2122424091 0.1000000000 3.4674900000 12.3451500000 5.2840200000 0.0000000000
9.2169095164 0.1000000000 3.4674918016 12.3451529200 5.2840283745 0.0000000000
9.2215766236 0.1000000000 3.4674933610 12.3451543217 5.2840351727 0.0000000000
9.2262437308 0.1000000000 3.4674947081 12.3451542436 5.2840405300 0.0000000000
9.2309108378 0.1000000000 3.4674958729 12.3451527245 5.2840445816 0.0000000000
9.2355779447 0.1000000000 3.4674968854 12.3451498030 5.2840474627 0.0000000000
9.2402450514 0.1000000000 3.4674977754 12.3451455177 5.2840493088 0.0000000000
9.2449121579 0.1000000000 3.4674985730 12.3451399073 5.2840502550 0.0000000000
9.2495792641 0.1000000000 3.4674993081 12.3451330104 5.2840504367 0.0000000000
9.2542463700 0.1000000000 3.4675000107 12.3451248657 5.2840499890 0.0000000000
9.2589134756 0.1000000000 3.4675007107 12.3451155117 5.2840490474 0.0000000000
9.2635805808 0.1000000000 3.4675014381 12.3451049872 5.2840477472 0.0000000000
9.2682476856 0.1000000000 3.4675022228 12.3450933308 5.2840462234 0.0000000000
9.2729147899 0.1000000000 3.4675030948 12.3450805810 5.2840446116 0.0000000000
9.2775818937 0.1000000000 3.4675040841 12.3450667767 5.2840430469 0.0000000000
9.2822489970 0.1000000000 3.4675052205 12.3450519563 5.2840416646 0.0000000000
9.2869160998 0.1000000000 3.4675065342 12.3450361586 5.2840406001 0.0000000000
9.2915832019 0.1000000000 3.4675080549 12.3450194221 5.2840399886 0.0000000000
9.2962503034 0.1000000000 3.4675098128 12.3450017856 5.2840399653 0.0000000000
9.3009174043 0.1000000000 3.4675118255 12.3449832868 5.2840406166 0.0000000000
9.3055845045 0.1000000000 3.4675140451 12.3449639594 5.2840417642 0.0000000000
9.3102516040 0.1000000000 3.4675164018 12.3449438355 5.2840431416 0.0000000000
9.3149187031 0.1000000000 3.4675188258 12.3449229471 5.2840444819 0.0000000000
9.3195858015 0.1000000000 3.4675212470 12.3449013265 5.2840455185 0.0000000000
9.3242528995 0.1000000000 3.4675235956 12.3448790058 5.2840459846 0.0000000000
9.3289199970 0.1000000000 3.4675258016 12.3448560171 5.2840456134 0.0000000000
9.3335870941 0.1000000000 3.4675277953 12.3448323926 5.2840441383 0.0000000000
9.3382541908 0.1000000000 3.4675295067 12.3448081643 5.2840412925 0.0000000000
9.3429212871 0.1000000000 3.4675308741 12.3447833648 5.2840368424 0.0000000000
9.3475883831 0.1000000000 3.4675319314 12.3447580304 5.2840309376 0.0000000000
9.3522554788 0.1000000000 3.4675327735 12.3447322002 5.2840239742 0.0000000000
9.3569225740 0.1000000000 3.4675334967 12.3447059131 5.2840163520 0.0000000000
9.3615896689 0.1000000000 3.4675341969 12.3446792082 5.2840084709 0.0000000000
9.3662567634 0.1000000000 3.4675349703 12.3446521243 5.2840007309 0.0000000000
9.3709238574 0.1000000000 3.4675359129 12.3446247006 5.2839935318 0.0000000000
9.3755909511 0.1000000000 3.4675371208 12.3445969761 5.2839872738 0.0000000000
9.3802580444 0.1000000000 3.4675386902 12.3445689896 5.2839823565 0.0000000000
9.3849251372 0.1000000000 3.4675407159 12.3445407801 5.2839791756 0.0000000000
9.3895922296 0.1000000000 3.4675432234 12.3445123732 5.2839778430 0.0000000000
9.3942593216 0.1000000000 3.4675461282 12.3444837741 5.2839780225 0.0000000000
9.3989264133 0.1000000000 3.4675493360 12.3444549861 5.2839793384 0.0000000000
9.4035935047 0.1000000000 3.4675527525 12.3444260125 5.2839814152 0.0000000000
9.4082605959 0.1000000000 3.4675562836 12.3443968566 5.2839838770 0.0000000000
9.4129276870 0.1000000000 3.4675598349 12.3443675218 5.2839863481 0.0000000000
9.4175947779 0.1000000000 3.4675633121 12.3443380113 5.2839884530 0.0000000000
9.4222618688 0.1000000000 3.4675666211 12.3443083285 5.2839898159 0.0000000000
9.4269289596 0.1000000000 3.4675696676 12.3442784766 5.2839900611 0.0000000000
9.4315960504 0.1000000000 3.4675723759 12.3442484531 5.2839888846 0.0000000000
9.4362631413 0.1000000000 3.4675747753 12.3442182218 5.2839863899 0.0000000000
9.4409302319 0.1000000000 3.4675769325 12.3441877348 5.2839828240 0.0000000000
9.4455973223 0.1000000000 3.4675789141 12.3441569441 5.2839784341 0.0000000000
9.4502644124 0.1000000000 3.4675807867 12.3441258017 5.2839734675 0.0000000000
9.4549315021 0.1000000000 3.4675826169 12.3440942596 5.2839681714 0.0000000000
9.4595985913 0.1000000000 3.4675844713 12.3440622698 5.2839627932 0.0000000000
9.4642656798 0.1000000000 3.4675864165 12.3440297845 5.2839575800 0.0000000000
9.4689327676 0.1000000000 3.4675885192 12.3439967554 5.2839527791 0.0000000000
9.4735998547 0.1000000000 3.4675908452 12.3439631353 5.2839486350 0.0000000000
9.4782669409 0.1000000000 3.4675934219 12.3439289026 5.2839452485 0.0000000000
9.4829340262 0.1000000000 3.4675962195 12.3438940742 5.2839425076 0.0000000000
9.4876011108 0.1000000000 3.4675992038 12.3438586701 5.2839402831 0.0000000000
9.4922681947 0.1000000000 3.4676023404 12.3438227104 5.2839384458 0.0000000000
9.4969352778 0.1000000000 3.4676055952 12.3437862152 5.2839368667 0.0000000000
9.5016023602 0.1000000000 3.4676089337 12.3437492044 5.2839354165 0.0000000000
9.5062694420 0.1000000000 3.4676123217 12.3437116981 5.2839339661 0.0000000000
9.5109365232 0.1000000000 3.4676157249 12.3436737164 5.2839323863 0.0000000000
9.5156036039 0.1000000000 3.4676191091 12.3436352792 5.2839305479 0.0000000000
9.5202706839 0.1000000000 3.4676224423 12.3435964036 5.2839283305 0.0000000000
9.5249377635 0.1000000000 3.4676257155 12.3435570783 5.2839256933 0.0000000000
9.5296048424 0.1000000000 3.4676289318 12.3435172769 5.2839226380 0.0000000000
9.5342719206 0.1000000000 3.4676320945 12.3434769728 5.2839191670 0.0000000000
9.5389389981 0.1000000000 3.4676352067 12.3434361396 5.2839152825 0.0000000000
9.5436060748 0.1000000000 3.4676382716 12.3433947508 5.2839109868 0.0000000000
9.5482731507 0.1000000000 3.4676412926 12.3433527796 5.2839062823 0.0000000000
9.5529402256 0.1000000000 3.4676442728 12.3433101997 5.2839011712 0.0000000000
9.5576072997 0.1000000000 3.4676472155 12.3432669846 5.2838956558 0.0000000000
9.5622743727 0.1000000000 3.4676501239 12.3432231075 5.2838897384 0.0000000000
9.5669414448 0.1000000000 3.4676530045 12.3431785642 5.2838834436 0.0000000000
9.5716085159 0.1000000000 3.4676558757 12.3431334280 5.2838768739 0.0000000000
9.5762755863 0.1000000000 3.4676587585 12.3430877892 5.2838701495 0.0000000000
9.5809426560 0.1000000000 3.4676616737 12.3430417383 5.2838633902 0.0000000000
9.5856097252 0.1000000000 3.4676646424 12.3429953657 5.2838567160 0.0000000000
9.5902767940 0.1000000000 3.4676676855 12.3429487618 5.2838502468 0.0000000000
9.5949438626 0.1000000000 3.4676708239 12.3429020171 5.2838441025 0.0000000000
9.5996109311 0.1000000000 3.4676740786 12.3428552219 5.2838384031 0.0000000000
9.6042779996 0.1000000000 3.4676774705 12.3428084666 5.2838332686 0.0000000000
9.6089450683 0.1000000000 3.4676810204 12.3427618408 5.2838288178 0.0000000000
9.6136121371 0.1000000000 3.4676847343 12.3427153462 5.2838250758 0.0000000000
9.6182792057 0.1000000000 3.4676885924 12.3426688291 5.2838219013 0.0000000000
9.6229462740 0.1000000000 3.4676925719 12.3426221198 5.2838191356 0.0000000000
9.6276133415 0.1000000000 3.4676966502 12.3425750485 5.2838166202 0.0000000000
9.6322804080 0.1000000000 3.4677008046 12.3425274456 5.2838141965 0.0000000000
9.6369474732 0.1000000000 3.4677050124 12.3424791411 5.2838117059 0.0000000000
9.6416145368 0.1000000000 3.4677092509 12.3424299655 5.2838089899 0.0000000000
9.6462815984 0.1000000000 3.4677134976 12.3423797488 5.2838058899 0.0000000000
9.6509486579 0.1000000000 3.4677177297 12.3423283215 5.2838022474 0.0000000000
9.6556157149 0.1000000000 3.4677219251 12.3422755195 5.2837979083 0.0000000000
9.6602827695 0.1000000000 3.4677260778 12.3422213400 5.2837928473 0.0000000000
9.6649498218 0.1000000000 3.4677301996 12.3421659587 5.2837871818 0.0000000000
9.6696168724 0.1000000000 3.4677343031 12.3421095607 5.2837810366 0.0000000000
9.6742839215 0.1000000000 3.4677384010 12.3420523313 5.2837745364 0.0000000000
9.6789509694 0.1000000000 3.4677425060 12.3419944555 5.2837678061 0.0000000000
9.6836180164 0.1000000000 3.4677466308 12.3419361184 5.2837609704 0.0000000000
9.6882850630 0.1000000000 3.4677507880 12.3418775052 5.2837541542 0.0000000000
9.6929521095 0.1000000000 3.4677549904 12.3418188010 5.2837474821 0.0000000000
9.6976191561 0.1000000000 3.4677592507 12.3417601910 5.2837410791 0.0000000000
9.7022862032 0.1000000000 3.4677635800 12.3417018203 5.2837350479 0.0000000000
9.7069532505 0.1000000000 3.4677679793 12.3416435626 5.2837293421 0.0000000000
9.7116202973 0.1000000000 3.4677724453 12.3415851783 5.2837238527 0.0000000000
9.7162873433 0.1000000000 3.4677769749 12.3415264275 5.2837184708 0.0000000000
9.7209543878 0.1000000000 3.4677815648 12.3414670703 5.2837130873 0.0000000000
9.7256214303 0.1000000000 3.4677862116 12.3414068666 5.2837075933 0.0000000000
9.7302884704 0.1000000000 3.4677909122 12.3413455766 5.2837018796 0.0000000000
9.7349555075 0.1000000000 3.4677956633 12.3412829603 5.2836958373 0.0000000000
9.7396225410 0.1000000000 3.4678004616 12.3412187778 5.2836893574 0.0000000000
9.7442895707 0.1000000000 3.4678053049 12.3411529051 5.2836823816 0.0000000000
9.7489565971 0.1000000000 3.4678101944 12.3410855664 5.2836750043 0.0000000000
9.7536236209 0.1000000000 3.4678151319 12.3410170514 5.2836673483 0.0000000000
9.7582906427 0.1000000000 3.4678201192 12.3409476495 5.2836595368 0.0000000000
9.7629576632 0.1000000000 3.4678251581 12.3408776504 5.2836516924 0.0000000000
9.7676246831 0.1000000000 3.4678302502 12.3408073437 5.2836439383 0.0000000000
9.7722917029 0.1000000000 3.4678353974 12.3407370187 5.2836363973 0.0000000000
9.7769587234 0.1000000000 3.4678406015 12.3406669651 5.2836291922 0.0000000000
9.7816257448 0.1000000000 3.4678458639 12.3405973164 5.2836223823 0.0000000000
9.7862927664 0.1000000000 3.4678511849 12.3405277641 5.2836158450 0.0000000000
9.7909597870 0.1000000000 3.4678565645 12.3404579212 5.2836094263 0.0000000000
9.7956268058 0.1000000000 3.4678620028 12.3403874008 5.2836029716 0.0000000000
9.8002938217 0.1000000000 3.4678675001 12.3403158161 5.2835963268 0.0000000000
9.8049608337 0.1000000000 3.4678730563 12.3402427803 5.2835893373 0.0000000000
9.8096278408 0.1000000000 3.4678786716 12.3401679063 5.2835818491 0.0000000000
9.8142948421 0.1000000000 3.4678843463 12.3400908711 5.2835737335 0.0000000000
9.8189618383 0.1000000000 3.4678900813 12.3400118779 5.2835650762 0.0000000000
9.8236288305 0.1000000000 3.4678958781 12.3399313908 5.2835560689 0.0000000000
9.8282958200 0.1000000000 3.4679017384 12.3398498753 5.2835469037 0.0000000000
9.8329628081 0.1000000000 3.4679076635 12.3397677970 5.2835377729 0.0000000000
9.8376297959 0.1000000000 3.4679136551 12.3396856215 5.2835288689 0.0000000000
9.8422967848 0.1000000000 3.4679197145 12.3396038146 5.2835203839 0.0000000000
9.8469637756 0.1000000000 3.4679258428 12.3395226885 5.2835124466 0.0000000000
9.8516307670 0.1000000000 3.4679320384 12.3394418499 5.2835048935 0.0000000000
9.8562977573 0.1000000000 3.4679382989 12.3393607023 5.2834974766 0.0000000000
9.8609647448 0.1000000000 3.4679446222 12.3392786492 5.2834899484 0.0000000000
9.8656317275 0.1000000000 3.4679510058 12.3391950943 5.2834820609 0.0000000000
9.8702987038 0.1000000000 3.4679574475 12.3391094410 5.2834735664 0.0000000000
9.8749656721 0.1000000000 3.4679639456 12.3390211413 5.2834642388 0.0000000000
9.8796326328 0.1000000000 3.4679705066 12.3389303523 5.2834541674 0.0000000000
9.8842995880 0.1000000000 3.4679771437 12.3388377651 5.2834436808 0.0000000000
9.8889665399 0.1000000000 3.4679838699 12.3387440845 5.2834331133 0.0000000000
9.8936334907 0.1000000000 3.4679906983 12.3386500150 5.2834227993 0.0000000000
9.8983004424 0.1000000000 3.4679976422 12.3385562610 5.2834130731 0.0000000000
9.9029673970 0.1000000000 3.4680047115 12.3384634501 5.2834042261 0.0000000000
9.9076343535 0.1000000000 3.4680118803 12.3383713064 5.2833960438 0.0000000000
9.9123013092 0.1000000000 3.4680190991 12.3382789683 5.2833879839 0.0000000000
9.9169682611 0.1000000000 3.4680263182 12.3381855638 5.2833794982 0.0000000000
9.9216352065 0.1000000000 3.4680334876 12.3380902212 5.2833700389 0.0000000000
9.9263021424 0.1000000000 3.4680405576 12.3379920689 5.2833590581 0.0000000000
9.9309690674 0.1000000000 3.4680475323 12.3378906298 5.2833463810 0.0000000000
9.9356359837 0.1000000000 3.4680545855 12.3377866713 5.2833330104 0.0000000000
9.9403028945 0.1000000000 3.4680619246 12.3376812057 5.2833201808 0.0000000000
9.9449698029 0.1000000000 3.4680697571 12.3375752455 5.2833091265 0.0000000000
9.9496367120 0.1000000000 3.4680782902 12.3374698029 5.2833010818 0.0000000000
9.9543036244 0.1000000000 3.4680876815 12.3373656922 5.2832970030 0.0000000000
9.9589705380 0.1000000000 3.4680977334 12.3372623142 5.2832958591 0.0000000000
9.9636374490 0.1000000000 3.4681080935 12.3371584546 5.2832957558 0.0000000000
9.9683043535 0.1000000000 3.4681184090 12.3370528971 5.2832947948 0.0000000000
9.9729712476 0.1000000000 3.4681283271 12.3369444250 5.2832910783 0.0000000000
9.9776381283 0.1000000000 3.4681375505 12.3368320644 5.2832830279 0.0000000000
9.9823049981 0.1000000000 3.4681461631 12.3367164983 5.2832712518 0.0000000000
9.9869718618 0.1000000000 3.4681544079 12.3365991031 5.2832572727 0.0000000000
9.9916387243 0.1000000000 3.4681625283 12.3364812575 5.2832426162 0.0000000000
9.9963055904 0.1000000000 3.4681707679 12.3363643398 5.2832288077 0.0000000000
10.0009724626 0.1000000000 3.4681793027 12.3362490918 5.2832168474 0.0000000000
10.0056393360 0.1000000000 3.4681881026 12.3361343179 5.2832061375 0.0000000000
10.0103062042 0.1000000000 3.4681970987 12.3360184553 5.2831957769 0.0000000000
10.0149730611 0.1000000000 3.4682062220 12.3358999413 5.2831848647 0.0000000000
10.0196399006 0.1000000000 3.4682154067 12.3357773171 5.2831725538 0.0000000000
10.0243067237 0.1000000000 3.4682246348 12.3356507562 5.2831588418 0.0000000000
10.0289735364 0.1000000000 3.4682339265 12.3355217276 5.2831443971 0.0000000000
10.0336403448 0.1000000000 3.4682433029 12.3353917365 5.2831299063 0.0000000000
10.0383071552 0.1000000000 3.4682527852 12.3352622786 5.2831160523 0.0000000000
10.0429739707 0.1000000000 3.4682623856 12.3351340956 5.2831031805 0.0000000000
10.0476407890 0.1000000000 3.4682721009 12.3350066249 5.2830910535 0.0000000000
10.0523076072 0.1000000000 3.4682819265 12.3348791739 5.2830793756 0.0000000000
10.0569744225 0.1000000000 3.4682918578 12.3347510498 5.2830678512 0.0000000000
10.0616412316 0.1000000000 3.4683018922 12.3346214711 5.2830561574 0.0000000000
10.0663080293 0.1000000000 3.4683120319 12.3344894510 5.2830439078 0.0000000000
10.0709748105 0.1000000000 3.4683222795 12.3343539736 5.2830307075 0.0000000000
10.0756415699 0.1000000000 3.4683326380 12.3342140319 5.2830161648 0.0000000000
10.0803083074 0.1000000000 3.4683431095 12.3340696465 5.2830002966 0.0000000000
10.0849750330 0.1000000000 3.4683536949 12.3339228148 5.2829839055 0.0000000000
10.0896417574 0.1000000000 3.4683643950 12.3337757584 5.2829678834 0.0000000000
10.0943084912 0.1000000000 3.4683752106 12.3336306122 5.2829530872 0.0000000000
10.0989752339 0.1000000000 3.4683861427 12.3334873230 5.2829395002 0.0000000000
10.1036419736 0.1000000000 3.4683971928 12.3333435349 5.2829261852 0.0000000000
10.1083086976 0.1000000000 3.4684083621 12.3331967823 5.2829121615 0.0000000000
10.1129753953 0.1000000000 3.4684196522 12.3330449784 5.2828965999 0.0000000000
10.1176420681 0.1000000000 3.4684310641 12.3328883940 5.2828796142 0.0000000000
10.1223087217 0.1000000000 3.4684425994 12.3327282063 5.2828616803 0.0000000000
10.1269753620 0.1000000000 3.4684542593 12.3325655942 5.2828432751 0.0000000000
10.1316419948 0.1000000000 3.4684660452 12.3324017365 5.2828248754 0.0000000000
10.1363086262 0.1000000000 3.4684779583 12.3322378121 5.2828069581 0.0000000000
10.1409752618 0.1000000000 3.4684900000 12.3320750000 5.2827900000 0.0000000000
10.1707666033 0.1000000000 3.4685700000 12.3310000000 5.2826800000 0.0000000000
10.1721997011 0.1000000000 3.4685726248 12.3309513856 5.2826710536 0.0000000000
10.1736327898 0.1000000000 3.4685756551 12.3309015135 5.2826632258 0.0000000000
10.1750658700 0.1000000000 3.4685790584 12.3308504760 5.2826564240 0.0000000000
10.1764989424 0.1000000000 3.4685828023 12.3307983655 5.2826505556 0.0000000000
10.1779320076 0.1000000000 3.4685868545 12.3307452745 5.2826455279 0.0000000000
10.1793650665 0.1000000000 3.4685911825 12.3306912954 5.2826412482 0.0000000000
10.1807981196 0.1000000000 3.4685957539 12.3306365205 5.2826376240 0.0000000000
10.1822311677 0.1000000000 3.4686005364 12.3305810423 5.2826345625 0.0000000000
10.1836642113 0.1000000000 3.4686054975 12.3305249532 5.2826319711 0.0000000000
10.1850972513 0.1000000000 3.4686106047 12.3304683456 5.2826297572 0.0000000000
10.1865302884 0.1000000000 3.4686158258 12.3304113119 5.2826278281 0.0000000000
10.1879633231 0.1000000000 3.4686211283 12.3303539445 5.2826260912 0.0000000000
10.1893963561 0.1000000000 3.4686264799 12.3302963357 5.2826244537 0.0000000000
10.1908293883 0.1000000000 3.4686318480 12.3302385781 5.2826228232 0.0000000000
10.1922624201 0.1000000000 3.4686372003 12.3301807641 5.2826211068 0.0000000000
10.1936954524 0.1000000000 3.4686425044 12.3301229859 5.2826192120 0.0000000000
10.1951284859 0.1000000000 3.4686477279 12.3300653361 5.2826170462 0.0000000000
10.1965615211 0.1000000000 3.4686528384 12.3300079070 5.2826145166 0.0000000000
10.1979945588 0.1000000000 3.4686578035 12.3299507911 5.2826115306 0.0000000000
10.1994275997 0.1000000000 3.4686625925 12.3298940745 5.2826079997 0.0000000000
10.2008606435 0.1000000000 3.4686672053 12.3298377286 5.2826039127 0.0000000000
10.2022936893 0.1000000000 3.4686716695 12.3297816224 5.2825993270 0.0000000000
10.2037267361 0.1000000000 3.4686760134 12.3297256216 5.2825943022 0.0000000000
10.2051597830 0.1000000000 3.4686802653 12.3296695920 5.2825888980 0.0000000000
10.2065928291 0.1000000000 3.4686844537 12.3296133991 5.2825831742 0.0000000000
10.2080258733 0.1000000000 3.4686886068 12.3295569086 5.2825771905 0.0000000000
10.2094589148 0.1000000000 3.4686927530 12.3294999863 5.2825710065 0.0000000000
10.2108919525 0.1000000000 3.4686969207 12.3294424977 5.2825646819 0.0000000000
10.2123249854 0.1000000000 3.4687011382 12.3293843092 5.2825582764 0.0000000000
10.2137580132 0.1000000000 3.4687054217 12.3293253520 5.2825518277 0.0000000000
10.2151910361 0.1000000000 3.4687097659 12.3292656772 5.2825453345 0.0000000000
10.2166240546 0.1000000000 3.4687141628 12.3292053491 5.2825387908 0.0000000000
10.2180570690 0.1000000000 3.4687186045 12.3291444316 5.2825321906 0.0000000000
10.2194900798 0.1000000000 3.4687230831 12.3290829891 5.2825255281 0.0000000000
10.2209230873 0.1000000000 3.4687275908 12.3290210855 5.2825187975 0.0000000000
10.2223560921 0.1000000000 3.4687321197 12.3289587850 5.2825119928 0.0000000000
10.2237890946 0.1000000000 3.4687366619 12.3288961518 5.2825051081 0.0000000000
10.2252220951 0.1000000000 3.4687412094 12.3288332500 5.2824981378 0.0000000000
10.2266550941 0.1000000000 3.4687457579 12.3287701489 5.2824910912 0.0000000000
10.2280880922 0.1000000000 3.4687503089 12.3287069273 5.2824840064 0.0000000000
10.2295210899 0.1000000000 3.4687548646 12.3286436652 5.2824769244 0.0000000000
10.2309540879 0.1000000000 3.4687594273 12.3285804425 5.2824698862 0.0000000000
10.2323870866 0.1000000000 3.4687639993 12.3285173389 5.2824629328 0.0000000000
10.2338200867 0.1000000000 3.4687685829 12.3284544345 5.2824561053 0.0000000000
10.2352530886 0.1000000000 3.4687731803 12.3283918090 5.2824494447 0.0000000000
10.2366860931 0.1000000000 3.4687777937 12.3283295424 5.2824429919 0.0000000000
10.2381191005 0.1000000000 3.4687824255 12.3282677087 5.2824367854 0.0000000000
10.2395521107 0.1000000000 3.4687870763 12.3282062620 5.2824308102 0.0000000000
10.2409851224 0.1000000000 3.4687917458 12.3281450433 5.2824250005 0.0000000000
10.2424181344 0.1000000000 3.4687964333 12.3280838893 5.2824192889 0.0000000000
10.2438511457 0.1000000000 3.4688011383 12.3280226366 5.2824136077 0.0000000000
10.2452841551 0.1000000000 3.4688058602 12.3279611218 5.2824078895 0.0000000000
10.2467171615 0.1000000000 3.4688105985 12.3278991816 5.2824020667 0.0000000000
10.2481501635 0.1000000000 3.4688153527 12.3278366526 5.2823960717 0.0000000000
10.2495831602 0.1000000000 3.4688201221 12.3277733716 5.2823898371 0.0000000000
10.2510161507 0.1000000000 3.4688249064 12.3277092189 5.2823833132 0.0000000000
10.2524491352 0.1000000000 3.4688297056 12.3276442374 5.2823765174 0.0000000000
10.2538821143 0.1000000000 3.4688345198 12.3275785078 5.2823694825 0.0000000000
10.2553150885 0.1000000000 3.4688393492 12.3275121106 5.2823622412 0.0000000000
10.2567480584 0.1000000000 3.4688441940 12.3274451262 5.2823548264 0.0000000000
10.2581810245 0.1000000000 3.4688490542 12.3273776352 5.2823472707 0.0000000000
10.2596139873 0.1000000000 3.4688539300 12.3273097182 5.2823396071 0.0000000000
10.2610469475 0.1000000000 3.4688588215 12.3272414557 5.2823318683 0.0000000000
10.2624799055 0.1000000000 3.4688637290 12.3271729297 5.2823240877 0.0000000000
10.2639128621 0.1000000000 3.4688686526 12.3271042361 5.2823163048 0.0000000000
10.2653458181 0.1000000000 3.4688735928 12.3270354772 5.2823085619 0.0000000000
10.2667787743 0.1000000000 3.4688785498 12.3269667556 5.2823009014 0.0000000000
10.2682117314 0.1000000000 3.4688835240 12.3268981738 5.2822933655 0.0000000000
10.2696446903 0.1000000000 3.4688885158 12.3268298343 5.2822859969 0.0000000000
10.2710776517 0.1000000000 3.4688935254 12.3267618396 5.2822788376 0.0000000000
10.2725106165 0.1000000000 3.4688985533 12.3266942924 5.2822719303 0.0000000000
10.2739435852 0.1000000000 3.4689035997 12.3266272763 5.2822653093 0.0000000000
10.2753765573 0.1000000000 3.4689086638 12.3265606907 5.2822589316 0.0000000000
10.2768095309 0.1000000000 3.4689137445 12.3264943296 5.2822527100 0.0000000000
10.2782425047 0.1000000000 3.4689188406 12.3264279859 5.2822465567 0.0000000000
10.2796754769 0.1000000000 3.4689239507 12.3263614526 5.2822403841 0.0000000000
10.2811084460 0.1000000000 3.4689290738 12.3262945226 5.2822341043 0.0000000000
10.2825414105 0.1000000000 3.4689342085 12.3262269887 5.2822276296 0.0000000000
10.2839743687 0.1000000000 3.4689393537 12.3261586437 5.2822208723 0.0000000000
10.2854073193 0.1000000000 3.4689445088 12.3260893148 5.2822137610 0.0000000000
10.2868402624 0.1000000000 3.4689496773 12.3260190280 5.2822063205 0.0000000000
10.2882731988 0.1000000000 3.4689548644 12.3259478815 5.2821986104 0.0000000000
10.2897061292 0.1000000000 3.4689600751 12.3258759740 5.2821906901 0.0000000000
10.2911390542 0.1000000000 3.4689653144 12.3258034037 5.2821826192 0.0000000000
10.2925719746 0.1000000000 3.4689705874 12.3257302691 5.2821744574 0.0000000000
10.2940048910 0.1000000000 3.4689758992 12.3256566686 5.2821662642 0.0000000000
10.2954378042 0.1000000000 3.4689812547 12.3255827008 5.2821580989 0.0000000000
10.2968707149 0.1000000000 3.4689866515 12.3255084785 5.2821499973 0.0000000000
10.2983036246 0.1000000000 3.4689920721 12.3254341437 5.2821419460 0.0000000000
10.2997365344 0.1000000000 3.4689974974 12.3253598420 5.2821339263 0.0000000000
10.3011694458 0.1000000000 3.4690029079 12.3252857190 5.2821259192 0.0000000000
10.3026023600 0.1000000000 3.4690082844 12.3252119201 5.2821179056 0.0000000000
10.3040352782 0.1000000000 3.4690136076 12.3251385910 5.2821098667 0.0000000000
10.3054682020 0.1000000000 3.4690188582 12.3250658772 5.2821017836 0.0000000000
10.3069011321 0.1000000000 3.4690240243 12.3249938869 5.2820936521 0.0000000000
10.3083340668 0.1000000000 3.4690291530 12.3249224347 5.2820855860 0.0000000000
10.3097670031 0.1000000000 3.4690343191 12.3248511962 5.2820777549 0.0000000000
10.3111999380 0.1000000000 3.4690395975 12.3247798459 5.2820703285 0.0000000000
10.3126328684 0.1000000000 3.4690450633 12.3247080586 5.2820634766 0.0000000000
10.3140657912 0.1000000000 3.4690507914 12.3246355089 5.2820573691 0.0000000000
10.3154987034 0.1000000000 3.4690568568 12.3245618715 5.2820521757 0.0000000000
10.3169316021 0.1000000000 3.4690633302 12.3244868362 5.2820480554 0.0000000000
10.3183644877 0.1000000000 3.4690701871 12.3244104337 5.2820449218 0.0000000000
10.3197973638 0.1000000000 3.4690773089 12.3243330296 5.2820424475 0.0000000000
10.3212302341 0.1000000000 3.4690845733 12.3242550041 5.2820402949 0.0000000000
10.3226631024 0.1000000000 3.4690918579 12.3241767369 5.2820381264 0.0000000000
10.3240959724 0.1000000000 3.4690990403 12.3240986081 5.2820356043 0.0000000000
10.3255288478 0.1000000000 3.4691059980 12.3240209976 5.2820323910 0.0000000000
10.3269617324 0.1000000000 3.4691126109 12.3239442773 5.2820281544 0.0000000000
10.3283946268 0.1000000000 3.4691188431 12.3238685096 5.2820227763 0.0000000000
10.3298275278 0.1000000000 3.4691247679 12.3237933573 5.2820164145 0.0000000000
10.3312604318 0.1000000000 3.4691304657 12.3237184563 5.2820092452 0.0000000000
10.3326933355 0.1000000000 3.4691360169 12.3236434428 5.2820014446 0.0000000000
10.3341262353 0.1000000000 3.4691415019 12.3235679530 5.2819931890 0.0000000000
10.3355591277 0.1000000000 3.4691470013 12.3234916229 5.2819846545 0.0000000000
10.3369920094 0.1000000000 3.4691525938 12.3234140975 5.2819760140 0.0000000000
10.3384248792 0.1000000000 3.4691583114 12.3233352623 5.2819673505 0.0000000000
10.3398577384 0.1000000000 3.4691641347 12.3232552695 5.2819586468 0.0000000000
10.3412905886 0.1000000000 3.4691700416 12.3231742853 5.2819498806 0.0000000000
10.3427234312 0.1000000000 3.4691760099 12.3230924758 5.2819410298 0.0000000000
10.3441562677 0.1000000000 3.4691820173 12.3230100072 5.2819320721 0.0000000000
10.3455890996 0.1000000000 3.4691880418 12.3229270455 5.2819229852 0.0000000000
10.3470219284 0.1000000000 3.4691940625 12.3228437574 5.2819137530 0.0000000000
10.3484547557 0.1000000000 3.4692000752 12.3227603153 5.2819044268 0.0000000000
10.3498875831 0.1000000000 3.4692060857 12.3226768952 5.2818951008 0.0000000000
10.3513204121 0.1000000000 3.4692121001 12.3225936733 5.2818858697 0.0000000000
10.3527532445 0.1000000000 3.4692181245 12.3225108257 5.2818768283 0.0000000000
10.3541860819 0.1000000000 3.4692241650 12.3224285284 5.2818680715 0.0000000000
10.3556189259 0.1000000000 3.4692302277 12.3223469576 5.2818596939 0.0000000000
10.3570517772 0.1000000000 3.4692363174 12.3222661889 5.2818517450 0.0000000000
10.3584846332 0.1000000000 3.4692424339 12.3221859389 5.2818441113 0.0000000000
10.3599174904 0.1000000000 3.4692485764 12.3221058440 5.2818366433 0.0000000000
10.3613503457 0.1000000000 3.4692547438 12.3220255405 5.2818291913 0.0000000000
10.3627831955 0.1000000000 3.4692609349 12.3219446647 5.2818216056 0.0000000000
10.3642160365 0.1000000000 3.4692671489 12.3218628531 5.2818137366 0.0000000000
10.3656488655 0.1000000000 3.4692733845 12.3217797563 5.2818054405 0.0000000000
10.3670816818 0.1000000000 3.4692796404 12.3216952992 5.2817966811 0.0000000000
10.3685144869 0.1000000000 3.4692859147 12.3216096518 5.2817875196 0.0000000000
10.3699472824 0.1000000000 3.4692922057 12.3215229928 5.2817780200 0.0000000000
10.3713800698 0.1000000000 3.4692985116 12.3214355010 5.2817682467 0.0000000000
10.3728128510 0.1000000000 3.4693048305 12.3213473551 5.2817582641 0.0000000000
10.3742456273 0.1000000000 3.4693111607 12.3212587338 5.2817481363 0.0000000000
10.3756784007 0.1000000000 3.4693175033 12.3211698290 5.2817379448 0.0000000000
10.3771111732 0.1000000000 3.4693238663 12.3210808627 5.2817278104 0.0000000000
10.3785439471 0.1000000000 3.4693302588 12.3209920615 5.2817178598 0.0000000000
10.3799767246 0.1000000000 3.4693366897 12.3209036518 5.2817082194 0.0000000000
10.3814095079 0.1000000000 3.4693431680 12.3208158600 5.2816990159 0.0000000000
10.3828422992 0.1000000000 3.4693497027 12.3207289128 5.2816903758 0.0000000000
10.3842750997 0.1000000000 3.4693562964 12.3206429353 5.2816823599 0.0000000000
10.3857079063 0.1000000000 3.4693629229 12.3205575898 5.2816747274 0.0000000000
10.3871407145 0.1000000000 3.4693695472 12.3204724054 5.2816671511 0.0000000000
10.3885735198 0.1000000000 3.4693761348 12.3203869116 5.2816593039 0.0000000000
10.3900063177 0.1000000000 3.4693826509 12.3203006378 5.2816508587 0.0000000000
10.3914391039 0.1000000000 3.4693890607 12.3202131133 5.2816414882 0.0000000000
10.3928718744 0.1000000000 3.4693953469 12.3201239503 5.2816309679 0.0000000000
10.3943046302 0.1000000000 3.4694016012 12.3200332815 5.2816197176 0.0000000000
10.3957373739 0.1000000000 3.4694079575 12.3199414407 5.2816084061 0.0000000000
10.3971701079 0.1000000000 3.4694145495 12.3198487624 5.2815977031 0.0000000000
10.3986028350 0.1000000000 3.4694215114 12.3197555809 5.2815882780 0.0000000000
10.4000355576 0.1000000000 3.4694289771 12.3196622306 5.2815808005 0.0000000000
10.4014682780 0.1000000000 3.4694370420 12.3195689891 5.2815757636 0.0000000000
10.4029009963 0.1000000000 3.4694455732 12.3194757964 5.2815726114 0.0000000000
10.4043337117 0.1000000000 3.4694543534 12.3193824684 5.2815704010 0.0000000000
10.4057664235 0.1000000000 3.4694631653 12.3192888204 5.2815681892 0.0000000000
10.4071991309 0.1000000000 3.4694717914 12.3191946680 5.2815650328 0.0000000000
10.4086318332 0.1000000000 3.4694800145 12.3190998267 5.2815599885 0.0000000000
10.4100645303 0.1000000000 3.4694876773 12.3190042096 5.2815523930 0.0000000000
10.4114972251 0.1000000000 3.4694948623 12.3189081190 5.2815426967 0.0000000000
10.4129299209 0.1000000000 3.4695017114 12.3188119535 5.2815316269 0.0000000000
10.4143626212 0.1000000000 3.4695083666 12.3187161118 5.2815199110 0.0000000000
10.4157953295 0.1000000000 3.4695149698 12.3186209928 5.2815082764 0.0000000000
10.4172280492 0.1000000000 3.4695216627 12.3185269926 5.2814974476 0.0000000000
10.4186607806 0.1000000000 3.4695285300 12.3184341889 5.2814877955 0.0000000000
10.4200935180 0.1000000000 3.4695355457 12.3183420347 5.2814789967 0.0000000000
10.4215262551 0.1000000000 3.4695426708 12.3182499100 5.2814706470 0.0000000000
10.4229589854 0.1000000000 3.4695498661 12.3181571946 5.2814623423 0.0000000000
10.4243917026 0.1000000000 3.4695570927 12.3180632686 5.2814536783 0.0000000000
10.4258244007 0.1000000000 3.4695643132 12.3179675488 5.2814442725 0.0000000000
10.4272570794 0.1000000000 3.4695715173 12.3178700061 5.2814340717 0.0000000000
10.4286897428 0.1000000000 3.4695787152 12.3177710409 5.2814232771 0.0000000000
10.4301223954 0.1000000000 3.4695859177 12.3176710645 5.2814120967 0.0000000000
10.4315550414 0.1000000000 3.4695931358 12.3175704885 5.2814007386 0.0000000000
10.4329876852 0.1000000000 3.4696003803 12.3174697242 5.2813894108 0.0000000000
10.4344203298 0.1000000000 3.4696076593 12.3173690715 5.2813782658 0.0000000000
10.4358529743 0.1000000000 3.4696149720 12.3172684474 5.2813672670 0.0000000000
10.4372856170 0.1000000000 3.4696223156 12.3171676876 5.2813563373 0.0000000000
10.4387182561 0.1000000000 3.4696296871 12.3170666275 5.2813453996 0.0000000000
10.4401508897 0.1000000000 3.4696370839 12.3169651029 5.2813343766 0.0000000000
10.4415835163 0.1000000000 3.4696445031 12.3168629640 5.2813231978 0.0000000000
10.4430161366 0.1000000000 3.4696519439 12.3167602777 5.2813118867 0.0000000000
10.4444487532 0.1000000000 3.4696594071 12.3166572746 5.2813005382 0.0000000000
10.4458813688 0.1000000000 3.4696668933 12.3165541892 5.2812892489 0.0000000000
10.4473139860 0.1000000000 3.4696744032 12.3164512564 5.2812781155 0.0000000000
10.4487466074 0.1000000000 3.4696819376 12.3163487106 5.2812672347 0.0000000000
10.4501792358 0.1000000000 3.4696894971 12.3162467866 5.2812567029 0.0000000000
10.4516118737 0.1000000000 3.4696970823 12.3161457188 5.2812466169 0.0000000000
10.4530445238 0.1000000000 3.4697046941 12.3160457421 5.2812370733 0.0000000000
10.4544771887 0.1000000000 3.4697123331 12.3159470909 5.2812281688 0.0000000000
10.4559098711 0.1000000000 3.4697200000 12.3158500000 5.2812200000 0.0000000000
