# logAge Mass logTe Mbol logg C/O
-0.5054055187 1.6000000000 3.6545300000 -3.2394500000 1.0024599827 0.0000000000
-0.4643824458 1.6000000000 3.6545348700 -3.2392867847 1.0025447486 0.0000000000
-0.4233593775 1.6000000000 3.6545387115 -3.2391151693 1.0026287609 0.0000000000
-0.3823363174 1.6000000000 3.6545422790 -3.2389314599 1.0027165148 0.0000000000
-0.3413132695 1.6000000000 3.6545463271 -3.2387319626 1.0028125061 0.0000000000
-0.3002902376 1.6000000000 3.6545516103 -3.2385129818 1.0029212312 0.0000000000
-0.2592672266 1.6000000000 3.6545588897 -3.2382706319 1.0030472885 0.0000000000
-0.2182442438 1.6000000000 3.6545689381 -3.2380006823 1.0031954620 0.0000000000
-0.1772212965 1.6000000000 3.6545819480 -3.2376991545 1.0033681130 0.0000000000
-0.1361983917 1.6000000000 3.6545950640 -3.2373635844 1.0035548050 0.0000000000
-0.0951755362 1.6000000000 3.6546046921 -3.2369920763 1.0037419206 0.0000000000
-0.0541527352 1.6000000000 3.6546120083 -3.2365841159 1.0039343696 0.0000000000
-0.0131299928 1.6000000000 3.6546223928 -3.2361403950 1.0041533960 0.0000000000
0.0278926788 1.6000000000 3.6546385920 -3.2356580622 1.0044111259 0.0000000000
0.0689152490 1.6000000000 3.6546568790 -3.2351259142 1.0046971328 0.0000000000
0.1099376865 1.6000000000 3.6546734027 -3.2345330145 1.0050003878 0.0000000000
0.1509599764 1.6000000000 3.6546897977 -3.2338784458 1.0053277951 0.0000000000
0.1919821098 1.6000000000 3.6547099120 -3.2331652604 1.0056935265 0.0000000000
0.2330040575 1.6000000000 3.6547348719 -3.2323894629 1.0061036852 0.0000000000
0.2740257677 1.6000000000 3.6547627682 -3.2315392041 1.0065553740 0.0000000000
0.3150471806 1.6000000000 3.6547919359 -3.2306024667 1.0070467397 0.0000000000
0.3560682146 1.6000000000 3.6548219191 -3.2295679606 1.0075804749 0.0000000000
0.3970887868 1.6000000000 3.6548526998 -3.2284252699 1.0081606739 0.0000000000
0.4381088382 1.6000000000 3.6548862078 -3.2271707594 1.0087965102 0.0000000000
0.4791283211 1.6000000000 3.6549253727 -3.2258042428 1.0094997763 0.0000000000
0.5201471221 1.6000000000 3.6549709140 -3.2243164006 1.0102770785 0.0000000000
0.5611650364 1.6000000000 3.6550204421 -3.2226850716 1.0111277224 0.0000000000
0.6021818556 1.6000000000 3.6550722880 -3.2208894066 1.0120533718 0.0000000000
0.6431973847 1.6000000000 3.6551284962 -3.2189174052 1.0130670055 0.0000000000
0.6842114151 1.6000000000 3.6551916755 -3.2167578863 1.0141835300 0.0000000000
0.7252235234 1.6000000000 3.6552601626 -3.2143829091 1.0154074692 0.0000000000
0.7662331410 1.6000000000 3.6553294236 -3.2117532472 1.0167363782 0.0000000000
0.8072397501 1.6000000000 3.6553986097 -3.2088421273 1.0181775707 0.0000000000
0.8482429280 1.6000000000 3.6554735152 -3.2056452804 1.0197559314 0.0000000000
0.8892423161 1.6000000000 3.6555599642 -3.2021627855 1.0214947252 0.0000000000
0.9302378306 1.6000000000 3.6556604505 -3.1984050939 1.0233997471 0.0000000000
0.9712294157 1.6000000000 3.6557762779 -3.1943831017 1.0254718534 0.0000000000
1.0122159514 1.6000000000 3.6559063913 -3.1900564679 1.0277229607 0.0000000000
1.0531953990 1.6000000000 3.6560477071 -3.1853406543 1.0301745492 0.0000000000
1.0941662669 1.6000000000 3.6561997819 -3.1801807318 1.0328468175 0.0000000000
1.1351283840 1.6000000000 3.6563683698 -3.1745928845 1.0357563083 0.0000000000
1.1760810670 1.6000000000 3.6565581246 -3.1685792223 1.0389207923 0.0000000000
1.2170188838 1.6000000000 3.6567603129 -3.1619783730 1.0423698849 0.0000000000
1.2579344806 1.6000000000 3.6569609298 -3.1545647853 1.0461377877 0.0000000000
1.2988221864 1.6000000000 3.6571548477 -3.1462268177 1.0502486462 0.0000000000
1.3396782163 1.6000000000 3.6573468637 -3.1369801692 1.0547153700 0.0000000000
1.3805014910 1.6000000000 3.6575461042 -3.1268892187 1.0595487120 0.0000000000
1.4212989675 1.6000000000 3.6577734315 -3.1161477781 1.0647545973 0.0000000000
1.4620763480 1.6000000000 3.6580474340 -3.1049192842 1.0703420051 0.0000000000
1.5028141497 1.6000000000 3.6583459415 -3.0928699906 1.0763557526 0.0000000000
1.5434861129 1.6000000000 3.6586354496 -3.0795265342 1.0828511673 0.0000000000
1.5841171923 1.6000000000 3.6589624686 -3.0653809235 1.0898174876 0.0000000000
1.6247320607 1.6000000000 3.6593742814 -3.0509586146 1.0972336625 0.0000000000
1.6652626763 1.6000000000 3.6597780021 -3.0351813888 1.1051594354 0.0000000000
1.7057057162 1.6000000000 3.6601812708 -3.0180072334 1.1136421723 0.0000000000
1.7461257219 1.6000000000 3.6606945823 -3.0005264120 1.1226877473 0.0000000000
1.7864692418 1.6000000000 3.6612406033 -2.9819953445 1.1322842581 0.0000000000
1.8267024087 1.6000000000 3.6617918433 -2.9619975978 1.1424883167 0.0000000000
1.8667756354 1.6000000000 3.6623264540 -2.9401036925 1.1533843215 0.0000000000
1.9066418947 1.6000000000 3.6628024879 -2.9159449422 1.1649519573 0.0000000000
1.9464083401 1.6000000000 3.6633270672 -2.8907865194 1.1771136436 0.0000000000
1.9860901154 1.6000000000 3.6639302782 -2.8648311094 1.1899086515 0.0000000000
2.0256356702 1.6000000000 3.6645459506 -2.8375896855 1.2032679109 0.0000000000
2.0650927749 1.6000000000 3.6652380888 -2.8095873277 1.2172374067 0.0000000000
2.1044909486 1.6000000000 3.6660285388 -2.7810749795 1.2318041460 0.0000000000
2.1437368884 1.6000000000 3.6668370023 -2.7512876247 1.2469529419 0.0000000000
2.1826690011 1.6000000000 3.6675617848 -2.7190180810 1.2627598893 0.0000000000
2.2213590943 1.6000000000 3.6682714107 -2.6849707965 1.2792173071 0.0000000000
2.2599187915 1.6000000000 3.6690184916 -2.6500174934 1.2961869518 0.0000000000
2.2983475018 1.6000000000 3.6698328514 -2.6141822966 1.3137784694 0.0000000000
2.3366894887 1.6000000000 3.6707112259 -2.5777812601 1.3318523823 0.0000000000
2.3749675759 1.6000000000 3.6716633099 -2.5409709175 1.3503848552 0.0000000000
2.4128743110 1.6000000000 3.6725051247 -2.5018297074 1.3694085984 0.0000000000
2.4505232702 1.6000000000 3.6733209761 -2.4611498069 1.3889439644 0.0000000000
2.4881141188 1.6000000000 3.6742113170 -2.4201459461 1.4089068723 0.0000000000
2.5255758517 1.6000000000 3.6751381989 -2.3784193181 1.4293050511 0.0000000000
2.5629993474 1.6000000000 3.6761398410 -2.3364895117 1.4500835421 0.0000000000
2.6003319682 1.6000000000 3.6771792473 -2.2940626251 1.4712119218 0.0000000000
2.6371578329 1.6000000000 3.6780428442 -2.2489233564 1.4927220170 0.0000000000
2.6739037680 1.6000000000 3.6789267443 -2.2033833321 1.5144736271 0.0000000000
2.7105779645 1.6000000000 3.6798699048 -2.1574956474 1.5366013428 0.0000000000
2.7472797406 1.6000000000 3.6808892356 -2.1117508311 1.5589765924 0.0000000000
2.7839438472 1.6000000000 3.6819638666 -2.0658268568 1.5816447063 0.0000000000
2.8201206771 1.6000000000 3.6828515938 -2.0175263447 1.6045158201 0.0000000000
2.8561663879 1.6000000000 3.6837246967 -1.9686120838 1.6275739358 0.0000000000
2.8922800826 1.6000000000 3.6847042649 -1.9200255669 1.6509268154 0.0000000000
2.9284776897 1.6000000000 3.6857865014 -1.8718427900 1.6745288724 0.0000000000
2.9646163150 1.6000000000 3.6868755439 -1.8233839254 1.6982685880 0.0000000000
3.0002624941 1.6000000000 3.6877643002 -1.7726821055 1.7221043412 0.0000000000
3.0358541868 1.6000000000 3.6886639104 -1.7217360218 1.7460812154 0.0000000000
3.0714843891 1.6000000000 3.6896262120 -1.6709662357 1.7702383363 0.0000000000
3.1071868794 1.6000000000 3.6906599471 -1.6205238146 1.7945502453 0.0000000000
3.1429599454 1.6000000000 3.6917785186 -1.5704038684 1.8190725099 0.0000000000
3.1782581217 1.6000000000 3.6926723696 -1.5181965809 1.8435308287 0.0000000000
3.2135024766 1.6000000000 3.6935776296 -1.4657633229 1.8681251720 0.0000000000
3.2487737515 1.6000000000 3.6945188826 -1.4134483882 1.8928161576 0.0000000000
3.2841365325 1.6000000000 3.6955260110 -1.3615265633 1.9176134014 0.0000000000
3.3195494203 1.6000000000 3.6965944884 -1.3098257883 1.9425676209 0.0000000000
3.3546865455 1.6000000000 3.6975344015 -1.2569521338 1.9674767351 0.0000000000
3.3896276230 1.6000000000 3.6984014154 -1.2032594506 1.9924218642 0.0000000000
3.4246450917 1.6000000000 3.6993168969 -1.1498841474 2.0174339115 0.0000000000
3.4597904185 1.6000000000 3.7003148046 -1.0970479618 2.0425600163 0.0000000000
3.4949557730 1.6000000000 3.7013452009 -1.0442989627 2.0677812011 0.0000000000
3.5299646272 1.6000000000 3.7023022522 -0.9909051279 2.0929669404 0.0000000000
3.5646700360 1.6000000000 3.7031213846 -0.9362614572 2.1181009382 0.0000000000
3.5995156218 1.6000000000 3.7040069182 -0.8821865762 2.1432730248 0.0000000000
3.6344214384 1.6000000000 3.7049467180 -0.8283619379 2.1685620797 0.0000000000
3.6693835493 1.6000000000 3.7059194725 -0.7747669486 2.1938910933 0.0000000000
3.7043884246 1.6000000000 3.7069256467 -0.7213508673 2.2192822226 0.0000000000
3.7390164004 1.6000000000 3.7077399560 -0.6663997793 2.2445198949 0.0000000000
3.7736451054 1.6000000000 3.7085620219 -0.6114528865 2.2697869155 0.0000000000
3.8083831941 1.6000000000 3.7094344783 -0.5569436753 2.2950804259 0.0000000000
3.8431752332 1.6000000000 3.7103476625 -0.5026541852 2.3204489584 0.0000000000
3.8780193427 1.6000000000 3.7112925378 -0.4485775896 2.3458590979 0.0000000000
3.9128191557 1.6000000000 3.7122240519 -0.3943301606 2.3712841261 0.0000000000
3.9472989738 1.6000000000 3.7129733664 -0.3387932015 2.3964961677 0.0000000000
3.9818972889 1.6000000000 3.7137833462 -0.2837263019 2.4217628468 0.0000000000
4.0165871885 1.6000000000 3.7146428897 -0.2290265261 2.4470809310 0.0000000000
4.0513275122 1.6000000000 3.7155218625 -0.1745278900 2.4723962768 0.0000000000
4.0861489718 1.6000000000 3.7164446834 -0.1203576139 2.4977556708 0.0000000000
4.1208511292 1.6000000000 3.7172728499 -0.0657040930 2.5229297452 0.0000000000
4.1554490649 1.6000000000 3.7180215671 -0.0106300970 2.5479542122 0.0000000000
4.1902050329 1.6000000000 3.7188130814 0.0438144884 2.5728981035 0.0000000000
4.2250860591 1.6000000000 3.7195813847 0.0977593199 2.5975492493 0.0000000000
4.2602249449 1.6000000000 3.7203924932 0.1506437782 2.6219474666 0.0000000000
4.2956440864 1.6000000000 3.7211872575 0.2023477507 2.6458081130 0.0000000000
4.3315168231 1.6000000000 3.7219851062 0.2520559209 2.6688827759 0.0000000000
4.3677458365 1.6000000000 3.7226099398 0.3001381438 2.6906149995 0.0000000000
4.4047196603 1.6000000000 3.7231849259 0.3445290678 2.7106713134 0.0000000000
4.4426299663 1.6000000000 3.7237095744 0.3836647835 2.7284241935 0.0000000000
4.4814702229 1.6000000000 3.7241589391 0.4166120493 2.7434005589 0.0000000000
4.5210931739 1.6000000000 3.7245263710 0.4431422469 2.7554823655 0.0000000000
4.5612383088 1.6000000000 3.7248133562 0.4642000483 2.7650534266 0.0000000000
4.6017041982 1.6000000000 3.7250785401 0.4810578811 2.7728572953 0.0000000000
4.6422900790 1.6000000000 3.7252867667 0.4959746052 2.7796568915 0.0000000000
4.6829200704 1.6000000000 3.7254763749 0.5101352473 2.7860795812 0.0000000000
4.7235289116 1.6000000000 3.7256988141 0.5246641435 2.7927808966 0.0000000000
4.7640390848 1.6000000000 3.7259337320 0.5408425823 2.8001919436 0.0000000000
4.8043661300 1.6000000000 3.7262078495 0.5596600363 2.8088153950 0.0000000000
4.8443907869 1.6000000000 3.7265554997 0.5821548383 2.8192039167 0.0000000000
4.8838647300 1.6000000000 3.7269580588 0.6100625253 2.8319772281 0.0000000000
4.9222754462 1.6000000000 3.7273792986 0.6460295048 2.8480489789 0.0000000000
4.9589957558 1.6000000000 3.7279543455 0.6916514362 2.8685979391 0.0000000000
4.9928867994 1.6000000000 3.7286725540 0.7492907208 2.8945264868 0.0000000000
5.0230576323 1.6000000000 3.7295601899 0.8186494974 2.9258205412 0.0000000000
5.0498124523 1.6000000000 3.7305702737 0.8963196807 2.9609289496 0.0000000000
5.0750726452 1.6000000000 3.7316620569 0.9770816296 2.9976008621 0.0000000000
5.1004098450 1.6000000000 3.7326067578 1.0577040252 3.0336286240 0.0000000000
5.1265530615 1.6000000000 3.7335227114 1.1367021201 3.0688916765 0.0000000000
5.1534628380 1.6000000000 3.7344120911 1.2140753922 3.1033985041 0.0000000000
5.1811829216 1.6000000000 3.7353196277 1.2896408669 3.1372548402 0.0000000000
5.2095491007 1.6000000000 3.7362082819 1.3636920429 3.1704299274 0.0000000000
5.2385358437 1.6000000000 3.7370710640 1.4362308822 3.2028965914 0.0000000000
5.2678789200 1.6000000000 3.7378077227 1.5078757082 3.2345011567 0.0000000000
5.2978017155 1.6000000000 3.7385437816 1.5780070814 3.2654979417 0.0000000000
5.3282658541 1.6000000000 3.7392780551 1.6466660259 3.2958986133 0.0000000000
5.3592543504 1.6000000000 3.7400221412 1.7138424104 3.3257455116 0.0000000000
5.3907149004 1.6000000000 3.7407695345 1.7796317809 3.3550508330 0.0000000000
5.4226909276 1.6000000000 3.7415324342 1.8438492322 3.3837894124 0.0000000000
5.4550159600 1.6000000000 3.7422607548 1.9069686380 3.4119504569 0.0000000000
5.4877100443 1.6000000000 3.7429493166 1.9688890203 3.4394728572 0.0000000000
5.5208595934 1.6000000000 3.7436487047 2.0292763126 3.4664253264 0.0000000000
5.5545306765 1.6000000000 3.7443907029 2.0878280730 3.4928140233 0.0000000000
5.5887034996 1.6000000000 3.7451874126 2.1445307698 3.5186819411 0.0000000000
5.6234137898 1.6000000000 3.7460411059 2.1991476664 3.5439434728 0.0000000000
5.6587084482 1.6000000000 3.7469778070 2.2513622174 3.5685760976 0.0000000000
5.6944072960 1.6000000000 3.7478727640 2.3018347140 3.5923449243 0.0000000000
5.7307994284 1.6000000000 3.7488892794 2.3490896722 3.6153129690 0.0000000000
5.7679670187 1.6000000000 3.7500599944 2.3923790712 3.6373115886 0.0000000000
5.8059620307 1.6000000000 3.7514307643 2.4308663800 3.6581895921 0.0000000000
5.8447552749 1.6000000000 3.7529368283 2.4639784552 3.6774586777 0.0000000000
5.8844820512 1.6000000000 3.7547144550 2.4890332977 3.6945911215 0.0000000000
5.9250632018 1.6000000000 3.7569269083 2.5025162855 3.7088341301 0.0000000000
5.9659600720 1.6000000000 3.7594895932 2.5017768162 3.7187890818 0.0000000000
6.0059113616 1.6000000000 3.7626056891 2.4806355413 3.7227969557 0.0000000000
6.0429493850 1.6000000000 3.7661177397 2.4379694581 3.7197787248 0.0000000000
6.0754456542 1.6000000000 3.7699114063 2.3763185486 3.7102930274 0.0000000000
6.1033252072 1.6000000000 3.7738344584 2.3018252394 3.6961879122 0.0000000000
6.1282464240 1.6000000000 3.7780052172 2.2210417405 3.6805575478 0.0000000000
6.1531427090 1.6000000000 3.7827118816 2.1404005078 3.6671277123 0.0000000000
6.1804450081 1.6000000000 3.7884522087 2.0652738890 3.6600383729 0.0000000000
6.2103186207 1.6000000000 3.7956918023 1.9974065303 3.6618498041 0.0000000000
6.2418048246 1.6000000000 3.8048675425 1.9358417148 3.6739268387 0.0000000000
6.2740137759 1.6000000000 3.8166780357 1.8796550740 3.6986941550 0.0000000000
6.3060153241 1.6000000000 3.8320143946 1.8283159434 3.7395039383 0.0000000000
6.3365403088 1.6000000000 3.8523950167 1.7826538206 3.8027615779 0.0000000000
6.3661550667 1.6000000000 3.8754356248 1.7412110402 3.8783468981 0.0000000000
6.3958338467 1.6000000000 3.8991317710 1.7024444240 3.9576248362 0.0000000000
6.4257297349 1.6000000000 3.9232141629 1.6662984199 4.0394960022 0.0000000000
6.4560350097 1.6000000000 3.9475589149 1.6335557976 4.1237779612 0.0000000000
6.4873159696 1.6000000000 3.9719852141 1.6078265689 4.2111914665 0.0000000000
6.5206619878 1.6000000000 3.9955039512 1.6016636153 4.3028012338 0.0000000000
6.5549089033 1.6000000000 4.0151519044 1.6276992420 4.3918072969 0.0000000000
6.5879077467 1.6000000000 4.0291004856 1.6773277595 4.4674530288 0.0000000000
6.6203292528 1.6000000000 4.0383862493 1.7356362874 4.5279194947 0.0000000000
6.6527804331 1.6000000000 4.0438565111 1.7968260117 4.5742764319 0.0000000000
6.6854465428 1.6000000000 4.0463428264 1.8585262087 4.6089017717 0.0000000000
6.7187078985 1.6000000000 4.0463863045 1.9185296116 4.6330770453 0.0000000000
6.7538175932 1.6000000000 4.0448587156 1.9713060970 4.6480772840 0.0000000000
6.7923584163 1.6000000000 4.0431500000 2.0056250000 4.6549699827 0.0000000000
6.8465000972 1.6000000000 4.0420100000 2.0211750000 4.6566299827 0.0000000000
6.8576265359 1.6000000000 4.0419064657 2.0219953294 4.6565439773 0.0000000000
6.8687543245 1.6000000000 4.0418251181 2.0225174802 4.6564274471 0.0000000000
6.8798831603 1.6000000000 4.0417628768 2.0227913100 4.6562880139 0.0000000000
6.8910127408 1.6000000000 4.0417166615 2.0228666764 4.6561332993 0.0000000000
6.9021427634 1.6000000000 4.0416833919 2.0227934372 4.6559709252 0.0000000000
6.9132729257 1.6000000000 4.0416599877 2.0226214498 4.6558085133 0.0000000000
6.9244029307 1.6000000000 4.0416434039 2.0223999550 4.6556535804 0.0000000000
6.9355326589 1.6000000000 4.0416317120 2.0221587662 4.6555103371 0.0000000000
6.9466621999 1.6000000000 4.0416242976 2.0219048177 4.6553791002 0.0000000000
6.9577916554 1.6000000000 4.0416206221 2.0216437306 4.6552599631 0.0000000000
6.9689211250 1.6000000000 4.0416201470 2.0213810478 4.6551529897 0.0000000000
6.9800506554 1.6000000000 4.0416223468 2.0211200465 4.6550573883 0.0000000000
6.9911802333 1.6000000000 4.0416267102 2.0208614441 4.6549714012 0.0000000000
7.0023098419 1.6000000000 4.0416327269 2.0206058209 4.6548932186 0.0000000000
7.0134394649 1.6000000000 4.0416398863 2.0203537569 4.6548210308 0.0000000000
7.0245690886 1.6000000000 4.0416477190 2.0201056360 4.6547531132 0.0000000000
7.0356987117 1.6000000000 4.0416559267 2.0198610193 4.6546880973 0.0000000000
7.0468283364 1.6000000000 4.0416642560 2.0196192527 4.6546247076 0.0000000000
7.0579579647 1.6000000000 4.0416724533 2.0193796825 4.6545616687 0.0000000000
7.0690875987 1.6000000000 4.0416802652 2.0191416547 4.6544977052 0.0000000000
7.0802172399 1.6000000000 4.0416875430 2.0189046236 4.6544320041 0.0000000000
7.0913468873 1.6000000000 4.0416945154 2.0186684335 4.6543654178 0.0000000000
7.1024765396 1.6000000000 4.0417014960 2.0184330166 4.6542991733 0.0000000000
7.1136061955 1.6000000000 4.0417087982 2.0181983048 4.6542344975 0.0000000000
7.1247358536 1.6000000000 4.0417167357 2.0179642303 4.6541726176 0.0000000000
7.1358655124 1.6000000000 4.0417255983 2.0177306799 4.6541146480 0.0000000000
7.1469951691 1.6000000000 4.0417353473 2.0174969108 4.6540601360 0.0000000000
7.1581248196 1.6000000000 4.0417457022 2.0172617184 4.6540074789 0.0000000000
7.1692544599 1.6000000000 4.0417563775 2.0170238871 4.6539550474 0.0000000000
7.1803840862 1.6000000000 4.0417670872 2.0167822016 4.6539012121 0.0000000000
7.1915136943 1.6000000000 4.0417775456 2.0165354465 4.6538443438 0.0000000000
7.2026432807 1.6000000000 4.0417875030 2.0162825469 4.6537830134 0.0000000000
7.2137728459 1.6000000000 4.0417970142 2.0160236168 4.6537174861 0.0000000000
7.2249023919 1.6000000000 4.0418062874 2.0157593677 4.6536488791 0.0000000000
7.2360319212 1.6000000000 4.0418155317 2.0154905158 4.6535783158 0.0000000000
7.2471614359 1.6000000000 4.0418249565 2.0152177772 4.6535069195 0.0000000000
7.2582909385 1.6000000000 4.0418347710 2.0149418681 4.6534358139 0.0000000000
7.2694204310 1.6000000000 4.0418451785 2.0146634686 4.6533660840 0.0000000000
7.2805499121 1.6000000000 4.0418562377 2.0143823881 4.6532978888 0.0000000000
7.2916793769 1.6000000000 4.0418678590 2.0140975409 4.6532304352 0.0000000000
7.3028088201 1.6000000000 4.0418799459 2.0138078004 4.6531628865 0.0000000000
7.3139382368 1.6000000000 4.0418924019 2.0135120400 4.6530944061 0.0000000000
7.3250676217 1.6000000000 4.0419051304 2.0132091331 4.6530241573 0.0000000000
7.3361969698 1.6000000000 4.0419180349 2.0128979530 4.6529513036 0.0000000000
7.3473262764 1.6000000000 4.0419310312 2.0125775036 4.6528751087 0.0000000000
7.3584555397 1.6000000000 4.0419441112 2.0122476147 4.6527954735 0.0000000000
7.3695847589 1.6000000000 4.0419572973 2.0119084391 4.6527125476 0.0000000000
7.3807139332 1.6000000000 4.0419706116 2.0115601305 4.6526264815 0.0000000000
7.3918430620 1.6000000000 4.0419840764 2.0112028424 4.6525374253 0.0000000000
7.4029721446 1.6000000000 4.0419977139 2.0108367284 4.6524455294 0.0000000000
7.4141011801 1.6000000000 4.0420115673 2.0104619390 4.6523510276 0.0000000000
7.4252301681 1.6000000000 4.0420258207 2.0100786060 4.6522547079 0.0000000000
7.4363591080 1.6000000000 4.0420407151 2.0096868532 4.6521575845 0.0000000000
7.4474879994 1.6000000000 4.0420564919 2.0092868043 4.6520606719 0.0000000000
7.4586168418 1.6000000000 4.0420733922 2.0088785831 4.6519649849 0.0000000000
7.4697456345 1.6000000000 4.0420916265 2.0084622786 4.6518714002 0.0000000000
7.4808743743 1.6000000000 4.0421109903 2.0080375118 4.6517789487 0.0000000000
7.4920030562 1.6000000000 4.0421309835 2.0076035700 4.6516853447 0.0000000000
7.5031316750 1.6000000000 4.0421510995 2.0071597334 4.6515882738 0.0000000000
7.5142602256 1.6000000000 4.0421708316 2.0067052821 4.6514854220 0.0000000000
7.5253887038 1.6000000000 4.0421898973 2.0062396752 4.6513754418 0.0000000000
7.5365171075 1.6000000000 4.0422088009 2.0057630015 4.6512603869 0.0000000000
7.5476454355 1.6000000000 4.0422282202 2.0052754881 4.6511430586 0.0000000000
7.5587736864 1.6000000000 4.0422488327 2.0047773622 4.6510262582 0.0000000000
7.5699018570 1.6000000000 4.0422711738 2.0042685942 4.6509121156 0.0000000000
7.5810299361 1.6000000000 4.0422951093 2.0037479462 4.6507995983 0.0000000000
7.5921579101 1.6000000000 4.0423203080 2.0032138246 4.6506867443 0.0000000000
7.6032857653 1.6000000000 4.0423464383 2.0026646436 4.6505715932 0.0000000000
7.6144134950 1.6000000000 4.0423731379 2.0020998067 4.6504524571 0.0000000000
7.6255411061 1.6000000000 4.0423999837 2.0015206709 4.6503281860 0.0000000000
7.6366686069 1.6000000000 4.0424265452 2.0009288230 4.6501976928 0.0000000000
7.6477960083 1.6000000000 4.0424524942 2.0003259126 4.6500603247 0.0000000000
7.6589233335 1.6000000000 4.0424781116 1.9997139660 4.6499180153 0.0000000000
7.6700506110 1.6000000000 4.0425039028 1.9990951483 4.6497736531 0.0000000000
7.6811778457 1.6000000000 4.0425305556 1.9984696131 4.6496300502 0.0000000000
7.6923048506 1.6000000000 4.0425602539 1.9978209432 4.6494893756 0.0000000000
7.7034313443 1.6000000000 4.0425959178 1.9971245723 4.6493534827 0.0000000000
7.7145571122 1.6000000000 4.0426393229 1.9963618932 4.6492220314 0.0000000000
7.7256823059 1.6000000000 4.0426859932 1.9955470213 4.6490827642 0.0000000000
7.7368072004 1.6000000000 4.0427293615 1.9947051205 4.6489194769 0.0000000000
7.7479320336 1.6000000000 4.0427664259 1.9938577369 4.6487287811 0.0000000000
7.7590569662 1.6000000000 4.0428015021 1.9930189786 4.6485335825 0.0000000000
7.7701821237 1.6000000000 4.0428391680 1.9921997650 4.6483565606 0.0000000000
7.7813074184 1.6000000000 4.0428787484 1.9913921988 4.6481918556 0.0000000000
7.7924326579 1.6000000000 4.0429170656 1.9905792094 4.6480199287 0.0000000000
7.8035576716 1.6000000000 4.0429534900 1.9897467988 4.6478326621 0.0000000000
7.8146823151 1.6000000000 4.0429902751 1.9888845948 4.6476349210 0.0000000000
7.8258065558 1.6000000000 4.0430288048 1.9879907826 4.6474315147 0.0000000000
7.8369305608 1.6000000000 4.0430686046 1.9870786800 4.6472258730 0.0000000000
7.8480543829 1.6000000000 4.0431092685 1.9861531237 4.6470183063 0.0000000000
7.8591777862 1.6000000000 4.0431509573 1.9851974440 4.6468027895 0.0000000000
7.8703006684 1.6000000000 4.0431938204 1.9842046017 4.6465771050 0.0000000000
7.8814232462 1.6000000000 4.0432378486 1.9831906707 4.6463476453 0.0000000000
7.8925455805 1.6000000000 4.0432830461 1.9821608018 4.6461164878 0.0000000000
7.9036674950 1.6000000000 4.0433294576 1.9811034114 4.6458791777 0.0000000000
7.9147889370 1.6000000000 4.0433771269 1.9800155208 4.6456346987 0.0000000000
7.9259099282 1.6000000000 4.0434260884 1.9788995149 4.6453841422 0.0000000000
7.9370303742 1.6000000000 4.0434763449 1.9777506655 4.6451256283 0.0000000000
7.9481503163 1.6000000000 4.0435279727 1.9765719749 4.6448606632 0.0000000000
7.9592699918 1.6000000000 4.0435811120 1.9753778191 4.6445955585 0.0000000000
7.9703890275 1.6000000000 4.0436353663 1.9741478044 4.6443205695 0.0000000000
7.9815071952 1.6000000000 4.0436912695 1.9728698019 4.6440329814 0.0000000000
7.9926249785 1.6000000000 4.0437500568 1.9715718982 4.6437489689 0.0000000000
8.0037423179 1.6000000000 4.0438045897 1.9702492968 4.6434380600 0.0000000000
8.0148587590 1.6000000000 4.0438580476 1.9688801969 4.6431042519 0.0000000000
8.0259740884 1.6000000000 4.0439206850 1.9674580397 4.6427859387 0.0000000000
8.0370889766 1.6000000000 4.0439846841 1.9660147962 4.6424646374 0.0000000000
8.0482031405 1.6000000000 4.0440515498 1.9645380588 4.6421414053 0.0000000000
8.0593163864 1.6000000000 4.0441148386 1.9630177066 4.6417864197 0.0000000000
8.0704287550 1.6000000000 4.0441764448 1.9614573910 4.6414087184 0.0000000000
8.0815400442 1.6000000000 4.0442491355 1.9598526543 4.6410575865 0.0000000000
8.0926503493 1.6000000000 4.0443217883 1.9582058495 4.6406894757 0.0000000000
8.1037601638 1.6000000000 4.0443873914 1.9565366659 4.6402842147 0.0000000000
8.1148681937 1.6000000000 4.0444648552 1.9547979471 4.6398985823 0.0000000000
8.1259750146 1.6000000000 4.0445344684 1.9530094015 4.6394616170 0.0000000000
8.1370810739 1.6000000000 4.0446157920 1.9511950753 4.6390611810 0.0000000000
8.1481852653 1.6000000000 4.0446994651 1.9493107050 4.6386421251 0.0000000000
8.1592795997 1.6000000000 4.0448175468 1.9471028010 4.6382312904 0.0000000000
8.1703756687 1.6000000000 4.0449146005 1.9449443778 4.6377561358 0.0000000000
8.1814758302 1.6000000000 4.0449934159 1.9429155519 4.6372598671 0.0000000000
8.1925739452 1.6000000000 4.0450831617 1.9408215536 4.6367812508 0.0000000000
8.2036704354 1.6000000000 4.0451733961 1.9386740572 4.6362831900 0.0000000000
8.2147655008 1.6000000000 4.0452607650 1.9364804514 4.6357552231 0.0000000000
8.2258585694 1.6000000000 4.0453537504 1.9342259720 4.6352253732 0.0000000000
8.2369488472 1.6000000000 4.0454545615 1.9318895099 4.6346940326 0.0000000000
8.2480372258 1.6000000000 4.0455491664 1.9294955380 4.6341148633 0.0000000000
8.2591224191 1.6000000000 4.0456474394 1.9270131406 4.6335149965 0.0000000000
8.2702007067 1.6000000000 4.0457471818 1.9243437447 4.6328462079 0.0000000000
8.2812749607 1.6000000000 4.0458626249 1.9215761780 4.6322009532 0.0000000000
8.2923474554 1.6000000000 4.0459681040 1.9187624829 4.6314973919 0.0000000000
8.3034165516 1.6000000000 4.0460777921 1.9158672585 4.6307780546 0.0000000000
8.3144808433 1.6000000000 4.0461905461 1.9128604470 4.6300263459 0.0000000000
8.3255425701 1.6000000000 4.0463065169 1.9097958032 4.6292643715 0.0000000000
8.3366001984 1.6000000000 4.0464257825 1.9066408354 4.6284794468 0.0000000000
8.3476550312 1.6000000000 4.0465484190 1.9034259004 4.6276840189 0.0000000000
8.3587037856 1.6000000000 4.0466756230 1.9000844479 4.6268562539 0.0000000000
8.3697366442 1.6000000000 4.0468249189 1.8964470317 4.6259984710 0.0000000000
8.3807635172 1.6000000000 4.0469914616 1.8926921725 4.6251626981 0.0000000000
8.3917988122 1.6000000000 4.0471187351 1.8890833509 4.6242282635 0.0000000000
8.4028275886 1.6000000000 4.0472550718 1.8853537322 4.6232817626 0.0000000000
8.4138507770 1.6000000000 4.0473921388 1.8815225134 4.6222975431 0.0000000000
8.4248670211 1.6000000000 4.0475450681 1.8775733603 4.6213295993 0.0000000000
8.4358478045 1.6000000000 4.0477444444 1.8730610289 4.6203221719 0.0000000000
8.4468538472 1.6000000000 4.0478947365 1.8689375527 4.6192739497 0.0000000000
8.4578480940 1.6000000000 4.0480536838 1.8646225419 4.6181837345 0.0000000000
8.4688376730 1.6000000000 4.0482136685 1.8602339616 4.6170682412 0.0000000000
8.4798166842 1.6000000000 4.0483759507 1.8556840789 4.6158974171 0.0000000000
8.4907884372 1.6000000000 4.0485443907 1.8510273097 4.6147084694 0.0000000000
8.5017485992 1.6000000000 4.0487173090 1.8462042673 4.6134709255 0.0000000000
8.5127015231 1.6000000000 4.0488936322 1.8412799490 4.6122064911 0.0000000000
8.5236435081 1.6000000000 4.0490658772 1.8362056072 4.6108657344 0.0000000000
8.5345699764 1.6000000000 4.0492635045 1.8309310566 4.6095464231 0.0000000000
8.5454880915 1.6000000000 4.0494503410 1.8255505877 4.6081415816 0.0000000000
8.5563557180 1.6000000000 4.0497170290 1.8195941944 4.6068257765 0.0000000000
8.5672473351 1.6000000000 4.0499135424 1.8138874923 4.6053291494 0.0000000000
8.5781238508 1.6000000000 4.0501165253 1.8080044406 4.6037878602 0.0000000000
8.5889856207 1.6000000000 4.0503360050 1.8019572950 4.6022469205 0.0000000000
8.5998272644 1.6000000000 4.0505611489 1.7956895079 4.6006403813 0.0000000000
8.6106560153 1.6000000000 4.0507816622 1.7892837805 4.5989601436 0.0000000000
8.6214640664 1.6000000000 4.0510226443 1.7826677194 4.5972776474 0.0000000000
8.6322050091 1.6000000000 4.0513331335 1.7754325645 4.5956255423 0.0000000000
8.6429714629 1.6000000000 4.0515859756 1.7684077597 4.5938269891 0.0000000000
8.6537212195 1.6000000000 4.0518372459 1.7612224230 4.5919579355 0.0000000000
8.6643888731 1.6000000000 4.0521857079 1.7533561106 4.5902052585 0.0000000000
8.6750568320 1.6000000000 4.0524601425 1.7454566373 4.5881432075 0.0000000000
8.6856717016 1.6000000000 4.0527341877 1.7371181153 4.5859039796 0.0000000000
8.6962544828 1.6000000000 4.0530143917 1.7285296686 4.5835894170 0.0000000000
8.7068014783 1.6000000000 4.0533109162 1.7196734286 4.5812330190 0.0000000000
8.7173110781 1.6000000000 4.0536138259 1.7105447839 4.5787931999 0.0000000000
8.7277178065 1.6000000000 4.0540026878 1.7007585819 4.5764341667 0.0000000000
8.7381479534 1.6000000000 4.0543263341 1.6910817638 4.5738580245 0.0000000000
8.7485275859 1.6000000000 4.0546719070 1.6810754183 4.5712377780 0.0000000000
8.7588642059 1.6000000000 4.0550269319 1.6707965991 4.5685463497 0.0000000000
8.7690788841 1.6000000000 4.0554624820 1.6598276365 4.5659009653 0.0000000000
8.7793094421 1.6000000000 4.0558445422 1.6489136289 4.5630636030 0.0000000000
8.7894149860 1.6000000000 4.0563021695 1.6373383216 4.5602639891 0.0000000000
8.7995264308 1.6000000000 4.0567152318 1.6257563965 4.5572834684 0.0000000000
8.8095746740 1.6000000000 4.0571304169 1.6138364425 4.5541762274 0.0000000000
8.8194758949 1.6000000000 4.0576356509 1.6012292040 4.5511542677 0.0000000000
8.8293953790 1.6000000000 4.0580844203 1.5886615720 4.5479222927 0.0000000000
8.8392326345 1.6000000000 4.0585274227 1.5756948951 4.5445076313 0.0000000000
8.8488578677 1.6000000000 4.0589360615 1.5617614726 4.5405688175 0.0000000000
8.8583030955 1.6000000000 4.0594128175 1.5471238731 4.5366208018 0.0000000000
8.8677658186 1.6000000000 4.0598135439 1.5325106265 4.5323784087 0.0000000000
8.8770508749 1.6000000000 4.0602508319 1.5172386638 4.5280187757 0.0000000000
8.8863347696 1.6000000000 4.0606219452 1.5019201680 4.5233758306 0.0000000000
8.8954471628 1.6000000000 4.0610093979 1.4860039008 4.5185591344 0.0000000000
8.9045643393 1.6000000000 4.0613064682 1.4700617291 4.5133705469 0.0000000000
8.9135918580 1.6000000000 4.0615577202 1.4537996231 4.5078707127 0.0000000000
8.9224636937 1.6000000000 4.0618009745 1.4370366611 4.5021385452 0.0000000000
8.9313350002 1.6000000000 4.0619317199 1.4202371407 4.4959417187 0.0000000000
8.9400158834 1.6000000000 4.0619043198 1.4028313663 4.4888698083 0.0000000000
8.9484407852 1.6000000000 4.0617785134 1.3846728974 4.4811031951 0.0000000000
8.9568596063 1.6000000000 4.0614840147 1.3664882734 4.4726513507 0.0000000000
8.9651994856 1.6000000000 4.0610729499 1.3480916954 4.4636484603 0.0000000000
8.9734023907 1.6000000000 4.0605460071 1.3293473410 4.4540429474 0.0000000000
8.9815706700 1.6000000000 4.0598546859 1.3105272458 4.4437496244 0.0000000000
8.9895943380 1.6000000000 4.0590333600 1.2913645517 4.4327992434 0.0000000000
8.9975729359 1.6000000000 4.0580400000 1.2721250000 4.4211299827 0.0000000000
8.9986293623 1.6000000000 4.0578900000 1.2695250000 4.4194899827 0.0000000000
8.9995890269 1.6000000000 4.0577265856 1.2670867011 4.4178610055 0.0000000000
9.0005311149 1.6000000000 4.0575537830 1.2646099834 4.4161791079 0.0000000000
9.0014702958 1.6000000000 4.0573806644 1.2621265116 4.4144932447 0.0000000000
9.0024068130 1.6000000000 4.0572072558 1.2596368889 4.4128037613 0.0000000000
9.0033407571 1.6000000000 4.0570338235 1.2571412455 4.4111117750 0.0000000000
9.0042760916 1.6000000000 4.0568514046 1.2546527881 4.4093867164 0.0000000000
9.0052077940 1.6000000000 4.0566759358 1.2521524313 4.4076846984 0.0000000000
9.0060972342 1.6000000000 4.0565065050 1.2495565101 4.4059686067 0.0000000000
9.0070275353 1.6000000000 4.0563232720 1.2470564072 4.4042356337 0.0000000000
9.0079525432 1.6000000000 4.0561225932 1.2445527302 4.4024314474 0.0000000000
9.0088764816 1.6000000000 4.0559325954 1.2420413142 4.4006668898 0.0000000000
9.0098005468 1.6000000000 4.0557328399 1.2395351082 4.3988653857 0.0000000000
9.0107226382 1.6000000000 4.0555320067 1.2370248221 4.3970579384 0.0000000000
9.0116422766 1.6000000000 4.0553302990 1.2345094331 4.3952449517 0.0000000000
9.0125570394 1.6000000000 4.0551199668 1.2319872101 4.3933947341 0.0000000000
9.0134746764 1.6000000000 4.0549064394 1.2294731352 4.3915349943 0.0000000000
9.0143870741 1.6000000000 4.0547055793 1.2269408306 4.3897186320 0.0000000000
9.0153040237 1.6000000000 4.0544911805 1.2244257385 4.3878550000 0.0000000000
9.0162120837 1.6000000000 4.0542654599 1.2218967419 4.3859405191 0.0000000000
9.0171189464 1.6000000000 4.0540526400 1.2193579348 4.3840737165 0.0000000000
9.0180275192 1.6000000000 4.0538242714 1.2168316824 4.3821497412 0.0000000000
9.0189340811 1.6000000000 4.0536039960 1.2142963533 4.3802545080 0.0000000000
9.0198393042 1.6000000000 4.0533781990 1.2117611357 4.3783372328 0.0000000000
9.0207292245 1.6000000000 4.0531455929 1.2091966551 4.3763810164 0.0000000000
9.0216086833 1.6000000000 4.0529261893 1.2066023715 4.3744656884 0.0000000000
9.0225013072 1.6000000000 4.0526819995 1.2040498356 4.3724679149 0.0000000000
9.0233941108 1.6000000000 4.0524374765 1.2014978263 4.3704690191 0.0000000000
9.0242909788 1.6000000000 4.0521952401 1.1989535358 4.3684823573 0.0000000000
9.0251873611 1.6000000000 4.0519517160 1.1964089358 4.3664904211 0.0000000000
9.0260821967 1.6000000000 4.0516967489 1.1938679084 4.3644541415 0.0000000000
9.0269749621 1.6000000000 4.0514440752 1.1913208418 4.3624246200 0.0000000000
9.0278661981 1.6000000000 4.0511942848 1.1887685506 4.3604045421 0.0000000000
9.0287390566 1.6000000000 4.0509352629 1.1861827278 4.3583341254 0.0000000000
9.0296259504 1.6000000000 4.0506705753 1.1836305495 4.3562545037 0.0000000000
9.0305102907 1.6000000000 4.0504044655 1.1810737600 4.3541673485 0.0000000000
9.0313921069 1.6000000000 4.0501380178 1.1785117471 4.3520767527 0.0000000000
9.0322707645 1.6000000000 4.0498669549 1.1759459669 4.3499661890 0.0000000000
9.0331470828 1.6000000000 4.0496005209 1.1733721674 4.3478709334 0.0000000000
9.0340250883 1.6000000000 4.0493194172 1.1708116838 4.3457223251 0.0000000000
9.0348918581 1.6000000000 4.0490496917 1.1682199708 4.3436067379 0.0000000000
9.0357617464 1.6000000000 4.0487665441 1.1656436484 4.3414436185 0.0000000000
9.0366305718 1.6000000000 4.0484808760 1.1630667616 4.3392701913 0.0000000000
9.0375014635 1.6000000000 4.0481931196 1.1604957479 4.3370907602 0.0000000000
9.0383665754 1.6000000000 4.0479058625 1.1579122140 4.3349083183 0.0000000000
9.0392363070 1.6000000000 4.0476155253 1.1553405075 4.3327182870 0.0000000000
9.0400976942 1.6000000000 4.0473163391 1.1527578392 4.3304884748 0.0000000000
9.0409542977 1.6000000000 4.0470288006 1.1501567532 4.3282978863 0.0000000000
9.0418029917 1.6000000000 4.0467288493 1.1475485058 4.3260547822 0.0000000000
9.0426605049 1.6000000000 4.0464255481 1.1449607455 4.3238064731 0.0000000000
9.0435025130 1.6000000000 4.0460797466 1.1423754968 4.3213891676 0.0000000000
9.0443079612 1.6000000000 4.0457239109 1.1397256958 4.3189059045 0.0000000000
9.0451020807 1.6000000000 4.0453675071 1.1370550656 4.3164120372 0.0000000000
9.0459011904 1.6000000000 4.0450119076 1.1343930938 4.3139248504 0.0000000000
9.0466969428 1.6000000000 4.0446494370 1.1317305901 4.3114099667 0.0000000000
9.0474815537 1.6000000000 4.0442789647 1.1290544385 4.3088576170 0.0000000000
9.0482600189 1.6000000000 4.0439088383 1.1263666469 4.3063019944 0.0000000000
9.0490463104 1.6000000000 4.0435341297 1.1236971063 4.3037353439 0.0000000000
9.0498328690 1.6000000000 4.0431574357 1.1210297924 4.3011616426 0.0000000000
9.0506106361 1.6000000000 4.0427831230 1.1183443258 4.2985902050 0.0000000000
9.0513938621 1.6000000000 4.0424042523 1.1156727689 4.2960060994 0.0000000000
9.0521656364 1.6000000000 4.0420262926 1.1129797019 4.2934170337 0.0000000000
9.0529448288 1.6000000000 4.0416394644 1.1103079153 4.2908010064 0.0000000000
9.0537203845 1.6000000000 4.0412464301 1.1076352867 4.2881598179 0.0000000000
9.0544939211 1.6000000000 4.0408553748 1.1049571419 4.2855243385 0.0000000000
9.0552571006 1.6000000000 4.0404683034 1.1022568544 4.2828959379 0.0000000000
9.0560258965 1.6000000000 4.0400617498 1.0995846856 4.2802008559 0.0000000000
9.0567939667 1.6000000000 4.0396658166 1.0969011102 4.2775436932 0.0000000000
9.0575576219 1.6000000000 4.0392589224 1.0942200729 4.2748437016 0.0000000000
9.0583211098 1.6000000000 4.0388624539 1.0915288040 4.2721813197 0.0000000000
9.0590717042 1.6000000000 4.0384558530 1.0888244858 4.2694731889 0.0000000000
9.0598298306 1.6000000000 4.0380485924 1.0861339150 4.2667679181 0.0000000000
9.0605823441 1.6000000000 4.0376361122 1.0834385236 4.2640398408 0.0000000000
9.0613353307 1.6000000000 4.0372196591 1.0807478212 4.2612977476 0.0000000000
9.0620860730 1.6000000000 4.0368132337 1.0780435183 4.2585903247 0.0000000000
9.0628313572 1.6000000000 4.0363958952 1.0753403754 4.2558397134 0.0000000000
9.0635785429 1.6000000000 4.0359856951 1.0726334904 4.2531161590 0.0000000000
9.0643184908 1.6000000000 4.0355660040 1.0699233819 4.2503533515 0.0000000000
9.0650589228 1.6000000000 4.0351501315 1.0672103620 4.2476046535 0.0000000000
9.0658013176 1.6000000000 4.0347314230 1.0645033399 4.2448470108 0.0000000000
9.0665321472 1.6000000000 4.0343173385 1.0617723605 4.2420982809 0.0000000000
9.0672642834 1.6000000000 4.0338936334 1.0590528525 4.2393156571 0.0000000000
9.0679948933 1.6000000000 4.0334686202 1.0563320473 4.2365272825 0.0000000000
9.0687197161 1.6000000000 4.0330555234 1.0535903569 4.2337782191 0.0000000000
9.0694434531 1.6000000000 4.0326378275 1.0508510436 4.2310117099 0.0000000000
9.0701659942 1.6000000000 4.0322207868 1.0481092246 4.2282468199 0.0000000000
9.0708858234 1.6000000000 4.0318012158 1.0453653752 4.2254709959 0.0000000000
9.0716052792 1.6000000000 4.0313922220 1.0426107612 4.2227331752 0.0000000000
9.0723204506 1.6000000000 4.0309719410 1.0398599872 4.2199517417 0.0000000000
9.0730318054 1.6000000000 4.0305617845 1.0370934050 4.2172044826 0.0000000000
9.0737437066 1.6000000000 4.0301608038 1.0343194434 4.2144909753 0.0000000000
9.0744455263 1.6000000000 4.0297587165 1.0315304676 4.2117670359 0.0000000000
9.0751480133 1.6000000000 4.0293041129 1.0287965872 4.2088550693 0.0000000000
9.0757955571 1.6000000000 4.0288265134 1.0259999085 4.2058259997 0.0000000000
9.0764329913 1.6000000000 4.0283533441 1.0231840135 4.2028069645 0.0000000000
9.0770674656 1.6000000000 4.0278905343 1.0203532013 4.1998234005 0.0000000000
9.0777004658 1.6000000000 4.0274299678 1.0175181517 4.1968471147 0.0000000000
9.0783288086 1.6000000000 4.0269711402 1.0146747968 4.1938744622 0.0000000000
9.0789564168 1.6000000000 4.0265188519 1.0118238825 4.1909249432 0.0000000000
9.0795802607 1.6000000000 4.0260702201 1.0089643993 4.1879866230 0.0000000000
9.0801989554 1.6000000000 4.0256388003 1.0060815041 4.1851077854 0.0000000000
9.0808176781 1.6000000000 4.0252119806 1.0031943434 4.1822456423 0.0000000000
9.0814305566 1.6000000000 4.0247904505 1.0002944787 4.1793995762 0.0000000000
9.0820383366 1.6000000000 4.0243865108 0.9973722090 4.1766149095 0.0000000000
9.0826438852 1.6000000000 4.0239921533 0.9944393040 4.1738643176 0.0000000000
9.0832472220 1.6000000000 4.0236183283 0.9914865050 4.1711878980 0.0000000000
9.0838432168 1.6000000000 4.0232566381 0.9885151583 4.1685525985 0.0000000000
9.0844329492 1.6000000000 4.0229102722 0.9855248349 4.1659710054 0.0000000000
9.0850183507 1.6000000000 4.0225934043 0.9825085898 4.1634970360 0.0000000000
9.0856007008 1.6000000000 4.0222860786 0.9794825768 4.1610573278 0.0000000000
9.0861776067 1.6000000000 4.0220164812 0.9764279627 4.1587570925 0.0000000000
9.0867439442 1.6000000000 4.0217737525 0.9733468536 4.1565537342 0.0000000000
9.0873091944 1.6000000000 4.0215600741 0.9702511848 4.1544607532 0.0000000000
9.0878557414 1.6000000000 4.0213884421 0.9671184444 4.1525211287 0.0000000000
9.0883985297 1.6000000000 4.0212525527 0.9639708641 4.1507185391 0.0000000000
9.0889292751 1.6000000000 4.0211607124 0.9608006818 4.1490831051 0.0000000000
9.0894491998 1.6000000000 4.0211057189 0.9576128433 4.1475879954 0.0000000000
9.0899572874 1.6000000000 4.0211063697 0.9544101069 4.1463095041 0.0000000000
9.0904439086 1.6000000000 4.0211671764 0.9511916497 4.1452653483 0.0000000000
9.0909152118 1.6000000000 4.0212854587 0.9479685279 4.1444492286 0.0000000000
9.0913672827 1.6000000000 4.0214476154 0.9447406655 4.1438067106 0.0000000000
9.0917927201 1.6000000000 4.0216913747 0.9415223665 4.1434944280 0.0000000000
9.0921996736 1.6000000000 4.0219862901 0.9383152670 4.1433912497 0.0000000000
9.0925830736 1.6000000000 4.0223474698 0.9351338118 4.1435633867 0.0000000000
9.0929448005 1.6000000000 4.0227612389 0.9319761528 4.1439553992 0.0000000000
9.0932855346 1.6000000000 4.0232210071 0.9288434233 4.1445413802 0.0000000000
9.0936005691 1.6000000000 4.0237348179 0.9257464359 4.1453578285 0.0000000000
9.0938893976 1.6000000000 4.0243052854 0.9226957965 4.1464194429 0.0000000000
9.0941548067 1.6000000000 4.0249073231 0.9196703462 4.1476174134 0.0000000000
9.0944041723 1.6000000000 4.0255484880 0.9166867592 4.1489886383 0.0000000000
9.0946303174 1.6000000000 4.0262250248 0.9137404505 4.1505162621 0.0000000000
9.0948386045 1.6000000000 4.0269297582 0.9108275033 4.1521700169 0.0000000000
9.0950313163 1.6000000000 4.0276559383 0.9079411635 4.1539202013 0.0000000000
9.0952095937 1.6000000000 4.0284096748 0.9050920338 4.1557954953 0.0000000000
9.0953727665 1.6000000000 4.0291722949 0.9022533717 4.1577105108 0.0000000000
9.0955240515 1.6000000000 4.0299552926 0.8994455383 4.1597193682 0.0000000000
9.0956624576 1.6000000000 4.0307476926 0.8966491130 4.1617703982 0.0000000000
9.0957873187 1.6000000000 4.0315300908 0.8938316843 4.1637730196 0.0000000000
9.0959037019 1.6000000000 4.0323455507 0.8910715597 4.1659308092 0.0000000000
9.0960118424 1.6000000000 4.0331572250 0.8883018141 4.1680696082 0.0000000000
9.0961118164 1.6000000000 4.0339719737 0.8855364234 4.1702224466 0.0000000000
9.0962043804 1.6000000000 4.0347901020 0.8827762982 4.1723909100 0.0000000000
9.0962902236 1.6000000000 4.0356106923 0.8800187652 4.1745702580 0.0000000000
9.0963690016 1.6000000000 4.0364168771 0.8772332418 4.1766807880 0.0000000000
9.0964406208 1.6000000000 4.0372193325 0.8744396373 4.1787731675 0.0000000000
9.0965071698 1.6000000000 4.0380230406 0.8716474437 4.1808711226 0.0000000000
9.0965703439 1.6000000000 4.0388260841 0.8688529737 4.1829655084 0.0000000000
9.0966289700 1.6000000000 4.0396315548 0.8660621263 4.1850710524 0.0000000000
9.0966835518 1.6000000000 4.0404241614 0.8632478953 4.1871157864 0.0000000000
9.0967345240 1.6000000000 4.0412112641 0.8604240285 4.1891346506 0.0000000000
9.0967809283 1.6000000000 4.0419881675 0.8575817355 4.1911053469 0.0000000000
9.0968241340 1.6000000000 4.0427514419 0.8547164509 4.1930123307 0.0000000000
9.0968639095 1.6000000000 4.0435013520 0.8518296273 4.1948572416 0.0000000000
9.0969011548 1.6000000000 4.0442426787 0.8489284135 4.1966620628 0.0000000000
9.0969361013 1.6000000000 4.0449783492 0.8460174381 4.1984403547 0.0000000000
9.0969690748 1.6000000000 4.0457148426 0.8431076287 4.2002224046 0.0000000000
9.0970002287 1.6000000000 4.0464436196 0.8401857633 4.2019687666 0.0000000000
9.0970293805 1.6000000000 4.0471538756 0.8372349374 4.2036294600 0.0000000000
9.0970566506 1.6000000000 4.0478681330 0.8342897125 4.2053083995 0.0000000000
9.0970823092 1.6000000000 4.0485577529 0.8313088579 4.2068745374 0.0000000000
9.0971065718 1.6000000000 4.0492488259 0.8283299391 4.2084472618 0.0000000000
9.0971294152 1.6000000000 4.0499244020 0.8253279805 4.2099487830 0.0000000000
9.0971508491 1.6000000000 4.0505961869 0.8223208769 4.2114330810 0.0000000000
9.0971712101 1.6000000000 4.0512474123 0.8192854612 4.2128238163 0.0000000000
9.0971903393 1.6000000000 4.0519002782 0.8162532407 4.2142223917 0.0000000000
9.0972086327 1.6000000000 4.0525392502 0.8132019117 4.2155577483 0.0000000000
9.0972258381 1.6000000000 4.0531689196 0.8101380713 4.2168508896 0.0000000000
9.0972422795 1.6000000000 4.0537878136 0.8070611808 4.2180957095 0.0000000000
9.0972578220 1.6000000000 4.0543998885 0.8039749824 4.2193095294 0.0000000000
9.0972726214 1.6000000000 4.0550046704 0.8008801553 4.2204907262 0.0000000000
9.0972868668 1.6000000000 4.0555940399 0.7977671461 4.2216030007 0.0000000000
9.0973003583 1.6000000000 4.0561774202 0.7946467170 4.2226883503 0.0000000000
9.0973131931 1.6000000000 4.0567547361 0.7915187815 4.2237464398 0.0000000000
9.0973256527 1.6000000000 4.0573187150 0.7883756613 4.2247451072 0.0000000000
9.0973374541 1.6000000000 4.0578704998 0.7852189833 4.2256895753 0.0000000000
9.0973488774 1.6000000000 4.0584223073 0.7820622752 4.2266341220 0.0000000000
9.0973598726 1.6000000000 4.0589541170 0.7788843699 4.2274901986 0.0000000000
9.0973703903 1.6000000000 4.0594818253 0.7757023181 4.2283282109 0.0000000000
9.0973806653 1.6000000000 4.0600035579 0.7725138939 4.2291397720 0.0000000000
9.0973905555 1.6000000000 4.0605094673 0.7693096231 4.2298817012 0.0000000000
9.0974001836 1.6000000000 4.0610159942 0.7661059437 4.2306263368 0.0000000000
9.0974096546 1.6000000000 4.0615019259 0.7628823715 4.2312806349 0.0000000000
9.0974189764 1.6000000000 4.0619893859 0.7596603547 4.2319416683 0.0000000000
9.0974281426 1.6000000000 4.0624667315 0.7564287091 4.2325583925 0.0000000000
9.0974373470 1.6000000000 4.0629253749 0.7531802651 4.2330935883 0.0000000000
9.0974465943 1.6000000000 4.0633858146 0.7499333630 4.2336365861 0.0000000000
9.0974560445 1.6000000000 4.0638274986 0.7466704793 4.2340981687 0.0000000000
9.0974661166 1.6000000000 4.0642495363 0.7433916605 4.2344747919 0.0000000000
9.0974774273 1.6000000000 4.0646588836 0.7401100955 4.2347995552 0.0000000000
9.0974926317 1.6000000000 4.0650042805 0.7368280736 4.2348683342 0.0000000000
9.0975264556 1.6000000000 4.0645024115 0.7372596545 4.2330334906 0.0000000000
9.0975376077 1.6000000000 4.0638574696 0.7403192074 4.2316775439 0.0000000000
9.0975461136 1.6000000000 4.0632267858 0.7433998410 4.2303870623 0.0000000000
9.0975520396 1.6000000000 4.0626139444 0.7464628347 4.2291608940 0.0000000000
9.0975583501 1.6000000000 4.0619719642 0.7495150168 4.2278138464 0.0000000000
9.0975644678 1.6000000000 4.0613056899 0.7525388694 4.2263582900 0.0000000000
9.0975702597 1.6000000000 4.0606099075 0.7555128894 4.2247647683 0.0000000000
9.0975760449 1.6000000000 4.0598701513 0.7584135006 4.2229659880 0.0000000000
9.0975821533 1.6000000000 4.0590717419 0.7612170788 4.2208937818 0.0000000000
9.0975889147 1.6000000000 4.0582000000 0.7639000000 4.2184799827 0.0000000000
9.0976251676 1.6000000000 4.0534800000 0.7689750000 4.2016299827 0.0000000000
9.0976431806 1.6000000000 4.0513432467 0.7654141112 4.1916586138 0.0000000000
9.0976577612 1.6000000000 4.0497403938 0.7605150660 4.1832875844 0.0000000000
9.0976703388 1.6000000000 4.0484643812 0.7549212379 4.1759460024 0.0000000000
9.0976821483 1.6000000000 4.0473370472 0.7491683874 4.1691355264 0.0000000000
9.0976936386 1.6000000000 4.0462971196 0.7433570079 4.1626512640 0.0000000000
9.0977050572 1.6000000000 4.0453135951 0.7374800518 4.1563663839 0.0000000000
9.0977166257 1.6000000000 4.0443625842 0.7315551055 4.1501923617 0.0000000000
9.0977285504 1.6000000000 4.0434242605 0.7256137795 4.1440625365 0.0000000000
9.0977410195 1.6000000000 4.0424815943 0.7196812000 4.1379188398 0.0000000000
9.0977541766 1.6000000000 4.0415243077 0.7137661673 4.1317236802 0.0000000000
9.0977681593 1.6000000000 4.0405433158 0.7078750403 4.1254432621 0.0000000000
9.0977831185 1.6000000000 4.0395322150 0.7020144697 4.1190546307 0.0000000000
9.0977992154 1.6000000000 4.0384866937 0.6961913354 4.1125432914 0.0000000000
9.0978166187 1.6000000000 4.0374019579 0.6904133658 4.1058931606 0.0000000000
9.0978355172 1.6000000000 4.0362717707 0.6846905498 4.0990832855 0.0000000000
9.0978561068 1.6000000000 4.0350901488 0.6790328725 4.0920937270 0.0000000000
9.0978786101 1.6000000000 4.0338543761 0.6734478079 4.0849166104 0.0000000000
9.0979032575 1.6000000000 4.0325631129 0.6679417873 4.0775491493 0.0000000000
9.0979302469 1.6000000000 4.0312155248 0.6625210101 4.0699904858 0.0000000000
9.0979597683 1.6000000000 4.0298113041 0.6571911295 4.0622416507 0.0000000000
9.0979921254 1.6000000000 4.0283524539 0.6519536635 4.0543112638 0.0000000000
9.0980276665 1.6000000000 4.0268415592 0.6468092187 4.0462099071 0.0000000000
9.0980665931 1.6000000000 4.0252761657 0.6417683110 4.0379319699 0.0000000000
9.0981090880 1.6000000000 4.0236540292 0.6368409638 4.0294724850 0.0000000000
9.0981554655 1.6000000000 4.0219801855 0.6320226582 4.0208497880 0.0000000000
9.0982059943 1.6000000000 4.0202569014 0.6273152787 4.0120736996 0.0000000000
9.0982608473 1.6000000000 4.0184824431 0.6227290147 4.0031413609 0.0000000000
9.0983201778 1.6000000000 4.0166654085 0.6182476572 3.9940806797 0.0000000000
9.0983840209 1.6000000000 4.0148109266 0.6138641404 3.9849093452 0.0000000000
9.0984522037 1.6000000000 4.0129115153 0.6096034868 3.9756074387 0.0000000000
9.0985245261 1.6000000000 4.0109772882 0.6054414662 3.9662057217 0.0000000000
9.0986007952 1.6000000000 4.0090189919 0.6013514413 3.9567365268 0.0000000000
9.0986807946 1.6000000000 4.0070337263 0.5973438561 3.9471924303 0.0000000000
9.0987640701 1.6000000000 4.0050204714 0.5934249620 3.9375718531 0.0000000000
9.0988501158 1.6000000000 4.0029826970 0.5895864258 3.9278853409 0.0000000000
9.0989384766 1.6000000000 4.0009262448 0.5858110274 3.9181493728 0.0000000000
9.0990287142 1.6000000000 3.9988508737 0.5821012828 3.9083639905 0.0000000000
9.0991203499 1.6000000000 3.9967564180 0.5784592770 3.8985293655 0.0000000000
9.0992128946 1.6000000000 3.9946433279 0.5748853547 3.8886474360 0.0000000000
9.0993059182 1.6000000000 3.9925108635 0.5713843511 3.8787171769 0.0000000000
9.0993989583 1.6000000000 3.9903629752 0.5679424699 3.8687488712 0.0000000000
9.0994916765 1.6000000000 3.9882007973 0.5645571523 3.8587460330 0.0000000000
9.0995838910 1.6000000000 3.9860190871 0.5612510696 3.8486967589 0.0000000000
9.0996751261 1.6000000000 3.9838209952 0.5580129103 3.8386091277 0.0000000000
9.0997652066 1.6000000000 3.9816060145 0.5548477711 3.8284831492 0.0000000000
9.0998541719 1.6000000000 3.9793712516 0.5517703948 3.8183131470 0.0000000000
9.0999416555 1.6000000000 3.9771223344 0.5487576342 3.8081123739 0.0000000000
9.1000272473 1.6000000000 3.9748576373 0.5458197935 3.7978784492 0.0000000000
9.1001110446 1.6000000000 3.9725750066 0.5429693241 3.7876077388 0.0000000000
9.1001934865 1.6000000000 3.9702766690 0.5401986491 3.7773061184 0.0000000000
9.1002738350 1.6000000000 3.9679612911 0.5375179254 3.7669723171 0.0000000000
9.1003522305 1.6000000000 3.9656303773 0.5349221261 3.7566103423 0.0000000000
9.1004289510 1.6000000000 3.9632866385 0.5323993403 3.7462262727 0.0000000000
9.1005034964 1.6000000000 3.9609300426 0.5299520252 3.7358209631 0.0000000000
9.1005763935 1.6000000000 3.9585582727 0.5275979864 3.7253922680 0.0000000000
9.1006474706 1.6000000000 3.9561723049 0.5253348081 3.7149431257 0.0000000000
9.1007164843 1.6000000000 3.9537748233 0.5231487445 3.7044787736 0.0000000000
9.1007839058 1.6000000000 3.9513668144 0.5210359029 3.6940016014 0.0000000000
9.1008495758 1.6000000000 3.9489479410 0.5190016359 3.6835124011 0.0000000000
9.1009134583 1.6000000000 3.9465177508 0.5170534108 3.6730123504 0.0000000000
9.1009757429 1.6000000000 3.9440780142 0.5151805279 3.6625042506 0.0000000000
9.1010365175 1.6000000000 3.9416304636 0.5133723842 3.6519907909 0.0000000000
9.1010955450 1.6000000000 3.9391721605 0.5116576157 3.6414716709 0.0000000000
9.1011531427 1.6000000000 3.9367056807 0.5100171178 3.6309495525 0.0000000000
9.1012093421 1.6000000000 3.9342321330 0.5084446264 3.6204263652 0.0000000000
9.1012641084 1.6000000000 3.9317509227 0.5069489928 3.6099032704 0.0000000000
9.1013176576 1.6000000000 3.9292629794 0.5055247575 3.5993818033 0.0000000000
9.1013698586 1.6000000000 3.9267696955 0.5041596374 3.5888626195 0.0000000000
9.1014207813 1.6000000000 3.9242699653 0.5028703777 3.5783479949 0.0000000000
9.1014704729 1.6000000000 3.9217643436 0.5016539421 3.5678389339 0.0000000000
9.1015190163 1.6000000000 3.9192542417 0.5004966425 3.5573356065 0.0000000000
9.1015665394 1.6000000000 3.9167397070 0.4994007795 3.5468391226 0.0000000000
9.1016129288 1.6000000000 3.9142207761 0.4983696852 3.5363509611 0.0000000000
9.1016582672 1.6000000000 3.9116977651 0.4974023837 3.5258719965 0.0000000000
9.1017025745 1.6000000000 3.9091706645 0.4965045738 3.5154044703 0.0000000000
9.1017459362 1.6000000000 3.9066404615 0.4956619530 3.5049466100 0.0000000000
9.1017884227 1.6000000000 3.9041076781 0.4948697550 3.4944985969 0.0000000000
9.1018298861 1.6000000000 3.9015706161 0.4941676215 3.4840694955 0.0000000000
9.1018704993 1.6000000000 3.8990312189 0.4935200460 3.4736528768 0.0000000000
9.1019102772 1.6000000000 3.8964906996 0.4928998128 3.4632427063 0.0000000000
9.1019492139 1.6000000000 3.8939481293 0.4923357720 3.4528468088 0.0000000000
9.1019874134 1.6000000000 3.8914034530 0.4918321917 3.4424666712 0.0000000000
9.1020249183 1.6000000000 3.8888578908 0.4913582653 3.4320948520 0.0000000000
9.1020615836 1.6000000000 3.8863102986 0.4909577182 3.4217442645 0.0000000000
9.1020976042 1.6000000000 3.8837614233 0.4906105763 3.4114099063 0.0000000000
9.1021329524 1.6000000000 3.8812115761 0.4903120391 3.4010911027 0.0000000000
9.1021676029 1.6000000000 3.8786608024 0.4900665749 3.3907898221 0.0000000000
9.1022016038 1.6000000000 3.8761093183 0.4898720936 3.3805060934 0.0000000000
9.1022349455 1.6000000000 3.8735572759 0.4897297413 3.3702409827 0.0000000000
9.1022676795 1.6000000000 3.8710048421 0.4896409695 3.3599957388 0.0000000000
9.1022997929 1.6000000000 3.8684522364 0.4895865627 3.3497635535 0.0000000000
9.1023313958 1.6000000000 3.8658995437 0.4895761676 3.3395486245 0.0000000000
9.1023624383 1.6000000000 3.8633469105 0.4896231037 3.3293568663 0.0000000000
9.1023928707 1.6000000000 3.8607944606 0.4897158360 3.3191841593 0.0000000000
9.1024228503 1.6000000000 3.8582422473 0.4898425738 3.3090260016 0.0000000000
9.1024523174 1.6000000000 3.8556905639 0.4900241341 3.2988918918 0.0000000000
9.1024812869 1.6000000000 3.8531392795 0.4902399891 3.2887730962 0.0000000000
9.1025098241 1.6000000000 3.8505887387 0.4905034537 3.2786763188 0.0000000000
9.1025379037 1.6000000000 3.8480390281 0.4908148038 3.2686020166 0.0000000000
9.1025654761 1.6000000000 3.8454899269 0.4911555015 3.2585418907 0.0000000000
9.1025926090 1.6000000000 3.8429416319 0.4915323838 3.2484994640 0.0000000000
9.1026194040 1.6000000000 3.8403946662 0.4919620925 3.2384834844 0.0000000000
9.1026458143 1.6000000000 3.8378493955 0.4924501888 3.2284976403 0.0000000000
9.1026718639 1.6000000000 3.8353048702 0.4929627696 3.2185245711 0.0000000000
9.1026975664 1.6000000000 3.8327613209 0.4935041999 3.2085669460 0.0000000000
9.1027228681 1.6000000000 3.8302197930 0.4941026473 3.1986402137 0.0000000000
9.1027478344 1.6000000000 3.8276802338 0.4947511186 3.1887413652 0.0000000000
9.1027727133 1.6000000000 3.8251424029 0.4954405549 3.1788658161 0.0000000000
9.1027972743 1.6000000000 3.8226057951 0.4961577029 3.1690062442 0.0000000000
9.1028217780 1.6000000000 3.8200715341 0.4969253105 3.1591762434 0.0000000000
9.1028465691 1.6000000000 3.8175415058 0.4977746629 3.1493958709 0.0000000000
9.1028716100 1.6000000000 3.8150150363 0.4986894401 3.1396559038 0.0000000000
9.1028971156 1.6000000000 3.8124923159 0.4996650410 3.1299552626 0.0000000000
9.1029236157 1.6000000000 3.8099778018 0.5007655322 3.1203374026 0.0000000000
9.1029500632 1.6000000000 3.8074671908 0.5019222698 3.1107576538 0.0000000000
9.1029778643 1.6000000000 3.8049703611 0.5032480687 3.1013006546 0.0000000000
9.1030062231 1.6000000000 3.8024819016 0.5046735845 3.0919170230 0.0000000000
9.1030352770 1.6000000000 3.8000064075 0.5062305849 3.0826378464 0.0000000000
9.1030664969 1.6000000000 3.7975583750 0.5080391337 3.0735691359 0.0000000000
9.1030994719 1.6000000000 3.7951389189 0.5100757090 3.0647059418 0.0000000000
9.1031333481 1.6000000000 3.7927527335 0.5123430240 3.0560681264 0.0000000000
9.1031696095 1.6000000000 3.7904257273 0.5149652584 3.0478089951 0.0000000000
9.1032055786 1.6000000000 3.7881371184 0.5177945353 3.0397862703 0.0000000000
9.1032416052 1.6000000000 3.7859008717 0.5208722029 3.0320723508 0.0000000000
9.1032788365 1.6000000000 3.7837491757 0.5243059017 3.0248390462 0.0000000000
9.1033167402 1.6000000000 3.7816888173 0.5280740933 3.0181048893 0.0000000000
9.1033542659 1.6000000000 3.7796903957 0.5320477530 3.0117006667 0.0000000000
9.1033912876 1.6000000000 3.7777732739 0.5362597520 3.0057169789 0.0000000000
9.1034278510 1.6000000000 3.7759533401 0.5407367555 3.0002280454 0.0000000000
9.1034637080 1.6000000000 3.7742133035 0.5454063744 2.9951357466 0.0000000000
9.1034986401 1.6000000000 3.7725397987 0.5502272261 2.9903700678 0.0000000000
9.1035326265 1.6000000000 3.7709349483 0.5551940615 2.9859374003 0.0000000000
9.1035661191 1.6000000000 3.7694351199 0.5603554510 2.9820026426 0.0000000000
9.1035992992 1.6000000000 3.7680496888 0.5657155369 2.9786049524 0.0000000000
9.1036317485 1.6000000000 3.7667318186 0.5711866802 2.9755219292 0.0000000000
9.1036633505 1.6000000000 3.7654590689 0.5767211191 2.9726447061 0.0000000000
9.1036945340 1.6000000000 3.7642543156 0.5823451511 2.9700753055 0.0000000000
9.1037256726 1.6000000000 3.7631315759 0.5880750071 2.9678762890 0.0000000000
9.1037567990 1.6000000000 3.7620622420 0.5938721641 2.9659178162 0.0000000000
9.1037878945 1.6000000000 3.7610105994 0.5996892198 2.9640380683 0.0000000000
9.1038191204 1.6000000000 3.7599578348 0.6055027179 2.9621524088 0.0000000000
9.1038507343 1.6000000000 3.7588940099 0.6113018319 2.9602167552 0.0000000000
9.1038830418 1.6000000000 3.7578083219 0.6170762635 2.9581837757 0.0000000000
9.1039164094 1.6000000000 3.7566888248 0.6228161027 2.9560017228 0.0000000000
9.1039521577 1.6000000000 3.7555191537 0.6284948393 2.9535945330 0.0000000000
9.1039935892 1.6000000000 3.7542733789 0.6340508962 2.9508338567 0.0000000000
9.1040427544 1.6000000000 3.7528891801 0.6394098315 2.9474406355 0.0000000000
9.1041043425 1.6000000000 3.7511614303 0.6441408844 2.9424220577 0.0000000000
9.1042047265 1.6000000000 3.7487096786 0.6451139804 2.9330042892 0.0000000000
9.1042882328 1.6000000000 3.7470861991 0.6400685376 2.9244921940 0.0000000000
9.1043469328 1.6000000000 3.7459657048 0.6344138255 2.9177483319 0.0000000000
9.1043960972 1.6000000000 3.7450807519 0.6284298372 2.9118149253 0.0000000000
9.1044395711 1.6000000000 3.7443763186 0.6222701886 2.9065333324 0.0000000000
9.1044790895 1.6000000000 3.7438067723 0.6160562923 2.9017695887 0.0000000000
9.1045162567 1.6000000000 3.7433221935 0.6097939980 2.8973263557 0.0000000000
9.1045517577 1.6000000000 3.7429042540 0.6034957221 2.8931352875 0.0000000000
9.1045859668 1.6000000000 3.7425422891 0.5971774030 2.8891601001 0.0000000000
9.1046195418 1.6000000000 3.7421968985 0.5908549499 2.8852495567 0.0000000000
9.1046531551 1.6000000000 3.7418239257 0.5845422231 2.8812325749 0.0000000000
9.1046866120 1.6000000000 3.7414366541 0.5782341481 2.8771602583 0.0000000000
9.1047192842 1.6000000000 3.7410775220 0.5719160894 2.8731965065 0.0000000000
9.1047511586 1.6000000000 3.7407553013 0.5655852667 2.8693752943 0.0000000000
9.1047827230 1.6000000000 3.7404512515 0.5592485801 2.8656244208 0.0000000000
9.1048142273 1.6000000000 3.7401546581 0.5529100161 2.8619026213 0.0000000000
9.1048455239 1.6000000000 3.7398687004 0.5465685305 2.8582221966 0.0000000000
9.1048764696 1.6000000000 3.7395972870 0.5402229100 2.8545982946 0.0000000000
9.1049070586 1.6000000000 3.7393425849 0.5338729057 2.8510394844 0.0000000000
9.1049373190 1.6000000000 3.7391060357 0.5275185491 2.8475515450 0.0000000000
9.1049673087 1.6000000000 3.7388855853 0.5211605567 2.8441265466 0.0000000000
9.1049971032 1.6000000000 3.7386771116 0.5148000485 2.8407484485 0.0000000000
9.1050267661 1.6000000000 3.7384755118 0.5084382024 2.8373973109 0.0000000000
9.1050563404 1.6000000000 3.7382740942 0.5020762836 2.8340468729 0.0000000000
9.1050858516 1.6000000000 3.7380683017 0.4957151485 2.8306792488 0.0000000000
9.1051152336 1.6000000000 3.7378666415 0.4893532661 2.8273278551 0.0000000000
9.1051443912 1.6000000000 3.7376818479 0.4829883319 2.8240427070 0.0000000000
9.1051733393 1.6000000000 3.7375138395 0.4766203464 2.8208234793 0.0000000000
9.1052022219 1.6000000000 3.7373474500 0.4702520227 2.8176105919 0.0000000000
9.1052311617 1.6000000000 3.7371696545 0.4638856976 2.8143528797 0.0000000000
9.1052601512 1.6000000000 3.7369811297 0.4575212847 2.8110530152 0.0000000000
9.1052891456 1.6000000000 3.7367864824 0.4511580006 2.8077291123 0.0000000000
9.1053180947 1.6000000000 3.7365910411 0.4447948929 2.8044021042 0.0000000000
9.1053469425 1.6000000000 3.7364008981 0.4384308300 2.8010959072 0.0000000000
9.1053756535 1.6000000000 3.7362204552 0.4320649936 2.7978278007 0.0000000000
9.1054042768 1.6000000000 3.7360471033 0.4256978713 2.7945875444 0.0000000000
9.1054328803 1.6000000000 3.7358765919 0.4193302579 2.7913584533 0.0000000000
9.1054614712 1.6000000000 3.7357079631 0.4129623594 2.7881367789 0.0000000000
9.1054899944 1.6000000000 3.7355436398 0.4065937781 2.7849320529 0.0000000000
9.1055184134 1.6000000000 3.7353855164 0.4002242040 2.7817517298 0.0000000000
9.1055467845 1.6000000000 3.7352325677 0.3938538213 2.7785917821 0.0000000000
9.1055751868 1.6000000000 3.7350829511 0.3874829506 2.7754449672 0.0000000000
9.1056036539 1.6000000000 3.7349337543 0.3811120337 2.7722998132 0.0000000000
9.1056321667 1.6000000000 3.7347808466 0.3747416511 2.7691400296 0.0000000000
9.1056607009 1.6000000000 3.7346221242 0.3683720981 2.7659573187 0.0000000000
9.1056892199 1.6000000000 3.7344657966 0.3620022300 2.7627840611 0.0000000000
9.1057176845 1.6000000000 3.7343229843 0.3556304948 2.7596641176 0.0000000000
9.1057460870 1.6000000000 3.7341955187 0.3492566320 2.7566047104 0.0000000000
9.1057744588 1.6000000000 3.7340736302 0.3428819938 2.7535673010 0.0000000000
9.1058028362 1.6000000000 3.7339480539 0.3365078582 2.7505153415 0.0000000000
9.1058312670 1.6000000000 3.7338164332 0.3301345216 2.7474395241 0.0000000000
9.1058598017 1.6000000000 3.7336788920 0.3237619300 2.7443403225 0.0000000000
9.1058884247 1.6000000000 3.7335393894 0.3173895812 2.7412333727 0.0000000000
9.1059170267 1.6000000000 3.7334073184 0.3110163376 2.7381557914 0.0000000000
9.1059455177 1.6000000000 3.7332902324 0.3046412844 2.7351374260 0.0000000000
9.1059739683 1.6000000000 3.7331819152 0.2982651618 2.7321537080 0.0000000000
9.1060025084 1.6000000000 3.7330710545 0.2918893227 2.7291599299 0.0000000000
9.1060311854 1.6000000000 3.7329522802 0.2855144105 2.7261348677 0.0000000000
9.1060599211 1.6000000000 3.7328292161 0.2791399943 2.7230928448 0.0000000000
9.1060886371 1.6000000000 3.7327060500 0.2727655792 2.7200504144 0.0000000000
9.1061173194 1.6000000000 3.7325857929 0.2663908328 2.7170194874 0.0000000000
9.1061459796 1.6000000000 3.7324709512 0.2600154907 2.7140099836 0.0000000000
9.1061746605 1.6000000000 3.7323618567 0.2536395128 2.7110232146 0.0000000000
9.1062034509 1.6000000000 3.7322555896 0.2472631938 2.7080476184 0.0000000000
9.1062324210 1.6000000000 3.7321486300 0.2408869086 2.7050692662 0.0000000000
9.1062615001 1.6000000000 3.7320353746 0.2345113609 2.7020660256 0.0000000000
9.1062905651 1.6000000000 3.7319095749 0.2281373613 2.6990132269 0.0000000000
9.1063195771 1.6000000000 3.7317716908 0.2217648653 2.6959126919 0.0000000000
9.1063486108 1.6000000000 3.7316312166 0.2153926776 2.6928019203 0.0000000000
9.1063777315 1.6000000000 3.7314966085 0.2090197337 2.6897143103 0.0000000000
9.1064069170 1.6000000000 3.7313677634 0.2026460525 2.6866494574 0.0000000000
9.1064361183 1.6000000000 3.7312419259 0.1962719893 2.6835964820 0.0000000000
9.1064653214 1.6000000000 3.7311183651 0.1898976515 2.6805525037 0.0000000000
9.1064945505 1.6000000000 3.7309985798 0.1835228736 2.6775234512 0.0000000000
9.1065238179 1.6000000000 3.7308832854 0.1771475781 2.6745121557 0.0000000000
9.1065530817 1.6000000000 3.7307697353 0.1707720806 2.6715077560 0.0000000000
9.1065822927 1.6000000000 3.7306544752 0.1643967767 2.6684965940 0.0000000000
9.1066115031 1.6000000000 3.7305362491 0.1580218126 2.6654737043 0.0000000000
9.1066408510 1.6000000000 3.7304156561 0.1516471235 2.6624414563 0.0000000000
9.1066704152 1.6000000000 3.7302940279 0.1452725599 2.6594051181 0.0000000000
9.1067001015 1.6000000000 3.7301745990 0.1388977525 2.6563774795 0.0000000000
9.1067297941 1.6000000000 3.7300606835 0.1325223230 2.6533716459 0.0000000000
9.1067594650 1.6000000000 3.7299530040 0.1261461995 2.6503904786 0.0000000000
9.1067891381 1.6000000000 3.7298507318 0.1197694925 2.6474307068 0.0000000000
9.1068188197 1.6000000000 3.7297503417 0.1133925969 2.6444783883 0.0000000000
9.1068484857 1.6000000000 3.7296436592 0.1070163975 2.6415011784 0.0000000000
9.1068781257 1.6000000000 3.7295245944 0.1006415513 2.6384749810 0.0000000000
9.1069078287 1.6000000000 3.7294017288 0.0942671248 2.6354337477 0.0000000000
9.1069377134 1.6000000000 3.7292884835 0.0878916597 2.6324305805 0.0000000000
9.1069677497 1.6000000000 3.7291878220 0.0815148330 2.6294772038 0.0000000000
9.1069977472 1.6000000000 3.7290914463 0.0751375443 2.6265407856 0.0000000000
9.1070275917 1.6000000000 3.7289926604 0.0687605182 2.6235948316 0.0000000000
9.1070574270 1.6000000000 3.7288914090 0.0623837555 2.6206391209 0.0000000000
9.1070874295 1.6000000000 3.7287887266 0.0560071375 2.6176777440 0.0000000000
9.1071175950 1.6000000000 3.7286837111 0.0496307542 2.6147071289 0.0000000000
9.1071478111 1.6000000000 3.7285743513 0.0432548147 2.6117193137 0.0000000000
9.1071780059 1.6000000000 3.7284622540 0.0368791626 2.6087206637 0.0000000000
9.1072081746 1.6000000000 3.7283548522 0.0305030519 2.6057406124 0.0000000000
9.1072383281 1.6000000000 3.7282580820 0.0241258859 2.6028026649 0.0000000000
9.1072685244 1.6000000000 3.7281685535 0.0177480001 2.5998933966 0.0000000000
9.1072988314 1.6000000000 3.7280802466 0.0113699934 2.5969889662 0.0000000000
9.1073292812 1.6000000000 3.7279877874 0.0049923997 2.5940680922 0.0000000000
9.1073598804 1.6000000000 3.7278863901 -0.0013843057 2.5911118208 0.0000000000
9.1073905421 1.6000000000 3.7277776109 -0.0077602837 2.5881263128 0.0000000000
9.1074210656 1.6000000000 3.7276708294 -0.0141364790 2.5851487086 0.0000000000
9.1074514182 1.6000000000 3.7275716892 -0.0205134470 2.5822013609 0.0000000000
9.1074818807 1.6000000000 3.7274782734 -0.0268909584 2.5792766930 0.0000000000
9.1075125870 1.6000000000 3.7273876742 -0.0332687072 2.5763631967 0.0000000000
9.1075431789 1.6000000000 3.7272964188 -0.0396463989 2.5734470984 0.0000000000
9.1075733894 1.6000000000 3.7272013536 -0.0460237616 2.5705158925 0.0000000000
9.1076035741 1.6000000000 3.7271008040 -0.0524005950 2.5675629606 0.0000000000
9.1076341098 1.6000000000 3.7269940107 -0.0587767811 2.5645853130 0.0000000000
9.1076648918 1.6000000000 3.7268826142 -0.0651524739 2.5615894497 0.0000000000
9.1076957118 1.6000000000 3.7267686918 -0.0715278825 2.5585835968 0.0000000000
9.1077264458 1.6000000000 3.7266535620 -0.0779031553 2.5555729685 0.0000000000
9.1077570191 1.6000000000 3.7265382656 -0.0842784148 2.5525616790 0.0000000000
9.1077874752 1.6000000000 3.7264235170 -0.0906537406 2.5495525545 0.0000000000
9.1078178723 1.6000000000 3.7263100994 -0.0970292176 2.5465486932 0.0000000000
9.1078481928 1.6000000000 3.7261994886 -0.1034050047 2.5435559354 0.0000000000
9.1078784371 1.6000000000 3.7260919690 -0.1097811293 2.5405754070 0.0000000000
9.1079087596 1.6000000000 3.7259823766 -0.1161570199 2.5375866809 0.0000000000
9.1079392951 1.6000000000 3.7258668079 -0.1225322461 2.5345743157 0.0000000000
9.1079699900 1.6000000000 3.7257498616 -0.1289073214 2.5315565007 0.0000000000
9.1080007330 1.6000000000 3.7256363645 -0.1352827807 2.5285523284 0.0000000000
9.1080313689 1.6000000000 3.7255275258 -0.1416587489 2.5255665863 0.0000000000
9.1080618017 1.6000000000 3.7254242472 -0.1480353031 2.5226028501 0.0000000000
9.1080920558 1.6000000000 3.7253274346 -0.1544125050 2.5196647190 0.0000000000
9.1081223377 1.6000000000 3.7252311854 -0.1607897475 2.5167288252 0.0000000000
9.1081529386 1.6000000000 3.7251254501 -0.1671660231 2.5137553739 0.0000000000
9.1081836562 1.6000000000 3.7250140547 -0.1735417291 2.5107595097 0.0000000000
9.1082141895 1.6000000000 3.7249037418 -0.1799175455 2.5077679318 0.0000000000
9.1082446769 1.6000000000 3.7247893131 -0.1862929033 2.5047600738 0.0000000000
9.1082750305 1.6000000000 3.7246716342 -0.1926679057 2.5017393571 0.0000000000
9.1083047427 1.6000000000 3.7245636303 -0.1990439659 2.4987569174 0.0000000000
9.1083340476 1.6000000000 3.7244682043 -0.2054213425 2.4958242629 0.0000000000
9.1083635869 1.6000000000 3.7243789875 -0.2117992827 2.4929162195 0.0000000000
9.1083932424 1.6000000000 3.7242821755 -0.2181764474 2.4899781056 0.0000000000
9.1084227714 1.6000000000 3.7241719164 -0.2245523020 2.4869867276 0.0000000000
9.1084521605 1.6000000000 3.7240606621 -0.2309280657 2.4839914048 0.0000000000
9.1084813328 1.6000000000 3.7239532580 -0.2373042228 2.4810113256 0.0000000000
9.1085102479 1.6000000000 3.7238483021 -0.2436806484 2.4780409317 0.0000000000
9.1085392980 1.6000000000 3.7237470499 -0.2500574434 2.4750852049 0.0000000000
9.1085686242 1.6000000000 3.7236486298 -0.2564345082 2.4721406984 0.0000000000
9.1085978425 1.6000000000 3.7235480892 -0.2628113678 2.4691877925 0.0000000000
9.1086270710 1.6000000000 3.7234446825 -0.2691879433 2.4662235352 0.0000000000
9.1086566537 1.6000000000 3.7233405639 -0.2755644351 2.4632564643 0.0000000000
9.1086866699 1.6000000000 3.7232384297 -0.2819411126 2.4602972563 0.0000000000
9.1087166821 1.6000000000 3.7231383918 -0.2883180011 2.4573463495 0.0000000000
9.1087460770 1.6000000000 3.7230397183 -0.2946950402 2.4544008399 0.0000000000
9.1087747975 1.6000000000 3.7229447149 -0.3010724444 2.4514698646 0.0000000000
9.1088034262 1.6000000000 3.7228515278 -0.3074500196 2.4485460859 0.0000000000
9.1088324643 1.6000000000 3.7227566644 -0.3138274259 2.4456156699 0.0000000000
9.1088609305 1.6000000000 3.7226623135 -0.3202049139 2.4426872712 0.0000000000
9.1088887270 1.6000000000 3.7225608932 -0.3265817224 2.4397308667 0.0000000000
9.1089165029 1.6000000000 3.7224476731 -0.3329573349 2.4367277410 0.0000000000
9.1089444923 1.6000000000 3.7223503385 -0.3393344501 2.4337875566 0.0000000000
9.1089725778 1.6000000000 3.7222674580 -0.3457129763 2.4309046242 0.0000000000
9.1090004932 1.6000000000 3.7221755819 -0.3520906845 2.4279860365 0.0000000000
9.1090282885 1.6000000000 3.7220848131 -0.3584685277 2.4250718239 0.0000000000
9.1090559733 1.6000000000 3.7219916723 -0.3648461157 2.4221482254 0.0000000000
9.1090834407 1.6000000000 3.7218799166 -0.3712218409 2.4191509127 0.0000000000
9.1091106005 1.6000000000 3.7217668704 -0.3775974692 2.4161484765 0.0000000000
9.1091379982 1.6000000000 3.7216584296 -0.3839735675 2.4131642741 0.0000000000
9.1091660040 1.6000000000 3.7215456959 -0.3903491896 2.4101630904 0.0000000000
9.1091931281 1.6000000000 3.7214275253 -0.3967242190 2.4071403963 0.0000000000
9.1092196407 1.6000000000 3.7213110589 -0.4030994606 2.4041244338 0.0000000000
9.1092465349 1.6000000000 3.7211976652 -0.4094750402 2.4011206273 0.0000000000
9.1092737415 1.6000000000 3.7210740967 -0.4158494132 2.3980766042 0.0000000000
9.1093010513 1.6000000000 3.7209524051 -0.4222240381 2.3950399879 0.0000000000
9.1093281758 1.6000000000 3.7208471150 -0.4286004858 2.3920682484 0.0000000000
9.1093549816 1.6000000000 3.7207531824 -0.4349780602 2.3891414880 0.0000000000
9.1093818366 1.6000000000 3.7206410776 -0.4413537231 2.3861428037 0.0000000000
9.1094082945 1.6000000000 3.7205206784 -0.4477285535 2.3831112748 0.0000000000
9.1094345560 1.6000000000 3.7204043973 -0.4541038097 2.3800960479 0.0000000000
9.1094615585 1.6000000000 3.7202833513 -0.4604784934 2.3770619905 0.0000000000
9.1094882704 1.6000000000 3.7201578614 -0.4668527304 2.3740103361 0.0000000000
9.1095145939 1.6000000000 3.7200505487 -0.4732288948 2.3710306194 0.0000000000
9.1095409900 1.6000000000 3.7199561608 -0.4796064311 2.3681020533 0.0000000000
9.1095675995 1.6000000000 3.7198444369 -0.4859822063 2.3651048476 0.0000000000
9.1095944453 1.6000000000 3.7197410019 -0.4923588548 2.3621404483 0.0000000000
9.1096218679 1.6000000000 3.7196283429 -0.4987344639 2.3591395688 0.0000000000
9.1096488506 1.6000000000 3.7195100581 -0.5051094917 2.3561164184 0.0000000000
9.1096755744 1.6000000000 3.7193967734 -0.5114850893 2.3531130407 0.0000000000
9.1097032412 1.6000000000 3.7192835418 -0.5178606579 2.3501098868 0.0000000000
9.1097301864 1.6000000000 3.7191828122 -0.5242375636 2.3471562059 0.0000000000
9.1097571765 1.6000000000 3.7190788160 -0.5306141400 2.3441895908 0.0000000000
9.1097840477 1.6000000000 3.7189745144 -0.5369906863 2.3412217656 0.0000000000
9.1098111814 1.6000000000 3.7188757358 -0.5433677865 2.3382758111 0.0000000000
9.1098391244 1.6000000000 3.7187705117 -0.5497441893 2.3353043538 0.0000000000
9.1098669021 1.6000000000 3.7186530758 -0.5561193028 2.3322845648 0.0000000000
9.1098943307 1.6000000000 3.7185392896 -0.5624948106 2.3292792170 0.0000000000
9.1099222744 1.6000000000 3.7184384220 -0.5688716799 2.3263249988 0.0000000000
9.1099496808 1.6000000000 3.7183435557 -0.5752491337 2.3233945521 0.0000000000
9.1099776316 1.6000000000 3.7182448629 -0.5816262095 2.3204489505 0.0000000000
9.1100064320 1.6000000000 3.7181411678 -0.5880027676 2.3174835466 0.0000000000
9.1100341899 1.6000000000 3.7180431453 -0.5943799174 2.3145405967 0.0000000000
9.1100626084 1.6000000000 3.7179464275 -0.6007571284 2.3116028412 0.0000000000
9.1100913265 1.6000000000 3.7178302429 -0.6071323654 2.3085880083 0.0000000000
9.1101199016 1.6000000000 3.7177281249 -0.6135090863 2.3056288476 0.0000000000
9.1101480570 1.6000000000 3.7176392513 -0.6198870604 2.3027221638 0.0000000000
9.1101765705 1.6000000000 3.7175493161 -0.6262649179 2.2998112798 0.0000000000
9.1102049631 1.6000000000 3.7174581602 -0.6326426773 2.2968955526 0.0000000000
9.1102337234 1.6000000000 3.7173667044 -0.6390203923 2.2939786433 0.0000000000
9.1102623036 1.6000000000 3.7172665871 -0.6453973258 2.2910274006 0.0000000000
9.1102913106 1.6000000000 3.7171769896 -0.6517752107 2.2881178568 0.0000000000
9.1103203157 1.6000000000 3.7170782838 -0.6581522468 2.2851722191 0.0000000000
9.1103492264 1.6000000000 3.7169837179 -0.6645296811 2.2822429816 0.0000000000
9.1103788989 1.6000000000 3.7168618215 -0.6709042147 2.2792055827 0.0000000000
9.1104078023 1.6000000000 3.7167369304 -0.6772783784 2.2761563527 0.0000000000
9.1104371192 1.6000000000 3.7166160999 -0.6836530388 2.2731231668 0.0000000000
9.1104668844 1.6000000000 3.7164956427 -0.6900277256 2.2700914634 0.0000000000
9.1104961279 1.6000000000 3.7163721440 -0.6964020639 2.2670477329 0.0000000000
9.1105256300 1.6000000000 3.7162500214 -0.7027765639 2.2640094426 0.0000000000
9.1105552138 1.6000000000 3.7161446828 -0.7091529375 2.2610375390 0.0000000000
9.1105846060 1.6000000000 3.7160247408 -0.7155276196 2.2580078978 0.0000000000
9.1106137000 1.6000000000 3.7158994271 -0.7219017467 2.2549569924 0.0000000000
9.1106425960 1.6000000000 3.7157749670 -0.7282759537 2.2519094691 0.0000000000
9.1106721080 1.6000000000 3.7156614786 -0.7346514620 2.2489053122 0.0000000000
9.1107010470 1.6000000000 3.7155314716 -0.7410249973 2.2458358701 0.0000000000
9.1107296120 1.6000000000 3.7154197651 -0.7474007116 2.2428387583 0.0000000000
9.1107584698 1.6000000000 3.7153125846 -0.7537769138 2.2398595556 0.0000000000
9.1107871936 1.6000000000 3.7152185780 -0.7601543854 2.2369325404 0.0000000000
9.1108156568 1.6000000000 3.7151135223 -0.7665307979 2.2339617527 0.0000000000
9.1108442002 1.6000000000 3.7149903266 -0.7729052019 2.2309192084 0.0000000000
9.1108727254 1.6000000000 3.7148769497 -0.7792807186 2.2279154939 0.0000000000
9.1109012371 1.6000000000 3.7147496534 -0.7856545826 2.2248567631 0.0000000000
9.1109296400 1.6000000000 3.7146144185 -0.7920274537 2.2217666753 0.0000000000
9.1109575716 1.6000000000 3.7145142008 -0.7984043608 2.2188150414 0.0000000000
9.1109851048 1.6000000000 3.7144134561 -0.8047812276 2.2158613161 0.0000000000
9.1110126256 1.6000000000 3.7143109992 -0.8111579199 2.2129008114 0.0000000000
9.1110403795 1.6000000000 3.7142109843 -0.8175348385 2.2099499845 0.0000000000
9.1110678521 1.6000000000 3.7140858792 -0.8239090587 2.2068998760 0.0000000000
9.1110949098 1.6000000000 3.7139524742 -0.8302821891 2.2038170036 0.0000000000
9.1111220441 1.6000000000 3.7138317138 -0.8366569005 2.2007840776 0.0000000000
9.1111491476 1.6000000000 3.7137208366 -0.8430327566 2.1977902262 0.0000000000
9.1111762758 1.6000000000 3.7136215673 -0.8494097880 2.1948423366 0.0000000000
9.1112030576 1.6000000000 3.7135156671 -0.8557861530 2.1918681899 0.0000000000
9.1112297628 1.6000000000 3.7134166305 -0.8621632291 2.1889212129 0.0000000000
9.1112562301 1.6000000000 3.7133167775 -0.8685402312 2.1859710002 0.0000000000
9.1112827288 1.6000000000 3.7132194231 -0.8749174831 2.1830306819 0.0000000000
9.1113093179 1.6000000000 3.7131009396 -0.8812924693 2.1800067534 0.0000000000
9.1113354819 1.6000000000 3.7129901139 -0.8876680779 2.1770132072 0.0000000000
9.1113619359 1.6000000000 3.7129018802 -0.8940461845 2.1741090296 0.0000000000
9.1113878139 1.6000000000 3.7128005835 -0.9004230646 2.1711530907 0.0000000000
9.1114138751 1.6000000000 3.7127080024 -0.9068007579 2.1682316892 0.0000000000
9.1114396468 1.6000000000 3.7126139950 -0.9131782954 2.1653046444 0.0000000000
9.1114653519 1.6000000000 3.7125202954 -0.9195558723 2.1623788155 0.0000000000
9.1114909557 1.6000000000 3.7124192513 -0.9259327390 2.1594238922 0.0000000000
9.1115164032 1.6000000000 3.7123185462 -0.9323096414 2.1564703108 0.0000000000
9.1115416343 1.6000000000 3.7122185001 -0.9386866489 2.1535193237 0.0000000000
9.1115667509 1.6000000000 3.7121301638 -0.9450647532 2.1506147365 0.0000000000
9.1115919767 1.6000000000 3.7120295797 -0.9514416876 2.1476616262 0.0000000000
9.1116172097 1.6000000000 3.7119161071 -0.9578171538 2.1446575495 0.0000000000
9.1116424500 1.6000000000 3.7117842178 -0.9641905279 2.1415806427 0.0000000000
9.1116677291 1.6000000000 3.7116547298 -0.9705642188 2.1385132142 0.0000000000
9.1116930485 1.6000000000 3.7115248770 -0.9769378998 2.1354443309 0.0000000000
9.1117184577 1.6000000000 3.7114190888 -0.9833142179 2.1324706506 0.0000000000
9.1117439616 1.6000000000 3.7112882244 -0.9896877668 2.1293977737 0.0000000000
9.1117694971 1.6000000000 3.7111617783 -0.9960618203 2.1263423676 0.0000000000
9.1117951059 1.6000000000 3.7110398289 -1.0024364349 2.1233047242 0.0000000000
9.1118206938 1.6000000000 3.7109177359 -1.0088110227 2.1202665173 0.0000000000
9.1118466277 1.6000000000 3.7107847987 -1.0151842332 2.1171854843 0.0000000000
9.1118724288 1.6000000000 3.7106595621 -1.0215584611 2.1141348468 0.0000000000
9.1118981806 1.6000000000 3.7105483170 -1.0279342877 2.1111395355 0.0000000000
9.1119241561 1.6000000000 3.7104553644 -1.0343119331 2.1082166671 0.0000000000
9.1119503048 1.6000000000 3.7103369477 -1.0406869174 2.1051930063 0.0000000000
9.1119764317 1.6000000000 3.7102073564 -1.0470605862 2.1021251738 0.0000000000
9.1120026823 1.6000000000 3.7100764724 -1.0534340994 2.0990522326 0.0000000000
9.1120291463 1.6000000000 3.7099301153 -1.0598054386 2.0959182685 0.0000000000
9.1120555480 1.6000000000 3.7097945679 -1.0661783677 2.0928269072 0.0000000000
9.1120817675 1.6000000000 3.7096863743 -1.0725544032 2.0898437187 0.0000000000
9.1121081316 1.6000000000 3.7095837321 -1.0789310854 2.0868824769 0.0000000000
9.1121343879 1.6000000000 3.7094852617 -1.0853082322 2.0839377367 0.0000000000
9.1121606727 1.6000000000 3.7093744768 -1.0916840644 2.0809442642 0.0000000000
9.1121870873 1.6000000000 3.7092598566 -1.0980594615 2.0779356243 0.0000000000
9.1122135133 1.6000000000 3.7091370890 -1.1044339621 2.0748947537 0.0000000000
9.1122399852 1.6000000000 3.7090130898 -1.1108083154 2.0718490156 0.0000000000
9.1122663695 1.6000000000 3.7088914970 -1.1171829484 2.0688127914 0.0000000000
9.1122929562 1.6000000000 3.7087871766 -1.1235591093 2.0658450452 0.0000000000
9.1123193551 1.6000000000 3.7086820719 -1.1299353727 2.0628741211 0.0000000000
9.1123457345 1.6000000000 3.7085784087 -1.1363119757 2.0599088270 0.0000000000
9.1123721177 1.6000000000 3.7084840473 -1.1426894489 2.0569803922 0.0000000000
9.1123986070 1.6000000000 3.7083777097 -1.1490657987 2.0540045020 0.0000000000
9.1124250076 1.6000000000 3.7082591269 -1.1554407443 2.0509801925 0.0000000000
9.1124514011 1.6000000000 3.7081438053 -1.1618160723 2.0479687749 0.0000000000
9.1124776936 1.6000000000 3.7080501772 -1.1681936109 2.0450432470 0.0000000000
9.1125039963 1.6000000000 3.7079515387 -1.1745706735 2.0420978679 0.0000000000
9.1125303847 1.6000000000 3.7078623872 -1.1809486761 2.0391900611 0.0000000000
9.1125566184 1.6000000000 3.7077643950 -1.1873258090 2.0362472391 0.0000000000
9.1125826990 1.6000000000 3.7076593433 -1.1937022576 2.0332764526 0.0000000000
9.1126085669 1.6000000000 3.7075651150 -1.2000797829 2.0303485294 0.0000000000
9.1126343814 1.6000000000 3.7074557461 -1.2064557977 2.0273606480 0.0000000000
9.1126597817 1.6000000000 3.7073546388 -1.2128326613 2.0244054733 0.0000000000
9.1126850866 1.6000000000 3.7072604253 -1.2192102017 2.0214776034 0.0000000000
9.1127102046 1.6000000000 3.7071640869 -1.2255875374 2.0185413153 0.0000000000
9.1127351745 1.6000000000 3.7070735846 -1.2319654477 2.0156281419 0.0000000000
9.1127601186 1.6000000000 3.7069699554 -1.2383420356 2.0126629899 0.0000000000
9.1127849055 1.6000000000 3.7068299324 -1.2447143723 2.0095539633 0.0000000000
9.1128093957 1.6000000000 3.7067037681 -1.2510884454 2.0064996771 0.0000000000
9.1128334935 1.6000000000 3.7065785411 -1.2574626598 2.0034490832 0.0000000000
9.1128573968 1.6000000000 3.7064417291 -1.2638352600 2.0003527951 0.0000000000
9.1128808910 1.6000000000 3.7063076276 -1.2702084220 1.9972671244 0.0000000000
9.1129041897 1.6000000000 3.7061631156 -1.2765801056 1.9941404029 0.0000000000
9.1129271803 1.6000000000 3.7060283356 -1.2829531794 1.9910520534 0.0000000000
9.1129499465 1.6000000000 3.7058917912 -1.2893260196 1.9879567395 0.0000000000
9.1129724732 1.6000000000 3.7057557120 -1.2956989164 1.9848632643 0.0000000000
9.1129948485 1.6000000000 3.7056357966 -1.3020736161 1.9818337224 0.0000000000
9.1130173878 1.6000000000 3.7055231893 -1.3084493621 1.9788329949 0.0000000000
9.1130400985 1.6000000000 3.7054144423 -1.3148254723 1.9758475628 0.0000000000
9.1130628273 1.6000000000 3.7052885462 -1.3211996108 1.9727943231 0.0000000000
9.1130856437 1.6000000000 3.7051696090 -1.3275746673 1.9697685518 0.0000000000
9.1131085820 1.6000000000 3.7050206451 -1.3339455435 1.9666243457 0.0000000000
9.1131314261 1.6000000000 3.7048890668 -1.3403189907 1.9635486536 0.0000000000
9.1131543600 1.6000000000 3.7047717666 -1.3466941885 1.9605293738 0.0000000000
9.1131773771 1.6000000000 3.7046756757 -1.3530716555 1.9575940231 0.0000000000
9.1132004076 1.6000000000 3.7045674625 -1.3594478171 1.9546107056 0.0000000000
9.1132235791 1.6000000000 3.7044648878 -1.3658246300 1.9516496818 0.0000000000
9.1132469996 1.6000000000 3.7043363261 -1.3721984905 1.9485858908 0.0000000000
9.1132706440 1.6000000000 3.7042136029 -1.3785730124 1.9455451891 0.0000000000
9.1132945138 1.6000000000 3.7040786260 -1.3849460364 1.9424560719 0.0000000000
9.1133185578 1.6000000000 3.7039554507 -1.3913204969 1.9394135869 0.0000000000
9.1133427527 1.6000000000 3.7038603920 -1.3976980326 1.9364823375 0.0000000000
9.1133672812 1.6000000000 3.7037339954 -1.4040714667 1.9334273777 0.0000000000
9.1133917193 1.6000000000 3.7036366196 -1.4104486584 1.9304869978 0.0000000000
9.1134162235 1.6000000000 3.7035391818 -1.4168258702 1.9275463618 0.0000000000
9.1134406675 1.6000000000 3.7034319264 -1.4232020999 1.9245668484 0.0000000000
9.1134654524 1.6000000000 3.7033105058 -1.4295768065 1.9215312832 0.0000000000
9.1134901477 1.6000000000 3.7031799948 -1.4359503108 1.9184598375 0.0000000000
9.1135150750 1.6000000000 3.7030876418 -1.4423280601 1.9155393259 0.0000000000
9.1135401027 1.6000000000 3.7029927843 -1.4487052462 1.9126090213 0.0000000000
9.1135652590 1.6000000000 3.7028941493 -1.4550821096 1.9096637359 0.0000000000
9.1135904946 1.6000000000 3.7027912840 -1.4614588186 1.9067015910 0.0000000000
9.1136157987 1.6000000000 3.7026824095 -1.4678348034 1.9037156993 0.0000000000
9.1136412161 1.6000000000 3.7025721990 -1.4742106502 1.9007245186 0.0000000000
9.1136667401 1.6000000000 3.7024539429 -1.4805855194 1.8977015466 0.0000000000
9.1136923225 1.6000000000 3.7023490203 -1.4869619889 1.8947312682 0.0000000000
9.1137180077 1.6000000000 3.7022546088 -1.4933393968 1.8918026592 0.0000000000
9.1137438103 1.6000000000 3.7021566244 -1.4997164734 1.8888598908 0.0000000000
9.1137698203 1.6000000000 3.7020569212 -1.5060933734 1.8859103181 0.0000000000
9.1137961277 1.6000000000 3.7019380400 -1.5124678792 1.8828849910 0.0000000000
9.1138229204 1.6000000000 3.7018087617 -1.5188413906 1.8798184734 0.0000000000
9.1138501616 1.6000000000 3.7016725837 -1.5252139964 1.8767247191 0.0000000000
9.1138780541 1.6000000000 3.7015445414 -1.5315877021 1.8736630674 0.0000000000
9.1139067447 1.6000000000 3.7014207541 -1.5379620150 1.8706181931 0.0000000000
9.1139368010 1.6000000000 3.7012811898 -1.5443340756 1.8675111118 0.0000000000
9.1139686777 1.6000000000 3.7011535424 -1.5507076373 1.8644510973 0.0000000000
9.1140018010 1.6000000000 3.7010163602 -1.5570799750 1.8613534335 0.0000000000
9.1140368153 1.6000000000 3.7008868709 -1.5634529843 1.8582862726 0.0000000000
9.1140748333 1.6000000000 3.7007553410 -1.5698257175 1.8552110597 0.0000000000
9.1141178679 1.6000000000 3.7006401931 -1.5762001854 1.8522006810 0.0000000000
9.1141815213 1.6000000000 3.7005400000 -1.5825750000 1.8492499827 0.0000000000
