# logAge Mass logTe Mbol logg C/O
4.1860800861 1.2500000000 3.6651200000 0.4992500000 2.4330900130 0.0000000000
4.1943653350 1.2500000000 3.6651186190 0.4991798932 2.4330564463 0.0000000000
4.2026505936 1.2500000000 3.6651172000 0.4991086399 2.4330222689 0.0000000000
4.2109358616 1.2500000000 3.6651157457 0.4990363317 2.4329875285 0.0000000000
4.2192211388 1.2500000000 3.6651142588 0.4989630602 2.4329522725 0.0000000000
4.2275064250 1.2500000000 3.6651127421 0.4988889171 2.4329165483 0.0000000000
4.2357917198 1.2500000000 3.6651111982 0.4988139940 2.4328804034 0.0000000000
4.2440770231 1.2500000000 3.6651096298 0.4987383825 2.4328438853 0.0000000000
4.2523623348 1.2500000000 3.6651080397 0.4986621743 2.4328070415 0.0000000000
4.2606476544 1.2500000000 3.6651064305 0.4985854610 2.4327699194 0.0000000000
4.2689329818 1.2500000000 3.6651048050 0.4985083342 2.4327325665 0.0000000000
4.2772183169 1.2500000000 3.6651031658 0.4984308856 2.4326950303 0.0000000000
4.2855036592 1.2500000000 3.6651015156 0.4983532069 2.4326573583 0.0000000000
4.2937890087 1.2500000000 3.6650998573 0.4982753895 2.4326195978 0.0000000000
4.3020743651 1.2500000000 3.6650981933 0.4981975253 2.4325817965 0.0000000000
4.3103597281 1.2500000000 3.6650965266 0.4981197057 2.4325440017 0.0000000000
4.3186450976 1.2500000000 3.6650948598 0.4980420225 2.4325062610 0.0000000000
4.3269304732 1.2500000000 3.6650931955 0.4979645673 2.4324686218 0.0000000000
4.3352158548 1.2500000000 3.6650915365 0.4978874317 2.4324311316 0.0000000000
4.3435012422 1.2500000000 3.6650898855 0.4978107074 2.4323938379 0.0000000000
4.3517866351 1.2500000000 3.6650882452 0.4977344859 2.4323567880 0.0000000000
4.3600720333 1.2500000000 3.6650866183 0.4976588590 2.4323200296 0.0000000000
4.3683574365 1.2500000000 3.6650850074 0.4975839182 2.4322836101 0.0000000000
4.3766428445 1.2500000000 3.6650834154 0.4975097552 2.4322475769 0.0000000000
4.3849282572 1.2500000000 3.6650818450 0.4974364617 2.4322119775 0.0000000000
4.3932136742 1.2500000000 3.6650802987 0.4973641292 2.4321768594 0.0000000000
4.4014990953 1.2500000000 3.6650787793 0.4972928494 2.4321422701 0.0000000000
4.4097845204 1.2500000000 3.6650772896 0.4972227139 2.4321082571 0.0000000000
4.4180699491 1.2500000000 3.6650758322 0.4971538144 2.4320748677 0.0000000000
4.4263553813 1.2500000000 3.6650744099 0.4970862425 2.4320421495 0.0000000000
4.4346408167 1.2500000000 3.6650730253 0.4970200899 2.4320101500 0.0000000000
4.4429262551 1.2500000000 3.6650716811 0.4969554481 2.4319789166 0.0000000000
4.4512116962 1.2500000000 3.6650703801 0.4968924088 2.4319484969 0.0000000000
4.4594971399 1.2500000000 3.6650691249 0.4968310637 2.4319189381 0.0000000000
4.4677825859 1.2500000000 3.6650679183 0.4967715044 2.4318902880 0.0000000000
4.4760680340 1.2500000000 3.6650667630 0.4967138224 2.4318625938 0.0000000000
4.4843534839 1.2500000000 3.6650656616 0.4966581095 2.4318359032 0.0000000000
4.4926389355 1.2500000000 3.6650646169 0.4966044573 2.4318102635 0.0000000000
4.5009243884 1.2500000000 3.6650636316 0.4965529574 2.4317857223 0.0000000000
4.5092098425 1.2500000000 3.6650627083 0.4965037015 2.4317623269 0.0000000000
4.5174952975 1.2500000000 3.6650618499 0.4964567811 2.4317401249 0.0000000000
4.5257807532 1.2500000000 3.6650610589 0.4964122879 2.4317191638 0.0000000000
4.5340662094 1.2500000000 3.6650603381 0.4963703137 2.4316994911 0.0000000000
4.5423516658 1.2500000000 3.6650596903 0.4963309499 2.4316811541 0.0000000000
4.5506371222 1.2500000000 3.6650591180 0.4962942882 2.4316642004 0.0000000000
4.5589225785 1.2500000000 3.6650586241 0.4962604203 2.4316486774 0.0000000000
4.5672080342 1.2500000000 3.6650582111 0.4962294378 2.4316346327 0.0000000000
4.5754934893 1.2500000000 3.6650578819 0.4962014323 2.4316221136 0.0000000000
4.5837789435 1.2500000000 3.6650576391 0.4961764955 2.4316111677 0.0000000000
4.5920643966 1.2500000000 3.6650574855 0.4961547190 2.4316018424 0.0000000000
4.6003498483 1.2500000000 3.6650574236 0.4961361944 2.4315941853 0.0000000000
4.6086352984 1.2500000000 3.6650574563 0.4961210134 2.4315882437 0.0000000000
4.6169207467 1.2500000000 3.6650575863 0.4961092676 2.4315840652 0.0000000000
4.6252061930 1.2500000000 3.6650578162 0.4961010486 2.4315816971 0.0000000000
4.6334916369 1.2500000000 3.6650581487 0.4960964481 2.4315811871 0.0000000000
4.6417770784 1.2500000000 3.6650585866 0.4960955577 2.4315825826 0.0000000000
4.6500625171 1.2500000000 3.6650591326 0.4960984691 2.4315859310 0.0000000000
4.6583479529 1.2500000000 3.6650597893 0.4961052738 2.4315912798 0.0000000000
4.6666333854 1.2500000000 3.6650605595 0.4961160636 2.4315986765 0.0000000000
4.6749188146 1.2500000000 3.6650614459 0.4961309300 2.4316081686 0.0000000000
4.6832042400 1.2500000000 3.6650624511 0.4961499647 2.4316198034 0.0000000000
4.6914896616 1.2500000000 3.6650635780 0.4961732593 2.4316336286 0.0000000000
4.6997750791 1.2500000000 3.6650648291 0.4962009054 2.4316496916 0.0000000000
4.7080604923 1.2500000000 3.6650662072 0.4962329948 2.4316680398 0.0000000000
4.7163459008 1.2500000000 3.6650677150 0.4962696189 2.4316887207 0.0000000000
4.7246313046 1.2500000000 3.6650693553 0.4963108696 2.4317117819 0.0000000000
4.7329167034 1.2500000000 3.6650711306 0.4963568383 2.4317372707 0.0000000000
4.7412020969 1.2500000000 3.6650730437 0.4964076167 2.4317652346 0.0000000000
4.7494874849 1.2500000000 3.6650750974 0.4964632966 2.4317957211 0.0000000000
4.7577728672 1.2500000000 3.6650772942 0.4965239694 2.4318287778 0.0000000000
4.7660582435 1.2500000000 3.6650796370 0.4965897268 2.4318644519 0.0000000000
4.7743436137 1.2500000000 3.6650821277 0.4966606319 2.4319027767 0.0000000000
4.7826289777 1.2500000000 3.6650847635 0.4967365676 2.4319436939 0.0000000000
4.7909143357 1.2500000000 3.6650875396 0.4968173466 2.4319871102 0.0000000000
4.7991996877 1.2500000000 3.6650904516 0.4969027817 2.4320329320 0.0000000000
4.8074850337 1.2500000000 3.6650934946 0.4969926856 2.4320810657 0.0000000000
4.8157703739 1.2500000000 3.6650966641 0.4970868710 2.4321314178 0.0000000000
4.8240557083 1.2500000000 3.6650999554 0.4971851507 2.4321838949 0.0000000000
4.8323410370 1.2500000000 3.6651033638 0.4972873373 2.4322384032 0.0000000000
4.8406263600 1.2500000000 3.6651068847 0.4973932436 2.4322948494 0.0000000000
4.8489116774 1.2500000000 3.6651105135 0.4975026822 2.4323531399 0.0000000000
4.8571969894 1.2500000000 3.6651142454 0.4976154658 2.4324131810 0.0000000000
4.8654822959 1.2500000000 3.6651180759 0.4977314073 2.4324748794 0.0000000000
4.8737675971 1.2500000000 3.6651220002 0.4978503192 2.4325381414 0.0000000000
4.8820528930 1.2500000000 3.6651260137 0.4979720143 2.4326028736 0.0000000000
4.8903381836 1.2500000000 3.6651301118 0.4980963054 2.4326689823 0.0000000000
4.8986234691 1.2500000000 3.6651342898 0.4982230050 2.4327363741 0.0000000000
4.9069087496 1.2500000000 3.6651385430 0.4983519260 2.4328049553 0.0000000000
4.9151940250 1.2500000000 3.6651428668 0.4984828810 2.4328746326 0.0000000000
4.9234792955 1.2500000000 3.6651472565 0.4986156827 2.4329453123 0.0000000000
4.9317645612 1.2500000000 3.6651517076 0.4987501439 2.4330169008 0.0000000000
4.9400498221 1.2500000000 3.6651562152 0.4988860773 2.4330893047 0.0000000000
4.9483350782 1.2500000000 3.6651607748 0.4990232956 2.4331624304 0.0000000000
4.9566203299 1.2500000000 3.6651653797 0.4991616070 2.4332361746 0.0000000000
4.9649055777 1.2500000000 3.6651700184 0.4993008096 2.4333104105 0.0000000000
4.9731908222 1.2500000000 3.6651746787 0.4994406995 2.4333850074 0.0000000000
4.9814760642 1.2500000000 3.6651793482 0.4995810731 2.4334598352 0.0000000000
4.9897613042 1.2500000000 3.6651840149 0.4997217266 2.4335347632 0.0000000000
4.9980465430 1.2500000000 3.6651886664 0.4998624564 2.4336096612 0.0000000000
5.0063317812 1.2500000000 3.6651932905 0.5000030587 2.4336843986 0.0000000000
5.0146170194 1.2500000000 3.6651978750 0.5001433297 2.4337588450 0.0000000000
5.0229022584 1.2500000000 3.6652024077 0.5002830658 2.4338328700 0.0000000000
5.0311874986 1.2500000000 3.6652068762 0.5004220633 2.4339063432 0.0000000000
5.0394727409 1.2500000000 3.6652112684 0.5005601184 2.4339791342 0.0000000000
5.0477579859 1.2500000000 3.6652155721 0.5006970275 2.4340511124 0.0000000000
5.0560432342 1.2500000000 3.6652197750 0.5008325867 2.4341221475 0.0000000000
5.0643284864 1.2500000000 3.6652238648 0.5009665925 2.4341921091 0.0000000000
5.0726137433 1.2500000000 3.6652278293 0.5010988410 2.4342608667 0.0000000000
5.0808990055 1.2500000000 3.6652316564 0.5012291285 2.4343282898 0.0000000000
5.0891842736 1.2500000000 3.6652353336 0.5013572514 2.4343942482 0.0000000000
5.0974695484 1.2500000000 3.6652388490 0.5014830060 2.4344586112 0.0000000000
5.1057548303 1.2500000000 3.6652421912 0.5016061943 2.4345212555 0.0000000000
5.1140401197 1.2500000000 3.6652453628 0.5017266893 2.4345821397 0.0000000000
5.1223254162 1.2500000000 3.6652483749 0.5018444096 2.4346412763 0.0000000000
5.1306107200 1.2500000000 3.6652512389 0.5019592750 2.4346986787 0.0000000000
5.1388960307 1.2500000000 3.6652539663 0.5020712049 2.4347543601 0.0000000000
5.1471813482 1.2500000000 3.6652565684 0.5021801190 2.4348083341 0.0000000000
5.1554666725 1.2500000000 3.6652590565 0.5022859370 2.4348606139 0.0000000000
5.1637520034 1.2500000000 3.6652614421 0.5023885784 2.4349112130 0.0000000000
5.1720373407 1.2500000000 3.6652637366 0.5024879628 2.4349601446 0.0000000000
5.1803226844 1.2500000000 3.6652659513 0.5025840099 2.4350074223 0.0000000000
5.1886080343 1.2500000000 3.6652680977 0.5026766393 2.4350530594 0.0000000000
5.1968933902 1.2500000000 3.6652701870 0.5027657705 2.4350970692 0.0000000000
5.2051787521 1.2500000000 3.6652722307 0.5028513232 2.4351394651 0.0000000000
5.2134641197 1.2500000000 3.6652742402 0.5029332171 2.4351802605 0.0000000000
5.2217494930 1.2500000000 3.6652762268 0.5030113716 2.4352194688 0.0000000000
5.2300348719 1.2500000000 3.6652782019 0.5030857064 2.4352571034 0.0000000000
5.2383202561 1.2500000000 3.6652801770 0.5031561412 2.4352931775 0.0000000000
5.2466056456 1.2500000000 3.6652821568 0.5032226172 2.4353276870 0.0000000000
5.2548910400 1.2500000000 3.6652841259 0.5032851424 2.4353605735 0.0000000000
5.2631764391 1.2500000000 3.6652860652 0.5033437371 2.4353917685 0.0000000000
5.2714618424 1.2500000000 3.6652879554 0.5033984221 2.4354212033 0.0000000000
5.2797472499 1.2500000000 3.6652897773 0.5034492177 2.4354488094 0.0000000000
5.2880326610 1.2500000000 3.6652915118 0.5034961446 2.4354745180 0.0000000000
5.2963180755 1.2500000000 3.6652931396 0.5035392232 2.4354982607 0.0000000000
5.3046034932 1.2500000000 3.6652946415 0.5035784741 2.4355199687 0.0000000000
5.3128889136 1.2500000000 3.6652959983 0.5036139179 2.4355395735 0.0000000000
5.3211743366 1.2500000000 3.6652971909 0.5036455750 2.4355570065 0.0000000000
5.3294597617 1.2500000000 3.6652981999 0.5036734661 2.4355721990 0.0000000000
5.3377451887 1.2500000000 3.6652990062 0.5036976115 2.4355850825 0.0000000000
5.3460306173 1.2500000000 3.6652995906 0.5037180319 2.4355955883 0.0000000000
5.3543160472 1.2500000000 3.6652999339 0.5037347479 2.4356036479 0.0000000000
5.3626014780 1.2500000000 3.6653000169 0.5037477798 2.4356091926 0.0000000000
5.3708869095 1.2500000000 3.6652998238 0.5037571473 2.4356121672 0.0000000000
5.3791723414 1.2500000000 3.6652993649 0.5037628624 2.4356126175 0.0000000000
5.3874577735 1.2500000000 3.6652986622 0.5037649336 2.4356106352 0.0000000000
5.3957432055 1.2500000000 3.6652977378 0.5037633696 2.4356063121 0.0000000000
5.4040286372 1.2500000000 3.6652966139 0.5037581788 2.4355997402 0.0000000000
5.4123140683 1.2500000000 3.6652953126 0.5037493699 2.4355910114 0.0000000000
5.4205994986 1.2500000000 3.6652938560 0.5037369514 2.4355802175 0.0000000000
5.4288849280 1.2500000000 3.6652922662 0.5037209319 2.4355674505 0.0000000000
5.4371703560 1.2500000000 3.6652905653 0.5037013200 2.4355528022 0.0000000000
5.4454557825 1.2500000000 3.6652887755 0.5036781241 2.4355363645 0.0000000000
5.4537412073 1.2500000000 3.6652869188 0.5036513530 2.4355182294 0.0000000000
5.4620266300 1.2500000000 3.6652850174 0.5036210151 2.4354984887 0.0000000000
5.4703120506 1.2500000000 3.6652830934 0.5035871190 2.4354772343 0.0000000000
5.4785974687 1.2500000000 3.6652811689 0.5035496733 2.4354545581 0.0000000000
5.4868828840 1.2500000000 3.6652792657 0.5035086866 2.4354305506 0.0000000000
5.4951682964 1.2500000000 3.6652773898 0.5034641686 2.4354052397 0.0000000000
5.5034537057 1.2500000000 3.6652755262 0.5034161305 2.4353785700 0.0000000000
5.5117391115 1.2500000000 3.6652736584 0.5033645836 2.4353504798 0.0000000000
5.5200245138 1.2500000000 3.6652717698 0.5033095392 2.4353209079 0.0000000000
5.5283099122 1.2500000000 3.6652698441 0.5032510086 2.4352897927 0.0000000000
5.5365953065 1.2500000000 3.6652678646 0.5031890031 2.4352570728 0.0000000000
5.5448806965 1.2500000000 3.6652658150 0.5031235341 2.4352226868 0.0000000000
5.5531660820 1.2500000000 3.6652636787 0.5030546129 2.4351865731 0.0000000000
5.5614514628 1.2500000000 3.6652614393 0.5029822507 2.4351486703 0.0000000000
5.5697368386 1.2500000000 3.6652590801 0.5029064588 2.4351089171 0.0000000000
5.5780222091 1.2500000000 3.6652565848 0.5028272487 2.4350672519 0.0000000000
5.5863075743 1.2500000000 3.6652539369 0.5027446315 2.4350236132 0.0000000000
5.5945929338 1.2500000000 3.6652511198 0.5026586187 2.4349779397 0.0000000000
5.6028782875 1.2500000000 3.6652481184 0.5025692217 2.4349301753 0.0000000000
5.6111636351 1.2500000000 3.6652449358 0.5024764561 2.4348803385 0.0000000000
5.6194489765 1.2500000000 3.6652415884 0.5023803400 2.4348285026 0.0000000000
5.6277343115 1.2500000000 3.6652380931 0.5022808918 2.4347747422 0.0000000000
5.6360196400 1.2500000000 3.6652344667 0.5021781298 2.4347191316 0.0000000000
5.6443049618 1.2500000000 3.6652307259 0.5020720723 2.4346617453 0.0000000000
5.6525902768 1.2500000000 3.6652268875 0.5019627376 2.4346026579 0.0000000000
5.6608755848 1.2500000000 3.6652229683 0.5018501440 2.4345419438 0.0000000000
5.6691608856 1.2500000000 3.6652189851 0.5017343099 2.4344796775 0.0000000000
5.6774461791 1.2500000000 3.6652149547 0.5016152535 2.4344159334 0.0000000000
5.6857314652 1.2500000000 3.6652108939 0.5014929931 2.4343507860 0.0000000000
5.6940167436 1.2500000000 3.6652068195 0.5013675472 2.4342843099 0.0000000000
5.7023020143 1.2500000000 3.6652027482 0.5012389339 2.4342165795 0.0000000000
5.7105872771 1.2500000000 3.6651986966 0.5011071715 2.4341476681 0.0000000000
5.7188725317 1.2500000000 3.6651946649 0.5009722719 2.4340775813 0.0000000000
5.7271577780 1.2500000000 3.6651906269 0.5008342368 2.4340062155 0.0000000000
5.7354430158 1.2500000000 3.6651865545 0.5006930672 2.4339334578 0.0000000000
5.7437282449 1.2500000000 3.6651824191 0.5005487640 2.4338591950 0.0000000000
5.7520134651 1.2500000000 3.6651781925 0.5004013279 2.4337833141 0.0000000000
5.7602986762 1.2500000000 3.6651738463 0.5002507599 2.4337057020 0.0000000000
5.7685838780 1.2500000000 3.6651693521 0.5000970609 2.4336262456 0.0000000000
5.7768690703 1.2500000000 3.6651646816 0.4999402317 2.4335448319 0.0000000000
5.7851542529 1.2500000000 3.6651598064 0.4997802733 2.4334613478 0.0000000000
5.7934394255 1.2500000000 3.6651546982 0.4996171865 2.4333756802 0.0000000000
5.8017245881 1.2500000000 3.6651493285 0.4994509721 2.4332877160 0.0000000000
5.8100097403 1.2500000000 3.6651436692 0.4992816312 2.4331973422 0.0000000000
5.8182948820 1.2500000000 3.6651376923 0.4991091642 2.4331044481 0.0000000000
5.8265800130 1.2500000000 3.6651313972 0.4989335615 2.4330090266 0.0000000000
5.8348651330 1.2500000000 3.6651248202 0.4987547986 2.4329112131 0.0000000000
5.8431502417 1.2500000000 3.6651180000 0.4985728504 2.4328111532 0.0000000000
5.8514353388 1.2500000000 3.6651109757 0.4983876915 2.4327089926 0.0000000000
5.8597204242 1.2500000000 3.6651037862 0.4981992966 2.4326048766 0.0000000000
5.8680054975 1.2500000000 3.6650964705 0.4980076406 2.4324989511 0.0000000000
5.8762905584 1.2500000000 3.6650890673 0.4978126980 2.4323913615 0.0000000000
5.8845756067 1.2500000000 3.6650816157 0.4976144436 2.4322822534 0.0000000000
5.8928606422 1.2500000000 3.6650741547 0.4974128521 2.4321717725 0.0000000000
5.9011456645 1.2500000000 3.6650667230 0.4972078982 2.4320600643 0.0000000000
5.9094306734 1.2500000000 3.6650593597 0.4969995566 2.4319472744 0.0000000000
5.9177156687 1.2500000000 3.6650521037 0.4967878021 2.4318335485 0.0000000000
5.9260006500 1.2500000000 3.6650449891 0.4965726092 2.4317190132 0.0000000000
5.9342856170 1.2500000000 3.6650380030 0.4963539515 2.4316036058 0.0000000000
5.9425705692 1.2500000000 3.6650311049 0.4961318015 2.4314871532 0.0000000000
5.9508555063 1.2500000000 3.6650242538 0.4959061323 2.4313694811 0.0000000000
5.9591404278 1.2500000000 3.6650174090 0.4956769164 2.4312504154 0.0000000000
5.9674253332 1.2500000000 3.6650105295 0.4954441267 2.4311297818 0.0000000000
5.9757102223 1.2500000000 3.6650035746 0.4952077360 2.4310074059 0.0000000000
5.9839950944 1.2500000000 3.6649965034 0.4949677170 2.4308831135 0.0000000000
5.9922799493 1.2500000000 3.6649892751 0.4947240426 2.4307567304 0.0000000000
6.0005647865 1.2500000000 3.6649818488 0.4944766854 2.4306280823 0.0000000000
6.0088496055 1.2500000000 3.6649741837 0.4942256183 2.4304969949 0.0000000000
6.0171344060 1.2500000000 3.6649662388 0.4939708140 2.4303632940 0.0000000000
6.0254191875 1.2500000000 3.6649579737 0.4937122454 2.4302268059 0.0000000000
6.0337039496 1.2500000000 3.6649493695 0.4934498987 2.4300874505 0.0000000000
6.0419886923 1.2500000000 3.6649404513 0.4931837866 2.4299453330 0.0000000000
6.0502734153 1.2500000000 3.6649312494 0.4929139251 2.4298005807 0.0000000000
6.0585581185 1.2500000000 3.6649217940 0.4926403299 2.4296533208 0.0000000000
6.0668428017 1.2500000000 3.6649121152 0.4923630169 2.4295036805 0.0000000000
6.0751274648 1.2500000000 3.6649022433 0.4920820020 2.4293517871 0.0000000000
6.0834121076 1.2500000000 3.6648922086 0.4917973011 2.4291977678 0.0000000000
6.0916967301 1.2500000000 3.6648820412 0.4915089299 2.4290417499 0.0000000000
6.0999813319 1.2500000000 3.6648717714 0.4912169044 2.4288838605 0.0000000000
6.1082659130 1.2500000000 3.6648614294 0.4909212404 2.4287242270 0.0000000000
6.1165504732 1.2500000000 3.6648510455 0.4906219538 2.4285629765 0.0000000000
6.1248350124 1.2500000000 3.6648406498 0.4903190604 2.4284002363 0.0000000000
6.1331195304 1.2500000000 3.6648302661 0.4900125760 2.4282361079 0.0000000000
6.1414040271 1.2500000000 3.6648198873 0.4897025156 2.4280705686 0.0000000000
6.1496885022 1.2500000000 3.6648094969 0.4893888941 2.4279035581 0.0000000000
6.1579729556 1.2500000000 3.6647990782 0.4890717262 2.4277350163 0.0000000000
6.1662573872 1.2500000000 3.6647886148 0.4887510268 2.4275648829 0.0000000000
6.1745417968 1.2500000000 3.6647780901 0.4884268108 2.4273930977 0.0000000000
6.1828261842 1.2500000000 3.6647674876 0.4880990930 2.4272196006 0.0000000000
6.1911105493 1.2500000000 3.6647567908 0.4877678883 2.4270443314 0.0000000000
6.1993948918 1.2500000000 3.6647459831 0.4874332114 2.4268672298 0.0000000000
6.2076792118 1.2500000000 3.6647350479 0.4870950772 2.4266882357 0.0000000000
6.2159635089 1.2500000000 3.6647239689 0.4867535006 2.4265072888 0.0000000000
6.2242477830 1.2500000000 3.6647127293 0.4864084965 2.4263243289 0.0000000000
6.2325320339 1.2500000000 3.6647013159 0.4860600797 2.4261393087 0.0000000000
6.2408162617 1.2500000000 3.6646897422 0.4857082663 2.4259522883 0.0000000000
6.2491004661 1.2500000000 3.6646780349 0.4853530730 2.4257633820 0.0000000000
6.2573846471 1.2500000000 3.6646662212 0.4849945165 2.4255727046 0.0000000000
6.2656688047 1.2500000000 3.6646543281 0.4846326134 2.4253803706 0.0000000000
6.2739529387 1.2500000000 3.6646423824 0.4842673804 2.4251864949 0.0000000000
6.2822370492 1.2500000000 3.6646304113 0.4838988340 2.4249911919 0.0000000000
6.2905211360 1.2500000000 3.6646184418 0.4835269910 2.4247945765 0.0000000000
6.2988051990 1.2500000000 3.6646065008 0.4831518680 2.4245967634 0.0000000000
6.3070892383 1.2500000000 3.6645946154 0.4827734816 2.4243978671 0.0000000000
6.3153732537 1.2500000000 3.6645828099 0.4823918553 2.4241979949 0.0000000000
6.3236572461 1.2500000000 3.6645710725 0.4820071112 2.4239971474 0.0000000000
6.3319412166 1.2500000000 3.6645593635 0.4816194454 2.4237952450 0.0000000000
6.3402251668 1.2500000000 3.6645476428 0.4812290556 2.4235922063 0.0000000000
6.3485090978 1.2500000000 3.6645358702 0.4808361397 2.4233879497 0.0000000000
6.3567930110 1.2500000000 3.6645240057 0.4804408954 2.4231823938 0.0000000000
6.3650769077 1.2500000000 3.6645120090 0.4800435205 2.4229754571 0.0000000000
6.3733607893 1.2500000000 3.6644998400 0.4796442128 2.4227670580 0.0000000000
6.3816446571 1.2500000000 3.6644874587 0.4792431703 2.4225571160 0.0000000000
6.3899285127 1.2500000000 3.6644748653 0.4788406092 2.4223457181 0.0000000000
6.3982123581 1.2500000000 3.6644621484 0.4784367861 2.4221333212 0.0000000000
6.4064961956 1.2500000000 3.6644494084 0.4780319632 2.4219204320 0.0000000000
6.4147800275 1.2500000000 3.6644367458 0.4776264024 2.4217075570 0.0000000000
6.4230638558 1.2500000000 3.6644242609 0.4772203660 2.4214952029 0.0000000000
6.4313476829 1.2500000000 3.6644120542 0.4768141160 2.4212838761 0.0000000000
6.4396315109 1.2500000000 3.6644002261 0.4764079145 2.4210740832 0.0000000000
6.4479153413 1.2500000000 3.6643888381 0.4760019418 2.4208661422 0.0000000000
6.4561991727 1.2500000000 3.6643777865 0.4755960316 2.4206595716 0.0000000000
6.4644830029 1.2500000000 3.6643669236 0.4751899255 2.4204536778 0.0000000000
6.4727668295 1.2500000000 3.6643561020 0.4747833653 2.4202477671 0.0000000000
6.4810506504 1.2500000000 3.6643451740 0.4743760926 2.4200411462 0.0000000000
6.4893344634 1.2500000000 3.6643339921 0.4739678492 2.4198331213 0.0000000000
6.4976182666 1.2500000000 3.6643224221 0.4735584294 2.4196230730 0.0000000000
6.5059020635 1.2500000000 3.6643104930 0.4731482749 2.4194112948 0.0000000000
6.5141858612 1.2500000000 3.6642983440 0.4727382636 2.4191986943 0.0000000000
6.5224696668 1.2500000000 3.6642861164 0.4723292812 2.4189861910 0.0000000000
6.5307534876 1.2500000000 3.6642739514 0.4719222137 2.4187747040 0.0000000000
6.5390373305 1.2500000000 3.6642619902 0.4715179469 2.4185651526 0.0000000000
6.5473212021 1.2500000000 3.6642503617 0.4711172907 2.4183583760 0.0000000000
6.5556051046 1.2500000000 3.6642391112 0.4707205470 2.4181546768 0.0000000000
6.5638890383 1.2500000000 3.6642282502 0.4703278090 2.4179541374 0.0000000000
6.5721730035 1.2500000000 3.6642177897 0.4699391693 2.4177568397 0.0000000000
6.5804570006 1.2500000000 3.6642077410 0.4695547204 2.4175628653 0.0000000000
6.5887410300 1.2500000000 3.6641981152 0.4691745557 2.4173722961 0.0000000000
6.5970250930 1.2500000000 3.6641889102 0.4687989249 2.4171852238 0.0000000000
6.6053091933 1.2500000000 3.6641800947 0.4684284272 2.4170017626 0.0000000000
6.6135933348 1.2500000000 3.6641716332 0.4680637094 2.4168220296 0.0000000000
6.6218775214 1.2500000000 3.6641634904 0.4677054181 2.4166461418 0.0000000000
6.6301617569 1.2500000000 3.6641556342 0.4673541854 2.4164742241 0.0000000000
6.6384460429 1.2500000000 3.6641480921 0.4670103837 2.4163065349 0.0000000000
6.6467303790 1.2500000000 3.6641409422 0.4666741640 2.4161434473 0.0000000000
6.6550147650 1.2500000000 3.6641342642 0.4663456699 2.4159853379 0.0000000000
6.6632992003 1.2500000000 3.6641281371 0.4660250514 2.4158325821 0.0000000000
6.6715836874 1.2500000000 3.6641225722 0.4657128829 2.4156854549 0.0000000000
6.6798682327 1.2500000000 3.6641174707 0.4654104312 2.4155440682 0.0000000000
6.6881528430 1.2500000000 3.6641127238 0.4651190268 2.4154085190 0.0000000000
6.6964375253 1.2500000000 3.6641082249 0.4648399859 2.4152789068 0.0000000000
6.7047222815 1.2500000000 3.6641039486 0.4645740646 2.4151554334 0.0000000000
6.7130071076 1.2500000000 3.6640999760 0.4643212913 2.4150384336 0.0000000000
6.7212919992 1.2500000000 3.6640963950 0.4640816456 2.4149282514 0.0000000000
6.7295769520 1.2500000000 3.6640932936 0.4638551072 2.4148252304 0.0000000000
6.7378619614 1.2500000000 3.6640907598 0.4636416558 2.4147297145 0.0000000000
6.7461470231 1.2500000000 3.6640888815 0.4634412711 2.4146420473 0.0000000000
6.7544321326 1.2500000000 3.6640877466 0.4632539327 2.4145625727 0.0000000000
6.7627172856 1.2500000000 3.6640874433 0.4630796205 2.4144916344 0.0000000000
6.7710024776 1.2500000000 3.6640880594 0.4629183140 2.4144295763 0.0000000000
6.7792877041 1.2500000000 3.6640896830 0.4627699929 2.4143767420 0.0000000000
6.7875729614 1.2500000000 3.6640923348 0.4626347236 2.4143332415 0.0000000000
6.7958582488 1.2500000000 3.6640956226 0.4625131048 2.4142977452 0.0000000000
6.8041435669 1.2500000000 3.6640989971 0.4624059381 2.4142683768 0.0000000000
6.8124289161 1.2500000000 3.6641019923 0.4623140690 2.4142436099 0.0000000000
6.8207142929 1.2500000000 3.6641050603 0.4622388257 2.4142257847 0.0000000000
6.8289996918 1.2500000000 3.6641092223 0.4621818356 2.4142196364 0.0000000000
6.8372851071 1.2500000000 3.6641152783 0.4621444174 2.4142288931 0.0000000000
6.8455705324 1.2500000000 3.6641225843 0.4621259210 2.4142507186 0.0000000000
6.8538559614 1.2500000000 3.6641299360 0.4621249323 2.4142797299 0.0000000000
6.8621413879 1.2500000000 3.6641365855 0.4621400443 2.4143123728 0.0000000000
6.8704268071 1.2500000000 3.6641436674 0.4621698863 2.4143526372 0.0000000000
6.8787122143 1.2500000000 3.6641527900 0.4622131041 2.4144064145 0.0000000000
6.8869976058 1.2500000000 3.6641645904 0.4622690522 2.4144759953 0.0000000000
6.8952829796 1.2500000000 3.6641779403 0.4623383724 2.4145571230 0.0000000000
6.9035683327 1.2500000000 3.6641915725 0.4624220661 2.4146451294 0.0000000000
6.9118536559 1.2500000000 3.6642045240 0.4625225424 2.4147371259 0.0000000000
6.9201389381 1.2500000000 3.6642160650 0.4626424524 2.4148312539 0.0000000000
6.9284241812 1.2500000000 3.6642276558 0.4627786187 2.4149320836 0.0000000000
6.9367093988 1.2500000000 3.6642427139 0.4629226491 2.4150499282 0.0000000000
6.9449945950 1.2500000000 3.6642622030 0.4630709608 2.4151872094 0.0000000000
6.9532797506 1.2500000000 3.6642807108 0.4632325924 2.4153258931 0.0000000000
6.9615648464 1.2500000000 3.6642942745 0.4634154351 2.4154532852 0.0000000000
6.9698498777 1.2500000000 3.6643074854 0.4636164813 2.4155865473 0.0000000000
6.9781348461 1.2500000000 3.6643257563 0.4638303345 2.4157451720 0.0000000000
6.9864197746 1.2500000000 3.6643476600 0.4640515739 2.4159212824 0.0000000000
6.9947046886 1.2500000000 3.6643695450 0.4642760422 2.4160986099 0.0000000000
7.0029895792 1.2500000000 3.6643905776 0.4645065746 2.4162749534 0.0000000000
7.0112744180 1.2500000000 3.6644109370 0.4647492907 2.4164534773 0.0000000000
7.0195591480 1.2500000000 3.6644309811 0.4650136116 2.4166393821 0.0000000000
7.0278437474 1.2500000000 3.6644513434 0.4653022463 2.4168362851 0.0000000000
7.0361283377 1.2500000000 3.6644734647 0.4655921335 2.4170407253 0.0000000000
7.0444129811 1.2500000000 3.6644975670 0.4658713915 2.4172488377 0.0000000000
7.0526975138 1.2500000000 3.6645204291 0.4661701251 2.4174597794 0.0000000000
7.0609819082 1.2500000000 3.6645422716 0.4664932532 2.4176764006 0.0000000000
7.0692663100 1.2500000000 3.6645670672 0.4668137711 2.4179037904 0.0000000000
7.0775507158 1.2500000000 3.6645924255 0.4671331214 2.4181329634 0.0000000000
7.0858350363 1.2500000000 3.6646151244 0.4674674218 2.4183574794 0.0000000000
7.0941192260 1.2500000000 3.6646416293 0.4678195635 2.4186043557 0.0000000000
7.1024032825 1.2500000000 3.6646729868 0.4681885417 2.4188773770 0.0000000000
7.1106872511 1.2500000000 3.6647020038 0.4685707064 2.4191463106 0.0000000000
7.1189712048 1.2500000000 3.6647294835 0.4689556383 2.4194102022 0.0000000000
7.1272552081 1.2500000000 3.6647586200 0.4693330299 2.4196777049 0.0000000000
7.1355392626 1.2500000000 3.6647889091 0.4697027558 2.4199467519 0.0000000000
7.1438232207 1.2500000000 3.6648158176 0.4700874583 2.4202082668 0.0000000000
7.1521069418 1.2500000000 3.6648438783 0.4705022126 2.4204864112 0.0000000000
7.1603904415 1.2500000000 3.6648792053 0.4709405104 2.4208030385 0.0000000000
7.1686740310 1.2500000000 3.6649122454 0.4713690710 2.4211066230 0.0000000000
7.1769576823 1.2500000000 3.6649458281 0.4717901235 2.4214093747 0.0000000000
7.1852411755 1.2500000000 3.6649822052 0.4722285315 2.4217302465 0.0000000000
7.1935244337 1.2500000000 3.6650160010 0.4726951533 2.4220520783 0.0000000000
7.2018076083 1.2500000000 3.6650511787 0.4731705213 2.4223829363 0.0000000000
7.2100904980 1.2500000000 3.6650824795 0.4736770700 2.4227107591 0.0000000000
7.2183731326 1.2500000000 3.6651153622 0.4742091498 2.4230551216 0.0000000000
7.2266559433 1.2500000000 3.6651530280 0.4747209412 2.4234105015 0.0000000000
7.2349389124 1.2500000000 3.6651904399 0.4752172839 2.4237586860 0.0000000000
7.2432219012 1.2500000000 3.6652297691 0.4757095306 2.4241129017 0.0000000000
7.2515053759 1.2500000000 3.6652671135 0.4761501882 2.4244385422 0.0000000000
7.2597884401 1.2500000000 3.6652991206 0.4766387421 2.4247619923 0.0000000000
7.2680709789 1.2500000000 3.6653463497 0.4771730776 2.4251646428 0.0000000000
7.2763534282 1.2500000000 3.6653810018 0.4777216803 2.4255226925 0.0000000000
7.2846360227 1.2500000000 3.6654199051 0.4782545273 2.4258914443 0.0000000000
7.2929184604 1.2500000000 3.6654636876 0.4788004534 2.4262849449 0.0000000000
7.3012013273 1.2500000000 3.6655083239 0.4793033232 2.4266646380 0.0000000000
7.3094836172 1.2500000000 3.6655444170 0.4798661458 2.4270341395 0.0000000000
7.3177657108 1.2500000000 3.6655894160 0.4804430966 2.4274449157 0.0000000000
7.3260477273 1.2500000000 3.6656353105 0.4810258727 2.4278616039 0.0000000000
7.3343306269 1.2500000000 3.6656737629 0.4815300964 2.4282171033 0.0000000000
7.3426126680 1.2500000000 3.6657240378 0.4821069257 2.4286489347 0.0000000000
7.3508937450 1.2500000000 3.6657737579 0.4827671371 2.4291118995 0.0000000000
7.3591752586 1.2500000000 3.6658176440 0.4833949528 2.4295385702 0.0000000000
7.3674576881 1.2500000000 3.6658665840 0.4839374877 2.4299513441 0.0000000000
7.3757391079 1.2500000000 3.6659098084 0.4845722155 2.4303781326 0.0000000000
7.3840198862 1.2500000000 3.6659650199 0.4852535170 2.4308714993 0.0000000000
7.3923020582 1.2500000000 3.6660129138 0.4858156122 2.4312879131 0.0000000000
7.4005844304 1.2500000000 3.6660573378 0.4863671734 2.4316862337 0.0000000000
7.4088651695 1.2500000000 3.6661100905 0.4870514118 2.4321709397 0.0000000000
7.4171459531 1.2500000000 3.6661585916 0.4877335545 2.4326378012 0.0000000000
7.4254281597 1.2500000000 3.6662080519 0.4882979842 2.4330614142 0.0000000000
7.4337084684 1.2500000000 3.6662605121 0.4890135280 2.4335574726 0.0000000000
7.4419889928 1.2500000000 3.6663136660 0.4897059869 2.4340470718 0.0000000000
7.4502701864 1.2500000000 3.6663757300 0.4903495727 2.4345527623 0.0000000000
7.4585497252 1.2500000000 3.6664300861 0.4911189024 2.4350779184 0.0000000000
7.4668296945 1.2500000000 3.6664852938 0.4918581783 2.4355944597 0.0000000000
7.4751116319 1.2500000000 3.6665372299 0.4924261897 2.4360294083 0.0000000000
7.4833930368 1.2500000000 3.6665933162 0.4930558341 2.4365056113 0.0000000000
7.4916756011 1.2500000000 3.6666411626 0.4935843265 2.4369083940 0.0000000000
7.4999587386 1.2500000000 3.6666942987 0.4940503084 2.4373073311 0.0000000000
7.5082424076 1.2500000000 3.6667396668 0.4944476630 2.4376477455 0.0000000000
7.5165237289 1.2500000000 3.6668034302 0.4950812495 2.4381562335 0.0000000000
7.5248060322 1.2500000000 3.6668557933 0.4956305037 2.4385853876 0.0000000000
7.5330886167 1.2500000000 3.6669139148 0.4961482969 2.4390249908 0.0000000000
7.5413706383 1.2500000000 3.6669706239 0.4967229032 2.4394816698 0.0000000000
7.5496520251 1.2500000000 3.6670272252 0.4973537615 2.4399604183 0.0000000000
7.5579339714 1.2500000000 3.6670835605 0.4979364945 2.4404188528 0.0000000000
7.5662167426 1.2500000000 3.6671389463 0.4984403029 2.4408419195 0.0000000000
7.5744982167 1.2500000000 3.6671986899 0.4990622901 2.4413296887 0.0000000000
7.5827801392 1.2500000000 3.6672606607 0.4996433508 2.4418099962 0.0000000000
7.5910627700 1.2500000000 3.6673089102 0.5001606373 2.4422099087 0.0000000000
7.5993441374 1.2500000000 3.6673779639 0.5007876835 2.4427369422 0.0000000000
7.6076279036 1.2500000000 3.6674295617 0.5011695261 2.4430960701 0.0000000000
7.6159120723 1.2500000000 3.6674772246 0.5015086260 2.4434223616 0.0000000000
7.6241961470 1.2500000000 3.6675310802 0.5018573620 2.4437772787 0.0000000000
7.6324790730 1.2500000000 3.6675893789 0.5023443705 2.4442052767 0.0000000000
7.6407619638 1.2500000000 3.6676468046 0.5028286773 2.4446287024 0.0000000000
7.6490456435 1.2500000000 3.6677048816 0.5032278311 2.4450206720 0.0000000000
7.6573294595 1.2500000000 3.6677595379 0.5036107973 2.4453924834 0.0000000000
7.6656130686 1.2500000000 3.6678185461 0.5040135735 2.4457896270 0.0000000000
7.6738970798 1.2500000000 3.6678784457 0.5043640047 2.4461693976 0.0000000000
7.6821809074 1.2500000000 3.6679300891 0.5047504211 2.4465305377 0.0000000000
7.6904657301 1.2500000000 3.6679811080 0.5049497605 2.4468143493 0.0000000000
7.6987502443 1.2500000000 3.6680427617 0.5051696059 2.4471489021 0.0000000000
7.7070346448 1.2500000000 3.6680899478 0.5054498600 2.4474497481 0.0000000000
7.7153198721 1.2500000000 3.6681364166 0.5055291560 2.4476673417 0.0000000000
7.7236049507 1.2500000000 3.6681891286 0.5056639511 2.4479321079 0.0000000000
7.7318901583 1.2500000000 3.6682345873 0.5056419096 2.4481051259 0.0000000000
7.7401753491 1.2500000000 3.6682737227 0.5056468069 2.4482636267 0.0000000000
7.7484604559 1.2500000000 3.6683130966 0.5054978825 2.4483615525 0.0000000000
7.7567455570 1.2500000000 3.6683549409 0.5053543686 2.4484715239 0.0000000000
7.7650302403 1.2500000000 3.6683873707 0.5050929477 2.4484966748 0.0000000000
7.7733144195 1.2500000000 3.6684212182 0.5047513960 2.4484954441 0.0000000000
7.7815975713 1.2500000000 3.6684472922 0.5042721185 2.4484080291 0.0000000000
7.7898797485 1.2500000000 3.6684665514 0.5036954835 2.4482544122 0.0000000000
7.7981587756 1.2500000000 3.6684798546 0.5028821349 2.4479822853 0.0000000000
7.8064384548 1.2500000000 3.6684942216 0.5021233121 2.4477362242 0.0000000000
7.8147136821 1.2500000000 3.6684986781 0.5010875324 2.4473397384 0.0000000000
7.8229882308 1.2500000000 3.6685095668 0.5000202682 2.4469563875 0.0000000000
7.8312551957 1.2500000000 3.6685013592 0.4986416814 2.4463721223 0.0000000000
7.8395215575 1.2500000000 3.6684882512 0.4972396543 2.4457588794 0.0000000000
7.8477756469 1.2500000000 3.6684599432 0.4954469257 2.4449285559 0.0000000000
7.8560298382 1.2500000000 3.6684378260 0.4936510402 2.4441217331 0.0000000000
7.8642725538 1.2500000000 3.6683920715 0.4915554366 2.4431004738 0.0000000000
7.8724984280 1.2500000000 3.6683438644 0.4890865018 2.4419200715 0.0000000000
7.8807142462 1.2500000000 3.6682844841 0.4864228548 2.4406170914 0.0000000000
7.8889124258 1.2500000000 3.6682090879 0.4834399017 2.4391223254 0.0000000000
7.8970754863 1.2500000000 3.6681156500 0.4799199244 2.4373405826 0.0000000000
7.9052210708 1.2500000000 3.6680131524 0.4761579151 2.4354257885 0.0000000000
7.9133173604 1.2500000000 3.6678783037 0.4717769618 2.4331340127 0.0000000000
7.9213530388 1.2500000000 3.6677277085 0.4668378826 2.4305559999 0.0000000000
7.9293511915 1.2500000000 3.6675621583 0.4614653998 2.4277448060 0.0000000000
7.9372914523 1.2500000000 3.6673771493 0.4555790492 2.4246502298 0.0000000000
7.9451786090 1.2500000000 3.6671779353 0.4492631183 2.4213270014 0.0000000000
7.9529397562 1.2500000000 3.6669384507 0.4420953785 2.4175019671 0.0000000000
7.9606206262 1.2500000000 3.6666924159 0.4344556669 2.4134619435 0.0000000000
7.9681656375 1.2500000000 3.6664099961 0.4259497739 2.4089299069 0.0000000000
7.9754995512 1.2500000000 3.6660889800 0.4163866017 2.4038205738 0.0000000000
7.9826261944 1.2500000000 3.6657322175 0.4059276006 2.3982099234 0.0000000000
7.9890188028 1.2500000000 3.6653087765 0.3937147919 2.3916310358 0.0000000000
7.9908385711 1.2500000000 3.6661476330 0.4148928052 2.4034576671 0.0000000000
7.9950630519 1.2500000000 3.6657202533 0.4041214691 2.3974396141 0.0000000000
7.9997983358 1.2500000000 3.6651161845 0.3871918811 2.3882515036 0.0000000000
8.0041195136 1.2500000000 3.6644802084 0.3695953777 2.3786689976 0.0000000000
8.0084655094 1.2500000000 3.6638540217 0.3520357087 2.3691403834 0.0000000000
8.0123673720 1.2500000000 3.6632107244 0.3338361088 2.3592873541 0.0000000000
8.0160139399 1.2500000000 3.6625535621 0.3153141600 2.3492499253 0.0000000000
8.0186983863 1.2500000000 3.6618640896 0.2957985986 2.3386858108 0.0000000000
8.0210543681 1.2500000000 3.6611634054 0.2760185714 2.3279710633 0.0000000000
8.0231301049 1.2500000000 3.6604664375 0.2560443746 2.3171935127 0.0000000000
8.0249478841 1.2500000000 3.6597560986 0.2359144798 2.3063001994 0.0000000000
8.0265080948 1.2500000000 3.6590466968 0.2156501268 2.2953568510 0.0000000000
8.0278760808 1.2500000000 3.6582690282 0.1953150602 2.2841121498 0.0000000000
8.0290592222 1.2500000000 3.6575034977 0.1749044349 2.2728857779 0.0000000000
8.0300923286 1.2500000000 3.6568019183 0.1544276642 2.2618887519 0.0000000000
8.0309882366 1.2500000000 3.6560895116 0.1339129575 2.2508332423 0.0000000000
8.0317718852 1.2500000000 3.6553790295 0.1133690094 2.2397737347 0.0000000000
8.0324619421 1.2500000000 3.6546667236 0.0928045312 2.2286987199 0.0000000000
8.0330659966 1.2500000000 3.6539617454 0.0722214364 2.2176455690 0.0000000000
8.0335987317 1.2500000000 3.6532506563 0.0516273466 2.2065635767 0.0000000000
8.0340613354 1.2500000000 3.6525399624 0.0310225861 2.1954788971 0.0000000000
8.0344686696 1.2500000000 3.6518312633 0.0104100875 2.1843991010 0.0000000000
8.0348294594 1.2500000000 3.6511297195 -0.0102093551 2.1733451491 0.0000000000
8.0351438556 1.2500000000 3.6504211819 -0.0308320657 2.1622619144 0.0000000000
8.0354189814 1.2500000000 3.6497161936 -0.0514590401 2.1511911712 0.0000000000
8.0356543055 1.2500000000 3.6490094860 -0.0720887278 2.1401124660 0.0000000000
8.0358567232 1.2500000000 3.6483028737 -0.0927206228 2.1290332586 0.0000000000
8.0360329482 1.2500000000 3.6475903936 -0.1133527580 2.1179304840 0.0000000000
8.0361868793 1.2500000000 3.6468911890 -0.1339888512 2.1068792283 0.0000000000
8.0363231823 1.2500000000 3.6461891611 -0.1546251142 2.0958166117 0.0000000000
8.0364443892 1.2500000000 3.6454810774 -0.1752606435 2.0847300652 0.0000000000
8.0365522842 1.2500000000 3.6447863253 -0.1958995084 2.0736955108 0.0000000000
8.0366489262 1.2500000000 3.6440847522 -0.2165372766 2.0626341111 0.0000000000
8.0367363738 1.2500000000 3.6433841358 -0.2371754793 2.0515763647 0.0000000000
8.0368157852 1.2500000000 3.6426963024 -0.2578165913 2.0405685860 0.0000000000
8.0368881856 1.2500000000 3.6419943199 -0.2784548908 2.0295053361 0.0000000000
8.0369544860 1.2500000000 3.6412969812 -0.2990942962 2.0184602192 0.0000000000
8.0370154872 1.2500000000 3.6406039932 -0.3197347152 2.0074320999 0.0000000000
8.0370717042 1.2500000000 3.6399100000 -0.3403750000 1.9964000130 0.0000000000
8.0371053188 1.2500000000 3.6394700000 -0.3534500000 1.9894100130 0.0000000000
8.0372163165 1.2500000000 3.6378795936 -0.4009607266 1.9640440967 0.0000000000
8.0373164532 1.2500000000 3.6362852646 -0.4484707090 1.9386627878 0.0000000000
8.0374075068 1.2500000000 3.6347007164 -0.4959829539 1.9133196972 0.0000000000
8.0374959325 1.2500000000 3.6331142501 -0.5434948661 1.8879690670 0.0000000000
8.0375826701 1.2500000000 3.6315330083 -0.5910078814 1.8626388937 0.0000000000
8.0376689669 1.2500000000 3.6299658599 -0.6385238349 1.8373639188 0.0000000000
8.0377557816 1.2500000000 3.6283753561 -0.6860350396 1.8119974214 0.0000000000
8.0378445476 1.2500000000 3.6268099518 -0.7335529939 1.7867286227 0.0000000000
8.0379392613 1.2500000000 3.6252701001 -0.7810983868 1.7615510586 0.0000000000
8.0380528014 1.2500000000 3.6236897147 -0.8288618156 1.7361241456 0.0000000000
8.0383274270 1.2500000000 3.6231476669 -0.8465369238 1.7268859110 0.0000000000
8.0384585979 1.2500000000 3.6246804212 -0.8002983844 1.7515123439 0.0000000000
8.0385833205 1.2500000000 3.6262793145 -0.7523358609 1.7770929265 0.0000000000
8.0387302224 1.2500000000 3.6278551106 -0.7048220908 1.8024016189 0.0000000000
8.0390169346 1.2500000000 3.6294221807 -0.6573102920 1.8276746189 0.0000000000
8.0394078869 1.2500000000 3.6310250338 -0.6098113395 1.8530856123 0.0000000000
8.0399526002 1.2500000000 3.6325832642 -0.5623129579 1.8783178867 0.0000000000
8.0410135890 1.2500000000 3.6341738190 -0.5148793458 1.9036535508 0.0000000000
8.0455732943 1.2500000000 3.6349966817 -0.4882655941 1.9175905020 0.0000000000
8.0489446227 1.2500000000 3.6334059898 -0.5345364073 1.8927194094 0.0000000000
8.0517864626 1.2500000000 3.6318239104 -0.5813810040 1.8676532529 0.0000000000
8.0543673743 1.2500000000 3.6302459395 -0.6284464885 1.8425151757 0.0000000000
8.0567187919 1.2500000000 3.6286639398 -0.6755945230 1.8173279629 0.0000000000
8.0588911642 1.2500000000 3.6271098248 -0.7228021495 1.7922284524 0.0000000000
8.0608992336 1.2500000000 3.6255680818 -0.7700577310 1.7671592478 0.0000000000
8.0627380589 1.2500000000 3.6239782706 -0.8173462950 1.7418845772 0.0000000000
8.0644234813 1.2500000000 3.6224062783 -0.8646744498 1.7166653464 0.0000000000
8.0659715010 1.2500000000 3.6208042127 -0.9120256573 1.6913166009 0.0000000000
8.0673985793 1.2500000000 3.6192052375 -0.9594012832 1.6659704497 0.0000000000
8.0687184953 1.2500000000 3.6175989410 -1.0067947787 1.6405878656 0.0000000000
8.0699556119 1.2500000000 3.6159774361 -1.0541990231 1.6151401481 0.0000000000
8.0711102318 1.2500000000 3.6143809691 -1.1016215739 1.5897852599 0.0000000000
8.0721883859 1.2500000000 3.6127687717 -1.1490520606 1.5643642755 0.0000000000
8.0732001473 1.2500000000 3.6111432380 -1.1964888402 1.5388874287 0.0000000000
8.0741538905 1.2500000000 3.6094994151 -1.2439291923 1.5133359964 0.0000000000
8.0750563278 1.2500000000 3.6078507728 -1.2913747787 1.4877631926 0.0000000000
8.0759149818 1.2500000000 3.6061852399 -1.3388217697 1.4621222649 0.0000000000
8.0767404796 1.2500000000 3.6045496302 -1.3862789214 1.4365969652 0.0000000000
8.0775310459 1.2500000000 3.6028993240 -1.4337366142 1.4110126635 0.0000000000
8.0782908466 1.2500000000 3.6012715505 -1.4812023186 1.3855152876 0.0000000000
8.0790230596 1.2500000000 3.5995960683 -1.5286603404 1.3598301500 0.0000000000
8.0797298787 1.2500000000 3.5979329287 -1.5761234558 1.3341923453 0.0000000000
8.0804149324 1.2500000000 3.5962306308 -1.6235799502 1.3084005560 0.0000000000
8.0810839992 1.2500000000 3.5945275273 -1.6710376789 1.2826050505 0.0000000000
8.0817325898 1.2500000000 3.5928143001 -1.7184948810 1.2567692611 0.0000000000
8.0823525181 1.2500000000 3.5910721501 -1.7659479182 1.2308194460 0.0000000000
8.0829582322 1.2500000000 3.5893091525 -1.8133972976 1.2047877041 0.0000000000
8.0835430569 1.2500000000 3.5874213259 -1.8608183055 1.1782679945 0.0000000000
8.0840941614 1.2500000000 3.5856452854 -1.9082687412 1.1521836583 0.0000000000
8.0846322391 1.2500000000 3.5838628885 -1.9557186781 1.1260740959 0.0000000000
8.0851823171 1.2500000000 3.5820800907 -2.0031676630 1.0999633107 0.0000000000
8.0857308900 1.2500000000 3.5802645129 -2.0506089903 1.0737244685 0.0000000000
8.0862713608 1.2500000000 3.5783830862 -2.0980347537 1.0472284564 0.0000000000
8.0867915922 1.2500000000 3.5765216188 -2.1454665214 1.0208098798 0.0000000000
8.0872770645 1.2500000000 3.5746930649 -2.1929088741 0.9945187230 0.0000000000
8.0877072961 1.2500000000 3.5727138600 -2.2403168411 0.9676387165 0.0000000000
8.0880686133 1.2500000000 3.5707869985 -2.2877417995 0.9409612874 0.0000000000
8.0883627553 1.2500000000 3.5688852759 -2.3351760353 0.9143807023 0.0000000000
8.0886054948 1.2500000000 3.5669027786 -2.3825905071 0.8874849244 0.0000000000
8.0888166996 1.2500000000 3.5648326497 -2.4299833449 0.8602472737 0.0000000000
8.0890105387 1.2500000000 3.5628301114 -2.4773943149 0.8332727326 0.0000000000
8.0891935989 1.2500000000 3.5608713624 -2.5248160525 0.8064690416 0.0000000000
8.0893687828 1.2500000000 3.5587013390 -2.5721809006 0.7788430089 0.0000000000
8.0895373187 1.2500000000 3.5567062691 -2.6195952522 0.7518969887 0.0000000000
8.0896985167 1.2500000000 3.5545513346 -2.6669658613 0.7243290067 0.0000000000
8.0898536402 1.2500000000 3.5523891993 -2.7143344200 0.6967330423 0.0000000000
8.0900075614 1.2500000000 3.5502975875 -2.7617208108 0.6694120386 0.0000000000
8.0901613274 1.2500000000 3.5481068950 -2.8090809892 0.6417051973 0.0000000000
8.0903050154 1.2500000000 3.5458809533 -2.8564312103 0.6138613420 0.0000000000
8.0904487624 1.2500000000 3.5436960995 -2.9037913592 0.5861778672 0.0000000000
8.0905886335 1.2500000000 3.5414797724 -2.9511446270 0.5583712517 0.0000000000
8.0907217505 1.2500000000 3.5391727364 -2.9984680159 0.5302137524 0.0000000000
8.0908970447 1.2500000000 3.5368269431 -3.0457800059 0.5019057832 0.0000000000
8.0910557503 1.2500000000 3.5346157590 -3.0931313914 0.4741204925 0.0000000000
8.0912313994 1.2500000000 3.5321475560 -3.1404059233 0.4453378678 0.0000000000
8.0914158550 1.2500000000 3.5299611913 -3.1877662145 0.4176482922 0.0000000000
8.0916106302 1.2500000000 3.5274977179 -3.2350396822 0.3888850119 0.0000000000
8.0918131533 1.2500000000 3.5250474952 -3.2823189028 0.3601724329 0.0000000000
8.0920284121 1.2500000000 3.5226006393 -3.3295984339 0.3314731966 0.0000000000
8.0922349492 1.2500000000 3.5203101611 -3.3739640836 0.3045650240 0.0000000000
8.0923221635 1.2500000000 3.5178545961 -3.4208527522 0.2759872964 0.0000000000
8.0923867601 1.2500000000 3.5204344906 -3.3727195827 0.3055601423 0.0000000000
8.0923957927 1.2500000000 3.5229400195 -3.3255917232 0.3344334017 0.0000000000
8.0924033026 1.2500000000 3.5254546023 -3.2782282397 0.3634371263 0.0000000000
8.0924259090 1.2500000000 3.5263529133 -3.2613808603 0.3737693222 0.0000000000
8.0924334007 1.2500000000 3.5239222832 -3.3072284431 0.3457077686 0.0000000000
8.0924432575 1.2500000000 3.5214018455 -3.3545891683 0.3166817275 0.0000000000
8.0924527847 1.2500000000 3.5189029366 -3.4018714487 0.2877731801 0.0000000000
8.0924626375 1.2500000000 3.5164060832 -3.4491399978 0.2588783469 0.0000000000
8.0924735627 1.2500000000 3.5138345974 -3.4963818057 0.2296956804 0.0000000000
8.0924860182 1.2500000000 3.5111433237 -3.5435819798 0.2000505160 0.0000000000
8.0925002603 1.2500000000 3.5084865365 -3.5907944591 0.1705383752 0.0000000000
8.0925164877 1.2500000000 3.5058551185 -3.6380151752 0.1411244170 0.0000000000
8.0925350310 1.2500000000 3.5031390878 -3.6852068051 0.1113836423 0.0000000000
8.0925561460 1.2500000000 3.5003384727 -3.7323672324 0.0813170108 0.0000000000
8.0925814972 1.2500000000 3.4975824838 -3.7795435559 0.0514225260 0.0000000000
8.0926154446 1.2500000000 3.4948790172 -3.8267343566 0.0217323391 0.0000000000
8.0926693419 1.2500000000 3.4952016410 -3.8216228192 0.0250674493 0.0000000000
8.0926722227 1.2500000000 3.4979300000 -3.7749250000 0.0546600130 0.0000000000
