# logAge Mass logTe Mbol logg C/O
0.4312511547 0.5000000000 3.5420100000 0.9786500000 1.7344700043 0.0000000000
0.4753712916 0.5000000000 3.5420171980 0.9787405531 1.7345350176 0.0000000000
0.5194914355 0.5000000000 3.5420229043 0.9788325334 1.7345946350 0.0000000000
0.5636115838 0.5000000000 3.5420274027 0.9789282392 1.7346509107 0.0000000000
0.6077317338 0.5000000000 3.5420309767 0.9790299690 1.7347058986 0.0000000000
0.6518518828 0.5000000000 3.5420339100 0.9791400212 1.7347616528 0.0000000000
0.6959720280 0.5000000000 3.5420364864 0.9792606941 1.7348202274 0.0000000000
0.7400921669 0.5000000000 3.5420389894 0.9793942861 1.7348836764 0.0000000000
0.7842122966 0.5000000000 3.5420417028 0.9795430956 1.7349540539 0.0000000000
0.8283324146 0.5000000000 3.5420449103 0.9797094211 1.7350334138 0.0000000000
0.8724525182 0.5000000000 3.5420488954 0.9798955609 1.7351238103 0.0000000000
0.9165726047 0.5000000000 3.5420539420 0.9801038133 1.7352272975 0.0000000000
0.9606926713 0.5000000000 3.5420603335 0.9803364768 1.7353459292 0.0000000000
1.0048127150 0.5000000000 3.5420681953 0.9805956914 1.7354810621 0.0000000000
1.0489327312 0.5000000000 3.5420771012 0.9808830463 1.7356316278 0.0000000000
1.0930527152 0.5000000000 3.5420865057 0.9812000113 1.7357960315 0.0000000000
1.1371726618 0.5000000000 3.5420959396 0.9815481902 1.7359730387 0.0000000000
1.1812925620 0.5000000000 3.5421059543 0.9819309717 1.7361662102 0.0000000000
1.2254124040 0.5000000000 3.5421178264 0.9823530133 1.7363825152 0.0000000000
1.2695321750 0.5000000000 3.5421326064 0.9828192034 1.7366281115 0.0000000000
1.3136518552 0.5000000000 3.5421497677 0.9833357632 1.7369033804 0.0000000000
1.3577714222 0.5000000000 3.5421681606 0.9839094056 1.7372064088 0.0000000000
1.4018908524 0.5000000000 3.5421869617 0.9845454899 1.7375360469 0.0000000000
1.4460101213 0.5000000000 3.5422057510 0.9852478030 1.7378921295 0.0000000000
1.4901291996 0.5000000000 3.5422255171 0.9860211894 1.7382805485 0.0000000000
1.5342480490 0.5000000000 3.5422494855 0.9868725319 1.7387169590 0.0000000000
1.5783665992 0.5000000000 3.5422777546 0.9878149984 1.7392070222 0.0000000000
1.6224847377 0.5000000000 3.5423060782 0.9888694467 1.7397420956 0.0000000000
1.6666024072 0.5000000000 3.5423363180 0.9900416066 1.7403319191 0.0000000000
1.7107195557 0.5000000000 3.5423734575 0.9913313896 1.7409963901 0.0000000000
1.7548359029 0.5000000000 3.5424105217 0.9927774246 1.7417230610 0.0000000000
1.7989514710 0.5000000000 3.5424490681 0.9943671411 1.7425131331 0.0000000000
1.8430667376 0.5000000000 3.5425073681 0.9960091179 1.7434031237 0.0000000000
1.8871807182 0.5000000000 3.5425671758 0.9978467611 1.7443774122 0.0000000000
1.9312923972 0.5000000000 3.5426152975 1.0000098488 1.7454351340 0.0000000000
1.9754020890 0.5000000000 3.5426743731 1.0024063520 1.7466300374 0.0000000000
2.0195111322 0.5000000000 3.5427582545 1.0048833004 1.7479563424 0.0000000000
2.0636175690 0.5000000000 3.5428455063 1.0076170533 1.7493988508 0.0000000000
2.1077192678 0.5000000000 3.5429205082 1.0108049062 1.7509739994 0.0000000000
2.1518193062 0.5000000000 3.5430271080 1.0141352269 1.7527325270 0.0000000000
2.1959129522 0.5000000000 3.5431312160 1.0179359317 1.7546692410 0.0000000000
2.2400021946 0.5000000000 3.5432459075 1.0220689841 1.7567812278 0.0000000000
2.2840868498 0.5000000000 3.5433852053 1.0264710486 1.7590992451 0.0000000000
2.3281595547 0.5000000000 3.5435143664 1.0315770228 1.7616582789 0.0000000000
2.3722272838 0.5000000000 3.5436760268 1.0369470276 1.7644529226 0.0000000000
2.4162802980 0.5000000000 3.5438411863 1.0430043997 1.7675365095 0.0000000000
2.4603214743 0.5000000000 3.5440238789 1.0495968187 1.7709042473 0.0000000000
2.5043502580 0.5000000000 3.5442321321 1.0566673240 1.7745654622 0.0000000000
2.5483568312 0.5000000000 3.5444470512 1.0645627217 1.7785832980 0.0000000000
2.5923422066 0.5000000000 3.5446875074 1.0731574867 1.7829830284 0.0000000000
2.6363035523 0.5000000000 3.5449509678 1.0824861838 1.7877683490 0.0000000000
2.6802333425 0.5000000000 3.5452387508 1.0926967842 1.7930037212 0.0000000000
2.7241274551 0.5000000000 3.5455443423 1.1038236543 1.7986768353 0.0000000000
2.7679811757 0.5000000000 3.5458670782 1.1159010649 1.8047987430 0.0000000000
2.8117888411 0.5000000000 3.5462219997 1.1289769806 1.8114487955 0.0000000000
2.8555446131 0.5000000000 3.5466143761 1.1430910173 1.8186639158 0.0000000000
2.8992391468 0.5000000000 3.5470277652 1.1583411529 1.8264175262 0.0000000000
2.9428617617 0.5000000000 3.5474646300 1.1748243779 1.8347582754 0.0000000000
2.9864077133 0.5000000000 3.5479409610 1.1925232722 1.8437431574 0.0000000000
3.0298654706 0.5000000000 3.5484471686 1.2115239407 1.8533682551 0.0000000000
3.0732222550 0.5000000000 3.5489792858 1.2319101683 1.8636512148 0.0000000000
3.1164729550 0.5000000000 3.5495462055 1.2536552345 1.8746169203 0.0000000000
3.1596018608 0.5000000000 3.5501497827 1.2768547643 1.8863110409 0.0000000000
3.2025948812 0.5000000000 3.5507799586 1.3015768955 1.8987205968 0.0000000000
3.2454542672 0.5000000000 3.5514418114 1.3277041105 1.9118188942 0.0000000000
3.2881611868 0.5000000000 3.5521414876 1.3553409443 1.9256723327 0.0000000000
3.3306966243 0.5000000000 3.5528652517 1.3845804011 1.9402631716 0.0000000000
3.3730615460 0.5000000000 3.5536137244 1.4153231696 1.9555541697 0.0000000000
3.4152532096 0.5000000000 3.5544011563 1.4475167485 1.9715813289 0.0000000000
3.4572531702 0.5000000000 3.5552086375 1.4812361619 1.9882990192 0.0000000000
3.4990787702 0.5000000000 3.5560602449 1.5162783645 2.0057223297 0.0000000000
3.5407061051 0.5000000000 3.5569328630 1.5527621146 2.0238063020 0.0000000000
3.5821408287 0.5000000000 3.5578341738 1.5905878694 2.0425418472 0.0000000000
3.6233749927 0.5000000000 3.5587503253 1.6297572514 2.0618742061 0.0000000000
3.6644080212 0.5000000000 3.5596849264 1.6702223437 2.0817986476 0.0000000000
3.7052416505 0.5000000000 3.5606480044 1.7119252395 2.1023321178 0.0000000000
3.7458705249 0.5000000000 3.5615991477 1.7548611818 2.1233110679 0.0000000000
3.7862982731 0.5000000000 3.5625710165 1.7989653873 2.1448402252 0.0000000000
3.8265311903 0.5000000000 3.5635483420 1.8441685627 2.1668307976 0.0000000000
3.8665740743 0.5000000000 3.5645376695 1.8904126465 2.1892857408 0.0000000000
3.9064200010 0.5000000000 3.5655090873 1.9377105181 2.2120905608 0.0000000000
3.9460856422 0.5000000000 3.5664897656 1.9859449034 2.2353070280 0.0000000000
3.9855818939 0.5000000000 3.5674665754 2.0350412421 2.2588528028 0.0000000000
4.0249045014 0.5000000000 3.5684357715 2.0850018546 2.2827138320 0.0000000000
4.0640519625 0.5000000000 3.5693875024 2.1358172134 2.3068468994 0.0000000000
4.1030463797 0.5000000000 3.5703284607 2.1873640277 2.3312294581 0.0000000000
4.1418903792 0.5000000000 3.5712694070 2.2396156466 2.3558938911 0.0000000000
4.1805881122 0.5000000000 3.5721852161 2.2925442480 2.3807285678 0.0000000000
4.2191384900 0.5000000000 3.5730774818 2.3461432852 2.4057372458 0.0000000000
4.2575662271 0.5000000000 3.5739645600 2.4002903916 2.4309444010 0.0000000000
4.2958614238 0.5000000000 3.5748209830 2.4550243638 2.4562636819 0.0000000000
4.3340336613 0.5000000000 3.5756584506 2.5102944733 2.4817215962 0.0000000000
4.3721010473 0.5000000000 3.5764747736 2.5660166827 2.5072757716 0.0000000000
4.4100447739 0.5000000000 3.5772685717 2.6222655003 2.5329504911 0.0000000000
4.4478955779 0.5000000000 3.5780268972 2.6789073684 2.5586405405 0.0000000000
4.4856496387 0.5000000000 3.5787733113 2.7359524496 2.5844442294 0.0000000000
4.5233055348 0.5000000000 3.5794813477 2.7934045950 2.6102572330 0.0000000000
4.5608815563 0.5000000000 3.5801626726 2.8511845913 2.6360945313 0.0000000000
4.5983846962 0.5000000000 3.5808186372 2.9092616085 2.6619491963 0.0000000000
4.6358218420 0.5000000000 3.5814407702 2.9676065000 2.6877756853 0.0000000000
4.6732027022 0.5000000000 3.5820281256 3.0261787976 2.7135540259 0.0000000000
4.7105594608 0.5000000000 3.5825797828 3.0848492903 2.7392288518 0.0000000000
4.7479222213 0.5000000000 3.5830950187 3.1434979786 2.7647492705 0.0000000000
4.7853432994 0.5000000000 3.5835717598 3.2019157415 2.7900233401 0.0000000000
4.8228907136 0.5000000000 3.5840098188 3.2598261733 2.8149397490 0.0000000000
4.8606951939 0.5000000000 3.5844067298 3.3166828358 2.8392700577 0.0000000000
4.8988988026 0.5000000000 3.5847595341 3.3718458836 2.8627464942 0.0000000000
4.9377163564 0.5000000000 3.5850639532 3.4242591600 2.8849294810 0.0000000000
4.9773724078 0.5000000000 3.5853164260 3.4725816163 2.9052683549 0.0000000000
5.0180272809 0.5000000000 3.5855089033 3.5153945505 2.9231634375 0.0000000000
5.0597067298 0.5000000000 3.5856634824 3.5515271670 2.9382348005 0.0000000000
5.1022062217 0.5000000000 3.5857809640 3.5811086884 2.9505373357 0.0000000000
5.1452473424 0.5000000000 3.5858642325 3.6053312284 2.9605594259 0.0000000000
5.1885608554 0.5000000000 3.5859324077 3.6263184162 2.9692270017 0.0000000000
5.2319541387 0.5000000000 3.5859906547 3.6462580422 2.9774358399 0.0000000000
5.2752697489 0.5000000000 3.5860530048 3.6672212567 2.9860705262 0.0000000000
5.3183358381 0.5000000000 3.5861110602 3.6911775403 2.9958852610 0.0000000000
5.3609024901 0.5000000000 3.5861831207 3.7201706084 3.0077707305 0.0000000000
5.4025522617 0.5000000000 3.5862456019 3.7565080331 3.0225556251 0.0000000000
5.4425897796 0.5000000000 3.5862855219 3.8029149612 3.0412780765 0.0000000000
5.4799085789 0.5000000000 3.5862863489 3.8617116739 3.0648000693 0.0000000000
5.5134239404 0.5000000000 3.5861912196 3.9333290731 3.0930665119 0.0000000000
5.5431859489 0.5000000000 3.5859785868 4.0147000090 3.1247643553 0.0000000000
5.5708165233 0.5000000000 3.5856177083 4.1006823060 3.1577137601 0.0000000000
5.5982353587 0.5000000000 3.5851155312 4.1870869140 3.1902668946 0.0000000000
5.6261759442 0.5000000000 3.5844933036 4.2724349009 3.2219171792 0.0000000000
5.6546679491 0.5000000000 3.5837542812 4.3566299434 3.2526391063 0.0000000000
5.6836523445 0.5000000000 3.5829189008 4.4397626025 3.2825506486 0.0000000000
5.7130908930 0.5000000000 3.5819704243 4.5218841565 3.3116053643 0.0000000000
5.7429348605 0.5000000000 3.5809311528 4.6030792694 3.3399263235 0.0000000000
5.7731297544 0.5000000000 3.5797973248 4.6834515878 3.3675399386 0.0000000000
5.8036694451 0.5000000000 3.5785925234 4.7629991060 3.3945397403 0.0000000000
5.8344942804 0.5000000000 3.5772899606 4.8418466955 3.4208685250 0.0000000000
5.8655905815 0.5000000000 3.5759165358 4.9200177585 3.4466432510 0.0000000000
5.8969133940 0.5000000000 3.5744620390 4.9976122851 3.4718630743 0.0000000000
5.9284406167 0.5000000000 3.5729259964 5.0746779043 3.4965451517 0.0000000000
5.9601646225 0.5000000000 3.5713266260 5.1512290800 3.5207681402 0.0000000000
5.9920976266 0.5000000000 3.5696749800 5.2272280661 3.5445611506 0.0000000000
6.0242181477 0.5000000000 3.5679729645 5.3027247131 3.5679517474 0.0000000000
6.0565311700 0.5000000000 3.5662233657 5.3776994226 3.5909432361 0.0000000000
6.0890191504 0.5000000000 3.5644491157 5.4521963007 3.6136449874 0.0000000000
6.1216361088 0.5000000000 3.5626130573 5.5263308514 3.6359545743 0.0000000000
6.1543806911 0.5000000000 3.5607424642 5.6001074943 3.6579828590 0.0000000000
6.1872508689 0.5000000000 3.5588344654 5.6735282317 3.6797191587 0.0000000000
6.2202889652 0.5000000000 3.5569103346 5.7464736483 3.7012008020 0.0000000000
6.2534894805 0.5000000000 3.5549821358 5.8189558951 3.7224809056 0.0000000000
6.2868533073 0.5000000000 3.5530426030 5.8909660371 3.7435268312 0.0000000000
6.3203668156 0.5000000000 3.5511135208 5.9625424831 3.7644410808 0.0000000000
6.3539821170 0.5000000000 3.5491567782 6.0338152704 3.7851232251 0.0000000000
6.3877115335 0.5000000000 3.5471981422 6.1047500517 3.8056625938 0.0000000000
6.4216336716 0.5000000000 3.5452654170 6.1751119357 3.8260764465 0.0000000000
6.4557598549 0.5000000000 3.5433791900 6.2448624143 3.8464317301 0.0000000000
6.4900835303 0.5000000000 3.5415439700 6.3140136358 3.8667513386 0.0000000000
6.5246597166 0.5000000000 3.5397785875 6.3823854450 3.8870385322 0.0000000000
6.5593825868 0.5000000000 3.5380580689 6.4502984028 3.9073216410 0.0000000000
6.5942390289 0.5000000000 3.5363639224 6.5177863935 3.9275402515 0.0000000000
6.6292338910 0.5000000000 3.5347172114 6.5848325931 3.9477718870 0.0000000000
6.6643828115 0.5000000000 3.5331180908 6.6513805333 3.9679945809 0.0000000000
6.6996915783 0.5000000000 3.5315728235 6.7174054709 3.9882234866 0.0000000000
6.7351370964 0.5000000000 3.5300869465 6.7829796025 4.0085096313 0.0000000000
6.7706106830 0.5000000000 3.5285979417 6.8484584330 4.0287451442 0.0000000000
6.8060919237 0.5000000000 3.5271085845 6.9139112867 4.0489688571 0.0000000000
6.8415772680 0.5000000000 3.5256092809 6.9793488202 4.0691466561 0.0000000000
6.8770709975 0.5000000000 3.5241111830 7.0447580984 4.0893179758 0.0000000000
6.9125689689 0.5000000000 3.5225967088 7.1101506165 4.1094170863 0.0000000000
6.9480741157 0.5000000000 3.5210810845 7.1755186245 4.1295017923 0.0000000000
6.9835345382 0.5000000000 3.5195450614 7.2410352058 4.1495643324 0.0000000000
7.0189803187 0.5000000000 3.5179824461 7.3065972533 4.1695386901 0.0000000000
7.0543992352 0.5000000000 3.5164023010 7.3722474660 4.1894781946 0.0000000000
7.0897827402 0.5000000000 3.5147953063 7.4380127688 4.2093563369 0.0000000000
7.1252098800 0.5000000000 3.5131990973 7.5036327183 4.2292194810 0.0000000000
7.1607170397 0.5000000000 3.5116210097 7.5689846004 4.2490478832 0.0000000000
7.1965358531 0.5000000000 3.5101811761 7.6332806197 4.2690069567 0.0000000000
7.2329971281 0.5000000000 3.5090510538 7.6953211787 4.2893026911 0.0000000000
7.2698069768 0.5000000000 3.5080908305 7.7560811315 4.3097657789 0.0000000000
7.3068914034 0.5000000000 3.5072800149 7.8158020791 4.3304108954 0.0000000000
7.3442250551 0.5000000000 3.5065879894 7.8745546033 4.3511438033 0.0000000000
7.3818016170 0.5000000000 3.5060180203 7.9323394130 4.3719778508 0.0000000000
7.4196229504 0.5000000000 3.5055815054 7.9891246099 4.3929458699 0.0000000000
7.4576833088 0.5000000000 3.5052624407 8.0449075768 4.4139827979 0.0000000000
7.4960076234 0.5000000000 3.5050646905 8.0995527659 4.4350498725 0.0000000000
7.5346129239 0.5000000000 3.5050015928 8.1529490434 4.4561559928 0.0000000000
7.5735228270 0.5000000000 3.5050833602 8.2049448837 4.4772813984 0.0000000000
7.6127499916 0.5000000000 3.5052918441 8.2554259346 4.4983077547 0.0000000000
7.6523021425 0.5000000000 3.5056426567 8.3042905427 4.5192568483 0.0000000000
7.6922775227 0.5000000000 3.5061809820 8.3509407034 4.5400702138 0.0000000000
7.7327275331 0.5000000000 3.5069248123 8.3949383506 4.5606445938 0.0000000000
7.7737036937 0.5000000000 3.5079151335 8.4357447529 4.5809284393 0.0000000000
7.8152557519 0.5000000000 3.5091738754 8.4726779135 4.6007366714 0.0000000000
7.8573883742 0.5000000000 3.5107387656 8.5051502948 4.6199851848 0.0000000000
7.9001022895 0.5000000000 3.5126345073 8.5323253940 4.6384381910 0.0000000000
7.9433534041 0.5000000000 3.5148893549 8.5533047889 4.6558493396 0.0000000000
7.9870197879 0.5000000000 3.5174674424 8.5676275714 4.6718908025 0.0000000000
8.0308988907 0.5000000000 3.5201350617 8.5769051846 4.6862723251 0.0000000000
8.0749049722 0.5000000000 3.5229005787 8.5806843197 4.6988460471 0.0000000000
8.1189425740 0.5000000000 3.5255872807 8.5810023832 4.7097200806 0.0000000000
8.1630012998 0.5000000000 3.5278848403 8.5816763417 4.7191799020 0.0000000000
8.2070181192 0.5000000000 3.5293529530 8.5880866702 4.7276164846 0.0000000000
8.2505770867 0.5000000000 3.5294983577 8.6053773356 4.7351143694 0.0000000000
8.2934792859 0.5000000000 3.5285400000 8.6310250000 4.7415400043 0.0000000000
8.3635101119 0.5000000000 3.5263700000 8.6696750000 4.7483200043 0.0000000000
8.3724573805 0.5000000000 3.5261278340 8.6732319997 4.7487741401 0.0000000000
8.3814261888 0.5000000000 3.5259047018 8.6763729610 4.7491379960 0.0000000000
8.3904139872 0.5000000000 3.5256998490 8.6791258629 4.7494197455 0.0000000000
8.3994182259 0.5000000000 3.5255125210 8.6815186849 4.7496275622 0.0000000000
8.4084363553 0.5000000000 3.5253419631 8.6835794063 4.7497696194 0.0000000000
8.4174658258 0.5000000000 3.5251874209 8.6853360063 4.7498540905 0.0000000000
8.4265040876 0.5000000000 3.5250481398 8.6868164642 4.7498891491 0.0000000000
8.4355485913 0.5000000000 3.5249233651 8.6880487594 4.7498829685 0.0000000000
8.4445970075 0.5000000000 3.5248122160 8.6890604611 4.7498430527 0.0000000000
8.4536482532 0.5000000000 3.5247130974 8.6898768219 4.7497731228 0.0000000000
8.4627016822 0.5000000000 3.5246241639 8.6905222820 4.7496755728 0.0000000000
8.4717566490 0.5000000000 3.5245435697 8.6910212803 4.7495527953 0.0000000000
8.4808125343 0.5000000000 3.5244695612 8.6913978487 4.7494073885 0.0000000000
8.4898690022 0.5000000000 3.5244013692 8.6916716658 4.7492441474 0.0000000000
8.4989258883 0.5000000000 3.5243388212 8.6918597727 4.7490691983 0.0000000000
8.5079830305 0.5000000000 3.5242817530 8.6919791737 4.7488886859 0.0000000000
8.5170402686 0.5000000000 3.5242299903 8.6920467679 4.7487086726 0.0000000000
8.5260975090 0.5000000000 3.5241829659 8.6920753254 4.7485319980 0.0000000000
8.5351547455 0.5000000000 3.5241396002 8.6920722324 4.7483572982 0.0000000000
8.5442119778 0.5000000000 3.5240987794 8.6920445130 4.7481829273 0.0000000000
8.5532692056 0.5000000000 3.5240593895 8.6919991917 4.7480072390 0.0000000000
8.5623264287 0.5000000000 3.5240205245 8.6919425044 4.7478291039 0.0000000000
8.5713836484 0.5000000000 3.5239820723 8.6918776783 4.7476493649 0.0000000000
8.5804408662 0.5000000000 3.5239441104 8.6918072231 4.7474693352 0.0000000000
8.5894980836 0.5000000000 3.5239067161 8.6917336484 4.7472903280 0.0000000000
8.5985553020 0.5000000000 3.5238699650 8.6916593647 4.7471136102 0.0000000000
8.6076125215 0.5000000000 3.5238339014 8.6915849398 4.7469395860 0.0000000000
8.6166697410 0.5000000000 3.5237985419 8.6915093134 4.7467678972 0.0000000000
8.6257269594 0.5000000000 3.5237639018 8.6914313696 4.7465981594 0.0000000000
8.6347841755 0.5000000000 3.5237299968 8.6913499920 4.7464299883 0.0000000000
8.6438413887 0.5000000000 3.5236968086 8.6912645976 4.7462630777 0.0000000000
8.6528986008 0.5000000000 3.5236641838 8.6911767352 4.7460974338 0.0000000000
8.6619558140 0.5000000000 3.5236319355 8.6910884863 4.7459331410 0.0000000000
8.6710130305 0.5000000000 3.5235998765 8.6910019325 4.7457702835 0.0000000000
8.6800702526 0.5000000000 3.5235678224 8.6909191125 4.7456089388 0.0000000000
8.6891274801 0.5000000000 3.5235356997 8.6908401781 4.7454488744 0.0000000000
8.6981847097 0.5000000000 3.5235035878 8.6907626944 4.7452894334 0.0000000000
8.7072419376 0.5000000000 3.5234715770 8.6906840394 4.7451299281 0.0000000000
8.7162991602 0.5000000000 3.5234397575 8.6906015912 4.7449696709 0.0000000000
8.7253563744 0.5000000000 3.5234082043 8.6905130151 4.7448080274 0.0000000000
8.7344135809 0.5000000000 3.5233768283 8.6904190325 4.7446449304 0.0000000000
8.7434707831 0.5000000000 3.5233454417 8.6903222083 4.7444806545 0.0000000000
8.7525279843 0.5000000000 3.5233138554 8.6902251328 4.7443154792 0.0000000000
8.7615851879 0.5000000000 3.5232818803 8.6901303965 4.7441496840 0.0000000000
8.7706423966 0.5000000000 3.5232493677 8.6900401202 4.7439835232 0.0000000000
8.7796996104 0.5000000000 3.5232163631 8.6899541874 4.7438171317 0.0000000000
8.7887568282 0.5000000000 3.5231829696 8.6898718160 4.7436506089 0.0000000000
8.7978140490 0.5000000000 3.5231492902 8.6897922233 4.7434840543 0.0000000000
8.8068712720 0.5000000000 3.5231154281 8.6897146270 4.7433175675 0.0000000000
8.8159284964 0.5000000000 3.5230815357 8.6896382277 4.7431514382 0.0000000000
8.8249857221 0.5000000000 3.5230478975 8.6895621808 4.7429864667 0.0000000000
8.8340429490 0.5000000000 3.5230148200 8.6894856342 4.7428235380 0.0000000000
8.8431001771 0.5000000000 3.5229826096 8.6894077357 4.7426635370 0.0000000000
8.8521574064 0.5000000000 3.5229515706 8.6893276326 4.7425073398 0.0000000000
8.8612146359 0.5000000000 3.5229218052 8.6892444143 4.7423549910 0.0000000000
8.8702718625 0.5000000000 3.5228930497 8.6891570656 4.7422050293 0.0000000000
8.8793290831 0.5000000000 3.5228650017 8.6890645605 4.7420558353 0.0000000000
8.8883862945 0.5000000000 3.5228373590 8.6889658726 4.7419057895 0.0000000000
8.8974434936 0.5000000000 3.5228098250 8.6888599846 4.7417532981 0.0000000000
8.9065006784 0.5000000000 3.5227823659 8.6887462881 4.7415979833 0.0000000000
8.9155578482 0.5000000000 3.5227553186 8.6886247510 4.7414411793 0.0000000000
8.9246150027 0.5000000000 3.5227290477 8.6884953847 4.7412843491 0.0000000000
8.9336721414 0.5000000000 3.5227039178 8.6883582002 4.7411289556 0.0000000000
8.9427292641 0.5000000000 3.5226802866 8.6882132228 4.7409764398 0.0000000000
8.9517863714 0.5000000000 3.5226582709 8.6880609605 4.7408274721 0.0000000000
8.9608434656 0.5000000000 3.5226376903 8.6879025172 4.7406817725 0.0000000000
8.9699005488 0.5000000000 3.5226183462 8.6877390333 4.7405390023 0.0000000000
8.9789576233 0.5000000000 3.5226000397 8.6875716496 4.7403988230 0.0000000000
8.9880146913 0.5000000000 3.5225825738 8.6874014806 4.7402608918 0.0000000000
8.9970717527 0.5000000000 3.5225658031 8.6872287883 4.7401247319 0.0000000000
9.0061288045 0.5000000000 3.5225496443 8.6870528121 4.7399897062 0.0000000000
9.0151858438 0.5000000000 3.5225340178 8.6868727311 4.7398551678 0.0000000000
9.0242428674 0.5000000000 3.5225188440 8.6866877243 4.7397204700 0.0000000000
9.0332998724 0.5000000000 3.5225040445 8.6864969913 4.7395849789 0.0000000000
9.0423568584 0.5000000000 3.5224895841 8.6863005073 4.7394485435 0.0000000000
9.0514138287 0.5000000000 3.5224754829 8.6860992409 4.7393116323 0.0000000000
9.0604707867 0.5000000000 3.5224617648 8.6858942262 4.7391747542 0.0000000000
9.0695277358 0.5000000000 3.5224484537 8.6856864971 4.7390384181 0.0000000000
9.0785846793 0.5000000000 3.5224355730 8.6854770736 4.7389031259 0.0000000000
9.0876416178 0.5000000000 3.5224231269 8.6852662242 4.7387690014 0.0000000000
9.0966985481 0.5000000000 3.5224110904 8.6850530961 4.7386356045 0.0000000000
9.1057554662 0.5000000000 3.5223994367 8.6848367448 4.7385024489 0.0000000000
9.1148123686 0.5000000000 3.5223881384 8.6846162257 4.7383690481 0.0000000000
9.1238692514 0.5000000000 3.5223771686 8.6843905972 4.7382349175 0.0000000000
9.1329261119 0.5000000000 3.5223665143 8.6841592184 4.7380997491 0.0000000000
9.1419829490 0.5000000000 3.5223561893 8.6839220162 4.7379635681 0.0000000000
9.1510397617 0.5000000000 3.5223462101 8.6836789802 4.7378264368 0.0000000000
9.1600965492 0.5000000000 3.5223365932 8.6834300998 4.7376884172 0.0000000000
9.1691533105 0.5000000000 3.5223273549 8.6831753693 4.7375495718 0.0000000000
9.1782100469 0.5000000000 3.5223184815 8.6829151694 4.7374099982 0.0000000000
9.1872667632 0.5000000000 3.5223099072 8.6826505529 4.7372698543 0.0000000000
9.1963234646 0.5000000000 3.5223015609 8.6823826398 4.7371293040 0.0000000000
9.2053801564 0.5000000000 3.5222933718 8.6821125500 4.7369885115 0.0000000000
9.2144368433 0.5000000000 3.5222852831 8.6818413056 4.7368476591 0.0000000000
9.2234935223 0.5000000000 3.5222774670 8.6815683692 4.7367072200 0.0000000000
9.2325501843 0.5000000000 3.5222702787 8.6812919539 4.7365679006 0.0000000000
9.2416068199 0.5000000000 3.5222640787 8.6810102375 4.7364304141 0.0000000000
9.2506634198 0.5000000000 3.5222592265 8.6807214014 4.7362954710 0.0000000000
9.2597199792 0.5000000000 3.5222558437 8.6804245492 4.7361631986 0.0000000000
9.2687765041 0.5000000000 3.5222534948 8.6801209402 4.7360323598 0.0000000000
9.2778330018 0.5000000000 3.5222516655 8.6798121414 4.7359015228 0.0000000000
9.2868894796 0.5000000000 3.5222498410 8.6794997192 4.7357692559 0.0000000000
9.2959459425 0.5000000000 3.5222476353 8.6791847122 4.7356344303 0.0000000000
9.3050023868 0.5000000000 3.5222450666 8.6788664969 4.7354968694 0.0000000000
9.3140588073 0.5000000000 3.5222422324 8.6785441240 4.7353565835 0.0000000000
9.3231151990 0.5000000000 3.5222392306 8.6782166465 4.7352135854 0.0000000000
9.3321715578 0.5000000000 3.5222362041 8.6778833957 4.7350681790 0.0000000000
9.3412278822 0.5000000000 3.5222333826 8.6775442390 4.7349212303 0.0000000000
9.3502841708 0.5000000000 3.5222310056 8.6771991049 4.7347736687 0.0000000000
9.3593404222 0.5000000000 3.5222293128 8.6768479217 4.7346264241 0.0000000000
9.3683966350 0.5000000000 3.5222285436 8.6764906179 4.7344804259 0.0000000000
9.3774528079 0.5000000000 3.5222289377 8.6761271218 4.7343366038 0.0000000000
9.3865089396 0.5000000000 3.5222307290 8.6757573654 4.7341958663 0.0000000000
9.3955650305 0.5000000000 3.5222337676 8.6753815191 4.7340576823 0.0000000000
9.4046210843 0.5000000000 3.5222372812 8.6750001407 4.7339191855 0.0000000000
9.4136771048 0.5000000000 3.5222404419 8.6746138230 4.7337773013 0.0000000000
9.4227330951 0.5000000000 3.5222429870 8.6742230663 4.7336311789 0.0000000000
9.4317890561 0.5000000000 3.5222460753 8.6738281393 4.7334855612 0.0000000000
9.4408449884 0.5000000000 3.5222510823 8.6734292724 4.7333460423 0.0000000000
9.4499008895 0.5000000000 3.5222583896 8.6730261787 4.7332140344 0.0000000000
9.4589567491 0.5000000000 3.5222660110 8.6726173365 4.7330809828 0.0000000000
9.4680125559 0.5000000000 3.5222716523 8.6722010529 4.7329370345 0.0000000000
9.4770682997 0.5000000000 3.5222749597 8.6717760525 4.7327802642 0.0000000000
9.4861239717 0.5000000000 3.5222784143 8.6713416711 4.7326203299 0.0000000000
9.4951795654 0.5000000000 3.5222844664 8.6708975083 4.7324668734 0.0000000000
9.5042350965 0.5000000000 3.5222927254 8.6704455626 4.7323191311 0.0000000000
9.5132905942 0.5000000000 3.5223010272 8.6699893282 4.7321698444 0.0000000000
9.5223460699 0.5000000000 3.5223083564 8.6695302567 4.7320155327 0.0000000000
9.5314014860 0.5000000000 3.5223168745 8.6690642185 4.7318631898 0.0000000000
9.5404568025 0.5000000000 3.5223288714 8.6685868005 4.7317202101 0.0000000000
9.5495120397 0.5000000000 3.5223425611 8.6681001604 4.7315803129 0.0000000000
9.5585672518 0.5000000000 3.5223538745 8.6676101427 4.7314295593 0.0000000000
9.5676224411 0.5000000000 3.5223622561 8.6671171565 4.7312658912 0.0000000000
9.5766775395 0.5000000000 3.5223719040 8.6666142599 4.7311033241 0.0000000000
9.5857325185 0.5000000000 3.5223854088 8.6660985998 4.7309510793 0.0000000000
9.5947874577 0.5000000000 3.5224006258 8.6655785546 4.7308039295 0.0000000000
9.6038424019 0.5000000000 3.5224153920 8.6650588928 4.7306551294 0.0000000000
9.6128972157 0.5000000000 3.5224299814 8.6645256865 4.7305002046 0.0000000000
9.6219517960 0.5000000000 3.5224450390 8.6639683055 4.7303374824 0.0000000000
9.6310063300 0.5000000000 3.5224605361 8.6634059371 4.7301745237 0.0000000000
9.6400609740 0.5000000000 3.5224763056 8.6628547793 4.7300171386 0.0000000000
9.6491155108 0.5000000000 3.5224922889 8.6622932551 4.7298564619 0.0000000000
9.6581697813 0.5000000000 3.5225085598 8.6617054137 4.7296864088 0.0000000000
9.6672239991 0.5000000000 3.5225254650 8.6611121724 4.7295167331 0.0000000000
9.6762782203 0.5000000000 3.5225426675 8.6605195537 4.7293484959 0.0000000000
9.6853321707 0.5000000000 3.5225588837 8.6599018416 4.7291662759 0.0000000000
9.6943859309 0.5000000000 3.5225768557 8.6592668059 4.7289841496 0.0000000000
9.7034398279 0.5000000000 3.5226010036 8.6586454337 4.7288321923 0.0000000000
9.7124936585 0.5000000000 3.5226241507 8.6580180723 4.7286738360 0.0000000000
9.7215471706 0.5000000000 3.5226420159 8.6573613347 4.7284826019 0.0000000000
9.7306004618 0.5000000000 3.5226654394 8.6566869115 4.7283065266 0.0000000000
9.7396536780 0.5000000000 3.5226914428 8.6560069032 4.7281385367 0.0000000000
9.7487068994 0.5000000000 3.5227110277 8.6553259403 4.7279444914 0.0000000000
9.7577599883 0.5000000000 3.5227339352 8.6546347258 4.7277596355 0.0000000000
9.7668128397 0.5000000000 3.5227631348 8.6539257121 4.7275928282 0.0000000000
9.7758655041 0.5000000000 3.5227921287 8.6532019367 4.7274192939 0.0000000000
9.7849182375 0.5000000000 3.5228146715 8.6524819376 4.7272214652 0.0000000000
9.7939707289 0.5000000000 3.5228382201 8.6517438722 4.7270204336 0.0000000000
9.8030228231 0.5000000000 3.5228688999 8.6509770771 4.7268364348 0.0000000000
9.8120749964 0.5000000000 3.5228992518 8.6502160571 4.7266534345 0.0000000000
9.8211267533 0.5000000000 3.5229314919 8.6494255407 4.7264661884 0.0000000000
9.8301782822 0.5000000000 3.5229594084 8.6486175149 4.7262546438 0.0000000000
9.8392298610 0.5000000000 3.5229839567 8.6478124674 4.7260308180 0.0000000000
9.8482811282 0.5000000000 3.5230173963 8.6469876734 4.7258346590 0.0000000000
9.8573321137 0.5000000000 3.5230512621 8.6461439323 4.7256326256 0.0000000000
9.8663831686 0.5000000000 3.5230854135 8.6453048476 4.7254335975 0.0000000000
9.8754338517 0.5000000000 3.5231204814 8.6444415036 4.7252285312 0.0000000000
9.8844839848 0.5000000000 3.5231561633 8.6435427836 4.7250117708 0.0000000000
9.8935341009 0.5000000000 3.5231925816 8.6426432006 4.7247976110 0.0000000000
9.9025840380 0.5000000000 3.5232297431 8.6417328837 4.7245821303 0.0000000000
9.9116333967 0.5000000000 3.5232675896 8.6407871681 4.7243552300 0.0000000000
9.9206828475 0.5000000000 3.5233063647 8.6398473848 4.7241344171 0.0000000000
9.9297319503 0.5000000000 3.5233453931 8.6388868058 4.7239062989 0.0000000000
9.9387806385 0.5000000000 3.5233870847 8.6379030493 4.7236795628 0.0000000000
9.9478285735 0.5000000000 3.5234376957 8.6368792126 4.7234724724 0.0000000000
9.9568766745 0.5000000000 3.5234785473 8.6358618900 4.7232289494 0.0000000000
9.9659243316 0.5000000000 3.5235214664 8.6348206926 4.7229841471 0.0000000000
9.9749716306 0.5000000000 3.5235651883 8.6337604451 4.7227349357 0.0000000000
9.9840184515 0.5000000000 3.5236083934 8.6326748552 4.7224735198 0.0000000000
9.9930652219 0.5000000000 3.5236610169 8.6315892918 4.7222497885 0.0000000000
10.0021114048 0.5000000000 3.5237116218 8.6304732002 4.7220057715 0.0000000000
10.0111569376 0.5000000000 3.5237577041 8.6293231084 4.7217300639 0.0000000000
10.0202019321 0.5000000000 3.5238167669 8.6281506141 4.7214973176 0.0000000000
10.0292467187 0.5000000000 3.5238651104 8.6269650258 4.7212164562 0.0000000000
10.0382911864 0.5000000000 3.5239140160 8.6257646480 4.7209319275 0.0000000000
10.0473345516 0.5000000000 3.5239756182 8.6245168025 4.7206791981 0.0000000000
10.0563781086 0.5000000000 3.5240296808 8.6232756554 4.7203989897 0.0000000000
10.0654207231 0.5000000000 3.5240925833 8.6219945969 4.7201381761 0.0000000000
10.0744627462 0.5000000000 3.5241447967 8.6206850544 4.7198232129 0.0000000000
10.0835044502 0.5000000000 3.5242118019 8.6193659514 4.7195635926 0.0000000000
10.0925453742 0.5000000000 3.5242656527 8.6180097666 4.7192365218 0.0000000000
10.1015853205 0.5000000000 3.5243347639 8.6166181132 4.7189563051 0.0000000000
10.1106250461 0.5000000000 3.5243990856 8.6152161970 4.7186528255 0.0000000000
10.1196633489 0.5000000000 3.5244632572 8.6137577041 4.7183261148 0.0000000000
10.1287014811 0.5000000000 3.5245334960 8.6122947433 4.7180218855 0.0000000000
10.1377389490 0.5000000000 3.5246063834 8.6108069017 4.7177182985 0.0000000000
10.1467747462 0.5000000000 3.5246771028 8.6092562804 4.7173809279 0.0000000000
10.1558106686 0.5000000000 3.5247462076 8.6077099350 4.7170388089 0.0000000000
10.1648454061 0.5000000000 3.5248300000 8.6061250000 4.7167400043 0.0000000000
10.1755688600 0.5000000000 3.5249200000 8.6042000000 4.7163300043 0.0000000000
10.1770531943 0.5000000000 3.5249297817 8.6039250044 4.7162591330 0.0000000000
10.1785375363 0.5000000000 3.5249408122 8.6036505560 4.7161934756 0.0000000000
10.1800218697 0.5000000000 3.5249529319 8.6033760860 4.7161321663 0.0000000000
10.1815061779 0.5000000000 3.5249659812 8.6031010259 4.7160743395 0.0000000000
10.1829904447 0.5000000000 3.5249798006 8.6028248071 4.7160191296 0.0000000000
10.1844746534 0.5000000000 3.5249942305 8.6025468609 4.7159656707 0.0000000000
10.1859587878 0.5000000000 3.5250091113 8.6022666189 4.7159130972 0.0000000000
10.1874428468 0.5000000000 3.5250242262 8.6019839905 4.7158605054 0.0000000000
10.1889269027 0.5000000000 3.5250390844 8.6017011701 4.7158068099 0.0000000000
10.1904110501 0.5000000000 3.5250531134 8.6014210329 4.7157508712 0.0000000000
10.1918953772 0.5000000000 3.5250657685 8.6011462746 4.7156915883 0.0000000000
10.1933798172 0.5000000000 3.5250772343 8.6008748398 4.7156288775 0.0000000000
10.1948641352 0.5000000000 3.5250884815 8.6005995531 4.7155637517 0.0000000000
10.1963480882 0.5000000000 3.5251005198 8.6003129855 4.7154972779 0.0000000000
10.1978315291 0.5000000000 3.5251140757 8.6000106568 4.7154305698 0.0000000000
10.1993146505 0.5000000000 3.5251288730 8.5996985243 4.7153649059 0.0000000000
10.2007977200 0.5000000000 3.5251444139 8.5993848536 4.7153016014 0.0000000000
10.2022809893 0.5000000000 3.5251601985 8.5990774116 4.7152417631 0.0000000000
10.2037645104 0.5000000000 3.5251757002 8.5987777084 4.7151838885 0.0000000000
10.2052481992 0.5000000000 3.5251903740 8.5984829893 4.7151246959 0.0000000000
10.2067319691 0.5000000000 3.5252036812 8.5981904254 4.7150608992 0.0000000000
10.2082157514 0.5000000000 3.5252156410 8.5978978853 4.7149917226 0.0000000000
10.2096995080 0.5000000000 3.5252272461 8.5976044543 4.7149207706 0.0000000000
10.2111832042 0.5000000000 3.5252395870 8.5973093399 4.7148520882 0.0000000000
10.2126668209 0.5000000000 3.5252535073 8.5970121787 4.7147889050 0.0000000000
10.2141504089 0.5000000000 3.5252687661 8.5967144953 4.7147308668 0.0000000000
10.2156340379 0.5000000000 3.5252848242 8.5964183328 4.7146766345 0.0000000000
10.2171177691 0.5000000000 3.5253011383 8.5961254566 4.7146247402 0.0000000000
10.2186015670 0.5000000000 3.5253171162 8.5958345829 4.7145723024 0.0000000000
10.2200853360 0.5000000000 3.5253321360 8.5955425436 4.7145155657 0.0000000000
10.2215689822 0.5000000000 3.5253456007 8.5952462134 4.7144508925 0.0000000000
10.2230524764 0.5000000000 3.5253577431 8.5949447527 4.7143788780 0.0000000000
10.2245358673 0.5000000000 3.5253697862 8.5946400510 4.7143051695 0.0000000000
10.2260192080 0.5000000000 3.5253830072 8.5943341532 4.7142356944 0.0000000000
10.2275025333 0.5000000000 3.5253980459 8.5940283402 4.7141735239 0.0000000000
10.2289858385 0.5000000000 3.5254141787 8.5937222593 4.7141156228 0.0000000000
10.2304691143 0.5000000000 3.5254305066 8.5934153472 4.7140581695 0.0000000000
10.2319523526 0.5000000000 3.5254463814 8.5931071697 4.7139983979 0.0000000000
10.2334355519 0.5000000000 3.5254620693 8.5927977622 4.7139373865 0.0000000000
10.2349187120 0.5000000000 3.5254780443 8.5924872669 4.7138770883 0.0000000000
10.2364018338 0.5000000000 3.5254946131 8.5921758092 4.7138187804 0.0000000000
10.2378849247 0.5000000000 3.5255111212 8.5918634183 4.7137598565 0.0000000000
10.2393679944 0.5000000000 3.5255265714 8.5915500893 4.7136963257 0.0000000000
10.2408510502 0.5000000000 3.5255401513 8.5912358058 4.7136249319 0.0000000000
10.2423340808 0.5000000000 3.5255526046 8.5909204561 4.7135486053 0.0000000000
10.2438170654 0.5000000000 3.5255654529 8.5906038811 4.7134733682 0.0000000000
10.2452999860 0.5000000000 3.5255800931 8.5902859626 4.7134047617 0.0000000000
10.2467828557 0.5000000000 3.5255964428 8.5899670515 4.7133425962 0.0000000000
10.2482657074 0.5000000000 3.5256134805 8.5896477964 4.7132830448 0.0000000000
10.2497485697 0.5000000000 3.5256302306 8.5893287273 4.7132224178 0.0000000000
10.2512314005 0.5000000000 3.5256465791 8.5890086367 4.7131597755 0.0000000000
10.2527141058 0.5000000000 3.5256630487 8.5886850322 4.7130962118 0.0000000000
10.2541965990 0.5000000000 3.5256801211 8.5883556125 4.7130327336 0.0000000000
10.2556789258 0.5000000000 3.5256973987 8.5880215584 4.7129682225 0.0000000000
10.2571612379 0.5000000000 3.5257137848 8.5876868187 4.7128998710 0.0000000000
10.2586436805 0.5000000000 3.5257282589 8.5873551950 4.7128251178 0.0000000000
10.2601262593 0.5000000000 3.5257412948 8.5870269866 4.7127459781 0.0000000000
10.2616088694 0.5000000000 3.5257545504 8.5866997183 4.7126680933 0.0000000000
10.2630914083 0.5000000000 3.5257696068 8.5863709603 4.7125968158 0.0000000000
10.2645738481 0.5000000000 3.5257865328 8.5860399616 4.7125321203 0.0000000000
10.2660562161 0.5000000000 3.5258042920 8.5857071980 4.7124700517 0.0000000000
10.2675385398 0.5000000000 3.5258218892 8.5853731760 4.7124068316 0.0000000000
10.2690208417 0.5000000000 3.5258390672 8.5850384323 4.7123416459 0.0000000000
10.2705031406 0.5000000000 3.5258560296 8.5847035225 4.7122755319 0.0000000000
10.2719854459 0.5000000000 3.5258729895 8.5843687522 4.7122094632 0.0000000000
10.2734676893 0.5000000000 3.5258901762 8.5840323568 4.7121436520 0.0000000000
10.2749497642 0.5000000000 3.5259078276 8.5836915506 4.7120779348 0.0000000000
10.2764315958 0.5000000000 3.5259260202 8.5833443545 4.7120118271 0.0000000000
10.2779132940 0.5000000000 3.5259439030 8.5829934809 4.7119430087 0.0000000000
10.2793950348 0.5000000000 3.5259602929 8.5826433185 4.7118685035 0.0000000000
10.2808769459 0.5000000000 3.5259745553 8.5822971156 4.7117870719 0.0000000000
10.2823589727 0.5000000000 3.5259881271 8.5819538037 4.7117040342 0.0000000000
10.2838410177 0.5000000000 3.5260029307 8.5816112955 4.7116262453 0.0000000000
10.2853229861 0.5000000000 3.5260200202 8.5812673644 4.7115570307 0.0000000000
10.2868047897 0.5000000000 3.5260384334 8.5809194613 4.7114915225 0.0000000000
10.2882863441 0.5000000000 3.5260569375 8.5805650671 4.7114237814 0.0000000000
10.2897676867 0.5000000000 3.5260749453 8.5802050033 4.7113517870 0.0000000000
10.2912490225 0.5000000000 3.5260927580 8.5798446879 4.7112789113 0.0000000000
10.2927305522 0.5000000000 3.5261107215 8.5794894357 4.7112086647 0.0000000000
10.2942122217 0.5000000000 3.5261288825 8.5791378807 4.7111406865 0.0000000000
10.2956937782 0.5000000000 3.5261470534 8.5787834460 4.7110715962 0.0000000000
10.2971750150 0.5000000000 3.5261650990 8.5784207512 4.7109987009 0.0000000000
10.2986560617 0.5000000000 3.5261832674 8.5780531806 4.7109243461 0.0000000000
10.3001371833 0.5000000000 3.5262019608 8.5776876529 4.7108529086 0.0000000000
10.3016185331 0.5000000000 3.5262211739 8.5773281059 4.7107859423 0.0000000000
10.3030999329 0.5000000000 3.5262396998 8.5769696673 4.7107166706 0.0000000000
10.3045811477 0.5000000000 3.5262561489 8.5766059576 4.7106369828 0.0000000000
10.3060620951 0.5000000000 3.5262706474 8.5762349106 4.7105465580 0.0000000000
10.3075428942 0.5000000000 3.5262853260 8.5758601635 4.7104553736 0.0000000000
10.3090236662 0.5000000000 3.5263022342 8.5754853888 4.7103730967 0.0000000000
10.3105044151 0.5000000000 3.5263212132 8.5751106663 4.7102991237 0.0000000000
10.3119850769 0.5000000000 3.5263408235 8.5747339922 4.7102268953 0.0000000000
10.3134656292 0.5000000000 3.5263599594 8.5743544861 4.7101516362 0.0000000000
10.3149461992 0.5000000000 3.5263787467 8.5739753150 4.7100751172 0.0000000000
10.3164269428 0.5000000000 3.5263975772 8.5736004276 4.7100004844 0.0000000000
10.3179078465 0.5000000000 3.5264166318 8.5732295472 4.7099283505 0.0000000000
10.3193886767 0.5000000000 3.5264358181 8.5728569205 4.7098560450 0.0000000000
10.3208692177 0.5000000000 3.5264550369 8.5724772273 4.7097810430 0.0000000000
10.3223495069 0.5000000000 3.5264742779 8.5720913852 4.7097036702 0.0000000000
10.3238297005 0.5000000000 3.5264935724 8.5717032441 4.7096255915 0.0000000000
10.3253099017 0.5000000000 3.5265129410 8.5713153463 4.7095479068 0.0000000000
10.3267900885 0.5000000000 3.5265323790 8.5709271510 4.7094703807 0.0000000000
10.3282702226 0.5000000000 3.5265518785 8.5705377149 4.7093926043 0.0000000000
10.3297502862 0.5000000000 3.5265714374 8.5701466125 4.7093143989 0.0000000000
10.3312302764 0.5000000000 3.5265910580 8.5697538067 4.7092357591 0.0000000000
10.3327102009 0.5000000000 3.5266107423 8.5693594886 4.7091567689 0.0000000000
10.3341901004 0.5000000000 3.5266304904 8.5689645915 4.7090778026 0.0000000000
10.3356700174 0.5000000000 3.5266503023 8.5685700785 4.7089992449 0.0000000000
10.3371498758 0.5000000000 3.5266701769 8.5681742183 4.7089203991 0.0000000000
10.3386294869 0.5000000000 3.5266901122 8.5677727195 4.7088395410 0.0000000000
10.3401087430 0.5000000000 3.5267101075 8.5673631320 4.7087556871 0.0000000000
10.3415878717 0.5000000000 3.5267301660 8.5669506461 4.7086709269 0.0000000000
10.3430671717 0.5000000000 3.5267502920 8.5665420660 4.7085879988 0.0000000000
10.3445466879 0.5000000000 3.5267704861 8.5661384230 4.7085073178 0.0000000000
10.3460262187 0.5000000000 3.5267907452 8.5657351378 4.7084270404 0.0000000000
10.3475056118 0.5000000000 3.5268110675 8.5653287473 4.7083457732 0.0000000000
10.3489849284 0.5000000000 3.5268314542 8.5649206191 4.7082640686 0.0000000000
10.3504642666 0.5000000000 3.5268519073 8.5645129565 4.7081828161 0.0000000000
10.3519435464 0.5000000000 3.5268724259 8.5641040115 4.7081013125 0.0000000000
10.3534225449 0.5000000000 3.5268930065 8.5636888512 4.7080175708 0.0000000000
10.3549011741 0.5000000000 3.5269136478 8.5632655342 4.7079308091 0.0000000000
10.3563797087 0.5000000000 3.5269343542 8.5628401369 4.7078434760 0.0000000000
10.3578584501 0.5000000000 3.5269551307 8.5624193250 4.7077582571 0.0000000000
10.3593374045 0.5000000000 3.5269759773 8.5620032202 4.7076752018 0.0000000000
10.3608164164 0.5000000000 3.5269968917 8.5615883614 4.7075929158 0.0000000000
10.3622953155 0.5000000000 3.5270178714 8.5611710183 4.7075098973 0.0000000000
10.3637739104 0.5000000000 3.5270389142 8.5607470957 4.7074244993 0.0000000000
10.3652520950 0.5000000000 3.5270600190 8.5603143337 4.7073358140 0.0000000000
10.3667301690 0.5000000000 3.5270811907 8.5598791920 4.7072464441 0.0000000000
10.3682085221 0.5000000000 3.5271024352 8.5594500557 4.7071597676 0.0000000000
10.3696870863 0.5000000000 3.5271237504 8.5590254897 4.7070752017 0.0000000000
10.3711654291 0.5000000000 3.5271451276 8.5585962288 4.7069890062 0.0000000000
10.3726433320 0.5000000000 3.5271665657 8.5581575915 4.7068993037 0.0000000000
10.3741210247 0.5000000000 3.5271880787 8.5577144975 4.7068081182 0.0000000000
10.3755987366 0.5000000000 3.5272096745 8.5572718593 4.7067174460 0.0000000000
10.3770764150 0.5000000000 3.5272313195 8.5568285768 4.7066267129 0.0000000000
10.3785539310 0.5000000000 3.5272529746 8.5563819200 4.7065346707 0.0000000000
10.3800313912 0.5000000000 3.5272747204 8.5559341208 4.7064425343 0.0000000000
10.3815090802 0.5000000000 3.5272967260 8.5554911680 4.7063533756 0.0000000000
10.3829870311 0.5000000000 3.5273188730 8.5550537228 4.7062669853 0.0000000000
10.3844648478 0.5000000000 3.5273405567 8.5546133484 4.7061775704 0.0000000000
10.3859422168 0.5000000000 3.5273616819 8.5541634993 4.7060821318 0.0000000000
10.3874192820 0.5000000000 3.5273842086 8.5537078384 4.7059899742 0.0000000000
10.3888962714 0.5000000000 3.5274101029 8.5532517871 4.7059111308 0.0000000000
10.3903732368 0.5000000000 3.5274374335 8.5527957713 4.7058380469 0.0000000000
10.3918501441 0.5000000000 3.5274624841 8.5523378368 4.7057550755 0.0000000000
10.3933270085 0.5000000000 3.5274846463 8.5518780547 4.7056598116 0.0000000000
10.3948038912 0.5000000000 3.5275062844 8.5514184167 4.7055625087 0.0000000000
10.3962807272 0.5000000000 3.5275287884 8.5509581229 4.7054684071 0.0000000000
10.3977572271 0.5000000000 3.5275516258 8.5504913300 4.7053730393 0.0000000000
10.3992332418 0.5000000000 3.5275742961 8.5500149609 4.7052731732 0.0000000000
10.4007091509 0.5000000000 3.5275970339 8.5495365367 4.7051727548 0.0000000000
10.4021853632 0.5000000000 3.5276200939 8.5490641495 4.7050760395 0.0000000000
10.4036618285 0.5000000000 3.5276429730 8.5485966218 4.7049805451 0.0000000000
10.4051383219 0.5000000000 3.5276650810 8.5481293278 4.7048820595 0.0000000000
10.4066145484 0.5000000000 3.5276878902 8.5476570859 4.7047843996 0.0000000000
10.4080901945 0.5000000000 3.5277139749 8.5471747840 4.7046958176 0.0000000000
10.4095654622 0.5000000000 3.5277424492 8.5466860085 4.7046142044 0.0000000000
10.4110410376 0.5000000000 3.5277691437 8.5462024921 4.7045275762 0.0000000000
10.4125170374 0.5000000000 3.5277925071 8.5457259874 4.7044304277 0.0000000000
10.4139927297 0.5000000000 3.5278149618 8.5452433788 4.7043272030 0.0000000000
10.4154677895 0.5000000000 3.5278382767 8.5447490455 4.7042227295 0.0000000000
10.4169428950 0.5000000000 3.5278621764 8.5442557167 4.7041209964 0.0000000000
10.4184185036 0.5000000000 3.5278861111 8.5437718837 4.7040232023 0.0000000000
10.4198940075 0.5000000000 3.5279094909 8.5432859487 4.7039223476 0.0000000000
10.4213688422 0.5000000000 3.5279322684 8.5427872827 4.7038139909 0.0000000000
10.4228434951 0.5000000000 3.5279567494 8.5422857405 4.7037112980 0.0000000000
10.4243185719 0.5000000000 3.5279850183 8.5417933401 4.7036274137 0.0000000000
10.4257937370 0.5000000000 3.5280142361 8.5413029307 4.7035481210 0.0000000000
10.4272684062 0.5000000000 3.5280403635 8.5408023252 4.7034523886 0.0000000000
10.4287426712 0.5000000000 3.5280636623 8.5402933091 4.7033419773 0.0000000000
10.4302168981 0.5000000000 3.5280863743 8.5397834148 4.7032288676 0.0000000000
10.4316911092 0.5000000000 3.5281108416 8.5392738565 4.7031229134 0.0000000000
10.4331651496 0.5000000000 3.5281391054 8.5387624668 4.7030314127 0.0000000000
10.4346390531 0.5000000000 3.5281690158 8.5382491360 4.7029457220 0.0000000000
10.4361129643 0.5000000000 3.5281959883 8.5377349703 4.7028479456 0.0000000000
10.4375868165 0.5000000000 3.5282199767 8.5372187874 4.7027374261 0.0000000000
10.4390604121 0.5000000000 3.5282441829 8.5366981204 4.7026259839 0.0000000000
10.4405340034 0.5000000000 3.5282691461 8.5361776137 4.7025176344 0.0000000000
10.4420081563 0.5000000000 3.5282933271 8.5356667976 4.7024100316 0.0000000000
10.4434824505 0.5000000000 3.5283178803 8.5351586827 4.7023049987 0.0000000000
10.4449556817 0.5000000000 3.5283460900 8.5346331286 4.7022076159 0.0000000000
10.4464279764 0.5000000000 3.5283767913 8.5340919050 4.7021139316 0.0000000000
10.4479005975 0.5000000000 3.5284050595 8.5335555078 4.7020124456 0.0000000000
10.4493737944 0.5000000000 3.5284298047 8.5330279848 4.7019004172 0.0000000000
10.4508469242 0.5000000000 3.5284534175 8.5324989317 4.7017832471 0.0000000000
10.4523197904 0.5000000000 3.5284786540 8.5319658209 4.7016709488 0.0000000000
10.4537925782 0.5000000000 3.5285081434 8.5314327191 4.7015756655 0.0000000000
10.4552652037 0.5000000000 3.5285394062 8.5308974340 4.7014866029 0.0000000000
10.4567373832 0.5000000000 3.5285665742 8.5303532551 4.7013776034 0.0000000000
10.4582090832 0.5000000000 3.5285914690 8.5298002389 4.7012559760 0.0000000000
10.4596804719 0.5000000000 3.5286206215 8.5292434055 4.7011498523 0.0000000000
10.4611519646 0.5000000000 3.5286523556 8.5286891662 4.7010550931 0.0000000000
10.4626240238 0.5000000000 3.5286806070 8.5281432670 4.7009497389 0.0000000000
10.4640962212 0.5000000000 3.5287055931 8.5275986298 4.7008318287 0.0000000000
10.4655677827 0.5000000000 3.5287306012 8.5270434165 4.7007097758 0.0000000000
10.4670387546 0.5000000000 3.5287573294 8.5264789558 4.7005909043 0.0000000000
10.4685095315 0.5000000000 3.5287867918 8.5259121697 4.7004820393 0.0000000000
10.4699805093 0.5000000000 3.5288200000 8.5253500000 4.7003900043 0.0000000000
