# logAge Mass logTe Mbol logg C/O
1.1601382577 0.5500000000 3.6406300000 0.1892250000 1.8545726895 0.0000000000
1.1982317145 0.5500000000 3.6406377573 0.1898310992 1.8548461585 0.0000000000
1.2363254610 0.5500000000 3.6406487585 0.1904597397 1.8551416192 0.0000000000
1.2744193886 0.5500000000 3.6406628444 0.1911213311 1.8554625995 0.0000000000
1.3125133887 0.5500000000 3.6406798561 0.1918262831 1.8558126270 0.0000000000
1.3506073530 0.5500000000 3.6406996345 0.1925850052 1.8561952297 0.0000000000
1.3887011727 0.5500000000 3.6407220207 0.1934079072 1.8566139353 0.0000000000
1.4267947394 0.5500000000 3.6407468557 0.1943053984 1.8570722715 0.0000000000
1.4648879445 0.5500000000 3.6407739803 0.1952878887 1.8575737661 0.0000000000
1.5029806794 0.5500000000 3.6408032356 0.1963657875 1.8581219469 0.0000000000
1.5410728357 0.5500000000 3.6408344626 0.1975495045 1.8587203417 0.0000000000
1.5791643047 0.5500000000 3.6408675022 0.1988494494 1.8593724782 0.0000000000
1.6172549780 0.5500000000 3.6409021955 0.2002760316 1.8600818842 0.0000000000
1.6553447470 0.5500000000 3.6409383834 0.2018396609 1.8608520876 0.0000000000
1.6934335030 0.5500000000 3.6409759083 0.2035507444 1.8616866204 0.0000000000
1.7315211185 0.5500000000 3.6410151544 0.2054187544 1.8625908090 0.0000000000
1.7696074171 0.5500000000 3.6410578790 0.2074507946 1.8635745232 0.0000000000
1.8076922151 0.5500000000 3.6411060530 0.2096535993 1.8646483413 0.0000000000
1.8457753282 0.5500000000 3.6411616417 0.2120339382 1.8658228316 0.0000000000
1.8838564465 0.5500000000 3.6412253014 0.2146062789 1.8671064068 0.0000000000
1.9219349773 0.5500000000 3.6412947460 0.2174023974 1.8685026324 0.0000000000
1.9600102895 0.5500000000 3.6413672875 0.2204564322 1.8700144126 0.0000000000
1.9980817668 0.5500000000 3.6414412690 0.2237985287 1.8716471771 0.0000000000
2.0361488590 0.5500000000 3.6415196418 0.2274409794 1.8734176483 0.0000000000
2.0742110339 0.5500000000 3.6416066359 0.2313911144 1.8753456788 0.0000000000
2.1122676140 0.5500000000 3.6417041899 0.2356629630 1.8774446344 0.0000000000
2.1503175812 0.5500000000 3.6418088595 0.2402862904 1.8797126436 0.0000000000
2.1883598193 0.5500000000 3.6419171171 0.2452937935 1.8821486752 0.0000000000
2.2263927218 0.5500000000 3.6420323161 0.2507249146 1.8847819198 0.0000000000
2.2644144184 0.5500000000 3.6421615402 0.2566221784 1.8876577217 0.0000000000
2.3024235300 0.5500000000 3.6423055719 0.2630058681 1.8907873243 0.0000000000
2.3404192042 0.5500000000 3.6424582888 0.2698721870 1.8941447195 0.0000000000
2.3783995820 0.5500000000 3.6426196686 0.2772459716 1.8977397525 0.0000000000
2.4163613728 0.5500000000 3.6427983283 0.2851930893 1.9016332383 0.0000000000
2.4543010422 0.5500000000 3.6429940129 0.2937742540 1.9058484426 0.0000000000
2.4922149128 0.5500000000 3.6431957119 0.3030391243 1.9103611868 0.0000000000
2.5300997437 0.5500000000 3.6434061506 0.3130184858 1.9151946862 0.0000000000
2.5679524411 0.5500000000 3.6436375811 0.3237317142 1.9204056996 0.0000000000
2.6057682871 0.5500000000 3.6438848323 0.3352249201 1.9259919867 0.0000000000
2.6435428201 0.5500000000 3.6441411100 0.3475366166 1.9319417759 0.0000000000
2.6812742974 0.5500000000 3.6444179496 0.3606499479 1.9382944672 0.0000000000
2.7189552914 0.5500000000 3.6447190176 0.3746339790 1.9450923514 0.0000000000
2.7565737785 0.5500000000 3.6450365156 0.3896281518 1.9523600125 0.0000000000
2.7941319358 0.5500000000 3.6453706137 0.4055444070 1.9600629070 0.0000000000
2.8316239506 0.5500000000 3.6457225606 0.4223987159 1.9682124184 0.0000000000
2.8690317852 0.5500000000 3.6460927341 0.4403822885 1.9768865412 0.0000000000
2.9063576217 0.5500000000 3.6464868113 0.4594008667 1.9860702816 0.0000000000
2.9435908804 0.5500000000 3.6468918006 0.4795149172 1.9957358588 0.0000000000
2.9807337575 0.5500000000 3.6473302140 0.5006479966 2.0059427440 0.0000000000
3.0177800647 0.5500000000 3.6478055405 0.5228063063 2.0167073739 0.0000000000
3.0547050945 0.5500000000 3.6482784034 0.5461978847 2.0279554570 0.0000000000
3.0915154279 0.5500000000 3.6487750075 0.5706897647 2.0397386252 0.0000000000
3.1282028017 0.5500000000 3.6492981812 0.5963048472 2.0520773530 0.0000000000
3.1647500936 0.5500000000 3.6498340821 0.6231403594 2.0649551618 0.0000000000
3.2011750923 0.5500000000 3.6503979246 0.6509935949 2.0783518261 0.0000000000
3.2374494550 0.5500000000 3.6509583974 0.6800483842 2.0922156328 0.0000000000
3.2735792144 0.5500000000 3.6515492378 0.7102045833 2.1066414740 0.0000000000
3.3095683544 0.5500000000 3.6521486409 0.7413943985 2.1215150123 0.0000000000
3.3453988332 0.5500000000 3.6527694662 0.7737016043 2.1369211961 0.0000000000
3.3810817248 0.5500000000 3.6533965273 0.8070133877 2.1527541536 0.0000000000
3.4166111246 0.5500000000 3.6540322644 0.8413352754 2.1690258572 0.0000000000
3.4519867494 0.5500000000 3.6546809168 0.8766345115 2.1857401612 0.0000000000
3.4872089098 0.5500000000 3.6553468514 0.9128769971 2.2029008939 0.0000000000
3.5222712709 0.5500000000 3.6560073615 0.9500764072 2.2204226985 0.0000000000
3.5571971497 0.5500000000 3.6566862033 0.9880682977 2.2383348216 0.0000000000
3.5919607270 0.5500000000 3.6573568715 1.0269800666 2.2565822020 0.0000000000
3.6265878403 0.5500000000 3.6580358302 1.0666441434 2.2751636675 0.0000000000
3.6610640998 0.5500000000 3.6587128814 1.1071215076 2.2940628181 0.0000000000
3.6954073060 0.5500000000 3.6593992420 1.1482988111 2.3132791820 0.0000000000
3.7296064232 0.5500000000 3.6600787519 1.1902199039 2.3327656586 0.0000000000
3.7636847388 0.5500000000 3.6607646563 1.2327506043 2.3525215566 0.0000000000
3.7976211202 0.5500000000 3.6614303743 1.2759866585 2.3724788502 0.0000000000
3.8314390032 0.5500000000 3.6621045290 1.3197982622 2.3927001105 0.0000000000
3.8651451319 0.5500000000 3.6627737324 1.3641456734 2.4131158883 0.0000000000
3.8987250788 0.5500000000 3.6634323460 1.4090882041 2.4337273551 0.0000000000
3.9321928378 0.5500000000 3.6640805710 1.4545516457 2.4545056318 0.0000000000
3.9655537597 0.5500000000 3.6647166363 1.5005043008 2.4754309549 0.0000000000
3.9987995691 0.5500000000 3.6653394404 1.5469766892 2.4965111266 0.0000000000
4.0319055648 0.5500000000 3.6659283687 1.5940714541 2.5177047458 0.0000000000
4.0649170257 0.5500000000 3.6664950001 1.6415808696 2.5389750378 0.0000000000
4.0978448816 0.5500000000 3.6670556234 1.6894520615 2.5603660076 0.0000000000
4.1306822540 0.5500000000 3.6676007238 1.7377112154 2.5818500711 0.0000000000
4.1634474724 0.5500000000 3.6681372847 1.7862764918 2.6034224249 0.0000000000
4.1961296491 0.5500000000 3.6686522803 1.8351916826 2.6250484838 0.0000000000
4.2287389875 0.5500000000 3.6691571572 1.8844104260 2.6467554887 0.0000000000
4.2612890368 0.5500000000 3.6696479305 1.9338749089 2.6685043752 0.0000000000
4.2937602155 0.5500000000 3.6701122309 1.9836637835 2.6902771263 0.0000000000
4.3261711678 0.5500000000 3.6705603106 2.0336982682 2.7120832391 0.0000000000
4.3585337585 0.5500000000 3.6709900486 2.0839290596 2.7338945077 0.0000000000
4.3908464967 0.5500000000 3.6713988841 2.1343610897 2.7557026618 0.0000000000
4.4231319953 0.5500000000 3.6717970180 2.1849026108 2.7775118060 0.0000000000
4.4553919026 0.5500000000 3.6721684223 2.2355473739 2.7992553284 0.0000000000
4.4876442078 0.5500000000 3.6725098299 2.2862237523 2.8208915101 0.0000000000
4.5199295494 0.5500000000 3.6728356033 2.3367691243 2.8424127523 0.0000000000
4.5522817481 0.5500000000 3.6731407780 2.3870473002 2.8637447214 0.0000000000
4.5847613742 0.5500000000 3.6734109635 2.4368105006 2.8847307439 0.0000000000
4.6174584790 0.5500000000 3.6736557300 2.4856755866 2.9052558440 0.0000000000
4.6504774438 0.5500000000 3.6738745684 2.5331675711 2.9251279916 0.0000000000
4.6839619668 0.5500000000 3.6740663979 2.5785741628 2.9440579464 0.0000000000
4.7180690021 0.5500000000 3.6742276173 2.6209836527 2.9616666196 0.0000000000
4.7529405218 0.5500000000 3.6743587676 2.6593031426 2.9775190168 0.0000000000
4.7886332792 0.5500000000 3.6744590364 2.6925559037 2.9912211964 0.0000000000
4.8250875305 0.5500000000 3.6745335675 2.7201705540 3.0025651812 0.0000000000
4.8621418638 0.5500000000 3.6745919289 2.7422492543 3.0116301067 0.0000000000
4.8995895532 0.5500000000 3.6746294696 2.7597072421 3.0187634648 0.0000000000
4.9372718132 0.5500000000 3.6746550915 2.7736801314 3.0244551079 0.0000000000
4.9750738547 0.5500000000 3.6746800315 2.7854634736 3.0292682051 0.0000000000
5.0129224901 0.5500000000 3.6747023247 2.7962750845 3.0336820221 0.0000000000
5.0507773205 0.5500000000 3.6747152166 2.8069509682 3.0380039433 0.0000000000
5.0886022658 0.5500000000 3.6747398410 2.8182692246 3.0426297433 0.0000000000
5.1263597774 0.5500000000 3.6747539249 2.8309148121 3.0477443138 0.0000000000
5.1640072429 0.5500000000 3.6747740592 2.8454703228 3.0536470555 0.0000000000
5.2014790520 0.5500000000 3.6748014591 2.8626253034 3.0606186472 0.0000000000
5.2386667029 0.5500000000 3.6748184828 2.8832906833 3.0689528940 0.0000000000
5.2754008178 0.5500000000 3.6748394366 2.9085260782 3.0791308673 0.0000000000
5.3113786813 0.5500000000 3.6748547508 2.9398263731 3.0917122418 0.0000000000
5.3460656700 0.5500000000 3.6748685365 2.9791631409 3.1075020917 0.0000000000
5.3786275227 0.5500000000 3.6748575543 3.0285187161 3.1272003931 0.0000000000
5.4079948086 0.5500000000 3.6748108172 3.0890816907 3.1512386347 0.0000000000
5.4335132180 0.5500000000 3.6747203453 3.1597135543 3.1791294923 0.0000000000
5.4556771460 0.5500000000 3.6745609839 3.2371400409 3.2094626413 0.0000000000
5.4760522285 0.5500000000 3.6743295814 3.3176053429 3.2407231521 0.0000000000
5.4963131821 0.5500000000 3.6740216441 3.3982511658 3.2717497321 0.0000000000
5.5172265375 0.5500000000 3.6736562300 3.4778463108 3.3021261337 0.0000000000
5.5388407481 0.5500000000 3.6732084624 3.5562600520 3.3317005601 0.0000000000
5.5611147658 0.5500000000 3.6727078856 3.6335094308 3.3605980040 0.0000000000
5.5839895940 0.5500000000 3.6721404737 3.7096512542 3.3887850861 0.0000000000
5.6074180350 0.5500000000 3.6715159518 3.7847306952 3.4163187749 0.0000000000
5.6313574094 0.5500000000 3.6708245758 3.8587926285 3.4431780442 0.0000000000
5.6557572540 0.5500000000 3.6700687083 3.9319051054 3.4693995647 0.0000000000
5.6806001683 0.5500000000 3.6692756825 4.0040765026 3.4950960207 0.0000000000
5.7058870161 0.5500000000 3.6684521608 4.0752758666 3.5202816793 0.0000000000
5.7315272844 0.5500000000 3.6675733596 4.1456770122 3.5449269326 0.0000000000
5.7574798468 0.5500000000 3.6666342026 4.2153545983 3.5690413393 0.0000000000
5.7837142302 0.5500000000 3.6656398559 4.2843645059 3.5926679153 0.0000000000
5.8101665389 0.5500000000 3.6645822386 4.3528469259 3.6158304142 0.0000000000
5.8368296430 0.5500000000 3.6634630040 4.4208102303 3.6385387978 0.0000000000
5.8636627805 0.5500000000 3.6622631961 4.4883456153 3.6607537199 0.0000000000
5.8906216800 0.5500000000 3.6609954370 4.5555592341 3.6825681311 0.0000000000
5.9176824180 0.5500000000 3.6596355194 4.6225055627 3.7039069922 0.0000000000
5.9448319289 0.5500000000 3.6581909277 4.6892155875 3.7248126354 0.0000000000
5.9721210244 0.5500000000 3.6566989849 4.7555622689 3.7453835368 0.0000000000
5.9995208828 0.5500000000 3.6551419808 4.8216135966 3.7655760513 0.0000000000
6.0270371066 0.5500000000 3.6535418321 4.8873554282 3.7854721893 0.0000000000
6.0546742234 0.5500000000 3.6518961336 4.9527724920 3.8050562208 0.0000000000
6.0824280758 0.5500000000 3.6502182658 5.0178747493 3.8243856524 0.0000000000
6.1103136090 0.5500000000 3.6485071792 5.0826189607 3.8434389905 0.0000000000
6.1383101333 0.5500000000 3.6467645314 5.1470578627 3.8622439600 0.0000000000
6.1665165152 0.5500000000 3.6450360157 5.2109236777 3.8808762236 0.0000000000
6.1949411157 0.5500000000 3.6433457124 5.2741888520 3.8994210797 0.0000000000
6.2236070182 0.5500000000 3.6416941840 5.3367767865 3.9178501399 0.0000000000
6.2524910716 0.5500000000 3.6400877211 5.3987409386 3.9362099494 0.0000000000
6.2815812583 0.5500000000 3.6385194722 5.4601067660 3.9544832846 0.0000000000
6.3107870506 0.5500000000 3.6369581326 5.5211294568 3.9726470026 0.0000000000
6.3399891912 0.5500000000 3.6353484348 5.5821544614 3.9906182131 0.0000000000
6.3691245958 0.5500000000 3.6336716009 5.6433672392 4.0083959888 0.0000000000
6.3980056108 0.5500000000 3.6318311531 5.7052927727 4.0258044110 0.0000000000
6.4279349928 0.5500000000 3.6304261424 5.7641059852 4.0437096532 0.0000000000
6.4583696481 0.5500000000 3.6292298883 5.8213056156 4.0618044888 0.0000000000
6.4891354230 0.5500000000 3.6281680122 5.8774053058 4.0799968608 0.0000000000
6.5201196252 0.5500000000 3.6271965788 5.9327592084 4.0982526882 0.0000000000
6.5512883297 0.5500000000 3.6263036193 5.9874704621 4.1165653515 0.0000000000
6.5826668385 0.5500000000 3.6254958613 6.0414343470 4.1349198736 0.0000000000
6.6142784008 0.5500000000 3.6247993804 6.0945523723 4.1533811600 0.0000000000
6.6460299454 0.5500000000 3.6241655898 6.1471508186 4.1718853763 0.0000000000
6.6779391440 0.5500000000 3.6235918822 6.1991538415 4.1903917550 0.0000000000
6.7099995051 0.5500000000 3.6230882811 6.2505771350 4.2089466678 0.0000000000
6.7422410013 0.5500000000 3.6226695480 6.3012922569 4.2275577843 0.0000000000
6.7746477072 0.5500000000 3.6223207770 6.3513485544 4.2461852192 0.0000000000
6.8072258284 0.5500000000 3.6220489860 6.4007075168 4.2648416402 0.0000000000
6.8399848603 0.5500000000 3.6218568463 6.4493145830 4.2835159079 0.0000000000
6.8729371766 0.5500000000 3.6217567592 6.4970997834 4.3022296396 0.0000000000
6.9061114726 0.5500000000 3.6217638249 6.5439156841 4.3209842628 0.0000000000
6.9395151839 0.5500000000 3.6218792082 6.5896995864 4.3397593567 0.0000000000
6.9731687933 0.5500000000 3.6221131431 6.6343215604 4.3585438860 0.0000000000
7.0070933554 0.5500000000 3.6224887814 6.6776359547 4.3773721968 0.0000000000
7.0413117914 0.5500000000 3.6230122696 6.7194700080 4.3961997711 0.0000000000
7.0758793198 0.5500000000 3.6237368118 6.7594498540 4.4150898784 0.0000000000
7.1108003171 0.5500000000 3.6246638974 6.7974323540 4.4339912207 0.0000000000
7.1460998731 0.5500000000 3.6258192258 6.8331154829 4.4528857858 0.0000000000
7.1818797263 0.5500000000 3.6273175725 6.8655887354 4.4718684737 0.0000000000
7.2180365384 0.5500000000 3.6291127994 6.8952321673 4.4909067539 0.0000000000
7.2545849544 0.5500000000 3.6312248382 6.9215562056 4.5098845244 0.0000000000
7.2915058292 0.5500000000 3.6337103261 6.9441523315 4.5288649263 0.0000000000
7.3287893524 0.5500000000 3.6366069455 6.9622722107 4.5476993556 0.0000000000
7.3663862862 0.5500000000 3.6400148793 6.9749540191 4.5664038143 0.0000000000
7.4041792091 0.5500000000 3.6439939080 6.9815340466 4.5849519402 0.0000000000
7.4419992735 0.5500000000 3.6484965074 6.9821195121 4.6031965240 0.0000000000
7.4796278206 0.5500000000 3.6536923954 6.9752082825 4.6212155842 0.0000000000
7.5168359274 0.5500000000 3.6595954859 6.9611711905 4.6392131092 0.0000000000
7.5538096096 0.5500000000 3.6658394695 6.9443654426 4.6574667446 0.0000000000
7.5907291346 0.5500000000 3.6722438219 6.9272222978 4.6762268961 0.0000000000
7.6282696976 0.5500000000 3.6777949560 6.9194831892 4.6953357892 0.0000000000
7.6660792391 0.5500000000 3.6824054609 6.9208777091 4.7143356167 0.0000000000
7.7036445321 0.5500000000 3.6860578159 6.9332208575 4.7338822960 0.0000000000
7.7394836601 0.5500000000 3.6878218013 6.9647674006 4.7535568548 0.0000000000
7.7718103384 0.5500000000 3.6873287782 7.0150084637 4.7716811876 0.0000000000
7.8009915163 0.5500000000 3.6852395279 7.0759626714 4.7877058696 0.0000000000
7.8287615457 0.5500000000 3.6821949714 7.1407084128 4.8014259401 0.0000000000
7.8575838571 0.5500000000 3.6787300000 7.2023250000 4.8122126895 0.0000000000
7.8811790697 0.5500000000 3.6761700000 7.2409750000 4.8174326895 0.0000000000
7.8916506780 0.5500000000 3.6752687206 7.2531965884 4.8187162072 0.0000000000
7.9024909752 0.5500000000 3.6744449126 7.2632056692 4.8194246076 0.0000000000
7.9136426549 0.5500000000 3.6737028184 7.2709690946 4.8195616008 0.0000000000
7.9250420718 0.5500000000 3.6731221027 7.2759563271 4.8192336311 0.0000000000
7.9366043796 0.5500000000 3.6728050131 7.2776472303 4.8186416341 0.0000000000
7.9482023138 0.5500000000 3.6726135865 7.2776461827 4.8178755087 0.0000000000
7.9597812896 0.5500000000 3.6724770974 7.2768401460 4.8170071376 0.0000000000
7.9713508419 0.5500000000 3.6724100895 7.2752609473 4.8161074262 0.0000000000
7.9829146881 0.5500000000 3.6723818963 7.2733213539 4.8152188164 0.0000000000
7.9944759873 0.5500000000 3.6723652453 7.2713654857 4.8143698648 0.0000000000
8.0060395066 0.5500000000 3.6723539192 7.2695000065 4.8135783690 0.0000000000
8.0176077818 0.5500000000 3.6723437431 7.2678059935 4.8128600593 0.0000000000
8.0291812921 0.5500000000 3.6723307654 7.2663537688 4.8122272587 0.0000000000
8.0407594184 0.5500000000 3.6723099588 7.2651561128 4.8116649698 0.0000000000
8.0523408986 0.5500000000 3.6722762433 7.2641882744 4.8111429725 0.0000000000
8.0639246754 0.5500000000 3.6722322088 7.2634127154 4.8106566108 0.0000000000
8.0755098487 0.5500000000 3.6721853759 7.2627839798 4.8102177849 0.0000000000
8.0870958141 0.5500000000 3.6721403109 7.2622595561 4.8098277555 0.0000000000
8.0986822414 0.5500000000 3.6720987270 7.2617999720 4.8094775864 0.0000000000
8.1102689168 0.5500000000 3.6720606094 7.2613806028 4.8091573682 0.0000000000
8.1218558157 0.5500000000 3.6720230563 7.2610030858 4.8088561489 0.0000000000
8.1334429265 0.5500000000 3.6719835032 7.2606700317 4.8085647152 0.0000000000
8.1450302048 0.5500000000 3.6719426152 7.2603752179 4.8082832373 0.0000000000
8.1566175968 0.5500000000 3.6719020578 7.2601096356 4.8080147749 0.0000000000
8.1682050610 0.5500000000 3.6718628271 7.2598646531 4.8077598592 0.0000000000
8.1797925709 0.5500000000 3.6718251472 7.2596320744 4.8075161081 0.0000000000
8.1913801015 0.5500000000 3.6717892528 7.2594039348 4.8072812748 0.0000000000
8.2029676316 0.5500000000 3.6717557063 7.2591735367 4.8070549295 0.0000000000
8.2145551416 0.5500000000 3.6717251930 7.2589346730 4.8068373308 0.0000000000
8.2261426245 0.5500000000 3.6716980836 7.2586851416 4.8066290806 0.0000000000
8.2377301044 0.5500000000 3.6716739743 7.2584325925 4.8064316235 0.0000000000
8.2493176099 0.5500000000 3.6716523339 7.2581861123 4.8062464700 0.0000000000
8.2609051598 0.5500000000 3.6716321411 7.2579523052 4.8060721760 0.0000000000
8.2724927592 0.5500000000 3.6716116770 7.2577342452 4.8059030957 0.0000000000
8.2840804110 0.5500000000 3.6715892404 7.2575343404 4.8057333871 0.0000000000
8.2956680876 0.5500000000 3.6715650592 7.2573441721 4.8055605953 0.0000000000
8.3072557285 0.5500000000 3.6715414764 7.2571434564 4.8053859777 0.0000000000
8.3188432736 0.5500000000 3.6715208750 7.2569119954 4.8052109877 0.0000000000
8.3304307209 0.5500000000 3.6715038195 7.2566482255 4.8050372575 0.0000000000
8.3420181316 0.5500000000 3.6714888926 7.2563708850 4.8048666139 0.0000000000
8.3536055693 0.5500000000 3.6714746027 7.2560994167 4.8047008671 0.0000000000
8.3651930457 0.5500000000 3.6714605920 7.2558389494 4.8045406371 0.0000000000
8.3767805014 0.5500000000 3.6714480673 7.2555748596 4.8043849024 0.0000000000
8.3883678723 0.5500000000 3.6714383471 7.2552911090 4.8042325217 0.0000000000
8.3999551189 0.5500000000 3.6714321459 7.2549778501 4.8040824133 0.0000000000
8.4115422585 0.5500000000 3.6714288280 7.2546390710 4.8039336298 0.0000000000
8.4231293157 0.5500000000 3.6714275745 7.2542806359 4.8037852418 0.0000000000
8.4347163153 0.5500000000 3.6714275667 7.2539084088 4.8036363198 0.0000000000
8.4463032819 0.5500000000 3.6714279859 7.2535282538 4.8034859345 0.0000000000
8.4578902402 0.5500000000 3.6714280132 7.2531460351 4.8033331564 0.0000000000
8.4694772150 0.5500000000 3.6714268300 7.2527676167 4.8031770562 0.0000000000
8.4810642309 0.5500000000 3.6714236175 7.2523988626 4.8030167044 0.0000000000
8.4926513127 0.5500000000 3.6714175568 7.2520456371 4.8028511717 0.0000000000
8.5042384850 0.5500000000 3.6714078310 7.2517137883 4.8026795289 0.0000000000
8.5158257568 0.5500000000 3.6713940242 7.2514053665 4.8025009330 0.0000000000
8.5274131012 0.5500000000 3.6713766409 7.2511137111 4.8023147375 0.0000000000
8.5390004862 0.5500000000 3.6713563140 7.2508309454 4.8021203236 0.0000000000
8.5505878779 0.5500000000 3.6713337364 7.2505488775 4.8019171861 0.0000000000
8.5621752219 0.5500000000 3.6713101941 7.2502561944 4.8017059438 0.0000000000
8.5737624518 0.5500000000 3.6712873122 7.2499397998 4.8014878582 0.0000000000
8.5853495016 0.5500000000 3.6712667168 7.2495866038 4.8012641981 0.0000000000
8.5969363493 0.5500000000 3.6712491552 7.2491923324 4.8010362432 0.0000000000
8.6085230800 0.5500000000 3.6712332442 7.2487740821 4.8008052991 0.0000000000
8.6201097951 0.5500000000 3.6712172839 7.2483521247 4.8005726750 0.0000000000
8.6316965903 0.5500000000 3.6711996667 7.2479457108 4.8003396405 0.0000000000
8.6432834753 0.5500000000 3.6711803352 7.2475569063 4.8001067929 0.0000000000
8.6548703877 0.5500000000 3.6711605202 7.2471735020 4.7998741712 0.0000000000
8.6664572628 0.5500000000 3.6711414914 7.2467828556 4.7996417975 0.0000000000
8.6780440433 0.5500000000 3.6711243852 7.2463739551 4.7994098124 0.0000000000
8.6896307083 0.5500000000 3.6711096545 7.2459441445 4.7991789652 0.0000000000
8.7012172484 0.5500000000 3.6710975337 7.2454934372 4.7989501993 0.0000000000
8.7128036546 0.5500000000 3.6710882552 7.2450218581 4.7987244535 0.0000000000
8.7243899329 0.5500000000 3.6710816583 7.2445312406 4.7985018191 0.0000000000
8.7359761223 0.5500000000 3.6710767424 7.2440272879 4.7982805741 0.0000000000
8.7475622659 0.5500000000 3.6710723982 7.2435162020 4.7980587629 0.0000000000
8.7591484055 0.5500000000 3.6710675473 7.2430040063 4.7978344812 0.0000000000
8.7707345502 0.5500000000 3.6710618855 7.2424922216 4.7976071202 0.0000000000
8.7823206743 0.5500000000 3.6710559229 7.2419776324 4.7973774340 0.0000000000
8.7939067509 0.5500000000 3.6710502083 7.2414567979 4.7971462417 0.0000000000
8.8054927528 0.5500000000 3.6710452904 7.2409262775 4.7969143620 0.0000000000
8.8170786529 0.5500000000 3.6710417180 7.2403826305 4.7966826139 0.0000000000
8.8286644241 0.5500000000 3.6710400401 7.2398224162 4.7964518162 0.0000000000
8.8402500431 0.5500000000 3.6710407492 7.2392427075 4.7962227694 0.0000000000
8.8518355353 0.5500000000 3.6710436607 7.2386467942 4.7959960500 0.0000000000
8.8634209580 0.5500000000 3.6710481394 7.2380420976 4.7957720860 0.0000000000
8.8750063637 0.5500000000 3.6710536024 7.2374354497 4.7955512790 0.0000000000
8.8865917363 0.5500000000 3.6710602373 7.2368252371 4.7953337334 0.0000000000
8.8981770121 0.5500000000 3.6710687617 7.2362040304 4.7951193483 0.0000000000
8.9097621334 0.5500000000 3.6710796429 7.2355651533 4.7949073223 0.0000000000
8.9213470826 0.5500000000 3.6710918226 7.2349070050 4.7946927820 0.0000000000
8.9329318567 0.5500000000 3.6711037145 7.2342298498 4.7944694875 0.0000000000
8.9445164689 0.5500000000 3.6711153483 7.2335356550 4.7942383448 0.0000000000
8.9561009583 0.5500000000 3.6711293363 7.2328291042 4.7940116762 0.0000000000
8.9676853644 0.5500000000 3.6711473838 7.2321146904 4.7937981007 0.0000000000
8.9792697174 0.5500000000 3.6711660483 7.2313949445 4.7935848604 0.0000000000
8.9908540328 0.5500000000 3.6711812292 7.2306707818 4.7933559191 0.0000000000
9.0024382239 0.5500000000 3.6711954311 7.2299343228 4.7931181432 0.0000000000
9.0140221703 0.5500000000 3.6712138215 7.2291748933 4.7928879328 0.0000000000
9.0256059141 0.5500000000 3.6712357980 7.2283967076 4.7926645645 0.0000000000
9.0371895830 0.5500000000 3.6712580246 7.2276117798 4.7924394997 0.0000000000
9.0487732704 0.5500000000 3.6712806414 7.2268285558 4.7922166773 0.0000000000
9.0603569592 0.5500000000 3.6713045886 7.2260454473 4.7919992228 0.0000000000
9.0719402874 0.5500000000 3.6713282435 7.2252303200 4.7917677914 0.0000000000
9.0835231528 0.5500000000 3.6713532603 7.2243747873 4.7915256457 0.0000000000
9.0951059046 0.5500000000 3.6713854205 7.2235111721 4.7913088402 0.0000000000
9.1066885348 0.5500000000 3.6714182010 7.2226378622 4.7910906385 0.0000000000
9.1182709367 0.5500000000 3.6714456784 7.2217445310 4.7908432157 0.0000000000
9.1298531987 0.5500000000 3.6714739186 7.2208400214 4.7905943723 0.0000000000
9.1414355491 0.5500000000 3.6715059157 7.2199437276 4.7903638434 0.0000000000
9.1530180652 0.5500000000 3.6715343546 7.2190595852 4.7901239420 0.0000000000
9.1646002727 0.5500000000 3.6715582643 7.2181500582 4.7898557700 0.0000000000
9.1761812757 0.5500000000 3.6715998516 7.2171531482 4.7896233551 0.0000000000
9.1877618115 0.5500000000 3.6716358212 7.2161208480 4.7893543135 0.0000000000
9.1993427357 0.5500000000 3.6716776709 7.2151183849 4.7891207271 0.0000000000
9.2109234580 0.5500000000 3.6717187909 7.2141008790 4.7888782048 0.0000000000
9.2225030900 0.5500000000 3.6717611680 7.2130090674 4.7886109883 0.0000000000
9.2340824368 0.5500000000 3.6718064034 7.2118990100 4.7883479072 0.0000000000
9.2456616557 0.5500000000 3.6718509800 7.2107809061 4.7880789720 0.0000000000
9.2572408095 0.5500000000 3.6718991128 7.2096587709 4.7878226490 0.0000000000
9.2688191794 0.5500000000 3.6719461857 7.2084887178 4.7875429196 0.0000000000
9.2803962172 0.5500000000 3.6720042638 7.2072397153 4.7872756310 0.0000000000
9.2919743587 0.5500000000 3.6720516533 7.2060543181 4.7869910300 0.0000000000
9.3035511884 0.5500000000 3.6721090856 7.2047943436 4.7867167693 0.0000000000
9.3151272399 0.5500000000 3.6721700158 7.2034910813 4.7864391852 0.0000000000
9.3267030227 0.5500000000 3.6722276511 7.2021720716 4.7861421226 0.0000000000
9.3382784681 0.5500000000 3.6722859204 7.2008353769 4.7858405218 0.0000000000
9.3498530580 0.5500000000 3.6723535327 7.1994551439 4.7855588778 0.0000000000
9.3614271464 0.5500000000 3.6724176641 7.1980481209 4.7852525944 0.0000000000
9.3730008789 0.5500000000 3.6724822072 7.1966228714 4.7849406669 0.0000000000
9.3845733705 0.5500000000 3.6725527329 7.1951378826 4.7846287743 0.0000000000
9.3961458551 0.5500000000 3.6726213127 7.1936523933 4.7843088974 0.0000000000
9.4077176348 0.5500000000 3.6726836336 7.1921308794 4.7839495756 0.0000000000
9.4192883458 0.5500000000 3.6727582683 7.1905626120 4.7836208076 0.0000000000
9.4308586062 0.5500000000 3.6728300166 7.1889728863 4.7832719103 0.0000000000
9.4424271742 0.5500000000 3.6729029163 7.1873085018 4.7828977554 0.0000000000
9.4539954765 0.5500000000 3.6729796804 7.1856335809 4.7825348434 0.0000000000
9.4655626662 0.5500000000 3.6730585128 7.1839119244 4.7821615103 0.0000000000
9.4771286979 0.5500000000 3.6731382896 7.1821425900 4.7817728840 0.0000000000
9.4886944061 0.5500000000 3.6732158578 7.1803594972 4.7813699197 0.0000000000
9.5002580154 0.5500000000 3.6733037158 7.1784959806 4.7809759448 0.0000000000
9.5118203910 0.5500000000 3.6733922392 7.1765855268 4.7805658569 0.0000000000
9.5233813641 0.5500000000 3.6734826658 7.1746233239 4.7801426822 0.0000000000
9.5349417451 0.5500000000 3.6735751197 7.1726401127 4.7797192132 0.0000000000
9.5464997301 0.5500000000 3.6736696106 7.1705718606 4.7792698760 0.0000000000
9.5580561035 0.5500000000 3.6737665923 7.1684488759 4.7788086089 0.0000000000
9.5696116125 0.5500000000 3.6738755160 7.1663004466 4.7783849320 0.0000000000
9.5811646963 0.5500000000 3.6739779755 7.1640698748 4.7779025414 0.0000000000
9.5927164627 0.5500000000 3.6740815109 7.1617977497 4.7774078328 0.0000000000
9.6042663659 0.5500000000 3.6741881144 7.1594677290 4.7769022387 0.0000000000
9.6158132623 0.5500000000 3.6743071163 7.1570499402 4.7764111307 0.0000000000
9.6273590173 0.5500000000 3.6744190621 7.1545965312 4.7758775505 0.0000000000
9.6389019692 0.5500000000 3.6745434163 7.1520653111 4.7753624791 0.0000000000
9.6504422882 0.5500000000 3.6746711027 7.1494614725 4.7748316894 0.0000000000
9.6619797038 0.5500000000 3.6748009500 7.1467788641 4.7742780353 0.0000000000
9.6735152998 0.5500000000 3.6749332186 7.1440489747 4.7737151537 0.0000000000
9.6850480418 0.5500000000 3.6750594451 7.1412425409 4.7730974861 0.0000000000
9.6965781098 0.5500000000 3.6751877369 7.1383691578 4.7724613002 0.0000000000
9.7081057834 0.5500000000 3.6753199992 7.1354372879 4.7718176013 0.0000000000
9.7196292782 0.5500000000 3.6754658379 7.1324086096 4.7711894850 0.0000000000
9.7311504458 0.5500000000 3.6756059798 7.1293234027 4.7705159697 0.0000000000
9.7426668498 0.5500000000 3.6757486819 7.1261294964 4.7698092156 0.0000000000
9.7541793033 0.5500000000 3.6758924357 7.1228480935 4.7690716695 0.0000000000
9.7656875138 0.5500000000 3.6760525360 7.1194797512 4.7683647340 0.0000000000
9.7771916722 0.5500000000 3.6762040659 7.1160233180 4.7675882801 0.0000000000
9.7886901726 0.5500000000 3.6763711853 7.1124556446 4.7668296883 0.0000000000
9.8001838389 0.5500000000 3.6765419799 7.1087929484 4.7660477883 0.0000000000
9.8116725887 0.5500000000 3.6767161549 7.1050360576 4.7652417323 0.0000000000
9.8231547278 0.5500000000 3.6768941889 7.1011561854 4.7644019194 0.0000000000
9.8346313170 0.5500000000 3.6770765731 7.0971766134 4.7635396274 0.0000000000
9.8460928872 0.5500000000 3.6772640699 7.0929387950 4.7625944869 0.0000000000
9.8575561629 0.5500000000 3.6774625486 7.0887305622 4.7617051086 0.0000000000
9.8690141182 0.5500000000 3.6776579121 7.0844317207 4.7607670262 0.0000000000
9.8804637985 0.5500000000 3.6778516217 7.0799969604 4.7597679604 0.0000000000
9.8919060716 0.5500000000 3.6780513514 7.0754460035 4.7587464963 0.0000000000
9.9033389263 0.5500000000 3.6782606368 7.0707521258 4.7577060869 0.0000000000
9.9147640410 0.5500000000 3.6784731588 7.0659429332 4.7566324982 0.0000000000
9.9261779414 0.5500000000 3.6786928089 7.0609719094 4.7555226888 0.0000000000
9.9375820043 0.5500000000 3.6789145296 7.0558623098 4.7543657318 0.0000000000
9.9489746872 0.5500000000 3.6791421717 7.0505979994 4.7531705762 0.0000000000
9.9603555709 0.5500000000 3.6793870083 7.0451813918 4.7519832796 0.0000000000
9.9717221398 0.5500000000 3.6796317980 7.0395797199 4.7507217694 0.0000000000
9.9830772061 0.5500000000 3.6798809837 7.0338353832 4.7494207776 0.0000000000
9.9944174051 0.5500000000 3.6801384519 7.0279127233 4.7480815864 0.0000000000
10.0057407252 0.5500000000 3.6804111402 7.0217955829 4.7467254835 0.0000000000
10.0170494003 0.5500000000 3.6806836543 7.0155114587 4.7453018903 0.0000000000
10.0283370864 0.5500000000 3.6809798992 7.0090024787 4.7438832778 0.0000000000
10.0396104319 0.5500000000 3.6812635173 7.0023368253 4.7423514886 0.0000000000
10.0508642647 0.5500000000 3.6815666035 6.9954741855 4.7408187775 0.0000000000
10.0620973128 0.5500000000 3.6818756690 6.9884025403 4.7392263818 0.0000000000
10.0733055400 0.5500000000 3.6822021306 6.9810936158 4.7376086583 0.0000000000
10.0844906334 0.5500000000 3.6825346441 6.9735678906 4.7359284222 0.0000000000
10.0956429254 0.5500000000 3.6828745148 6.9657468494 4.7341594883 0.0000000000
10.1067675931 0.5500000000 3.6832221459 6.9576848833 4.7323252263 0.0000000000
10.1178668136 0.5500000000 3.6835907202 6.9494124500 4.7304905504 0.0000000000
10.1289271229 0.5500000000 3.6839710715 6.9408236448 4.7285764335 0.0000000000
10.1399633027 0.5500000000 3.6843492627 6.9320423702 4.7265766884 0.0000000000
10.1509532633 0.5500000000 3.6847530344 6.9229128145 4.7245399529 0.0000000000
10.1619056808 0.5500000000 3.6851634177 6.9135080650 4.7224195865 0.0000000000
10.1728150849 0.5500000000 3.6855900000 6.9038000000 4.7202426895 0.0000000000
10.1754635015 0.5500000000 3.6857000000 6.9014000000 4.7197226895 0.0000000000
10.1772181726 0.5500000000 3.6857655377 6.8997936245 4.7193422900 0.0000000000
10.1789713013 0.5500000000 3.6858400987 6.8981792789 4.7189947957 0.0000000000
10.1807223002 0.5500000000 3.6859100283 6.8965492652 4.7186225086 0.0000000000
10.1824752887 0.5500000000 3.6859803350 6.8949327627 4.7182571346 0.0000000000
10.1842233268 0.5500000000 3.6860552627 6.8932842909 4.7178974568 0.0000000000
10.1859714705 0.5500000000 3.6861219158 6.8916342492 4.7175040523 0.0000000000
10.1877186532 0.5500000000 3.6861993830 6.8899808590 4.7171525649 0.0000000000
10.1894625378 0.5500000000 3.6862746723 6.8883053505 4.7167835188 0.0000000000
10.1912037588 0.5500000000 3.6863451225 6.8866111944 4.7163876572 0.0000000000
10.1929490777 0.5500000000 3.6864241367 6.8849459600 4.7160376201 0.0000000000
10.1946902430 0.5500000000 3.6864899373 6.8832502378 4.7156225340 0.0000000000
10.1964326671 0.5500000000 3.6865697802 6.8815664997 4.7152684102 0.0000000000
10.1981725061 0.5500000000 3.6866437311 6.8798645063 4.7148834165 0.0000000000
10.1999115766 0.5500000000 3.6867164579 6.8781573074 4.7144914440 0.0000000000
10.2016482136 0.5500000000 3.6867960804 6.8764364873 4.7141216058 0.0000000000
10.2033816381 0.5500000000 3.6868714465 6.8746944938 4.7137262730 0.0000000000
10.2051117628 0.5500000000 3.6869474704 6.8729321191 4.7133254186 0.0000000000
10.2068378348 0.5500000000 3.6870270550 6.8711460939 4.7129293470 0.0000000000
10.2085636007 0.5500000000 3.6871084317 6.8693588589 4.7125399598 0.0000000000
10.2102933952 0.5500000000 3.6871847428 6.8675946269 4.7121395114 0.0000000000
10.2120203321 0.5500000000 3.6872589870 6.8658123942 4.7117235950 0.0000000000
10.2137491266 0.5500000000 3.6873458713 6.8640451018 4.7113642153 0.0000000000
10.2154738041 0.5500000000 3.6874197061 6.8622490577 4.7109411369 0.0000000000
10.2171986092 0.5500000000 3.6874966190 6.8604547074 4.7105310486 0.0000000000
10.2189185507 0.5500000000 3.6875791832 6.8586329601 4.7101326062 0.0000000000
10.2206389897 0.5500000000 3.6876549573 6.8568122946 4.7097074366 0.0000000000
10.2223549760 0.5500000000 3.6877359336 6.8549669257 4.7092931943 0.0000000000
10.2240669988 0.5500000000 3.6878205436 6.8530998254 4.7088847942 0.0000000000
10.2257872297 0.5500000000 3.6879012146 6.8512792201 4.7084792359 0.0000000000
10.2274990359 0.5500000000 3.6879786518 6.8494088314 4.7080408292 0.0000000000
10.2292132068 0.5500000000 3.6880613833 6.8475535408 4.7076296391 0.0000000000
10.2309233562 0.5500000000 3.6881461056 6.8456756393 4.7072173676 0.0000000000
10.2326304844 0.5500000000 3.6882280253 6.8437799519 4.7067867715 0.0000000000
10.2343369791 0.5500000000 3.6883120534 6.8418812723 4.7063634120 0.0000000000
10.2360399470 0.5500000000 3.6884009856 6.8399641937 4.7059523095 0.0000000000
10.2377385781 0.5500000000 3.6884781671 6.8380200705 4.7054833859 0.0000000000
10.2394426829 0.5500000000 3.6885662673 6.8361090198 4.7050713668 0.0000000000
10.2411423830 0.5500000000 3.6886548954 6.8341738286 4.7046518024 0.0000000000
10.2428403152 0.5500000000 3.6887315422 6.8322257779 4.7041791695 0.0000000000
10.2445370724 0.5500000000 3.6888210001 6.8302746814 4.7037565625 0.0000000000
10.2462316719 0.5500000000 3.6889092538 6.8283117502 4.7033244047 0.0000000000
10.2479187502 0.5500000000 3.6889974009 6.8263085481 4.7028757122 0.0000000000
10.2496086670 0.5500000000 3.6890863151 6.8243205361 4.7024361644 0.0000000000
10.2512980248 0.5500000000 3.6891665861 6.8223273697 4.7019599818 0.0000000000
10.2529859503 0.5500000000 3.6892532277 6.8203282778 4.7015069114 0.0000000000
10.2546707030 0.5500000000 3.6893415399 6.8183129665 4.7010540356 0.0000000000
10.2563531152 0.5500000000 3.6894300521 6.8162855112 4.7005971025 0.0000000000
10.2580338948 0.5500000000 3.6895261080 6.8142517781 4.7001678327 0.0000000000
10.2597087310 0.5500000000 3.6896179320 6.8121864475 4.6997089965 0.0000000000
10.2613847905 0.5500000000 3.6897060419 6.8101262512 4.6992373577 0.0000000000
10.2630581196 0.5500000000 3.6898066898 6.8080558792 4.6988118003 0.0000000000
10.2647297994 0.5500000000 3.6898954629 6.8059737096 4.6983340249 0.0000000000
10.2664005220 0.5500000000 3.6899853824 6.8038870628 4.6978590441 0.0000000000
10.2680662348 0.5500000000 3.6900838890 6.8017780412 4.6974094619 0.0000000000
10.2697306364 0.5500000000 3.6901838679 6.7996630004 4.6969633611 0.0000000000
10.2713884108 0.5500000000 3.6902782135 6.7975140768 4.6964811744 0.0000000000
10.2730499774 0.5500000000 3.6903725952 6.7953834727 4.6960064594 0.0000000000
10.2747063747 0.5500000000 3.6904683738 6.7932283169 4.6955275113 0.0000000000
10.2763616048 0.5500000000 3.6905626379 6.7910671565 4.6950401037 0.0000000000
10.2780186162 0.5500000000 3.6906629231 6.7889161955 4.6945808603 0.0000000000
10.2796647392 0.5500000000 3.6907630930 6.7867135545 4.6941004833 0.0000000000
10.2813151145 0.5500000000 3.6908624241 6.7845306584 4.6936246494 0.0000000000
10.2829642364 0.5500000000 3.6909636413 6.7823423858 4.6931542089 0.0000000000
10.2846088592 0.5500000000 3.6910582677 6.7801312627 4.6926482653 0.0000000000
10.2862515070 0.5500000000 3.6911646891 6.7779142605 4.6921871499 0.0000000000
10.2878892151 0.5500000000 3.6912601671 6.7756715586 4.6916719813 0.0000000000
10.2895262313 0.5500000000 3.6913670353 6.7734287783 4.6912023422 0.0000000000
10.2911598963 0.5500000000 3.6914663982 6.7711687334 4.6906957756 0.0000000000
10.2927969029 0.5500000000 3.6915711759 6.7689253431 4.6902175302 0.0000000000
10.2944216464 0.5500000000 3.6916758881 6.7666268277 4.6897169728 0.0000000000
10.2960467039 0.5500000000 3.6917862131 6.7643313556 4.6892400843 0.0000000000
10.2976675159 0.5500000000 3.6918878182 6.7620147730 4.6887198714 0.0000000000
10.2992870380 0.5500000000 3.6919978671 6.7596949193 4.6882321256 0.0000000000
10.3009071886 0.5500000000 3.6921030211 6.7573764374 4.6877253487 0.0000000000
10.3025266536 0.5500000000 3.6922032164 6.7550536225 4.6871970042 0.0000000000
10.3041408190 0.5500000000 3.6923153404 6.7527111001 4.6867084913 0.0000000000
10.3057483954 0.5500000000 3.6924255223 6.7503398663 4.6862007253 0.0000000000
10.3073618318 0.5500000000 3.6925344996 6.7479934587 4.6856980713 0.0000000000
10.3089677738 0.5500000000 3.6926362016 6.7456130912 4.6851527323 0.0000000000
10.3105726325 0.5500000000 3.6927464555 6.7432304534 4.6846406928 0.0000000000
10.3121737493 0.5500000000 3.6928563895 6.7408322563 4.6841211502 0.0000000000
10.3137690430 0.5500000000 3.6929707540 6.7384110329 4.6836101189 0.0000000000
10.3153640851 0.5500000000 3.6930849153 6.7359887091 4.6830978342 0.0000000000
10.3169595197 0.5500000000 3.6931945913 6.7335666265 4.6825677051 0.0000000000
10.3185484392 0.5500000000 3.6933037926 6.7311178337 4.6820249933 0.0000000000
10.3201317500 0.5500000000 3.6934116498 6.7286460909 4.6814677252 0.0000000000
10.3217154114 0.5500000000 3.6935329465 6.7261797087 4.6809663592 0.0000000000
10.3232978891 0.5500000000 3.6936402376 6.7237044341 4.6804054136 0.0000000000
10.3248752368 0.5500000000 3.6937612833 6.7212127839 4.6798929364 0.0000000000
10.3264524579 0.5500000000 3.6938692061 6.7187167709 4.6793262221 0.0000000000
10.3280231799 0.5500000000 3.6939895362 6.7161989051 4.6788003964 0.0000000000
10.3295930518 0.5500000000 3.6940984503 6.7136744420 4.6782262673 0.0000000000
10.3311593938 0.5500000000 3.6942163278 6.7111388488 4.6776835403 0.0000000000
10.3327239656 0.5500000000 3.6943365993 6.7085971355 4.6771479411 0.0000000000
10.3342801828 0.5500000000 3.6944535158 6.7060225686 4.6765857800 0.0000000000
10.3358416743 0.5500000000 3.6945680066 6.7034674110 4.6760216804 0.0000000000
10.3373963179 0.5500000000 3.6946839479 6.7008866250 4.6754531311 0.0000000000
10.3389448045 0.5500000000 3.6948039269 6.6982840038 4.6748919986 0.0000000000
10.3404923753 0.5500000000 3.6949235826 6.6956779166 4.6743281867 0.0000000000
10.3420391971 0.5500000000 3.6950421505 6.6930687308 4.6737587838 0.0000000000
10.3435829521 0.5500000000 3.6951630022 6.6904488792 4.6731942501 0.0000000000
10.3451172540 0.5500000000 3.6952785562 6.6877930242 4.6725941241 0.0000000000
10.3466511366 0.5500000000 3.6954041444 6.6851384446 4.6720346450 0.0000000000
10.3481859557 0.5500000000 3.6955306453 6.6824875584 4.6714802939 0.0000000000
10.3497150839 0.5500000000 3.6956443729 6.6798126487 4.6708652407 0.0000000000
10.3512363726 0.5500000000 3.6957705364 6.6771132733 4.6702901446 0.0000000000
10.3527601388 0.5500000000 3.6958971341 6.6744227911 4.6697203422 0.0000000000
10.3542764430 0.5500000000 3.6960104401 6.6717026444 4.6690855075 0.0000000000
10.3557914316 0.5500000000 3.6961441390 6.6689836038 4.6685326872 0.0000000000
10.3573007344 0.5500000000 3.6962693866 6.6662423422 4.6679371729 0.0000000000
10.3588095368 0.5500000000 3.6963872705 6.6634973308 4.6673107037 0.0000000000
10.3603170283 0.5500000000 3.6965133554 6.6607500150 4.6667161171 0.0000000000
10.3618184016 0.5500000000 3.6966384833 6.6579816018 4.6661092632 0.0000000000
10.3633101333 0.5500000000 3.6967743864 6.6551839917 4.6655338316 0.0000000000
10.3648071202 0.5500000000 3.6968990485 6.6524005850 4.6649191175 0.0000000000
10.3662994614 0.5500000000 3.6970243338 6.6496018758 4.6643007749 0.0000000000
10.3677860086 0.5500000000 3.6971490875 6.6467837523 4.6636725405 0.0000000000
10.3692715998 0.5500000000 3.6972833609 6.6439652785 4.6630822447 0.0000000000
10.3707495784 0.5500000000 3.6974088263 6.6411193464 4.6624457334 0.0000000000
10.3722202852 0.5500000000 3.6975439459 6.6382528002 4.6618395931 0.0000000000
10.3736957161 0.5500000000 3.6976683091 6.6353982836 4.6611952395 0.0000000000
10.3751635642 0.5500000000 3.6978046056 6.6325229187 4.6605902792 0.0000000000
10.3766294522 0.5500000000 3.6979356542 6.6296397581 4.6599612096 0.0000000000
10.3780881320 0.5500000000 3.6980648674 6.6267333677 4.6593155060 0.0000000000
10.3795489605 0.5500000000 3.6981980121 6.6238348360 4.6586886724 0.0000000000
10.3809977562 0.5500000000 3.6983330576 6.6208993171 4.6580546469 0.0000000000
10.3824474708 0.5500000000 3.6984644030 6.6179656339 4.6574065550 0.0000000000
10.3838970343 0.5500000000 3.6986011799 6.6150330706 4.6567806374 0.0000000000
10.3853326995 0.5500000000 3.6987336883 6.6120567358 4.6561201370 0.0000000000
10.3867738768 0.5500000000 3.6988742675 6.6090994464 4.6554995381 0.0000000000
10.3882090027 0.5500000000 3.6990023636 6.6061203160 4.6548202704 0.0000000000
10.3896381284 0.5500000000 3.6991415672 6.6031262993 4.6541794781 0.0000000000
10.3910657104 0.5500000000 3.6992801569 6.6001275264 4.6535343276 0.0000000000
10.3924864895 0.5500000000 3.6994184747 6.5971085356 4.6528800024 0.0000000000
10.3939049709 0.5500000000 3.6995567551 6.5940827760 4.6522228202 0.0000000000
10.3953170047 0.5500000000 3.6996945926 6.5910381333 4.6515563133 0.0000000000
10.3967295742 0.5500000000 3.6998327401 6.5879951481 4.6508917093 0.0000000000
10.3981320291 0.5500000000 3.6999688632 6.5849224134 4.6502071075 0.0000000000
10.3995373925 0.5500000000 3.7001184594 6.5818619824 4.6495813200 0.0000000000
10.4009308323 0.5500000000 3.7002538460 6.5787635271 4.6488834842 0.0000000000
10.4023274702 0.5500000000 3.7003904802 6.5756744166 4.6481943771 0.0000000000
10.4037070452 0.5500000000 3.7005345485 6.5725399891 4.6475168791 0.0000000000
10.4050891573 0.5500000000 3.7006822714 6.5694135455 4.6468571933 0.0000000000
10.4064736456 0.5500000000 3.7008276300 6.5662929894 4.6461904052 0.0000000000
10.4078490194 0.5500000000 3.7009672657 6.5631457126 4.6454900374 0.0000000000
10.4092199370 0.5500000000 3.7011086460 6.5599869381 4.6447920487 0.0000000000
10.4105896347 0.5500000000 3.7012577693 6.5568269179 4.6441245338 0.0000000000
10.4119531073 0.5500000000 3.7014077423 6.5536502960 4.6434537773 0.0000000000
10.4133117708 0.5500000000 3.7015450874 6.5504573534 4.6427259806 0.0000000000
10.4146655497 0.5500000000 3.7016948920 6.5472550252 4.6420442675 0.0000000000
10.4160182549 0.5500000000 3.7018435043 6.5440494178 4.6413564738 0.0000000000
10.4173645221 0.5500000000 3.7019915844 6.5408267221 4.6406597161 0.0000000000
10.4187036577 0.5500000000 3.7021390018 6.5375853495 4.6399528366 0.0000000000
10.4200416735 0.5500000000 3.7022867940 6.5343411921 4.6392463423 0.0000000000
10.4213784047 0.5500000000 3.7024361787 6.5310941957 4.6385450825 0.0000000000
10.4227029185 0.5500000000 3.7025898877 6.5278173582 4.6378491837 0.0000000000
10.4240294679 0.5500000000 3.7027478232 6.5245469171 4.6371727489 0.0000000000
10.4253504988 0.5500000000 3.7028916757 6.5212583902 4.6364327483 0.0000000000
10.4266643905 0.5500000000 3.7030488555 6.5179559326 4.6357404844 0.0000000000
10.4279743593 0.5500000000 3.7031981588 6.5146414832 4.6350119181 0.0000000000
10.4292776323 0.5500000000 3.7033581316 6.5113135959 4.6343206541 0.0000000000
10.4305793215 0.5500000000 3.7035130311 6.5079804197 4.6336069819 0.0000000000
10.4318744766 0.5500000000 3.7036652496 6.5046305842 4.6328759215 0.0000000000
10.4331680574 0.5500000000 3.7038237182 6.5012787304 4.6321690543 0.0000000000
10.4344549349 0.5500000000 3.7039817614 6.4979106402 4.6314539911 0.0000000000
10.4357349292 0.5500000000 3.7041397625 6.4945262199 4.6307322273 0.0000000000
10.4370133409 0.5500000000 3.7043064452 6.4911406771 4.6300447412 0.0000000000
10.4382858578 0.5500000000 3.7044617774 6.4877378859 4.6293049536 0.0000000000
10.4395481547 0.5500000000 3.7046310858 6.4843155239 4.6286132422 0.0000000000
10.4408096271 0.5500000000 3.7048015171 6.4808916132 4.6279254031 0.0000000000
10.4420694045 0.5500000000 3.7049610590 6.4774606501 4.6271911856 0.0000000000
10.4433179488 0.5500000000 3.7051388494 6.4740095752 4.6265219174 0.0000000000
10.4445654618 0.5500000000 3.7053059416 6.4705528401 4.6258075918 0.0000000000
10.4458086179 0.5500000000 3.7054737505 6.4670865366 4.6250923062 0.0000000000
10.4470459761 0.5500000000 3.7056398018 6.4636067165 4.6243645833 0.0000000000
10.4482754668 0.5500000000 3.7058177110 6.4601132087 4.6236788169 0.0000000000
10.4495052992 0.5500000000 3.7059816636 6.4566161211 4.6229357922 0.0000000000
10.4507275707 0.5500000000 3.7061584552 6.4531064719 4.6222390988 0.0000000000
10.4519467271 0.5500000000 3.7063260867 6.4495872556 4.6215019384 0.0000000000
10.4531589035 0.5500000000 3.7065068010 6.4460569490 4.6208126730 0.0000000000
10.4543654320 0.5500000000 3.7066726968 6.4425101242 4.6200575264 0.0000000000
10.4555700830 0.5500000000 3.7068509812 6.4389630186 4.6193518219 0.0000000000
10.4567691342 0.5500000000 3.7070275247 6.4354035696 4.6186342161 0.0000000000
10.4579645811 0.5500000000 3.7072040357 6.4318365238 4.6179134419 0.0000000000
10.4591533661 0.5500000000 3.7073797126 6.4282553180 4.6171836672 0.0000000000
10.4603370278 0.5500000000 3.7075548088 6.4246633734 4.6164472742 0.0000000000
10.4615180278 0.5500000000 3.7077297677 6.4210658967 4.6157081189 0.0000000000
10.4626962450 0.5500000000 3.7079031884 6.4174622515 4.6149603435 0.0000000000
10.4638638211 0.5500000000 3.7080866170 6.4138401374 4.6142452124 0.0000000000
10.4650301776 0.5500000000 3.7082597204 6.4102123690 4.6134865187 0.0000000000
10.4661934970 0.5500000000 3.7084389235 6.4065803943 4.6127505412 0.0000000000
10.4673471385 0.5500000000 3.7086150282 6.4029282439 4.6119940999 0.0000000000
10.4684986317 0.5500000000 3.7087876241 6.3992707853 4.6112215001 0.0000000000
10.4696431783 0.5500000000 3.7089659600 6.3956014538 4.6104671110 0.0000000000
10.4707884315 0.5500000000 3.7091450249 6.3919337233 4.6097162783 0.0000000000
10.4719273347 0.5500000000 3.7093164423 6.3882513748 4.6089290086 0.0000000000
10.4730585197 0.5500000000 3.7094995961 6.3845576614 4.6081841384 0.0000000000
10.4741911314 0.5500000000 3.7096731655 6.3808638313 4.6074008839 0.0000000000
10.4753127066 0.5500000000 3.7098500000 6.3771500000 4.6066226895 0.0000000000
