# logAge Mass logTe Mbol logg C/O
4.1860800861 1.2500000000 3.6737800000 0.4443500000 2.4457700130 0.0000000000
4.1943104947 1.2500000000 3.6737757599 0.4441799858 2.4456850471 0.0000000000
4.2025409101 1.2500000000 3.6737716111 0.4440132084 2.4456017409 0.0000000000
4.2107713324 1.2500000000 3.6737675533 0.4438496602 2.4455200903 0.0000000000
4.2190017612 1.2500000000 3.6737635862 0.4436893336 2.4454400912 0.0000000000
4.2272321966 1.2500000000 3.6737597095 0.4435322212 2.4453617396 0.0000000000
4.2354626384 1.2500000000 3.6737559231 0.4433783152 2.4452850313 0.0000000000
4.2436930863 1.2500000000 3.6737522265 0.4432276083 2.4452099623 0.0000000000
4.2519235404 1.2500000000 3.6737486196 0.4430800927 2.4451365285 0.0000000000
4.2601540005 1.2500000000 3.6737451021 0.4429357609 2.4450647258 0.0000000000
4.2683844664 1.2500000000 3.6737416737 0.4427946054 2.4449945501 0.0000000000
4.2766149380 1.2500000000 3.6737383342 0.4426566185 2.4449259974 0.0000000000
4.2848454152 1.2500000000 3.6737350833 0.4425217928 2.4448590635 0.0000000000
4.2930758978 1.2500000000 3.6737319208 0.4423901207 2.4447937443 0.0000000000
4.3013063858 1.2500000000 3.6737288463 0.4422615946 2.4447300359 0.0000000000
4.3095368789 1.2500000000 3.6737258596 0.4421362069 2.4446679341 0.0000000000
4.3177673772 1.2500000000 3.6737229604 0.4420139500 2.4446074347 0.0000000000
4.3259978803 1.2500000000 3.6737201486 0.4418948165 2.4445485338 0.0000000000
4.3342283882 1.2500000000 3.6737174237 0.4417787987 2.4444912273 0.0000000000
4.3424589008 1.2500000000 3.6737147856 0.4416658890 2.4444355110 0.0000000000
4.3506894179 1.2500000000 3.6737122340 0.4415560800 2.4443813809 0.0000000000
4.3589199394 1.2500000000 3.6737097686 0.4414493639 2.4443288329 0.0000000000
4.3671504652 1.2500000000 3.6737073891 0.4413457334 2.4442778629 0.0000000000
4.3753809951 1.2500000000 3.6737050954 0.4412451808 2.4442284669 0.0000000000
4.3836115290 1.2500000000 3.6737028871 0.4411476985 2.4441806407 0.0000000000
4.3918420667 1.2500000000 3.6737007639 0.4410532789 2.4441343802 0.0000000000
4.4000726083 1.2500000000 3.6736987256 0.4409619146 2.4440896815 0.0000000000
4.4083031534 1.2500000000 3.6736967720 0.4408735979 2.4440465403 0.0000000000
4.4165337020 1.2500000000 3.6736949028 0.4407883213 2.4440049526 0.0000000000
4.4247642539 1.2500000000 3.6736931176 0.4407060773 2.4439649144 0.0000000000
4.4329948091 1.2500000000 3.6736914163 0.4406268581 2.4439264215 0.0000000000
4.4412253673 1.2500000000 3.6736897986 0.4405506563 2.4438894698 0.0000000000
4.4494559285 1.2500000000 3.6736882641 0.4404774644 2.4438540553 0.0000000000
4.4576864925 1.2500000000 3.6736868128 0.4404072747 2.4438201740 0.0000000000
4.4659170592 1.2500000000 3.6736854442 0.4403400797 2.4437878216 0.0000000000
4.4741476285 1.2500000000 3.6736841581 0.4402758718 2.4437569941 0.0000000000
4.4823782002 1.2500000000 3.6736829543 0.4402146434 2.4437276875 0.0000000000
4.4906087741 1.2500000000 3.6736818325 0.4401563870 2.4436998977 0.0000000000
4.4988393503 1.2500000000 3.6736807924 0.4401010951 2.4436736205 0.0000000000
4.5070699284 1.2500000000 3.6736798337 0.4400487600 2.4436488519 0.0000000000
4.5153005085 1.2500000000 3.6736789563 0.4399993742 2.4436255878 0.0000000000
4.5235310903 1.2500000000 3.6736781598 0.4399529301 2.4436038241 0.0000000000
4.5317616738 1.2500000000 3.6736774439 0.4399094202 2.4435835567 0.0000000000
4.5399922588 1.2500000000 3.6736768085 0.4398688368 2.4435647816 0.0000000000
4.5482228451 1.2500000000 3.6736762532 0.4398311725 2.4435474947 0.0000000000
4.5564534327 1.2500000000 3.6736757777 0.4397964197 2.4435316918 0.0000000000
4.5646840214 1.2500000000 3.6736753819 0.4397645707 2.4435173690 0.0000000000
4.5729146110 1.2500000000 3.6736750654 0.4397356181 2.4435045220 0.0000000000
4.5811452015 1.2500000000 3.6736748281 0.4397095542 2.4434931469 0.0000000000
4.5893757928 1.2500000000 3.6736746695 0.4396863715 2.4434832395 0.0000000000
4.5976063846 1.2500000000 3.6736745895 0.4396660625 2.4434747958 0.0000000000
4.6058369768 1.2500000000 3.6736745877 0.4396486195 2.4434678117 0.0000000000
4.6140675694 1.2500000000 3.6736746640 0.4396340351 2.4434622831 0.0000000000
4.6222981622 1.2500000000 3.6736748181 0.4396223015 2.4434582059 0.0000000000
4.6305287550 1.2500000000 3.6736750496 0.4396134114 2.4434555760 0.0000000000
4.6387593478 1.2500000000 3.6736753584 0.4396073570 2.4434543893 0.0000000000
4.6469899403 1.2500000000 3.6736757441 0.4396041309 2.4434546418 0.0000000000
4.6552205326 1.2500000000 3.6736762066 0.4396037254 2.4434563294 0.0000000000
4.6634511243 1.2500000000 3.6736767454 0.4396061331 2.4434594480 0.0000000000
4.6716817154 1.2500000000 3.6736773605 0.4396113463 2.4434639934 0.0000000000
4.6799123058 1.2500000000 3.6736780514 0.4396193574 2.4434699617 0.0000000000
4.6881428954 1.2500000000 3.6736788180 0.4396301590 2.4434773488 0.0000000000
4.6963734840 1.2500000000 3.6736796600 0.4396437434 2.4434861504 0.0000000000
4.7046040714 1.2500000000 3.6736805771 0.4396601031 2.4434963627 0.0000000000
4.7128346575 1.2500000000 3.6736815691 0.4396792305 2.4435079815 0.0000000000
4.7210652423 1.2500000000 3.6736826356 0.4397011181 2.4435210026 0.0000000000
4.7292958256 1.2500000000 3.6736837764 0.4397257583 2.4435354221 0.0000000000
4.7375264072 1.2500000000 3.6736849914 0.4397531434 2.4435512358 0.0000000000
4.7457569870 1.2500000000 3.6736862801 0.4397832660 2.4435684396 0.0000000000
4.7539875649 1.2500000000 3.6736876423 0.4398161185 2.4435870295 0.0000000000
4.7622181408 1.2500000000 3.6736890778 0.4398516933 2.4436070014 0.0000000000
4.7704487145 1.2500000000 3.6736905863 0.4398899829 2.4436283512 0.0000000000
4.7786792858 1.2500000000 3.6736921675 0.4399309796 2.4436510749 0.0000000000
4.7869098548 1.2500000000 3.6736938212 0.4399746760 2.4436751682 0.0000000000
4.7951404211 1.2500000000 3.6736955471 0.4400210644 2.4437006272 0.0000000000
4.8033709848 1.2500000000 3.6736973450 0.4400701373 2.4437274478 0.0000000000
4.8116015456 1.2500000000 3.6736992145 0.4401218872 2.4437556258 0.0000000000
4.8198321034 1.2500000000 3.6737011554 0.4401763064 2.4437851572 0.0000000000
4.8280626582 1.2500000000 3.6737031675 0.4402333874 2.4438160380 0.0000000000
4.8362932097 1.2500000000 3.6737052505 0.4402931226 2.4438482639 0.0000000000
4.8445237579 1.2500000000 3.6737074041 0.4403555045 2.4438818310 0.0000000000
4.8527543025 1.2500000000 3.6737096280 0.4404205255 2.4439167352 0.0000000000
4.8609848436 1.2500000000 3.6737119220 0.4404881780 2.4439529723 0.0000000000
4.8692153809 1.2500000000 3.6737142859 0.4405584545 2.4439905384 0.0000000000
4.8774459143 1.2500000000 3.6737167193 0.4406313473 2.4440294292 0.0000000000
4.8856764436 1.2500000000 3.6737192220 0.4407068491 2.4440696408 0.0000000000
4.8939069689 1.2500000000 3.6737217938 0.4407849520 2.4441111690 0.0000000000
4.9021374898 1.2500000000 3.6737244343 0.4408656487 2.4441540097 0.0000000000
4.9103680063 1.2500000000 3.6737271433 0.4409489315 2.4441981590 0.0000000000
4.9185985183 1.2500000000 3.6737299206 0.4410347929 2.4442436126 0.0000000000
4.9268290256 1.2500000000 3.6737327658 0.4411232253 2.4442903665 0.0000000000
4.9350595281 1.2500000000 3.6737356788 0.4412142212 2.4443384166 0.0000000000
4.9432900257 1.2500000000 3.6737386592 0.4413077729 2.4443877589 0.0000000000
4.9515205182 1.2500000000 3.6737417065 0.4414038663 2.4444383857 0.0000000000
4.9597510058 1.2500000000 3.6737448166 0.4415023698 2.4444902272 0.0000000000
4.9679814891 1.2500000000 3.6737479816 0.4416030507 2.4445431596 0.0000000000
4.9762119685 1.2500000000 3.6737511938 0.4417056730 2.4445970575 0.0000000000
4.9844424445 1.2500000000 3.6737544456 0.4418100006 2.4446517957 0.0000000000
4.9926729176 1.2500000000 3.6737577292 0.4419157975 2.4447072487 0.0000000000
5.0009033883 1.2500000000 3.6737610368 0.4420228276 2.4447632911 0.0000000000
5.0091338570 1.2500000000 3.6737643606 0.4421308550 2.4448197975 0.0000000000
5.0173643243 1.2500000000 3.6737676930 0.4422396435 2.4448766425 0.0000000000
5.0255947906 1.2500000000 3.6737710262 0.4423489572 2.4449337008 0.0000000000
5.0338252564 1.2500000000 3.6737743525 0.4424585600 2.4449908470 0.0000000000
5.0420557223 1.2500000000 3.6737776640 0.4425682160 2.4450479556 0.0000000000
5.0502861887 1.2500000000 3.6737809532 0.4426776889 2.4451049012 0.0000000000
5.0585166560 1.2500000000 3.6737842121 0.4427867430 2.4451615586 0.0000000000
5.0667471248 1.2500000000 3.6737874331 0.4428951420 2.4452178023 0.0000000000
5.0749775956 1.2500000000 3.6737906085 0.4430026500 2.4452735068 0.0000000000
5.0832080689 1.2500000000 3.6737937304 0.4431090309 2.4453285469 0.0000000000
5.0914385450 1.2500000000 3.6737967911 0.4432140488 2.4453827971 0.0000000000
5.0996690246 1.2500000000 3.6737997830 0.4433174675 2.4454361320 0.0000000000
5.1078995080 1.2500000000 3.6738026995 0.4434190737 2.4454884405 0.0000000000
5.1161299954 1.2500000000 3.6738055407 0.4435187668 2.4455396823 0.0000000000
5.1243604867 1.2500000000 3.6738083084 0.4436164815 2.4455898393 0.0000000000
5.1325909819 1.2500000000 3.6738110048 0.4437121524 2.4456388933 0.0000000000
5.1408214811 1.2500000000 3.6738136318 0.4438057141 2.4456868260 0.0000000000
5.1490519841 1.2500000000 3.6738161915 0.4438971012 2.4457336195 0.0000000000
5.1572824910 1.2500000000 3.6738186858 0.4439862484 2.4457792554 0.0000000000
5.1655130018 1.2500000000 3.6738211166 0.4440730903 2.4458237157 0.0000000000
5.1737435165 1.2500000000 3.6738234861 0.4441575616 2.4458669822 0.0000000000
5.1819740350 1.2500000000 3.6738257963 0.4442395968 2.4459090368 0.0000000000
5.1902045574 1.2500000000 3.6738280490 0.4443191306 2.4459498612 0.0000000000
5.1984350836 1.2500000000 3.6738302463 0.4443960977 2.4459894373 0.0000000000
5.2066656137 1.2500000000 3.6738323902 0.4444704326 2.4460277470 0.0000000000
5.2148961476 1.2500000000 3.6738344828 0.4445420700 2.4460647721 0.0000000000
5.2231266853 1.2500000000 3.6738365259 0.4446109445 2.4461004944 0.0000000000
5.2313572268 1.2500000000 3.6738385216 0.4446769907 2.4461348958 0.0000000000
5.2395877721 1.2500000000 3.6738404719 0.4447401435 2.4461679580 0.0000000000
5.2478183211 1.2500000000 3.6738423758 0.4448003516 2.4461996567 0.0000000000
5.2560488737 1.2500000000 3.6738442262 0.4448575923 2.4462299546 0.0000000000
5.2642794297 1.2500000000 3.6738460156 0.4449118456 2.4462588135 0.0000000000
5.2725099889 1.2500000000 3.6738477362 0.4449630921 2.4462861948 0.0000000000
5.2807405511 1.2500000000 3.6738493806 0.4450113119 2.4463120601 0.0000000000
5.2889711161 1.2500000000 3.6738509410 0.4450564854 2.4463363710 0.0000000000
5.2972016837 1.2500000000 3.6738524097 0.4450985928 2.4463590889 0.0000000000
5.3054322538 1.2500000000 3.6738537791 0.4451376146 2.4463801754 0.0000000000
5.3136628262 1.2500000000 3.6738550417 0.4451735309 2.4463995921 0.0000000000
5.3218934006 1.2500000000 3.6738561897 0.4452063221 2.4464173006 0.0000000000
5.3301239770 1.2500000000 3.6738572155 0.4452359684 2.4464332622 0.0000000000
5.3383545550 1.2500000000 3.6738581114 0.4452624503 2.4464474387 0.0000000000
5.3465851346 1.2500000000 3.6738588698 0.4452857480 2.4464597916 0.0000000000
5.3548157156 1.2500000000 3.6738594832 0.4453058417 2.4464702823 0.0000000000
5.3630462977 1.2500000000 3.6738599437 0.4453227119 2.4464788725 0.0000000000
5.3712768808 1.2500000000 3.6738602449 0.4453363413 2.4464855292 0.0000000000
5.3795074647 1.2500000000 3.6738603876 0.4453467283 2.4464902548 0.0000000000
5.3877380491 1.2500000000 3.6738603753 0.4453538777 2.4464930653 0.0000000000
5.3959686339 1.2500000000 3.6738602116 0.4453577942 2.4464939770 0.0000000000
5.4041992188 1.2500000000 3.6738599000 0.4453584825 2.4464930061 0.0000000000
5.4124298036 1.2500000000 3.6738594442 0.4453559473 2.4464901686 0.0000000000
5.4206603882 1.2500000000 3.6738588476 0.4453501933 2.4464854808 0.0000000000
5.4288909723 1.2500000000 3.6738581140 0.4453412251 2.4464789589 0.0000000000
5.4371215556 1.2500000000 3.6738572467 0.4453290475 2.4464706189 0.0000000000
5.4453521381 1.2500000000 3.6738562495 0.4453136653 2.4464604771 0.0000000000
5.4535827194 1.2500000000 3.6738551259 0.4452950830 2.4464485497 0.0000000000
5.4618132994 1.2500000000 3.6738538794 0.4452733054 2.4464348528 0.0000000000
5.4700438778 1.2500000000 3.6738525137 0.4452483372 2.4464194025 0.0000000000
5.4782744545 1.2500000000 3.6738510322 0.4452201830 2.4464022151 0.0000000000
5.4865050292 1.2500000000 3.6738494387 0.4451888480 2.4463833069 0.0000000000
5.4947356018 1.2500000000 3.6738477377 0.4451543535 2.4463627053 0.0000000000
5.5029661721 1.2500000000 3.6738459357 0.4451167457 2.4463404540 0.0000000000
5.5111967400 1.2500000000 3.6738440390 0.4450760731 2.4463165983 0.0000000000
5.5194273054 1.2500000000 3.6738420542 0.4450323837 2.4462911833 0.0000000000
5.5276578683 1.2500000000 3.6738399877 0.4449857260 2.4462642542 0.0000000000
5.5358884284 1.2500000000 3.6738378460 0.4449361481 2.4462358563 0.0000000000
5.5441189857 1.2500000000 3.6738356356 0.4448836984 2.4462060347 0.0000000000
5.5523495401 1.2500000000 3.6738333629 0.4448284252 2.4461748346 0.0000000000
5.5605800914 1.2500000000 3.6738310344 0.4447703766 2.4461423012 0.0000000000
5.5688106395 1.2500000000 3.6738286565 0.4447096011 2.4461084796 0.0000000000
5.5770411844 1.2500000000 3.6738262359 0.4446461468 2.4460734152 0.0000000000
5.5852717259 1.2500000000 3.6738237788 0.4445800621 2.4460371530 0.0000000000
5.5935022638 1.2500000000 3.6738212918 0.4445113952 2.4459997382 0.0000000000
5.6017327982 1.2500000000 3.6738187810 0.4444401936 2.4459612144 0.0000000000
5.6099633289 1.2500000000 3.6738162441 0.4443664863 2.4459215840 0.0000000000
5.6181938557 1.2500000000 3.6738136701 0.4442902825 2.4458808063 0.0000000000
5.6264243787 1.2500000000 3.6738110474 0.4442115907 2.4458388391 0.0000000000
5.6346548978 1.2500000000 3.6738083647 0.4441304195 2.4457956396 0.0000000000
5.6428854129 1.2500000000 3.6738056104 0.4440467773 2.4457511655 0.0000000000
5.6511159240 1.2500000000 3.6738027730 0.4439606726 2.4457053742 0.0000000000
5.6593464309 1.2500000000 3.6737998412 0.4438721138 2.4456582233 0.0000000000
5.6675769336 1.2500000000 3.6737968033 0.4437811095 2.4456096701 0.0000000000
5.6758074320 1.2500000000 3.6737936480 0.4436876680 2.4455596723 0.0000000000
5.6840379261 1.2500000000 3.6737903638 0.4435917980 2.4455081873 0.0000000000
5.6922684158 1.2500000000 3.6737869391 0.4434935078 2.4454551726 0.0000000000
5.7004989010 1.2500000000 3.6737833626 0.4433928060 2.4454005857 0.0000000000
5.7087293816 1.2500000000 3.6737796227 0.4432897009 2.4453443842 0.0000000000
5.7169598575 1.2500000000 3.6737757131 0.4431841748 2.4452865355 0.0000000000
5.7251903283 1.2500000000 3.6737716429 0.4430761316 2.4452270371 0.0000000000
5.7334207934 1.2500000000 3.6737674237 0.4429654607 2.4451658922 0.0000000000
5.7416512524 1.2500000000 3.6737630675 0.4428520513 2.4451031036 0.0000000000
5.7498817049 1.2500000000 3.6737585861 0.4427357928 2.4450386746 0.0000000000
5.7581121503 1.2500000000 3.6737539913 0.4426165746 2.4449726081 0.0000000000
5.7663425882 1.2500000000 3.6737492949 0.4424942861 2.4449049071 0.0000000000
5.7745730180 1.2500000000 3.6737445088 0.4423688165 2.4448355748 0.0000000000
5.7828034394 1.2500000000 3.6737396447 0.4422400553 2.4447646141 0.0000000000
5.7910338518 1.2500000000 3.6737347146 0.4421078918 2.4446920281 0.0000000000
5.7992642547 1.2500000000 3.6737297302 0.4419722153 2.4446178198 0.0000000000
5.8074946478 1.2500000000 3.6737247033 0.4418329153 2.4445419924 0.0000000000
5.8157250304 1.2500000000 3.6737196458 0.4416898810 2.4444645487 0.0000000000
5.8239554023 1.2500000000 3.6737145649 0.4415430437 2.4443854902 0.0000000000
5.8321857634 1.2500000000 3.6737094528 0.4413924709 2.4443048126 0.0000000000
5.8404161139 1.2500000000 3.6737042986 0.4412382576 2.4442225104 0.0000000000
5.8486464539 1.2500000000 3.6736990914 0.4410804986 2.4441385782 0.0000000000
5.8568767834 1.2500000000 3.6736938205 0.4409192890 2.4440530107 0.0000000000
5.8651071026 1.2500000000 3.6736884749 0.4407547237 2.4439658023 0.0000000000
5.8733374115 1.2500000000 3.6736830439 0.4405868978 2.4438769477 0.0000000000
5.8815677102 1.2500000000 3.6736775165 0.4404159061 2.4437864414 0.0000000000
5.8897979990 1.2500000000 3.6736718819 0.4402418437 2.4436942781 0.0000000000
5.8980282777 1.2500000000 3.6736661293 0.4400648054 2.4436004523 0.0000000000
5.9062585466 1.2500000000 3.6736602478 0.4398848864 2.4435049586 0.0000000000
5.9144888057 1.2500000000 3.6736542265 0.4397021815 2.4434077916 0.0000000000
5.9227190551 1.2500000000 3.6736480547 0.4395167848 2.4433089457 0.0000000000
5.9309492947 1.2500000000 3.6736417257 0.4393287175 2.4432084028 0.0000000000
5.9391795239 1.2500000000 3.6736352397 0.4391378824 2.4431061246 0.0000000000
5.9474097420 1.2500000000 3.6736285973 0.4389441710 2.4430020706 0.0000000000
5.9556399483 1.2500000000 3.6736217994 0.4387474748 2.4428962007 0.0000000000
5.9638701423 1.2500000000 3.6736148468 0.4385476855 2.4427884745 0.0000000000
5.9721003233 1.2500000000 3.6736077402 0.4383446946 2.4426788516 0.0000000000
5.9803304906 1.2500000000 3.6736004803 0.4381383937 2.4425672919 0.0000000000
5.9885606437 1.2500000000 3.6735930680 0.4379286744 2.4424537548 0.0000000000
5.9967907818 1.2500000000 3.6735855040 0.4377154282 2.4423382003 0.0000000000
6.0050209043 1.2500000000 3.6735777890 0.4374985467 2.4422205878 0.0000000000
6.0132510106 1.2500000000 3.6735699239 0.4372779215 2.4421008772 0.0000000000
6.0214811001 1.2500000000 3.6735619094 0.4370534442 2.4419790281 0.0000000000
6.0297111721 1.2500000000 3.6735537466 0.4368250195 2.4418550071 0.0000000000
6.0379412265 1.2500000000 3.6735454402 0.4365926621 2.4417288386 0.0000000000
6.0461712634 1.2500000000 3.6735369965 0.4363564408 2.4416005755 0.0000000000
6.0544012829 1.2500000000 3.6735284220 0.4361164249 2.4414702708 0.0000000000
6.0626312850 1.2500000000 3.6735197228 0.4358726836 2.4413379776 0.0000000000
6.0708612698 1.2500000000 3.6735109054 0.4356252863 2.4412037489 0.0000000000
6.0790912374 1.2500000000 3.6735019760 0.4353743021 2.4410676380 0.0000000000
6.0873211879 1.2500000000 3.6734929411 0.4351198004 2.4409296977 0.0000000000
6.0955511213 1.2500000000 3.6734838070 0.4348618504 2.4407899813 0.0000000000
6.1037810378 1.2500000000 3.6734745800 0.4346005213 2.4406485417 0.0000000000
6.1120109373 1.2500000000 3.6734652665 0.4343358825 2.4405054321 0.0000000000
6.1202408200 1.2500000000 3.6734558728 0.4340680032 2.4403607055 0.0000000000
6.1284706859 1.2500000000 3.6734464052 0.4337969517 2.4402144146 0.0000000000
6.1367005350 1.2500000000 3.6734368694 0.4335227522 2.4400665915 0.0000000000
6.1449303667 1.2500000000 3.6734272701 0.4332453684 2.4399172407 0.0000000000
6.1531601807 1.2500000000 3.6734176119 0.4329647596 2.4397663643 0.0000000000
6.1613899765 1.2500000000 3.6734078994 0.4326808852 2.4396139647 0.0000000000
6.1696197537 1.2500000000 3.6733981373 0.4323937046 2.4394600440 0.0000000000
6.1778495118 1.2500000000 3.6733883302 0.4321031770 2.4393046046 0.0000000000
6.1860792504 1.2500000000 3.6733784827 0.4318092618 2.4391476486 0.0000000000
6.1943089691 1.2500000000 3.6733685995 0.4315119183 2.4389891785 0.0000000000
6.2025386674 1.2500000000 3.6733586853 0.4312111058 2.4388291964 0.0000000000
6.2107683449 1.2500000000 3.6733487445 0.4309067838 2.4386677045 0.0000000000
6.2189980011 1.2500000000 3.6733387819 0.4305989114 2.4385047052 0.0000000000
6.2272276356 1.2500000000 3.6733288021 0.4302874481 2.4383402008 0.0000000000
6.2354572482 1.2500000000 3.6733188052 0.4299723812 2.4381741861 0.0000000000
6.2436868390 1.2500000000 3.6733087781 0.4296537767 2.4380066360 0.0000000000
6.2519164083 1.2500000000 3.6732987057 0.4293317142 2.4378375216 0.0000000000
6.2601459563 1.2500000000 3.6732885729 0.4290062730 2.4376668140 0.0000000000
6.2683754834 1.2500000000 3.6732783646 0.4286775330 2.4374944845 0.0000000000
6.2766049897 1.2500000000 3.6732680655 0.4283455735 2.4373205043 0.0000000000
6.2848344756 1.2500000000 3.6732576604 0.4280104742 2.4371448444 0.0000000000
6.2930639414 1.2500000000 3.6732471343 0.4276723145 2.4369674762 0.0000000000
6.3012933872 1.2500000000 3.6732364720 0.4273311742 2.4367883707 0.0000000000
6.3095228134 1.2500000000 3.6732256588 0.4269871320 2.4366075009 0.0000000000
6.3177522201 1.2500000000 3.6732146992 0.4266402382 2.4364249052 0.0000000000
6.3259816073 1.2500000000 3.6732036231 0.4262905062 2.4362407079 0.0000000000
6.3342109750 1.2500000000 3.6731924617 0.4259379468 2.4360550387 0.0000000000
6.3424403231 1.2500000000 3.6731812465 0.4255825709 2.4358680272 0.0000000000
6.3506696517 1.2500000000 3.6731700087 0.4252243893 2.4356798034 0.0000000000
6.3588989607 1.2500000000 3.6731587797 0.4248634129 2.4354904970 0.0000000000
6.3671282501 1.2500000000 3.6731475909 0.4244996525 2.4353002377 0.0000000000
6.3753575199 1.2500000000 3.6731364731 0.4241331196 2.4351091531 0.0000000000
6.3835867703 1.2500000000 3.6731254159 0.4237638695 2.4349172246 0.0000000000
6.3918160021 1.2500000000 3.6731143432 0.4233920278 2.4347241971 0.0000000000
6.4000452159 1.2500000000 3.6731031726 0.4230177268 2.4345297941 0.0000000000
6.4082744125 1.2500000000 3.6730918217 0.4226410987 2.4343337392 0.0000000000
6.4165035926 1.2500000000 3.6730802081 0.4222622756 2.4341357558 0.0000000000
6.4247327569 1.2500000000 3.6730682497 0.4218813898 2.4339355676 0.0000000000
6.4329619063 1.2500000000 3.6730558656 0.4214985747 2.4337329054 0.0000000000
6.4411910422 1.2500000000 3.6730430809 0.4211140461 2.4335279551 0.0000000000
6.4494201674 1.2500000000 3.6730300856 0.4207281484 2.4333216149 0.0000000000
6.4576492851 1.2500000000 3.6730170842 0.4203412374 2.4331148448 0.0000000000
6.4658783980 1.2500000000 3.6730042811 0.4199536686 2.4329086049 0.0000000000
6.4741075093 1.2500000000 3.6729918808 0.4195657977 2.4327038554 0.0000000000
6.4823366217 1.2500000000 3.6729800878 0.4191779804 2.4325015563 0.0000000000
6.4905657379 1.2500000000 3.6729690297 0.4187905128 2.4323023369 0.0000000000
6.4987948578 1.2500000000 3.6729585199 0.4184034470 2.4321054714 0.0000000000
6.5070239811 1.2500000000 3.6729482913 0.4180167729 2.4319098875 0.0000000000
6.5152531073 1.2500000000 3.6729380770 0.4176304803 2.4317145131 0.0000000000
6.5234822360 1.2500000000 3.6729276098 0.4172445591 2.4315182759 0.0000000000
6.5317113667 1.2500000000 3.6729166249 0.4168589980 2.4313201117 0.0000000000
6.5399404986 1.2500000000 3.6729050222 0.4164737026 2.4311195830 0.0000000000
6.5481696301 1.2500000000 3.6728929809 0.4160884382 2.4309173118 0.0000000000
6.5563987595 1.2500000000 3.6728807066 0.4157029562 2.4307140221 0.0000000000
6.5646278854 1.2500000000 3.6728684054 0.4153170084 2.4305104380 0.0000000000
6.5728570060 1.2500000000 3.6728562825 0.4149303530 2.4303072844 0.0000000000
6.5810861235 1.2500000000 3.6728445059 0.4145432358 2.4301053310 0.0000000000
6.5893152462 1.2500000000 3.6728331816 0.4141567080 2.4299054224 0.0000000000
6.5975443828 1.2500000000 3.6728224096 0.4137718966 2.4297084100 0.0000000000
6.6057735420 1.2500000000 3.6728122902 0.4133899284 2.4295151452 0.0000000000
6.6140027327 1.2500000000 3.6728029021 0.4130119421 2.4293263984 0.0000000000
6.6222319625 1.2500000000 3.6727941452 0.4126391755 2.4291422638 0.0000000000
6.6304612388 1.2500000000 3.6727858303 0.4122729155 2.4289625004 0.0000000000
6.6386905691 1.2500000000 3.6727777679 0.4119144491 2.4287868644 0.0000000000
6.6469199607 1.2500000000 3.6727697685 0.4115650636 2.4286151122 0.0000000000
6.6551494173 1.2500000000 3.6727617133 0.4112254509 2.4284470467 0.0000000000
6.6633789289 1.2500000000 3.6727537452 0.4108941198 2.4282826416 0.0000000000
6.6716084827 1.2500000000 3.6727460664 0.4105690783 2.4281219099 0.0000000000
6.6798380656 1.2500000000 3.6727388793 0.4102483387 2.4279648657 0.0000000000
6.6880676734 1.2500000000 3.6727323608 0.4099314351 2.4278120302 0.0000000000
6.6962973235 1.2500000000 3.6727266241 0.4096216860 2.4276651840 0.0000000000
6.7045270366 1.2500000000 3.6727217730 0.4093229879 2.4275263000 0.0000000000
6.7127568324 1.2500000000 3.6727178946 0.4090390467 2.4273972101 0.0000000000
6.7209867124 1.2500000000 3.6727148051 0.4087704016 2.4272773942 0.0000000000
6.7292166635 1.2500000000 3.6727120971 0.4085149802 2.4271643935 0.0000000000
6.7374466720 1.2500000000 3.6727093577 0.4082706380 2.4270556991 0.0000000000
6.7456767283 1.2500000000 3.6727064017 0.4080361258 2.4269500700 0.0000000000
6.7539068313 1.2500000000 3.6727035156 0.4078120523 2.4268488963 0.0000000000
6.7621369809 1.2500000000 3.6727010448 0.4075992573 2.4267538950 0.0000000000
6.7703671770 1.2500000000 3.6726993345 0.4073985806 2.4266667832 0.0000000000
6.7785974196 1.2500000000 3.6726987301 0.4072108621 2.4265892782 0.0000000000
6.7868277084 1.2500000000 3.6726995768 0.4070369414 2.4265230968 0.0000000000
6.7950580432 1.2500000000 3.6727021127 0.4068775085 2.4264694674 0.0000000000
6.8032884201 1.2500000000 3.6727057197 0.4067320562 2.4264257142 0.0000000000
6.8115188343 1.2500000000 3.6727093695 0.4065995037 2.4263872925 0.0000000000
6.8197492810 1.2500000000 3.6727122851 0.4064792502 2.4263508535 0.0000000000
6.8279797585 1.2500000000 3.6727155378 0.4063742156 2.4263218506 0.0000000000
6.8362102663 1.2500000000 3.6727210144 0.4062888699 2.4263096185 0.0000000000
6.8444408013 1.2500000000 3.6727292983 0.4062238275 2.4263167373 0.0000000000
6.8526713541 1.2500000000 3.6727375831 0.4061696818 2.4263282180 0.0000000000
6.8609019144 1.2500000000 3.6727428275 0.4061165793 2.4263279547 0.0000000000
6.8691324789 1.2500000000 3.6727461543 0.4060703012 2.4263227509 0.0000000000
6.8773630486 1.2500000000 3.6727516662 0.4060478021 2.4263357985 0.0000000000
6.8855936222 1.2500000000 3.6727617452 0.4060571187 2.4263798412 0.0000000000
6.8938241927 1.2500000000 3.6727751004 0.4060874400 2.4264453905 0.0000000000
6.9020547529 1.2500000000 3.6727899408 0.4061264936 2.4265203735 0.0000000000
6.9102853030 1.2500000000 3.6728039167 0.4061720369 2.4265944944 0.0000000000
6.9185158471 1.2500000000 3.6728144721 0.4062282832 2.4266592149 0.0000000000
6.9267463789 1.2500000000 3.6728230935 0.4062985105 2.4267217913 0.0000000000
6.9349768808 1.2500000000 3.6728354932 0.4063848717 2.4268059345 0.0000000000
6.9432073410 1.2500000000 3.6728531793 0.4064890812 2.4269183626 0.0000000000
6.9514377566 1.2500000000 3.6728716185 0.4066123259 2.4270414176 0.0000000000
6.9596681329 1.2500000000 3.6728874831 0.4067525393 2.4271609613 0.0000000000
6.9678984978 1.2500000000 3.6729024184 0.4068979301 2.4272788587 0.0000000000
6.9761288629 1.2500000000 3.6729182952 0.4070425542 2.4274002155 0.0000000000
6.9843591880 1.2500000000 3.6729352066 0.4071996191 2.4275306871 0.0000000000
6.9925894437 1.2500000000 3.6729536884 0.4073774997 2.4276757664 0.0000000000
7.0008196337 1.2500000000 3.6729754669 0.4075714077 2.4278404437 0.0000000000
7.0090497820 1.2500000000 3.6729994392 0.4077741267 2.4280174206 0.0000000000
7.0172799444 1.2500000000 3.6730189541 0.4079768585 2.4281765728 0.0000000000
7.0255100750 1.2500000000 3.6730365041 0.4081880754 2.4283312597 0.0000000000
7.0337400535 1.2500000000 3.6730618500 0.4084285203 2.4285288210 0.0000000000
7.0419699505 1.2500000000 3.6730887594 0.4086861709 2.4287395190 0.0000000000
7.0501998784 1.2500000000 3.6731082026 0.4089413025 2.4289193446 0.0000000000
7.0584297779 1.2500000000 3.6731289006 0.4092011581 2.4291060788 0.0000000000
7.0666596294 1.2500000000 3.6731563427 0.4094669022 2.4293221446 0.0000000000
7.0748895179 1.2500000000 3.6731847836 0.4097245258 2.4295389579 0.0000000000
7.0831194223 1.2500000000 3.6732095209 0.4099817379 2.4297407917 0.0000000000
7.0913492528 1.2500000000 3.6732318619 0.4102545835 2.4299392939 0.0000000000
7.0995788952 1.2500000000 3.6732591976 0.4105575478 2.4301698227 0.0000000000
7.1078083584 1.2500000000 3.6732912429 0.4108879307 2.4304301567 0.0000000000
7.1160377769 1.2500000000 3.6733219970 0.4112256534 2.4306882624 0.0000000000
7.1242673981 1.2500000000 3.6733451130 0.4115348665 2.4309044115 0.0000000000
7.1324969476 1.2500000000 3.6733720217 0.4118529598 2.4311392838 0.0000000000
7.1407262627 1.2500000000 3.6734061403 0.4122043587 2.4314163178 0.0000000000
7.1489556799 1.2500000000 3.6734307219 0.4125454490 2.4316510802 0.0000000000
7.1571849325 1.2500000000 3.6734600741 0.4129072692 2.4319132173 0.0000000000
7.1654139814 1.2500000000 3.6734963207 0.4132946456 2.4322131539 0.0000000000
7.1736430877 1.2500000000 3.6735300137 0.4136751501 2.4325001280 0.0000000000
7.1818722810 1.2500000000 3.6735647744 0.4140432659 2.4327864169 0.0000000000
7.1901011889 1.2500000000 3.6736009682 0.4144483877 2.4330932409 0.0000000000
7.1983302845 1.2500000000 3.6736386213 0.4148280062 2.4333957006 0.0000000000
7.2065593385 1.2500000000 3.6736722301 0.4152138805 2.4336844857 0.0000000000
7.2147879043 1.2500000000 3.6737029818 0.4156640100 2.4339875442 0.0000000000
7.2230166205 1.2500000000 3.6737416271 0.4160913524 2.4343130622 0.0000000000
7.2312456118 1.2500000000 3.6737808506 0.4164839062 2.4346269780 0.0000000000
7.2394740612 1.2500000000 3.6738211519 0.4169412207 2.4349711088 0.0000000000
7.2477021728 1.2500000000 3.6738616996 0.4174365265 2.4353314221 0.0000000000
7.2559310452 1.2500000000 3.6739042006 0.4178408801 2.4356631673 0.0000000000
7.2641597552 1.2500000000 3.6739384030 0.4182715346 2.4359722390 0.0000000000
7.2723878892 1.2500000000 3.6739800767 0.4187626039 2.4363353615 0.0000000000
7.2806159368 1.2500000000 3.6740254741 0.4192604043 2.4367160712 0.0000000000
7.2888438347 1.2500000000 3.6740712580 0.4197738949 2.4371046031 0.0000000000
7.2970723844 1.2500000000 3.6741076910 0.4202209137 2.4374291424 0.0000000000
7.3053010120 1.2500000000 3.6741444413 0.4206607922 2.4377520952 0.0000000000
7.3135286701 1.2500000000 3.6741922903 0.4211955331 2.4381573877 0.0000000000
7.3217564545 1.2500000000 3.6742413324 0.4217179302 2.4385625147 0.0000000000
7.3299843887 1.2500000000 3.6742811492 0.4222290939 2.4389262473 0.0000000000
7.3382124958 1.2500000000 3.6743287496 0.4227156308 2.4393112637 0.0000000000
7.3464397234 1.2500000000 3.6743740940 0.4232933537 2.4397237306 0.0000000000
7.3546672796 1.2500000000 3.6744285356 0.4238346604 2.4401580198 0.0000000000
7.3628959072 1.2500000000 3.6744694614 0.4242723342 2.4404967922 0.0000000000
7.3711239856 1.2500000000 3.6745181394 0.4247607139 2.4408868561 0.0000000000
7.3793511133 1.2500000000 3.6745660041 0.4253455687 2.4413122570 0.0000000000
7.3875782625 1.2500000000 3.6746199213 0.4259242647 2.4417594041 0.0000000000
7.3958065934 1.2500000000 3.6746637710 0.4263910633 2.4421215225 0.0000000000
7.4040333581 1.2500000000 3.6747202131 0.4270044520 2.4425926462 0.0000000000
7.4122615361 1.2500000000 3.6747689331 0.4274848101 2.4429796695 0.0000000000
7.4204890700 1.2500000000 3.6748178964 0.4280296290 2.4433934501 0.0000000000
7.4287154025 1.2500000000 3.6748775582 0.4286742433 2.4438899432 0.0000000000
7.4369423170 1.2500000000 3.6749329025 0.4292720610 2.4443504473 0.0000000000
7.4451707082 1.2500000000 3.6749863434 0.4297163006 2.4447419069 0.0000000000
7.4533994598 1.2500000000 3.6750331003 0.4301018577 2.4450831571 0.0000000000
7.4616264107 1.2500000000 3.6750880798 0.4307051800 2.4455444043 0.0000000000
7.4698537063 1.2500000000 3.6751440231 0.4312699265 2.4459940761 0.0000000000
7.4780821276 1.2500000000 3.6751949107 0.4317223168 2.4463785826 0.0000000000
7.4863103821 1.2500000000 3.6752473182 0.4321917593 2.4467759894 0.0000000000
7.4945381820 1.2500000000 3.6752990780 0.4327093483 2.4471900645 0.0000000000
7.5027670797 1.2500000000 3.6753507985 0.4331052272 2.4475552977 0.0000000000
7.5109971175 1.2500000000 3.6753919705 0.4333125255 2.4478029052 0.0000000000
7.5192261393 1.2500000000 3.6754462894 0.4336911731 2.4481716398 0.0000000000
7.5274557620 1.2500000000 3.6754969180 0.4339806308 2.4484899374 0.0000000000
7.5356843646 1.2500000000 3.6755503527 0.4344127925 2.4488765410 0.0000000000
7.5439138632 1.2500000000 3.6756032803 0.4347047967 2.4492050529 0.0000000000
7.5521426368 1.2500000000 3.6756527956 0.4351185948 2.4495686333 0.0000000000
7.5603724658 1.2500000000 3.6757102511 0.4353513205 2.4498915455 0.0000000000
7.5686023396 1.2500000000 3.6757536240 0.4355974606 2.4501634931 0.0000000000
7.5768317842 1.2500000000 3.6758111442 0.4359070689 2.4505174174 0.0000000000
7.5850611624 1.2500000000 3.6758630092 0.4362340769 2.4508556804 0.0000000000
7.5932911209 1.2500000000 3.6759141736 0.4364488546 2.4511462491 0.0000000000
7.6015213515 1.2500000000 3.6759627849 0.4365945726 2.4513989816 0.0000000000
7.6097512322 1.2500000000 3.6760143214 0.4368283438 2.4516986362 0.0000000000
7.6179815148 1.2500000000 3.6760663240 0.4369403492 2.4519514486 0.0000000000
7.6262119731 1.2500000000 3.6761070320 0.4369633881 2.4521234961 0.0000000000
7.6344423769 1.2500000000 3.6761561443 0.4369883576 2.4523299332 0.0000000000
7.6426726746 1.2500000000 3.6762020288 0.4371019719 2.4525589171 0.0000000000
7.6509030931 1.2500000000 3.6762471374 0.4371650107 2.4527645668 0.0000000000
7.6591334246 1.2500000000 3.6762946777 0.4372698379 2.4529966589 0.0000000000
7.6673638340 1.2500000000 3.6763432024 0.4373279184 2.4532139900 0.0000000000
7.6755942096 1.2500000000 3.6763952136 0.4373938906 2.4534484238 0.0000000000
7.6838245978 1.2500000000 3.6764443899 0.4374609765 2.4536719632 0.0000000000
7.6920549811 1.2500000000 3.6764936994 0.4375267536 2.4538955121 0.0000000000
7.7002853832 1.2500000000 3.6765391938 0.4375515400 2.4540874043 0.0000000000
7.7085155500 1.2500000000 3.6765780141 0.4373877387 2.4541771650 0.0000000000
7.7167453645 1.2500000000 3.6766212684 0.4371313506 2.4542476267 0.0000000000
7.7249753768 1.2500000000 3.6766549155 0.4369061510 2.4542921355 0.0000000000
7.7332054497 1.2500000000 3.6766985756 0.4367117778 2.4543890264 0.0000000000
7.7414346655 1.2500000000 3.6767301019 0.4363483693 2.4543697685 0.0000000000
7.7496634078 1.2500000000 3.6767625833 0.4359366670 2.4543350128 0.0000000000
7.7578902832 1.2500000000 3.6767853974 0.4353399276 2.4541875736 0.0000000000
7.7661165840 1.2500000000 3.6768076359 0.4346783758 2.4540119070 0.0000000000
7.7743413869 1.2500000000 3.6768239467 0.4339078863 2.4537689543 0.0000000000
7.7825648104 1.2500000000 3.6768349959 0.4330556566 2.4534722593 0.0000000000
7.7907865626 1.2500000000 3.6768456083 0.4320878405 2.4531275825 0.0000000000
7.7990071029 1.2500000000 3.6768558901 0.4310505445 2.4527537910 0.0000000000
7.8072224894 1.2500000000 3.6768527259 0.4298068882 2.4522436720 0.0000000000
7.8154325129 1.2500000000 3.6768361172 0.4283554661 2.4515966683 0.0000000000
7.8236406639 1.2500000000 3.6768188634 0.4268417548 2.4509221686 0.0000000000
7.8318385500 1.2500000000 3.6767917685 0.4250117248 2.4500817769 0.0000000000
7.8400212365 1.2500000000 3.6767455164 0.4228063465 2.4490146174 0.0000000000
7.8482089273 1.2500000000 3.6766969078 0.4207215597 2.4479862679 0.0000000000
7.8563768706 1.2500000000 3.6766364441 0.4181949700 2.4467337775 0.0000000000
7.8645254919 1.2500000000 3.6765635534 0.4153064933 2.4452868240 0.0000000000
7.8726450860 1.2500000000 3.6764755576 0.4119953762 2.4436103938 0.0000000000
7.8807574744 1.2500000000 3.6763740269 0.4085403053 2.4418222427 0.0000000000
7.8888345584 1.2500000000 3.6762557641 0.4046052617 2.4397751740 0.0000000000
7.8968471788 1.2500000000 3.6761192744 0.4000454531 2.4374052919 0.0000000000
7.9048408283 1.2500000000 3.6759561886 0.3951887602 2.4348102716 0.0000000000
7.9127583946 1.2500000000 3.6757708768 0.3896106926 2.4318377973 0.0000000000
7.9206635656 1.2500000000 3.6755808306 0.3839330868 2.4288065701 0.0000000000
7.9285161103 1.2500000000 3.6753864776 0.3778933461 2.4256132619 0.0000000000
7.9362548875 1.2500000000 3.6751523488 0.3710041839 2.4219210818 0.0000000000
7.9438914602 1.2500000000 3.6748914213 0.3633650657 2.4178217244 0.0000000000
7.9514542656 1.2500000000 3.6746080704 0.3552880725 2.4134575236 0.0000000000
7.9589091090 1.2500000000 3.6743103361 0.3466205202 2.4087995657 0.0000000000
7.9661348391 1.2500000000 3.6739648145 0.3368658907 2.4035156271 0.0000000000
7.9696165725 1.2500000000 3.6742668925 0.3436341465 2.4074312417 0.0000000000
7.9710496452 1.2500000000 3.6750898509 0.3644235513 2.4190388371 0.0000000000
7.9761869923 1.2500000000 3.6744777892 0.3484441888 2.4101988453 0.0000000000
7.9815140217 1.2500000000 3.6738858918 0.3328346178 2.4015874273 0.0000000000
7.9863670018 1.2500000000 3.6732597944 0.3163020759 2.3924700211 0.0000000000
7.9907268774 1.2500000000 3.6725761175 0.2989399061 2.3827904455 0.0000000000
7.9946317654 1.2500000000 3.6718245485 0.2809274630 2.3725791921 0.0000000000
7.9981187580 1.2500000000 3.6711510033 0.2623693745 2.3624617761 0.0000000000
8.0013940460 1.2500000000 3.6704688617 0.2435894093 2.3522212236 0.0000000000
8.0040270404 1.2500000000 3.6697675172 0.2241752589 2.3416501855 0.0000000000
8.0062914690 1.2500000000 3.6690604899 0.2044734508 2.3309413529 0.0000000000
8.0082525191 1.2500000000 3.6683428973 0.1845716063 2.3201102447 0.0000000000
8.0099413170 1.2500000000 3.6676254760 0.1645139967 2.3092175158 0.0000000000
8.0113993971 1.2500000000 3.6669020943 0.1443444526 2.2982561711 0.0000000000
8.0126663149 1.2500000000 3.6661746009 0.1240952543 2.2872465184 0.0000000000
8.0137649522 1.2500000000 3.6654541533 0.1037828848 2.2762397802 0.0000000000
8.0147130835 1.2500000000 3.6646361248 0.0834469242 2.2648332819 0.0000000000
8.0155390977 1.2500000000 3.6639015871 0.0630571347 2.2537392152 0.0000000000
8.0162516330 1.2500000000 3.6631825066 0.0426370310 2.2426948520 0.0000000000
8.0168756348 1.2500000000 3.6624685415 0.0221976386 2.2316632346 0.0000000000
8.0174223042 1.2500000000 3.6617601560 0.0017432117 2.2206479218 0.0000000000
8.0178942013 1.2500000000 3.6610418037 -0.0187206935 2.2095889505 0.0000000000
8.0183065021 1.2500000000 3.6603276028 -0.0391935768 2.1985429934 0.0000000000
8.0186668366 1.2500000000 3.6596100137 -0.0596718545 2.1874813258 0.0000000000
8.0189748375 1.2500000000 3.6589012817 -0.0801573951 2.1764521817 0.0000000000
8.0192384848 1.2500000000 3.6581777368 -0.1006435586 2.1653635367 0.0000000000
8.0194647934 1.2500000000 3.6574650235 -0.1211349001 2.1543161471 0.0000000000
8.0196600615 1.2500000000 3.6567564537 -0.1416291273 2.1432841769 0.0000000000
8.0198306014 1.2500000000 3.6560503580 -0.1621252763 2.1322613343 0.0000000000
8.0199813797 1.2500000000 3.6552716612 -0.1826057828 2.1209543447 0.0000000000
8.0201124431 1.2500000000 3.6545431786 -0.2030986222 2.1098432787 0.0000000000
8.0202282923 1.2500000000 3.6538421465 -0.2235982322 2.0988393063 0.0000000000
8.0203313306 1.2500000000 3.6531426712 -0.2440986314 2.0878412452 0.0000000000
8.0204237359 1.2500000000 3.6524208864 -0.2645944955 2.0767557604 0.0000000000
8.0205064334 1.2500000000 3.6517073648 -0.2850924305 2.0657025000 0.0000000000
8.0205808303 1.2500000000 3.6510127472 -0.3055945790 2.0547231702 0.0000000000
8.0206488185 1.2500000000 3.6503110424 -0.3260953965 2.0437160239 0.0000000000
8.0207110540 1.2500000000 3.6496150101 -0.3465975452 2.0327310352 0.0000000000
8.0207684827 1.2500000000 3.6489200000 -0.3671000000 2.0217500130 0.0000000000
8.0208012801 1.2500000000 3.6485000000 -0.3795250000 2.0151000130 0.0000000000
8.0209118753 1.2500000000 3.6469378120 -0.4256955405 1.9903830449 0.0000000000
8.0210094162 1.2500000000 3.6453782486 -0.4718666786 1.9656763361 0.0000000000
8.0211001447 1.2500000000 3.6438412356 -0.5180428596 1.9410578118 0.0000000000
8.0211896133 1.2500000000 3.6422904959 -0.5642162032 1.9163855154 0.0000000000
8.0212777218 1.2500000000 3.6407560583 -0.6103930349 1.8917770324 0.0000000000
8.0213670705 1.2500000000 3.6392127274 -0.6565701586 1.8671328593 0.0000000000
8.0214605020 1.2500000000 3.6376709123 -0.7027828433 1.8424805249 0.0000000000
8.0215578050 1.2500000000 3.6361213441 -0.7494225372 1.8176263746 0.0000000000
8.0219306019 1.2500000000 3.6350148109 -0.7847363556 1.7990747145 0.0000000000
8.0219523101 1.2500000000 3.6365454143 -0.7389880587 1.8234964466 0.0000000000
8.0221411540 1.2500000000 3.6381029910 -0.6926875546 1.8482469552 0.0000000000
8.0223471391 1.2500000000 3.6396478833 -0.6465082471 1.8728982472 0.0000000000
8.0227455937 1.2500000000 3.6411914500 -0.6003429229 1.8975386439 0.0000000000
8.0233310570 1.2500000000 3.6427400411 -0.5541792903 1.9221984612 0.0000000000
8.0257514266 1.2500000000 3.6442304139 -0.5090412475 1.9462151698 0.0000000000
8.0300466962 1.2500000000 3.6427102656 -0.5539484365 1.9221717009 0.0000000000
8.0329079916 1.2500000000 3.6411302581 -0.5994454112 1.8976528809 0.0000000000
8.0349914689 1.2500000000 3.6395507938 -0.6453076993 1.8729901086 0.0000000000
8.0370176057 1.2500000000 3.6379942937 -0.6912030505 1.8484059675 0.0000000000
8.0391518498 1.2500000000 3.6364542217 -0.7370700134 1.8238988945 0.0000000000
8.0411410664 1.2500000000 3.6349208752 -0.7829788434 1.7994019763 0.0000000000
8.0429484940 1.2500000000 3.6333658269 -0.8289301298 1.7748012689 0.0000000000
8.0446142264 1.2500000000 3.6318255748 -0.8749179974 1.7502451134 0.0000000000
8.0461616516 1.2500000000 3.6302826562 -0.9209311553 1.7256681756 0.0000000000
8.0476032334 1.2500000000 3.6287406593 -0.9669659960 1.7010862519 0.0000000000
8.0489502695 1.2500000000 3.6271851624 -1.0130158962 1.6764443040 0.0000000000
8.0502216095 1.2500000000 3.6256356097 -1.0590805125 1.6518202467 0.0000000000
8.0514189900 1.2500000000 3.6240886935 -1.1051580643 1.6272015614 0.0000000000
8.0525417549 1.2500000000 3.6225269597 -1.1512442336 1.6025201582 0.0000000000
8.0535975167 1.2500000000 3.6209752572 -1.1973424212 1.5778740732 0.0000000000
8.0545902216 1.2500000000 3.6194083685 -1.2434461704 1.5531650188 0.0000000000
8.0555264955 1.2500000000 3.6178289712 -1.2895542249 1.5284042079 0.0000000000
8.0564115903 1.2500000000 3.6162254951 -1.3356635268 1.5035465826 0.0000000000
8.0572551467 1.2500000000 3.6147151507 -1.3817976433 1.4790515587 0.0000000000
8.0580599233 1.2500000000 3.6131305387 -1.4279205188 1.4542639604 0.0000000000
8.0588278318 1.2500000000 3.6115454046 -1.4740471890 1.4294727559 0.0000000000
8.0595632349 1.2500000000 3.6099513225 -1.5201752371 1.4046452081 0.0000000000
8.0602705690 1.2500000000 3.6083582140 -1.5663062448 1.3798203711 0.0000000000
8.0609529110 1.2500000000 3.6067514287 -1.6124366361 1.3549410733 0.0000000000
8.0616135406 1.2500000000 3.6051283846 -1.6585654331 1.3299973782 0.0000000000
8.0622659109 1.2500000000 3.6035596434 -1.7047066687 1.3052659192 0.0000000000
8.0628795516 1.2500000000 3.6019581828 -1.7508442601 1.2804050402 0.0000000000
8.0634789273 1.2500000000 3.6003779178 -1.7969875484 1.2556266648 0.0000000000
8.0640683539 1.2500000000 3.5987387065 -1.8431188350 1.2306173051 0.0000000000
8.0646459216 1.2500000000 3.5970824654 -1.8892472413 1.2055409782 0.0000000000
8.0652085025 1.2500000000 3.5954172918 -1.9353747912 1.1804292637 0.0000000000
8.0657395761 1.2500000000 3.5937438349 -1.9815028043 1.1552842310 0.0000000000
8.0662497106 1.2500000000 3.5920680323 -2.0276317643 1.1301294364 0.0000000000
8.0667704180 1.2500000000 3.5903779906 -2.0737567411 1.1049192788 0.0000000000
8.0672964620 1.2500000000 3.5886796391 -2.1198794331 1.0796767961 0.0000000000
8.0678189354 1.2500000000 3.5869555956 -2.1659964142 1.0543338298 0.0000000000
8.0683322060 1.2500000000 3.5852214462 -2.2121116793 1.0289511263 0.0000000000
8.0688241012 1.2500000000 3.5834763400 -2.2582258474 1.0035250342 0.0000000000
8.0692787492 1.2500000000 3.5815928351 -2.3043083101 0.9775580292 0.0000000000
8.0696777596 1.2500000000 3.5798165778 -2.3504203400 0.9520081883 0.0000000000
8.0700100862 1.2500000000 3.5780243788 -2.3965320308 0.9263947159 0.0000000000
8.0702805479 1.2500000000 3.5762152743 -2.4426421322 0.9007142572 0.0000000000
8.0705062063 1.2500000000 3.5743828507 -2.4887478693 0.8749422682 0.0000000000
8.0707062268 1.2500000000 3.5724601078 -2.5348308864 0.8488180898 0.0000000000
8.0708939642 1.2500000000 3.5706726315 -2.5809488967 0.8232209805 0.0000000000
8.0710743085 1.2500000000 3.5686784619 -2.6270139602 0.7968182764 0.0000000000
8.0712469348 1.2500000000 3.5667773628 -2.6731034190 0.7707780965 0.0000000000
8.0714099328 1.2500000000 3.5648698566 -2.7191918252 0.7447127092 0.0000000000
8.0715667169 1.2500000000 3.5629045027 -2.7652638307 0.7184224913 0.0000000000
8.0717224831 1.2500000000 3.5608198600 -2.8113043414 0.6916677163 0.0000000000
8.0718775685 1.2500000000 3.5588271314 -2.8573698056 0.6652706162 0.0000000000
8.0720168014 1.2500000000 3.5568250710 -2.9034335526 0.6388368760 0.0000000000
8.0721589840 1.2500000000 3.5547277645 -2.9494708363 0.6120327364 0.0000000000
8.0723001736 1.2500000000 3.5526593466 -2.9955163847 0.5853408455 0.0000000000
8.0724417272 1.2500000000 3.5505310295 -3.0415416216 0.5584174822 0.0000000000
8.0725842813 1.2500000000 3.5484398613 -3.0875793947 0.5316377002 0.0000000000
8.0727596034 1.2500000000 3.5462679040 -3.1335936417 0.5045441724 0.0000000000
8.0729268757 1.2500000000 3.5441728773 -3.1796298556 0.4777495801 0.0000000000
8.0731073799 1.2500000000 3.5419567055 -3.2256277627 0.4504857301 0.0000000000
8.0733019924 1.2500000000 3.5396930386 -3.2716139429 0.4230365901 0.0000000000
8.0735354616 1.2500000000 3.5374466792 -3.3176019811 0.3956559372 0.0000000000
8.0736164817 1.2500000000 3.5352304805 -3.3632713436 0.3685233977 0.0000000000
8.0736839943 1.2500000000 3.5368731594 -3.3308158855 0.3880762964 0.0000000000
8.0736938629 1.2500000000 3.5391905030 -3.2848391432 0.4157363677 0.0000000000
8.0737003500 1.2500000000 3.5414641000 -3.2387179100 0.4432792488 0.0000000000
8.0737059942 1.2500000000 3.5436913818 -3.1924514755 0.4706949502 0.0000000000
8.0737171245 1.2500000000 3.5457192818 -3.1501223890 0.4957381848 0.0000000000
8.0737297659 1.2500000000 3.5435059610 -3.1965378535 0.4683187155 0.0000000000
8.0737388221 1.2500000000 3.5412464261 -3.2430214254 0.4406871471 0.0000000000
8.0737470928 1.2500000000 3.5389991435 -3.2890307017 0.4132943062 0.0000000000
8.0737556970 1.2500000000 3.5367249808 -3.3350150546 0.3858039143 0.0000000000
8.0737647749 1.2500000000 3.5343358099 -3.3809645661 0.3578674261 0.0000000000
8.0737746865 1.2500000000 3.5320758016 -3.4269540960 0.3304315811 0.0000000000
8.0737859050 1.2500000000 3.5296092197 -3.4728785462 0.3021954732 0.0000000000
8.0737987489 1.2500000000 3.5273501609 -3.5188693447 0.2747629185 0.0000000000
8.0738133515 1.2500000000 3.5248279622 -3.5647745106 0.2463120574 0.0000000000
8.0738298444 1.2500000000 3.5223362746 -3.6106902584 0.2179790082 0.0000000000
8.0738485150 1.2500000000 3.5198608868 -3.6566112769 0.1897090496 0.0000000000
8.0738697877 1.2500000000 3.5173570765 -3.7025228014 0.1613291985 0.0000000000
8.0738940675 1.2500000000 3.5148556813 -3.7484352314 0.1329586456 0.0000000000
8.0739233097 1.2500000000 3.5122459866 -3.7943047122 0.1041720747 0.0000000000
8.0739624554 1.2500000000 3.5096535461 -3.8401852895 0.0754500814 0.0000000000
8.0740263650 1.2500000000 3.5096797238 -3.8404588803 0.0754453559 0.0000000000
8.0740313249 1.2500000000 3.5123200000 -3.7946000000 0.1043500130 0.0000000000
