# logAge Mass logTe Mbol logg C/O
4.1860800861 1.5500000000 3.6943000000 0.3073000000 2.5664516982 0.0000000000
4.1942282496 1.5500000000 3.6942980872 0.3072818340 2.5664367804 0.0000000000
4.2023764110 1.5500000000 3.6942961873 0.3072612110 2.5664209317 0.0000000000
4.2105245705 1.5500000000 3.6942943004 0.3072381950 2.5664041780 0.0000000000
4.2186727281 1.5500000000 3.6942924267 0.3072128501 2.5663865450 0.0000000000
4.2268208838 1.5500000000 3.6942905661 0.3071852402 2.5663680588 0.0000000000
4.2349690377 1.5500000000 3.6942887188 0.3071554292 2.5663487450 0.0000000000
4.2431171898 1.5500000000 3.6942868848 0.3071234811 2.5663286297 0.0000000000
4.2512653402 1.5500000000 3.6942850641 0.3070894600 2.5663077386 0.0000000000
4.2594134890 1.5500000000 3.6942832569 0.3070534298 2.5662860976 0.0000000000
4.2675616361 1.5500000000 3.6942814632 0.3070154544 2.5662637326 0.0000000000
4.2757097817 1.5500000000 3.6942796830 0.3069755979 2.5662406695 0.0000000000
4.2838579258 1.5500000000 3.6942779165 0.3069339243 2.5662169340 0.0000000000
4.2920060684 1.5500000000 3.6942761638 0.3068904974 2.5661925522 0.0000000000
4.3001542097 1.5500000000 3.6942744247 0.3068453814 2.5661675497 0.0000000000
4.3083023496 1.5500000000 3.6942726996 0.3067986401 2.5661419525 0.0000000000
4.3164504882 1.5500000000 3.6942709883 0.3067503375 2.5661157865 0.0000000000
4.3245986255 1.5500000000 3.6942692911 0.3067005377 2.5660890775 0.0000000000
4.3327467617 1.5500000000 3.6942676078 0.3066493046 2.5660618513 0.0000000000
4.3408948967 1.5500000000 3.6942659387 0.3065967022 2.5660341339 0.0000000000
4.3490430307 1.5500000000 3.6942642838 0.3065427944 2.5660059511 0.0000000000
4.3571911636 1.5500000000 3.6942626431 0.3064876453 2.5659773288 0.0000000000
4.3653392956 1.5500000000 3.6942610168 0.3064313187 2.5659482927 0.0000000000
4.3734874266 1.5500000000 3.6942594048 0.3063738788 2.5659188689 0.0000000000
4.3816355567 1.5500000000 3.6942578073 0.3063153894 2.5658890831 0.0000000000
4.3897836860 1.5500000000 3.6942562243 0.3062559146 2.5658589612 0.0000000000
4.3979318146 1.5500000000 3.6942546559 0.3061955183 2.5658285291 0.0000000000
4.4060799424 1.5500000000 3.6942531021 0.3061342645 2.5657978126 0.0000000000
4.4142280696 1.5500000000 3.6942515631 0.3060722172 2.5657668376 0.0000000000
4.4223761962 1.5500000000 3.6942500389 0.3060094404 2.5657356299 0.0000000000
4.4305243222 1.5500000000 3.6942485295 0.3059459980 2.5657042155 0.0000000000
4.4386724477 1.5500000000 3.6942470351 0.3058819540 2.5656726201 0.0000000000
4.4468205727 1.5500000000 3.6942455556 0.3058173724 2.5656408697 0.0000000000
4.4549686974 1.5500000000 3.6942440913 0.3057523172 2.5656089901 0.0000000000
4.4631168217 1.5500000000 3.6942426420 0.3056868524 2.5655770072 0.0000000000
4.4712649457 1.5500000000 3.6942412080 0.3056210418 2.5655449467 0.0000000000
4.4794130694 1.5500000000 3.6942397892 0.3055549496 2.5655128347 0.0000000000
4.4875611930 1.5500000000 3.6942383857 0.3054886397 2.5654806969 0.0000000000
4.4957093164 1.5500000000 3.6942369977 0.3054221760 2.5654485592 0.0000000000
4.5038574397 1.5500000000 3.6942356251 0.3053556226 2.5654164475 0.0000000000
4.5120055630 1.5500000000 3.6942342680 0.3052890434 2.5653843876 0.0000000000
4.5201536863 1.5500000000 3.6942329266 0.3052225023 2.5653524055 0.0000000000
4.5283018097 1.5500000000 3.6942316008 0.3051560635 2.5653205269 0.0000000000
4.5364499332 1.5500000000 3.6942302908 0.3050897908 2.5652887777 0.0000000000
4.5445980569 1.5500000000 3.6942289966 0.3050237483 2.5652571838 0.0000000000
4.5527461808 1.5500000000 3.6942277182 0.3049579998 2.5652257710 0.0000000000
4.5608943049 1.5500000000 3.6942264558 0.3048926095 2.5651945652 0.0000000000
4.5690424295 1.5500000000 3.6942252094 0.3048276412 2.5651635923 0.0000000000
4.5771905543 1.5500000000 3.6942239791 0.3047631590 2.5651328782 0.0000000000
4.5853386797 1.5500000000 3.6942227649 0.3046992268 2.5651024486 0.0000000000
4.5934868055 1.5500000000 3.6942215670 0.3046359086 2.5650723295 0.0000000000
4.6016349318 1.5500000000 3.6942203853 0.3045732683 2.5650425467 0.0000000000
4.6097830588 1.5500000000 3.6942192200 0.3045113700 2.5650131261 0.0000000000
4.6179311864 1.5500000000 3.6942180711 0.3044502777 2.5649840935 0.0000000000
4.6260793147 1.5500000000 3.6942169386 0.3043900553 2.5649554748 0.0000000000
4.6342274437 1.5500000000 3.6942158228 0.3043307667 2.5649272959 0.0000000000
4.6423755736 1.5500000000 3.6942147235 0.3042724761 2.5648995826 0.0000000000
4.6505237043 1.5500000000 3.6942136409 0.3042152473 2.5648723608 0.0000000000
4.6586718359 1.5500000000 3.6942125751 0.3041591443 2.5648456563 0.0000000000
4.6668199684 1.5500000000 3.6942115261 0.3041042311 2.5648194951 0.0000000000
4.6749681020 1.5500000000 3.6942104940 0.3040505717 2.5647939029 0.0000000000
4.6831162367 1.5500000000 3.6942094789 0.3039982300 2.5647689057 0.0000000000
4.6912643724 1.5500000000 3.6942084808 0.3039472701 2.5647445292 0.0000000000
4.6994125093 1.5500000000 3.6942074997 0.3038977559 2.5647207995 0.0000000000
4.7075606475 1.5500000000 3.6942065359 0.3038497515 2.5646977422 0.0000000000
4.7157087869 1.5500000000 3.6942055892 0.3038033206 2.5646753833 0.0000000000
4.7238569277 1.5500000000 3.6942046599 0.3037585275 2.5646537487 0.0000000000
4.7320050698 1.5500000000 3.6942037479 0.3037154359 2.5646328642 0.0000000000
4.7401532133 1.5500000000 3.6942028534 0.3036741100 2.5646127556 0.0000000000
4.7483013584 1.5500000000 3.6942019763 0.3036346136 2.5645934489 0.0000000000
4.7564495049 1.5500000000 3.6942011168 0.3035970109 2.5645749698 0.0000000000
4.7645976531 1.5500000000 3.6942002750 0.3035613656 2.5645573443 0.0000000000
4.7727458029 1.5500000000 3.6941994509 0.3035277374 2.5645405969 0.0000000000
4.7808939543 1.5500000000 3.6941986461 0.3034961335 2.5645247360 0.0000000000
4.7890421072 1.5500000000 3.6941978627 0.3034665280 2.5645097601 0.0000000000
4.7971902615 1.5500000000 3.6941971028 0.3034388944 2.5644956672 0.0000000000
4.8053384171 1.5500000000 3.6941963688 0.3034132059 2.5644824557 0.0000000000
4.8134865739 1.5500000000 3.6941956627 0.3033894360 2.5644701235 0.0000000000
4.8216347319 1.5500000000 3.6941949869 0.3033675582 2.5644586689 0.0000000000
4.8297828909 1.5500000000 3.6941943434 0.3033475459 2.5644480901 0.0000000000
4.8379310509 1.5500000000 3.6941937345 0.3033293725 2.5644383852 0.0000000000
4.8460792117 1.5500000000 3.6941931624 0.3033130114 2.5644295524 0.0000000000
4.8542273733 1.5500000000 3.6941926293 0.3032984361 2.5644215899 0.0000000000
4.8623755355 1.5500000000 3.6941921374 0.3032856199 2.5644144958 0.0000000000
4.8705236983 1.5500000000 3.6941916889 0.3032745364 2.5644082683 0.0000000000
4.8786718616 1.5500000000 3.6941912860 0.3032651588 2.5644029056 0.0000000000
4.8868200252 1.5500000000 3.6941909308 0.3032574607 2.5643984058 0.0000000000
4.8949681892 1.5500000000 3.6941906257 0.3032514155 2.5643947671 0.0000000000
4.9031163534 1.5500000000 3.6941903727 0.3032469966 2.5643919876 0.0000000000
4.9112645177 1.5500000000 3.6941901741 0.3032441773 2.5643900656 0.0000000000
4.9194126819 1.5500000000 3.6941900321 0.3032429312 2.5643889992 0.0000000000
4.9275608462 1.5500000000 3.6941899489 0.3032432317 2.5643887865 0.0000000000
4.9357090102 1.5500000000 3.6941899267 0.3032450522 2.5643894258 0.0000000000
4.9438571740 1.5500000000 3.6941899677 0.3032483660 2.5643909152 0.0000000000
4.9520053374 1.5500000000 3.6941900737 0.3032531442 2.5643932507 0.0000000000
4.9601535005 1.5500000000 3.6941902430 0.3032593239 2.5643963997 0.0000000000
4.9683016631 1.5500000000 3.6941904709 0.3032668175 2.5644003086 0.0000000000
4.9764498255 1.5500000000 3.6941907526 0.3032755370 2.5644049233 0.0000000000
4.9845979875 1.5500000000 3.6941910835 0.3032853943 2.5644101897 0.0000000000
4.9927461493 1.5500000000 3.6941914588 0.3032963015 2.5644160539 0.0000000000
5.0008943107 1.5500000000 3.6941918738 0.3033081704 2.5644224617 0.0000000000
5.0090424719 1.5500000000 3.6941923239 0.3033209130 2.5644293591 0.0000000000
5.0171906328 1.5500000000 3.6941928043 0.3033344414 2.5644366920 0.0000000000
5.0253387936 1.5500000000 3.6941933103 0.3033486673 2.5644444064 0.0000000000
5.0334869541 1.5500000000 3.6941938372 0.3033635028 2.5644524482 0.0000000000
5.0416351144 1.5500000000 3.6941943803 0.3033788599 2.5644607633 0.0000000000
5.0497832746 1.5500000000 3.6941949349 0.3033946504 2.5644692978 0.0000000000
5.0579314347 1.5500000000 3.6941954962 0.3034107864 2.5644779975 0.0000000000
5.0660795946 1.5500000000 3.6941960596 0.3034271798 2.5644868084 0.0000000000
5.0742277544 1.5500000000 3.6941966203 0.3034437426 2.5644956765 0.0000000000
5.0823759142 1.5500000000 3.6941971737 0.3034603866 2.5645045476 0.0000000000
5.0905240738 1.5500000000 3.6941977150 0.3034770239 2.5645133677 0.0000000000
5.0986722335 1.5500000000 3.6941982395 0.3034935665 2.5645220828 0.0000000000
5.1068203931 1.5500000000 3.6941987426 0.3035099262 2.5645306388 0.0000000000
5.1149685527 1.5500000000 3.6941992194 0.3035260150 2.5645389817 0.0000000000
5.1231167123 1.5500000000 3.6941996653 0.3035417449 2.5645470574 0.0000000000
5.1312648720 1.5500000000 3.6942000756 0.3035570279 2.5645548118 0.0000000000
5.1394130317 1.5500000000 3.6942004456 0.3035717758 2.5645621909 0.0000000000
5.1475611915 1.5500000000 3.6942007705 0.3035859007 2.5645691406 0.0000000000
5.1557093514 1.5500000000 3.6942010457 0.3035993145 2.5645756069 0.0000000000
5.1638575114 1.5500000000 3.6942012665 0.3036119291 2.5645815356 0.0000000000
5.1720056715 1.5500000000 3.6942014280 0.3036236565 2.5645868729 0.0000000000
5.1801538318 1.5500000000 3.6942015257 0.3036344087 2.5645915645 0.0000000000
5.1883019923 1.5500000000 3.6942015548 0.3036440976 2.5645955565 0.0000000000
5.1964501530 1.5500000000 3.6942015106 0.3036526352 2.5645987948 0.0000000000
5.2045983139 1.5500000000 3.6942013884 0.3036599335 2.5646012253 0.0000000000
5.2127464750 1.5500000000 3.6942011835 0.3036659043 2.5646027940 0.0000000000
5.2208946364 1.5500000000 3.6942008912 0.3036704596 2.5646034468 0.0000000000
5.2290427980 1.5500000000 3.6942005067 0.3036735114 2.5646031296 0.0000000000
5.2371909600 1.5500000000 3.6942000254 0.3036749717 2.5646017885 0.0000000000
5.2453391222 1.5500000000 3.6941994434 0.3036747581 2.5645993749 0.0000000000
5.2534872847 1.5500000000 3.6941987605 0.3036728152 2.5645958664 0.0000000000
5.2616354472 1.5500000000 3.6941979779 0.3036690951 2.5645912480 0.0000000000
5.2697836097 1.5500000000 3.6941970966 0.3036635499 2.5645855046 0.0000000000
5.2779317721 1.5500000000 3.6941961176 0.3036561317 2.5645786212 0.0000000000
5.2860799342 1.5500000000 3.6941950419 0.3036467928 2.5645705829 0.0000000000
5.2942280960 1.5500000000 3.6941938706 0.3036354853 2.5645613746 0.0000000000
5.3023762572 1.5500000000 3.6941926046 0.3036221614 2.5645509812 0.0000000000
5.3105244179 1.5500000000 3.6941912451 0.3036067730 2.5645393879 0.0000000000
5.3186725779 1.5500000000 3.6941897931 0.3035892726 2.5645265795 0.0000000000
5.3268207370 1.5500000000 3.6941882495 0.3035696121 2.5645125411 0.0000000000
5.3349688952 1.5500000000 3.6941866155 0.3035477437 2.5644972576 0.0000000000
5.3431170523 1.5500000000 3.6941848920 0.3035236196 2.5644807141 0.0000000000
5.3512652083 1.5500000000 3.6941830801 0.3034971919 2.5644628955 0.0000000000
5.3594133629 1.5500000000 3.6941811809 0.3034684128 2.5644437868 0.0000000000
5.3675615162 1.5500000000 3.6941791952 0.3034372349 2.5644233729 0.0000000000
5.3757096679 1.5500000000 3.6941771225 0.3034036272 2.5644016389 0.0000000000
5.3838578180 1.5500000000 3.6941749597 0.3033675803 2.5643785693 0.0000000000
5.3920059663 1.5500000000 3.6941727040 0.3033290864 2.5643541489 0.0000000000
5.4001541127 1.5500000000 3.6941703523 0.3032881373 2.5643283624 0.0000000000
5.4083022570 1.5500000000 3.6941679016 0.3032447251 2.5643011944 0.0000000000
5.4164503991 1.5500000000 3.6941653487 0.3031988419 2.5642726298 0.0000000000
5.4245985389 1.5500000000 3.6941626908 0.3031504797 2.5642426532 0.0000000000
5.4327466763 1.5500000000 3.6941599248 0.3030996305 2.5642112494 0.0000000000
5.4408948110 1.5500000000 3.6941570476 0.3030462862 2.5641784029 0.0000000000
5.4490429431 1.5500000000 3.6941540562 0.3029904390 2.5641440986 0.0000000000
5.4571910723 1.5500000000 3.6941509477 0.3029320809 2.5641083212 0.0000000000
5.4653391984 1.5500000000 3.6941477189 0.3028712039 2.5640710553 0.0000000000
5.4734873215 1.5500000000 3.6941443669 0.3028078000 2.5640322856 0.0000000000
5.4816354413 1.5500000000 3.6941408886 0.3027418612 2.5639919970 0.0000000000
5.4897835577 1.5500000000 3.6941372816 0.3026733801 2.5639501767 0.0000000000
5.4979316706 1.5500000000 3.6941335492 0.3026023528 2.5639068363 0.0000000000
5.5060797799 1.5500000000 3.6941296975 0.3025287779 2.5638619993 0.0000000000
5.5142278853 1.5500000000 3.6941257325 0.3024526535 2.5638156896 0.0000000000
5.5223759868 1.5500000000 3.6941216604 0.3023739781 2.5637679309 0.0000000000
5.5305240842 1.5500000000 3.6941174872 0.3022927499 2.5637187469 0.0000000000
5.5386721774 1.5500000000 3.6941132191 0.3022089674 2.5636681616 0.0000000000
5.5468202663 1.5500000000 3.6941088622 0.3021226289 2.5636161985 0.0000000000
5.5549683506 1.5500000000 3.6941044226 0.3020337326 2.5635628815 0.0000000000
5.5631164304 1.5500000000 3.6940999064 0.3019422769 2.5635082344 0.0000000000
5.5712645053 1.5500000000 3.6940953197 0.3018482603 2.5634522810 0.0000000000
5.5794125754 1.5500000000 3.6940906686 0.3017516809 2.5633950450 0.0000000000
5.5875606404 1.5500000000 3.6940859593 0.3016525372 2.5633365501 0.0000000000
5.5957087003 1.5500000000 3.6940811978 0.3015508275 2.5632768202 0.0000000000
5.6038567548 1.5500000000 3.6940763896 0.3014465521 2.5632158774 0.0000000000
5.6120048040 1.5500000000 3.6940715349 0.3013397288 2.5631537294 0.0000000000
5.6201528477 1.5500000000 3.6940666312 0.3012303841 2.5630903766 0.0000000000
5.6283008861 1.5500000000 3.6940616758 0.3011185448 2.5630258192 0.0000000000
5.6364489189 1.5500000000 3.6940566661 0.3010042377 2.5629600577 0.0000000000
5.6445969462 1.5500000000 3.6940515995 0.3008874894 2.5628930921 0.0000000000
5.6527449679 1.5500000000 3.6940464735 0.3007683267 2.5628249229 0.0000000000
5.6608929841 1.5500000000 3.6940412854 0.3006467763 2.5627555503 0.0000000000
5.6690409946 1.5500000000 3.6940360326 0.3005228650 2.5626849747 0.0000000000
5.6771889995 1.5500000000 3.6940307126 0.3003966194 2.5626131962 0.0000000000
5.6853369987 1.5500000000 3.6940253227 0.3002680663 2.5625402153 0.0000000000
5.6934849922 1.5500000000 3.6940198602 0.3001372324 2.5624660321 0.0000000000
5.7016329798 1.5500000000 3.6940143228 0.3000041445 2.5623906470 0.0000000000
5.7097809617 1.5500000000 3.6940087076 0.2998688290 2.5623140603 0.0000000000
5.7179289377 1.5500000000 3.6940030139 0.2997312886 2.5622362691 0.0000000000
5.7260769074 1.5500000000 3.6939972440 0.2995914765 2.5621572646 0.0000000000
5.7342248707 1.5500000000 3.6939914007 0.2994493396 2.5620770368 0.0000000000
5.7423728271 1.5500000000 3.6939854870 0.2993048249 2.5619955760 0.0000000000
5.7505207764 1.5500000000 3.6939795056 0.2991578797 2.5619128724 0.0000000000
5.7586687182 1.5500000000 3.6939734595 0.2990084509 2.5618289163 0.0000000000
5.7668166523 1.5500000000 3.6939673514 0.2988564855 2.5617436979 0.0000000000
5.7749645784 1.5500000000 3.6939611842 0.2987019307 2.5616572074 0.0000000000
5.7831124961 1.5500000000 3.6939549608 0.2985447335 2.5615694349 0.0000000000
5.7912604052 1.5500000000 3.6939486841 0.2983848409 2.5614803708 0.0000000000
5.7994083053 1.5500000000 3.6939423568 0.2982222000 2.5613900053 0.0000000000
5.8075561961 1.5500000000 3.6939359818 0.2980567578 2.5612983285 0.0000000000
5.8157040773 1.5500000000 3.6939295620 0.2978884615 2.5612053307 0.0000000000
5.8238519488 1.5500000000 3.6939230976 0.2977172834 2.5611110019 0.0000000000
5.8319998106 1.5500000000 3.6939165805 0.2975432795 2.5610153318 0.0000000000
5.8401476629 1.5500000000 3.6939100007 0.2973665223 2.5609183099 0.0000000000
5.8482955059 1.5500000000 3.6939033484 0.2971870845 2.5608199256 0.0000000000
5.8564433398 1.5500000000 3.6938966137 0.2970050389 2.5607201685 0.0000000000
5.8645911648 1.5500000000 3.6938897866 0.2968204580 2.5606190279 0.0000000000
5.8727389810 1.5500000000 3.6938828574 0.2966334146 2.5605164935 0.0000000000
5.8808867886 1.5500000000 3.6938758160 0.2964439813 2.5604125548 0.0000000000
5.8890345878 1.5500000000 3.6938686527 0.2962522309 2.5603072011 0.0000000000
5.8971823789 1.5500000000 3.6938613574 0.2960582359 2.5602004221 0.0000000000
5.9053301619 1.5500000000 3.6938539203 0.2958620691 2.5600922072 0.0000000000
5.9134779371 1.5500000000 3.6938463316 0.2956638032 2.5599825459 0.0000000000
5.9216257047 1.5500000000 3.6938385813 0.2954635105 2.5598714277 0.0000000000
5.9297734644 1.5500000000 3.6938306643 0.2952611878 2.5597588305 0.0000000000
5.9379212152 1.5500000000 3.6938225864 0.2950566534 2.5596447053 0.0000000000
5.9460689561 1.5500000000 3.6938143552 0.2948497006 2.5595289993 0.0000000000
5.9542166857 1.5500000000 3.6938059781 0.2946401221 2.5594116595 0.0000000000
5.9623644031 1.5500000000 3.6937974626 0.2944277111 2.5592926331 0.0000000000
5.9705121071 1.5500000000 3.6937888162 0.2942122605 2.5591718673 0.0000000000
5.9786597964 1.5500000000 3.6937800464 0.2939935634 2.5590493090 0.0000000000
5.9868074700 1.5500000000 3.6937711606 0.2937714126 2.5589249055 0.0000000000
5.9949551267 1.5500000000 3.6937621663 0.2935456013 2.5587986039 0.0000000000
6.0031027653 1.5500000000 3.6937530710 0.2933159224 2.5586703512 0.0000000000
6.0112503848 1.5500000000 3.6937438822 0.2930821689 2.5585400946 0.0000000000
6.0193979839 1.5500000000 3.6937346074 0.2928441337 2.5584077812 0.0000000000
6.0275455616 1.5500000000 3.6937252539 0.2926016186 2.5582733612 0.0000000000
6.0356931177 1.5500000000 3.6937158269 0.2923546175 2.5581368527 0.0000000000
6.0438406529 1.5500000000 3.6937063292 0.2921033139 2.5579983406 0.0000000000
6.0519881680 1.5500000000 3.6936967637 0.2918478991 2.5578579125 0.0000000000
6.0601356638 1.5500000000 3.6936871331 0.2915885644 2.5577156562 0.0000000000
6.0682831412 1.5500000000 3.6936774402 0.2913255011 2.5575716594 0.0000000000
6.0764306008 1.5500000000 3.6936676878 0.2910589007 2.5574260098 0.0000000000
6.0845780435 1.5500000000 3.6936578788 0.2907889544 2.5572787952 0.0000000000
6.0927254701 1.5500000000 3.6936480159 0.2905158536 2.5571301031 0.0000000000
6.1008728813 1.5500000000 3.6936381019 0.2902397896 2.5569800215 0.0000000000
6.1090202780 1.5500000000 3.6936281396 0.2899609537 2.5568286379 0.0000000000
6.1171676609 1.5500000000 3.6936181318 0.2896795374 2.5566760401 0.0000000000
6.1253150309 1.5500000000 3.6936080812 0.2893957314 2.5565223156 0.0000000000
6.1334623879 1.5500000000 3.6935979864 0.2891096025 2.5563674848 0.0000000000
6.1416097304 1.5500000000 3.6935878359 0.2888209332 2.5562114151 0.0000000000
6.1497570565 1.5500000000 3.6935776169 0.2885294667 2.5560539525 0.0000000000
6.1579043643 1.5500000000 3.6935673166 0.2882349458 2.5558949430 0.0000000000
6.1660516519 1.5500000000 3.6935569222 0.2879371135 2.5557342325 0.0000000000
6.1741989176 1.5500000000 3.6935464210 0.2876357128 2.5555716671 0.0000000000
6.1823461594 1.5500000000 3.6935358000 0.2873304867 2.5554070927 0.0000000000
6.1904933755 1.5500000000 3.6935250465 0.2870211781 2.5552403553 0.0000000000
6.1986405641 1.5500000000 3.6935141477 0.2867075300 2.5550713009 0.0000000000
6.2067877232 1.5500000000 3.6935030908 0.2863892854 2.5548997755 0.0000000000
6.2149348510 1.5500000000 3.6934918630 0.2860661873 2.5547256250 0.0000000000
6.2230819456 1.5500000000 3.6934804514 0.2857379787 2.5545486954 0.0000000000
6.2312290058 1.5500000000 3.6934688455 0.2854044834 2.5543688736 0.0000000000
6.2393760325 1.5500000000 3.6934570441 0.2850658902 2.5541862308 0.0000000000
6.2475230273 1.5500000000 3.6934450489 0.2847224901 2.5540008898 0.0000000000
6.2556699920 1.5500000000 3.6934328614 0.2843745742 2.5538129735 0.0000000000
6.2638169282 1.5500000000 3.6934204833 0.2840224335 2.5536226048 0.0000000000
6.2719638375 1.5500000000 3.6934079162 0.2836663593 2.5534299066 0.0000000000
6.2801107217 1.5500000000 3.6933951617 0.2833066425 2.5532350018 0.0000000000
6.2882575824 1.5500000000 3.6933822214 0.2829435742 2.5530380133 0.0000000000
6.2964044212 1.5500000000 3.6933690969 0.2825774456 2.5528390639 0.0000000000
6.3045512398 1.5500000000 3.6933557899 0.2822085449 2.5526382758 0.0000000000
6.3126980386 1.5500000000 3.6933423077 0.2818369653 2.5524357150 0.0000000000
6.3208448154 1.5500000000 3.6933286664 0.2814624822 2.5522313568 0.0000000000
6.3289915681 1.5500000000 3.6933148832 0.2810848418 2.5520251676 0.0000000000
6.3371382946 1.5500000000 3.6933009750 0.2807037904 2.5518171144 0.0000000000
6.3452849927 1.5500000000 3.6932869589 0.2803190744 2.5516071636 0.0000000000
6.3534316602 1.5500000000 3.6932728520 0.2799304398 2.5513952822 0.0000000000
6.3615782948 1.5500000000 3.6932586713 0.2795376330 2.5511814367 0.0000000000
6.3697248945 1.5500000000 3.6932444339 0.2791404003 2.5509655938 0.0000000000
6.3778714571 1.5500000000 3.6932301568 0.2787384878 2.5507477204 0.0000000000
6.3860179804 1.5500000000 3.6932158571 0.2783316451 2.5505277847 0.0000000000
6.3941644644 1.5500000000 3.6932015623 0.2779198903 2.5503059034 0.0000000000
6.4023109130 1.5500000000 3.6931873172 0.2775037100 2.5500824511 0.0000000000
6.4104573303 1.5500000000 3.6931731688 0.2770836379 2.5498578285 0.0000000000
6.4186037206 1.5500000000 3.6931591637 0.2766602077 2.5496324362 0.0000000000
6.4267500880 1.5500000000 3.6931453489 0.2762339531 2.5494066749 0.0000000000
6.4348964368 1.5500000000 3.6931317709 0.2758054076 2.5491809450 0.0000000000
6.4430427711 1.5500000000 3.6931184767 0.2753751048 2.5489556470 0.0000000000
6.4511890936 1.5500000000 3.6931054697 0.2749433858 2.5487309313 0.0000000000
6.4593354022 1.5500000000 3.6930926307 0.2745100460 2.5485062394 0.0000000000
6.4674816941 1.5500000000 3.6930798189 0.2740747848 2.5482808878 0.0000000000
6.4756279665 1.5500000000 3.6930668936 0.2736373013 2.5480541930 0.0000000000
6.4837742166 1.5500000000 3.6930537138 0.2731972950 2.5478254714 0.0000000000
6.4919204414 1.5500000000 3.6930401389 0.2727544650 2.5475940397 0.0000000000
6.5000666390 1.5500000000 3.6930260730 0.2723085923 2.5473594272 0.0000000000
6.5082128105 1.5500000000 3.6930116062 0.2718597942 2.5471220407 0.0000000000
6.5163589576 1.5500000000 3.6929968763 0.2714082748 2.5468825131 0.0000000000
6.5245050822 1.5500000000 3.6929820210 0.2709542380 2.5466414774 0.0000000000
6.5326511862 1.5500000000 3.6929671783 0.2704978880 2.5463995666 0.0000000000
6.5407972716 1.5500000000 3.6929524830 0.2700394456 2.5461574083 0.0000000000
6.5489433437 1.5500000000 3.6929380054 0.2695794947 2.5459155178 0.0000000000
6.5570894109 1.5500000000 3.6929237539 0.2691189705 2.5456743020 0.0000000000
6.5652354817 1.5500000000 3.6929097340 0.2686588221 2.5454341632 0.0000000000
6.5733815648 1.5500000000 3.6928959515 0.2681999988 2.5451955037 0.0000000000
6.5815276682 1.5500000000 3.6928824092 0.2677433922 2.5449586920 0.0000000000
6.5896737908 1.5500000000 3.6928690634 0.2672888886 2.5447235071 0.0000000000
6.5978199239 1.5500000000 3.6928558302 0.2668355207 2.5444892273 0.0000000000
6.6059660583 1.5500000000 3.6928426248 0.2663822943 2.5442551150 0.0000000000
6.6141121851 1.5500000000 3.6928293621 0.2659282150 2.5440204328 0.0000000000
6.6222582999 1.5500000000 3.6928159850 0.2654728076 2.5437847611 0.0000000000
6.6304044145 1.5500000000 3.6928025318 0.2650173953 2.5435487834 0.0000000000
6.6385505442 1.5500000000 3.6927890618 0.2645636907 2.5433134215 0.0000000000
6.6466967042 1.5500000000 3.6927756342 0.2641134064 2.5430795975 0.0000000000
6.6548429094 1.5500000000 3.6927623180 0.2636682025 2.5428482513 0.0000000000
6.6629891667 1.5500000000 3.6927493414 0.2632288820 2.5426206164 0.0000000000
6.6711354764 1.5500000000 3.6927370619 0.2627955498 2.5423981658 0.0000000000
6.6792818388 1.5500000000 3.6927258412 0.2623682903 2.5421823791 0.0000000000
6.6874282540 1.5500000000 3.6927160269 0.2619471864 2.5419746802 0.0000000000
6.6955747213 1.5500000000 3.6927074984 0.2615322625 2.5417745969 0.0000000000
6.7037212390 1.5500000000 3.6926995644 0.2611234720 2.5415793445 0.0000000000
6.7118678053 1.5500000000 3.6926914987 0.2607207637 2.5413859984 0.0000000000
6.7200144192 1.5500000000 3.6926827050 0.2603241704 2.5411921864 0.0000000000
6.7281610844 1.5500000000 3.6926734797 0.2599342984 2.5409993362 0.0000000000
6.7363078066 1.5500000000 3.6926644941 0.2595519956 2.5408104727 0.0000000000
6.7444545916 1.5500000000 3.6926564069 0.2591781198 2.5406285737 0.0000000000
6.7526014470 1.5500000000 3.6926494866 0.2588137875 2.5404551598 0.0000000000
6.7607483817 1.5500000000 3.6926435718 0.2584604003 2.5402901455 0.0000000000
6.7688954051 1.5500000000 3.6926384800 0.2581193675 2.5401333650 0.0000000000
6.7770425213 1.5500000000 3.6926341129 0.2577916294 2.5399848015 0.0000000000
6.7851897267 1.5500000000 3.6926305099 0.2574773605 2.5398446820 0.0000000000
6.7933370167 1.5500000000 3.6926277230 0.2571766648 2.5397132560 0.0000000000
6.8014843869 1.5500000000 3.6926258041 0.2568896460 2.5395907730 0.0000000000
6.8096318326 1.5500000000 3.6926248053 0.2566164081 2.5394774826 0.0000000000
6.8177793495 1.5500000000 3.6926247785 0.2563570549 2.5393736342 0.0000000000
6.8259269330 1.5500000000 3.6926257758 0.2561116903 2.5392794774 0.0000000000
6.8340745786 1.5500000000 3.6926278491 0.2558804182 2.5391952617 0.0000000000
6.8422222818 1.5500000000 3.6926310464 0.2556633369 2.5391212186 0.0000000000
6.8503700380 1.5500000000 3.6926350878 0.2554600860 2.5390560839 0.0000000000
6.8585178426 1.5500000000 3.6926391233 0.2552695077 2.5389959943 0.0000000000
6.8666656912 1.5500000000 3.6926424638 0.2550906305 2.5389378055 0.0000000000
6.8748135833 1.5500000000 3.6926462745 0.2549247438 2.5388866936 0.0000000000
6.8829615200 1.5500000000 3.6926526198 0.2547742428 2.5388518744 0.0000000000
6.8911094992 1.5500000000 3.6926616088 0.2546396183 2.5388339806 0.0000000000
6.8992575145 1.5500000000 3.6926704390 0.2545185239 2.5388208638 0.0000000000
6.9074055593 1.5500000000 3.6926773873 0.2544093227 2.5388049766 0.0000000000
6.9155536280 1.5500000000 3.6926851787 0.2543135572 2.5387978358 0.0000000000
6.9237017154 1.5500000000 3.6926972291 0.2542330950 2.5388138525 0.0000000000
6.9318498159 1.5500000000 3.6927122781 0.2541632922 2.5388461276 0.0000000000
6.9399979238 1.5500000000 3.6927250449 0.2540941383 2.5388695332 0.0000000000
6.9481460400 1.5500000000 3.6927344992 0.2540287082 2.5388811782 0.0000000000
6.9562941730 1.5500000000 3.6927446803 0.2539850751 2.5389044496 0.0000000000
6.9644423208 1.5500000000 3.6927576449 0.2539643662 2.5389480241 0.0000000000
6.9725904686 1.5500000000 3.6927726915 0.2539461267 2.5390009148 0.0000000000
6.9807386076 1.5500000000 3.6927888306 0.2539185089 2.5390544242 0.0000000000
6.9888867467 1.5500000000 3.6928047868 0.2538935205 2.5391082538 0.0000000000
6.9970348919 1.5500000000 3.6928200189 0.2538798646 2.5391637195 0.0000000000
7.0051830403 1.5500000000 3.6928352838 0.2538748101 2.5392227572 0.0000000000
7.0133311880 1.5500000000 3.6928514618 0.2538745408 2.5392873617 0.0000000000
7.0214793315 1.5500000000 3.6928693927 0.2538754077 2.5393594320 0.0000000000
7.0296274701 1.5500000000 3.6928890217 0.2538774385 2.5394387602 0.0000000000
7.0377756060 1.5500000000 3.6929094211 0.2538842491 2.5395230824 0.0000000000
7.0459237415 1.5500000000 3.6929296273 0.2538996043 2.5396100491 0.0000000000
7.0540718783 1.5500000000 3.6929489520 0.2539209580 2.5396958894 0.0000000000
7.0622200157 1.5500000000 3.6929678925 0.2539201518 2.5397713288 0.0000000000
7.0703681505 1.5500000000 3.6929879033 0.2539009499 2.5398436913 0.0000000000
7.0785162791 1.5500000000 3.6930105381 0.2539059866 2.5399362454 0.0000000000
7.0866644065 1.5500000000 3.6930335965 0.2539289189 2.5400376518 0.0000000000
7.0948125382 1.5500000000 3.6930547054 0.2539478639 2.5401296654 0.0000000000
7.1029606739 1.5500000000 3.6930742817 0.2539473881 2.5402077803 0.0000000000
7.1111088105 1.5500000000 3.6930936066 0.2539296441 2.5402779821 0.0000000000
7.1192569439 1.5500000000 3.6931141994 0.2539058376 2.5403508309 0.0000000000
7.1274050708 1.5500000000 3.6931370923 0.2538857610 2.5404343716 0.0000000000
7.1355531985 1.5500000000 3.6931590094 0.2538660449 2.5405141538 0.0000000000
7.1437013349 1.5500000000 3.6931786699 0.2538504013 2.5405865384 0.0000000000
7.1518494791 1.5500000000 3.6931994561 0.2538521218 2.5406703712 0.0000000000
7.1599976120 1.5500000000 3.6932224140 0.2538487073 2.5407608371 0.0000000000
7.1681457101 1.5500000000 3.6932477460 0.2538070537 2.5408455035 0.0000000000
7.1762937950 1.5500000000 3.6932727698 0.2537445976 2.5409206166 0.0000000000
7.1844419253 1.5500000000 3.6932942263 0.2537262152 2.5409990893 0.0000000000
7.1925900524 1.5500000000 3.6933194599 0.2537149384 2.5410955130 0.0000000000
7.2007381276 1.5500000000 3.6933478774 0.2536563992 2.5411857675 0.0000000000
7.2088862243 1.5500000000 3.6933722505 0.2536036381 2.5412621555 0.0000000000
7.2170343272 1.5500000000 3.6933968511 0.2535589170 2.5413426694 0.0000000000
7.2251823921 1.5500000000 3.6934251520 0.2534894793 2.5414280978 0.0000000000
7.2333305068 1.5500000000 3.6934489049 0.2534520330 2.5415081311 0.0000000000
7.2414785597 1.5500000000 3.6934789319 0.2533783053 2.5415987478 0.0000000000
7.2496266098 1.5500000000 3.6935043742 0.2532914805 2.5416657873 0.0000000000
7.2577747014 1.5500000000 3.6935295547 0.2532381657 2.5417451835 0.0000000000
7.2659227963 1.5500000000 3.6935598189 0.2531972025 2.5418498549 0.0000000000
7.2740707897 1.5500000000 3.6935934410 0.2530987630 2.5419449673 0.0000000000
7.2822188359 1.5500000000 3.6936201980 0.2530157543 2.5420187917 0.0000000000
7.2903669213 1.5500000000 3.6936530702 0.2529690407 2.5421315952 0.0000000000
7.2985148618 1.5500000000 3.6936781576 0.2528370354 2.5421791428 0.0000000000
7.3066628263 1.5500000000 3.6937060663 0.2527131059 2.5422412057 0.0000000000
7.3148108705 1.5500000000 3.6937352951 0.2526322204 2.5423257667 0.0000000000
7.3229589122 1.5500000000 3.6937714159 0.2525692146 2.5424450477 0.0000000000
7.3311067888 1.5500000000 3.6937988911 0.2524130830 2.5424924959 0.0000000000
7.3392547096 1.5500000000 3.6938402164 0.2522935641 2.5426099892 0.0000000000
7.3474027396 1.5500000000 3.6938677615 0.2522022117 2.5426836288 0.0000000000
7.3555507593 1.5500000000 3.6939033157 0.2521220862 2.5427937953 0.0000000000
7.3636985929 1.5500000000 3.6939324968 0.2519555571 2.5428439084 0.0000000000
7.3718463304 1.5500000000 3.6939692404 0.2517713915 2.5429172164 0.0000000000
7.3799942976 1.5500000000 3.6940092166 0.2516698409 2.5430365010 0.0000000000
7.3881421118 1.5500000000 3.6940474601 0.2515124527 2.5431265198 0.0000000000
7.3962897788 1.5500000000 3.6940840286 0.2513075759 2.5431908429 0.0000000000
7.4044375907 1.5500000000 3.6941334776 0.2511657567 2.5433319111 0.0000000000
7.4125855679 1.5500000000 3.6941689064 0.2510564067 2.5434298863 0.0000000000
7.4207327397 1.5500000000 3.6942145964 0.2507627823 2.5434951965 0.0000000000
7.4288803590 1.5500000000 3.6942480323 0.2505414454 2.5435404056 0.0000000000
7.4370263428 1.5500000000 3.6942860414 0.2500863282 2.5435103952 0.0000000000
7.4451704981 1.5500000000 3.6943051261 0.2494468294 2.5433309342 0.0000000000
7.4533162568 1.5500000000 3.6943324521 0.2489596837 2.5432453800 0.0000000000
7.4614623058 1.5500000000 3.6943666404 0.2485056201 2.5432005079 0.0000000000
7.4696082022 1.5500000000 3.6944038964 0.2480347571 2.5431611867 0.0000000000
7.4777548109 1.5500000000 3.6944487291 0.2476528276 2.5431877455 0.0000000000
7.4859012683 1.5500000000 3.6944823281 0.2472454129 2.5431591758 0.0000000000
7.4940471196 1.5500000000 3.6945273147 0.2467732508 2.5431502574 0.0000000000
7.5021935353 1.5500000000 3.6945617208 0.2463607994 2.5431229011 0.0000000000
7.5103397349 1.5500000000 3.6946062256 0.2459310610 2.5431290250 0.0000000000
7.5184861647 1.5500000000 3.6946505294 0.2455272164 2.5431447024 0.0000000000
7.5266323857 1.5500000000 3.6946931351 0.2450965483 2.5431428578 0.0000000000
7.5347782076 1.5500000000 3.6947365457 0.2446218175 2.5431266079 0.0000000000
7.5429244062 1.5500000000 3.6947917376 0.2442029711 2.5431798372 0.0000000000
7.5510707310 1.5500000000 3.6948326189 0.2437841748 2.5431758435 0.0000000000
7.5592156648 1.5500000000 3.6948823059 0.2432260275 2.5431513326 0.0000000000
7.5673609393 1.5500000000 3.6949207593 0.2426932824 2.5430920482 0.0000000000
7.5755057584 1.5500000000 3.6949649472 0.2421227270 2.5430405777 0.0000000000
7.5836495287 1.5500000000 3.6950055963 0.2414637947 2.5429396011 0.0000000000
7.5917926899 1.5500000000 3.6950385225 0.2407552552 2.5427878903 0.0000000000
7.5999359419 1.5500000000 3.6950774839 0.2400550764 2.5426636643 0.0000000000
7.6080790429 1.5500000000 3.6951095049 0.2393423416 2.5425066545 0.0000000000
7.6162211682 1.5500000000 3.6951375526 0.2385624688 2.5423068961 0.0000000000
7.6243625652 1.5500000000 3.6951746023 0.2377407737 2.5421264170 0.0000000000
7.6325047759 1.5500000000 3.6952102666 0.2369680255 2.5419599749 0.0000000000
7.6406459833 1.5500000000 3.6952488609 0.2361334205 2.5417805099 0.0000000000
7.6487854079 1.5500000000 3.6952823727 0.2351960603 2.5415396130 0.0000000000
7.6569200667 1.5500000000 3.6952940242 0.2340243988 2.5411175543 0.0000000000
7.6650598714 1.5500000000 3.6953363847 0.2331077215 2.5409203254 0.0000000000
7.6731981958 1.5500000000 3.6953623898 0.2321134174 2.5406266244 0.0000000000
7.6813364800 1.5500000000 3.6953954636 0.2311145395 2.5403593683 0.0000000000
7.6894738636 1.5500000000 3.6954263416 0.2300722366 2.5400659594 0.0000000000
7.6976114312 1.5500000000 3.6954550524 0.2290393030 2.5397676288 0.0000000000
7.7057457669 1.5500000000 3.6954824838 0.2278557615 2.5394039380 0.0000000000
7.7138783744 1.5500000000 3.6955031741 0.2266018787 2.5389851459 0.0000000000
7.7220092057 1.5500000000 3.6955262907 0.2252746188 2.5385467083 0.0000000000
7.7301424323 1.5500000000 3.6955468821 0.2240432335 2.5381365198 0.0000000000
7.7382731859 1.5500000000 3.6955757319 0.2227420900 2.5377314616 0.0000000000
7.7464041038 1.5500000000 3.6955970489 0.2214285768 2.5372913246 0.0000000000
7.7545317150 1.5500000000 3.6956118158 0.2199835937 2.5367723989 0.0000000000
7.7626574315 1.5500000000 3.6956240562 0.2184798159 2.5362198492 0.0000000000
7.7707794304 1.5500000000 3.6956391882 0.2168351342 2.5356225048 0.0000000000
7.7788950331 1.5500000000 3.6956379369 0.2150243563 2.5348931884 0.0000000000
7.7870007407 1.5500000000 3.6956195558 0.2129522083 2.5339908049 0.0000000000
7.7951191834 1.5500000000 3.6956279434 0.2112128815 2.5333286242 0.0000000000
7.8032328857 1.5500000000 3.6956258840 0.2093375795 2.5325702658 0.0000000000
7.8113367200 1.5500000000 3.6956075997 0.2072124708 2.5316470853 0.0000000000
7.8194200620 1.5500000000 3.6955702963 0.2046770334 2.5304836967 0.0000000000
7.8275161220 1.5500000000 3.6955422776 0.2023795519 2.5294526292 0.0000000000
7.8355917958 1.5500000000 3.6955006122 0.1996786682 2.5282056144 0.0000000000
7.8436561923 1.5500000000 3.6954421969 0.1968507693 2.5268407937 0.0000000000
7.8517251354 1.5500000000 3.6953855126 0.1940115974 2.5254783874 0.0000000000
7.8597663877 1.5500000000 3.6953095548 0.1907330456 2.5238631355 0.0000000000
7.8677905725 1.5500000000 3.6952262355 0.1872639992 2.5221422399 0.0000000000
7.8758020245 1.5500000000 3.6951253993 0.1835843483 2.5202670347 0.0000000000
7.8837948051 1.5500000000 3.6950238080 0.1796580881 2.5182901655 0.0000000000
7.8917559905 1.5500000000 3.6948819263 0.1754280498 2.5160306232 0.0000000000
7.8996835021 1.5500000000 3.6947165887 0.1707813245 2.5135105829 0.0000000000
7.9075714791 1.5500000000 3.6945438719 0.1658280534 2.5108384073 0.0000000000
7.9153824910 1.5500000000 3.6943128831 0.1601137317 2.5076287231 0.0000000000
7.9231326431 1.5500000000 3.6940738045 0.1539146968 2.5041927950 0.0000000000
7.9308346817 1.5500000000 3.6938403459 0.1473876802 2.5006481540 0.0000000000
7.9384740294 1.5500000000 3.6935900313 0.1404762241 2.4968823130 0.0000000000
7.9460171807 1.5500000000 3.6932911965 0.1330105860 2.4927007185 0.0000000000
7.9534694339 1.5500000000 3.6929685251 0.1248990660 2.4881654248 0.0000000000
7.9606841730 1.5500000000 3.6926104233 0.1155587629 2.4829968965 0.0000000000
7.9672904557 1.5500000000 3.6921321837 0.1036730443 2.4763296507 0.0000000000
7.9720802251 1.5500000000 3.6921527222 0.1010748119 2.4753725117 0.0000000000
7.9728776248 1.5500000000 3.6933822256 0.1237806564 2.4893728630 0.0000000000
7.9765541062 1.5500000000 3.6933397171 0.1264689570 2.4902781493 0.0000000000
7.9822326930 1.5500000000 3.6926725975 0.1119612118 2.4818065730 0.0000000000
7.9874259998 1.5500000000 3.6920010526 0.0963837975 2.4728894277 0.0000000000
7.9920744702 1.5500000000 3.6912921196 0.0797492263 2.4633998670 0.0000000000
7.9962671813 1.5500000000 3.6905119461 0.0623991059 2.4533391248 0.0000000000
7.9997457925 1.5500000000 3.6897405981 0.0440894944 2.4429298882 0.0000000000
8.0026179912 1.5500000000 3.6889191679 0.0251418789 2.4320651215 0.0000000000
8.0050340396 1.5500000000 3.6881427069 0.0057873493 2.4212174655 0.0000000000
8.0070770512 1.5500000000 3.6873699863 -0.0138360362 2.4102772288 0.0000000000
8.0088145863 1.5500000000 3.6865723028 -0.0336366477 2.3991662502 0.0000000000
8.0102913044 1.5500000000 3.6858021874 -0.0535749699 2.3881104599 0.0000000000
8.0115515186 1.5500000000 3.6849841120 -0.0735954619 2.3768299615 0.0000000000
8.0126119438 1.5500000000 3.6842090722 -0.0936989726 2.3656883979 0.0000000000
8.0135137756 1.5500000000 3.6834562309 -0.1138562178 2.3546141347 0.0000000000
8.0142795914 1.5500000000 3.6827159408 -0.1340516168 2.3435748148 0.0000000000
8.0149354134 1.5500000000 3.6819748532 -0.1542711208 2.3325226627 0.0000000000
8.0154988884 1.5500000000 3.6811717857 -0.1744932574 2.3212215378 0.0000000000
8.0159730319 1.5500000000 3.6804075855 -0.1947391257 2.3100663900 0.0000000000
8.0163749104 1.5500000000 3.6796736948 -0.2150018001 2.2990257575 0.0000000000
8.0167135178 1.5500000000 3.6789643630 -0.2352771758 2.2880782798 0.0000000000
8.0170001904 1.5500000000 3.6782450692 -0.2555553636 2.2770898296 0.0000000000
8.0172455510 1.5500000000 3.6774762735 -0.2758254283 2.2659066210 0.0000000000
8.0174520833 1.5500000000 3.6767185347 -0.2961009374 2.2547654618 0.0000000000
8.0176286372 1.5500000000 3.6760257351 -0.3163927616 2.2438775341 0.0000000000
8.0177812950 1.5500000000 3.6753073207 -0.3366802310 2.2328888885 0.0000000000
8.0179131267 1.5500000000 3.6745960903 -0.3569701939 2.2219279818 0.0000000000
8.0180271399 1.5500000000 3.6739038994 -0.3772649443 2.2110413181 0.0000000000
8.0181270049 1.5500000000 3.6732045271 -0.3975586240 2.2001263568 0.0000000000
8.0182156749 1.5500000000 3.6724663104 -0.4178439681 2.1890593525 0.0000000000
8.0182934313 1.5500000000 3.6717343171 -0.4381307848 2.1780166527 0.0000000000
8.0183622574 1.5500000000 3.6710509437 -0.4584286786 2.1671640016 0.0000000000
8.0184247964 1.5500000000 3.6703600000 -0.4787250000 2.1562816982 0.0000000000
8.0184573509 1.5500000000 3.6699700000 -0.4901750000 2.1501416982 0.0000000000
8.0185767741 1.5500000000 3.6683804969 -0.5376649510 2.1247877055 0.0000000000
8.0186800165 1.5500000000 3.6667227117 -0.5851395768 2.0991667144 0.0000000000
8.0187737004 1.5500000000 3.6651636877 -0.6326363255 2.0739319188 0.0000000000
8.0188673234 1.5500000000 3.6636101938 -0.6801341523 2.0487188126 0.0000000000
8.0189623347 1.5500000000 3.6619726606 -0.7276107227 2.0231780515 0.0000000000
8.0190623764 1.5500000000 3.6604370869 -0.7750626320 1.9980549930 0.0000000000
8.0192007964 1.5500000000 3.6588950908 -0.8229199951 1.9727440633 0.0000000000
8.0195251305 1.5500000000 3.6596972739 -0.8007353826 1.9848266409 0.0000000000
8.0197230916 1.5500000000 3.6611948462 -0.7553289660 2.0089794966 0.0000000000
8.0200374786 1.5500000000 3.6628119905 -0.7078675184 2.0344326527 0.0000000000
8.0206823669 1.5500000000 3.6643737191 -0.6604432122 2.0596492899 0.0000000000
8.0244920775 1.5500000000 3.6646623339 -0.6514184323 2.0644136609 0.0000000000
8.0276699165 1.5500000000 3.6631156471 -0.6985019102 2.0393935225 0.0000000000
8.0303371826 1.5500000000 3.6614371447 -0.7454994523 2.0138804962 0.0000000000
8.0320827804 1.5500000000 3.6598549359 -0.7927916969 1.9886347629 0.0000000000
8.0335024225 1.5500000000 3.6582702655 -0.8401510858 1.9633523258 0.0000000000
8.0350030918 1.5500000000 3.6566840587 -0.8874943982 1.9380701736 0.0000000000
8.0365801131 1.5500000000 3.6550452664 -0.9348103608 1.9125886194 0.0000000000
8.0380755691 1.5500000000 3.6535071584 -0.9821646877 1.8874944565 0.0000000000
8.0394575719 1.5500000000 3.6519293774 -1.0295323769 1.8622362570 0.0000000000
8.0407581355 1.5500000000 3.6503721214 -1.0769187106 1.8370526994 0.0000000000
8.0419884473 1.5500000000 3.6487889239 -1.1243113662 1.8117628472 0.0000000000
8.0431491997 1.5500000000 3.6471624355 -1.1717051483 1.7862993808 0.0000000000
8.0442468001 1.5500000000 3.6456053199 -1.2191236232 1.7611035284 0.0000000000
8.0452842124 1.5500000000 3.6440240794 -1.2665454665 1.7358098291 0.0000000000
8.0462646619 1.5500000000 3.6424736881 -1.3139812522 1.7106339498 0.0000000000
8.0471911330 1.5500000000 3.6409088173 -1.3614209591 1.6853985839 0.0000000000
8.0480741427 1.5500000000 3.6393455392 -1.4088661931 1.6601673776 0.0000000000
8.0489091856 1.5500000000 3.6376795788 -1.4562948158 1.6345320872 0.0000000000
8.0496979930 1.5500000000 3.6361028314 -1.5037475885 1.6092439883 0.0000000000
8.0504454720 1.5500000000 3.6345341521 -1.5512062462 1.5839858081 0.0000000000
8.0511562550 1.5500000000 3.6329742723 -1.5986702398 1.5587606916 0.0000000000
8.0518373843 1.5500000000 3.6313963314 -1.6461332342 1.5334637301 0.0000000000
8.0524964666 1.5500000000 3.6298238485 -1.6935993307 1.5081873601 0.0000000000
8.0531150747 1.5500000000 3.6281474007 -1.7410462348 1.4825028069 0.0000000000
8.0537109844 1.5500000000 3.6265496176 -1.7885122348 1.4571252745 0.0000000000
8.0542931913 1.5500000000 3.6249630378 -1.8359816500 1.4317911894 0.0000000000
8.0548594886 1.5500000000 3.6233817713 -1.8834533766 1.4064774329 0.0000000000
8.0554098713 1.5500000000 3.6217956822 -1.9309252675 1.3811443201 0.0000000000
8.0559382025 1.5500000000 3.6202028143 -1.9783973026 1.3557840343 0.0000000000
8.0564363848 1.5500000000 3.6185780938 -2.0258645955 1.3302982353 0.0000000000
8.0569181751 1.5500000000 3.6169504573 -2.0733323258 1.3048005970 0.0000000000
8.0574082433 1.5500000000 3.6153156008 -2.1207979297 1.2792749294 0.0000000000
8.0579004083 1.5500000000 3.6136832735 -2.1682640151 1.2537591863 0.0000000000
8.0583905196 1.5500000000 3.6120609370 -2.2157323765 1.2282824956 0.0000000000
8.0588810394 1.5500000000 3.6104031045 -2.2631930782 1.2026668851 0.0000000000
8.0593726939 1.5500000000 3.6088105282 -2.3106675292 1.1773067993 0.0000000000
8.0598639700 1.5500000000 3.6071854571 -2.3581352364 1.1518194322 0.0000000000
8.0603491455 1.5500000000 3.6055790578 -2.4056071962 1.1264050508 0.0000000000
8.0608177464 1.5500000000 3.6039172523 -2.4530683999 1.1007733475 0.0000000000
8.0612506570 1.5500000000 3.6022465574 -2.5005297505 1.0751060274 0.0000000000
8.0616269738 1.5500000000 3.6005592136 -2.5479904248 1.0493723827 0.0000000000
8.0619330273 1.5500000000 3.5988852996 -2.5954572341 1.0236900028 0.0000000000
8.0621757204 1.5500000000 3.5971773242 -2.6429187328 0.9978735018 0.0000000000
8.0623773420 1.5500000000 3.5954768883 -2.6903831345 0.9720859976 0.0000000000
8.0625615381 1.5500000000 3.5937544454 -2.7378430366 0.9462122653 0.0000000000
8.0627412683 1.5500000000 3.5920214856 -2.7853006524 0.9202973796 0.0000000000
8.0629169628 1.5500000000 3.5902799709 -2.8327564044 0.8943490199 0.0000000000
8.0630838661 1.5500000000 3.5885443203 -2.8802136816 0.8684235066 0.0000000000
8.0632398451 1.5500000000 3.5867767427 -2.9276638466 0.8423731302 0.0000000000
8.0633919773 1.5500000000 3.5849972668 -2.9751113065 0.8162762429 0.0000000000
8.0635344120 1.5500000000 3.5832118240 -3.0225575405 0.7901559778 0.0000000000
8.0636732080 1.5500000000 3.5814170681 -3.0700016350 0.7639993166 0.0000000000
8.0638108351 1.5500000000 3.5795957709 -3.1174394543 0.7377390002 0.0000000000
8.0639544933 1.5500000000 3.5777831841 -3.1648791394 0.7115127789 0.0000000000
8.0641065477 1.5500000000 3.5759473042 -3.2123131175 0.6851956679 0.0000000000
8.0642634408 1.5500000000 3.5740943693 -3.2597428798 0.6588120234 0.0000000000
8.0644076180 1.5500000000 3.5721142523 -3.3071480908 0.6319294710 0.0000000000
8.0644899269 1.5500000000 3.5701729723 -3.3544672206 0.6052366989 0.0000000000
8.0645252741 1.5500000000 3.5718982570 -3.3129309757 0.6287523359 0.0000000000
8.0645434183 1.5500000000 3.5737665428 -3.2683615757 0.6540532389 0.0000000000
8.0645435333 1.5500000000 3.5757047741 -3.2202234448 0.6810614168 0.0000000000
8.0645459281 1.5500000000 3.5775770743 -3.1727930884 0.7075227601 0.0000000000
8.0645477809 1.5500000000 3.5794174385 -3.1253714980 0.7338528529 0.0000000000
8.0645492178 1.5500000000 3.5812495587 -3.0779358871 0.7601555781 0.0000000000
8.0645504676 1.5500000000 3.5830597074 -3.0304997782 0.7863706163 0.0000000000
8.0645516865 1.5500000000 3.5848559973 -2.9831163998 0.8125091273 0.0000000000
8.0645535033 1.5500000000 3.5866466307 -2.9358127793 0.8385931092 0.0000000000
8.0645585412 1.5500000000 3.5852675204 -2.9718201847 0.8186737060 0.0000000000
8.0645624700 1.5500000000 3.5834440516 -3.0198002997 0.7921877845 0.0000000000
8.0645669393 1.5500000000 3.5816401401 -3.0672785537 0.7659808370 0.0000000000
8.0645715064 1.5500000000 3.5798152395 -3.1147195950 0.7397048181 0.0000000000
8.0645764783 1.5500000000 3.5779785126 -3.1621550968 0.7133837099 0.0000000000
8.0645821692 1.5500000000 3.5761091903 -3.2095824895 0.6869354637 0.0000000000
8.0645887460 1.5500000000 3.5742378368 -3.2570093573 0.6604793024 0.0000000000
8.0645962829 1.5500000000 3.5722650918 -3.3044105252 0.6336278552 0.0000000000
8.0646047705 1.5500000000 3.5703025690 -3.3518143576 0.6068162309 0.0000000000
8.0646141409 1.5500000000 3.5684056630 -3.3992348347 0.5802604165 0.0000000000
8.0646246895 1.5500000000 3.5663803241 -3.4466214240 0.5532044249 0.0000000000
8.0646368490 1.5500000000 3.5643248131 -3.4940002743 0.5260308410 0.0000000000
8.0646510134 1.5500000000 3.5622886425 -3.5413843601 0.4989325241 0.0000000000
8.0646673634 1.5500000000 3.5602400105 -3.5887650570 0.4717857173 0.0000000000
8.0646861781 1.5500000000 3.5581420921 -3.6361315897 0.4444474307 0.0000000000
8.0647079074 1.5500000000 3.5560225702 -3.6834924231 0.4170250095 0.0000000000
8.0647330820 1.5500000000 3.5538827559 -3.7308474568 0.3895237390 0.0000000000
8.0647632927 1.5500000000 3.5516645673 -3.7781789076 0.3617184042 0.0000000000
8.0648033275 1.5500000000 3.5494961106 -3.8255267147 0.3341054546 0.0000000000
8.0648713777 1.5500000000 3.5490102764 -3.8363658046 0.3278264818 0.0000000000
8.0648796217 1.5500000000 3.5512400000 -3.7887750000 0.3557816982 0.0000000000
