# logAge Mass logTe Mbol logg C/O
4.1860800861 0.7000000000 3.7157800000 0.5625250000 2.4092280400 0.0000000000
4.1942338915 0.7000000000 3.7157673209 0.5622046118 2.4090491684 0.0000000000
4.2023877516 0.7000000000 3.7157545789 0.5618773642 2.4088673014 0.0000000000
4.2105416656 0.7000000000 3.7157417832 0.5615435898 2.4086826087 0.0000000000
4.2186956330 0.7000000000 3.7157289429 0.5612036213 2.4084952602 0.0000000000
4.2268496530 0.7000000000 3.7157160673 0.5608577915 2.4083054257 0.0000000000
4.2350037249 0.7000000000 3.7157031654 0.5605064330 2.4081132750 0.0000000000
4.2431578480 0.7000000000 3.7156902466 0.5601498785 2.4079189780 0.0000000000
4.2513120218 0.7000000000 3.7156773200 0.5597884607 2.4077227044 0.0000000000
4.2594662455 0.7000000000 3.7156643948 0.5594225122 2.4075246242 0.0000000000
4.2676205184 0.7000000000 3.7156514802 0.5590523658 2.4073249070 0.0000000000
4.2757748398 0.7000000000 3.7156385853 0.5586783542 2.4071237229 0.0000000000
4.2839292091 0.7000000000 3.7156257194 0.5583008099 2.4069212415 0.0000000000
4.2920836256 0.7000000000 3.7156128916 0.5579200658 2.4067176327 0.0000000000
4.3002380886 0.7000000000 3.7156001111 0.5575364545 2.4065130663 0.0000000000
4.3083925974 0.7000000000 3.7155873872 0.5571503087 2.4063077122 0.0000000000
4.3165471514 0.7000000000 3.7155747289 0.5567619610 2.4061017401 0.0000000000
4.3247017498 0.7000000000 3.7155621455 0.5563717442 2.4058953199 0.0000000000
4.3328563921 0.7000000000 3.7155496463 0.5559799910 2.4056886215 0.0000000000
4.3410110774 0.7000000000 3.7155372402 0.5555870340 2.4054818145 0.0000000000
4.3491658053 0.7000000000 3.7155249367 0.5551932059 2.4052750690 0.0000000000
4.3573205748 0.7000000000 3.7155127447 0.5547988394 2.4050685546 0.0000000000
4.3654753854 0.7000000000 3.7155006736 0.5544042672 2.4048624412 0.0000000000
4.3736302365 0.7000000000 3.7154887325 0.5540098220 2.4046568987 0.0000000000
4.3817851272 0.7000000000 3.7154769306 0.5536158364 2.4044520969 0.0000000000
4.3899400570 0.7000000000 3.7154652770 0.5532226432 2.4042482055 0.0000000000
4.3980950252 0.7000000000 3.7154537811 0.5528305750 2.4040453944 0.0000000000
4.4062500311 0.7000000000 3.7154424519 0.5524399646 2.4038438335 0.0000000000
4.4144050739 0.7000000000 3.7154312987 0.5520511445 2.4036436925 0.0000000000
4.4225601531 0.7000000000 3.7154203306 0.5516644475 2.4034451413 0.0000000000
4.4307152679 0.7000000000 3.7154095568 0.5512802064 2.4032483497 0.0000000000
4.4388704177 0.7000000000 3.7153989865 0.5508987536 2.4030534875 0.0000000000
4.4470256018 0.7000000000 3.7153886289 0.5505204221 2.4028607245 0.0000000000
4.4551808195 0.7000000000 3.7153784932 0.5501455443 2.4026702307 0.0000000000
4.4633360701 0.7000000000 3.7153685886 0.5497744531 2.4024821757 0.0000000000
4.4714913530 0.7000000000 3.7153589243 0.5494074811 2.4022967295 0.0000000000
4.4796466675 0.7000000000 3.7153495093 0.5490449610 2.4021140618 0.0000000000
4.4878020128 0.7000000000 3.7153403531 0.5486872255 2.4019343425 0.0000000000
4.4959573884 0.7000000000 3.7153314646 0.5483346072 2.4017577413 0.0000000000
4.5041127935 0.7000000000 3.7153228532 0.5479874389 2.4015844282 0.0000000000
4.5122682275 0.7000000000 3.7153145279 0.5476460533 2.4014145729 0.0000000000
4.5204236897 0.7000000000 3.7153064980 0.5473107829 2.4012483453 0.0000000000
4.5285791793 0.7000000000 3.7152987727 0.5469819606 2.4010859152 0.0000000000
4.5367346958 0.7000000000 3.7152913612 0.5466599190 2.4009274524 0.0000000000
4.5448902384 0.7000000000 3.7152842726 0.5463449907 2.4007731267 0.0000000000
4.5530458065 0.7000000000 3.7152775161 0.5460375085 2.4006231080 0.0000000000
4.5612013994 0.7000000000 3.7152711010 0.5457378051 2.4004775661 0.0000000000
4.5693570163 0.7000000000 3.7152650364 0.5454462132 2.4003366708 0.0000000000
4.5775126568 0.7000000000 3.7152593314 0.5451630653 2.4002005919 0.0000000000
4.5856683199 0.7000000000 3.7152539954 0.5448886943 2.4000694992 0.0000000000
4.5938240051 0.7000000000 3.7152490374 0.5446234327 2.3999435627 0.0000000000
4.6019797118 0.7000000000 3.7152444667 0.5443676134 2.3998229520 0.0000000000
4.6101354391 0.7000000000 3.7152402924 0.5441215689 2.3997078371 0.0000000000
4.6182911865 0.7000000000 3.7152365237 0.5438856320 2.3995983877 0.0000000000
4.6264469532 0.7000000000 3.7152331699 0.5436601353 2.3994947737 0.0000000000
4.6346027386 0.7000000000 3.7152302401 0.5434454116 2.3993971649 0.0000000000
4.6427585420 0.7000000000 3.7152277434 0.5432417934 2.3993057311 0.0000000000
4.6509143627 0.7000000000 3.7152256892 0.5430496136 2.3992206422 0.0000000000
4.6590702000 0.7000000000 3.7152240865 0.5428692048 2.3991420679 0.0000000000
4.6672260534 0.7000000000 3.7152229446 0.5427008996 2.3990701781 0.0000000000
4.6753819220 0.7000000000 3.7152222726 0.5425450308 2.3990051427 0.0000000000
4.6835378052 0.7000000000 3.7152220797 0.5424019311 2.3989471314 0.0000000000
4.6916937023 0.7000000000 3.7152223752 0.5422719331 2.3988963140 0.0000000000
4.6998496127 0.7000000000 3.7152231682 0.5421553695 2.3988528605 0.0000000000
4.7080055356 0.7000000000 3.7152244678 0.5420525730 2.3988169405 0.0000000000
4.7161614704 0.7000000000 3.7152262834 0.5419638763 2.3987887240 0.0000000000
4.7243174164 0.7000000000 3.7152286240 0.5418896120 2.3987683808 0.0000000000
4.7324733730 0.7000000000 3.7152314989 0.5418301130 2.3987560806 0.0000000000
4.7406293394 0.7000000000 3.7152349172 0.5417857118 2.3987519933 0.0000000000
4.7487853150 0.7000000000 3.7152388881 0.5417567411 2.3987562888 0.0000000000
4.7569412991 0.7000000000 3.7152434208 0.5417435336 2.3987691369 0.0000000000
4.7650972910 0.7000000000 3.7152485246 0.5417464221 2.3987907073 0.0000000000
4.7732532899 0.7000000000 3.7152542067 0.5417656894 2.3988211427 0.0000000000
4.7814092936 0.7000000000 3.7152604577 0.5418011555 2.3988603329 0.0000000000
4.7895652992 0.7000000000 3.7152672587 0.5418523890 2.3989080304 0.0000000000
4.7977213038 0.7000000000 3.7152745909 0.5419189559 2.3989639861 0.0000000000
4.8058773045 0.7000000000 3.7152824355 0.5420004221 2.3990279510 0.0000000000
4.8140332983 0.7000000000 3.7152907737 0.5420963537 2.3990996763 0.0000000000
4.8221892824 0.7000000000 3.7152995866 0.5422063166 2.3991789129 0.0000000000
4.8303452538 0.7000000000 3.7153088553 0.5423298770 2.3992654118 0.0000000000
4.8385012096 0.7000000000 3.7153185610 0.5424666006 2.3993589241 0.0000000000
4.8466571469 0.7000000000 3.7153286849 0.5426160537 2.3994592009 0.0000000000
4.8548130628 0.7000000000 3.7153392081 0.5427778021 2.3995659931 0.0000000000
4.8629689543 0.7000000000 3.7153501118 0.5429514119 2.3996790518 0.0000000000
4.8711248186 0.7000000000 3.7153613771 0.5431364491 2.3997981280 0.0000000000
4.8792806527 0.7000000000 3.7153729852 0.5433324796 2.3999229727 0.0000000000
4.8874364537 0.7000000000 3.7153849173 0.5435390695 2.4000533370 0.0000000000
4.8955922187 0.7000000000 3.7153971545 0.5437557847 2.4001889719 0.0000000000
4.9037479448 0.7000000000 3.7154096780 0.5439821914 2.4003296284 0.0000000000
4.9119036291 0.7000000000 3.7154224689 0.5442178554 2.4004750576 0.0000000000
4.9200592686 0.7000000000 3.7154355083 0.5444623427 2.4006250105 0.0000000000
4.9282148605 0.7000000000 3.7154487776 0.5447152195 2.4007792381 0.0000000000
4.9363704017 0.7000000000 3.7154622577 0.5449760516 2.4009374914 0.0000000000
4.9445258895 0.7000000000 3.7154759299 0.5452444051 2.4010995216 0.0000000000
4.9526813213 0.7000000000 3.7154897748 0.5455198366 2.4012650740 0.0000000000
4.9608366992 0.7000000000 3.7155037687 0.5458018081 2.4014338382 0.0000000000
4.9689920278 0.7000000000 3.7155178851 0.5460897264 2.4016054712 0.0000000000
4.9771473118 0.7000000000 3.7155320976 0.5463829977 2.4017796293 0.0000000000
4.9853025561 0.7000000000 3.7155463795 0.5466810279 2.4019559692 0.0000000000
4.9934577652 0.7000000000 3.7155607045 0.5469832233 2.4021341473 0.0000000000
5.0016129439 0.7000000000 3.7155750460 0.5472889900 2.4023138200 0.0000000000
5.0097680969 0.7000000000 3.7155893776 0.5475977341 2.4024946440 0.0000000000
5.0179232290 0.7000000000 3.7156036728 0.5479088616 2.4026762757 0.0000000000
5.0260783447 0.7000000000 3.7156179050 0.5482217788 2.4028583716 0.0000000000
5.0342334489 0.7000000000 3.7156320479 0.5485358916 2.4030405883 0.0000000000
5.0423885462 0.7000000000 3.7156460749 0.5488506063 2.4032225821 0.0000000000
5.0505436413 0.7000000000 3.7156599595 0.5491653290 2.4034040096 0.0000000000
5.0586987390 0.7000000000 3.7156736753 0.5494794657 2.4035845273 0.0000000000
5.0668538440 0.7000000000 3.7156871957 0.5497924226 2.4037637917 0.0000000000
5.0750089610 0.7000000000 3.7157004943 0.5501036057 2.4039414593 0.0000000000
5.0831640946 0.7000000000 3.7157135445 0.5504124213 2.4041171866 0.0000000000
5.0913192496 0.7000000000 3.7157263200 0.5507182755 2.4042906301 0.0000000000
5.0994744308 0.7000000000 3.7157387942 0.5510205742 2.4044614463 0.0000000000
5.1076296421 0.7000000000 3.7157509453 0.5513187767 2.4046293320 0.0000000000
5.1157848845 0.7000000000 3.7157627775 0.5516126265 2.4047942007 0.0000000000
5.1239401577 0.7000000000 3.7157743033 0.5519019627 2.4049560385 0.0000000000
5.1320954613 0.7000000000 3.7157855354 0.5521866244 2.4051148314 0.0000000000
5.1402507953 0.7000000000 3.7157964863 0.5524664504 2.4052705655 0.0000000000
5.1484061592 0.7000000000 3.7158071687 0.5527412799 2.4054232268 0.0000000000
5.1565615529 0.7000000000 3.7158175952 0.5530109519 2.4055728016 0.0000000000
5.1647169761 0.7000000000 3.7158277784 0.5532753054 2.4057192758 0.0000000000
5.1728724285 0.7000000000 3.7158377309 0.5535341795 2.4058626355 0.0000000000
5.1810279098 0.7000000000 3.7158474654 0.5537874131 2.4060028669 0.0000000000
5.1891834199 0.7000000000 3.7158569945 0.5540348453 2.4061399560 0.0000000000
5.1973389583 0.7000000000 3.7158663307 0.5542763152 2.4062738888 0.0000000000
5.2054945250 0.7000000000 3.7158754867 0.5545116617 2.4064046515 0.0000000000
5.2136501195 0.7000000000 3.7158844752 0.5547407239 2.4065322302 0.0000000000
5.2218057418 0.7000000000 3.7158933086 0.5549633408 2.4066566109 0.0000000000
5.2299613914 0.7000000000 3.7159019998 0.5551793515 2.4067777797 0.0000000000
5.2381170681 0.7000000000 3.7159105612 0.5553885950 2.4068957227 0.0000000000
5.2462727716 0.7000000000 3.7159190003 0.5555909767 2.4070104321 0.0000000000
5.2544285007 0.7000000000 3.7159273080 0.5557866202 2.4071219201 0.0000000000
5.2625842544 0.7000000000 3.7159354714 0.5559756937 2.4072302030 0.0000000000
5.2707400314 0.7000000000 3.7159434778 0.5561583655 2.4073352972 0.0000000000
5.2788958307 0.7000000000 3.7159513144 0.5563348037 2.4074372190 0.0000000000
5.2870516511 0.7000000000 3.7159589685 0.5565051766 2.4075359848 0.0000000000
5.2952074914 0.7000000000 3.7159664274 0.5566696524 2.4076316108 0.0000000000
5.3033633506 0.7000000000 3.7159736784 0.5568283994 2.4077241134 0.0000000000
5.3115192275 0.7000000000 3.7159807086 0.5569815858 2.4078135089 0.0000000000
5.3196751208 0.7000000000 3.7159875054 0.5571293798 2.4078998137 0.0000000000
5.3278310296 0.7000000000 3.7159940561 0.5572719498 2.4079830441 0.0000000000
5.3359869526 0.7000000000 3.7160003477 0.5574094638 2.4080632165 0.0000000000
5.3441428887 0.7000000000 3.7160063677 0.5575420901 2.4081403470 0.0000000000
5.3522988368 0.7000000000 3.7160121034 0.5576699970 2.4082144522 0.0000000000
5.3604547957 0.7000000000 3.7160175418 0.5577933527 2.4082855484 0.0000000000
5.3686107643 0.7000000000 3.7160226711 0.5579123234 2.4083536538 0.0000000000
5.3767667419 0.7000000000 3.7160274937 0.5580270324 2.4084188279 0.0000000000
5.3849227280 0.7000000000 3.7160320257 0.5581375635 2.4084811683 0.0000000000
5.3930787224 0.7000000000 3.7160362836 0.5582439991 2.4085407740 0.0000000000
5.4012347246 0.7000000000 3.7160402839 0.5583464214 2.4085977441 0.0000000000
5.4093907343 0.7000000000 3.7160440431 0.5584449128 2.4086521775 0.0000000000
5.4175467511 0.7000000000 3.7160475778 0.5585395554 2.4087041732 0.0000000000
5.4257027747 0.7000000000 3.7160509044 0.5586304317 2.4087538303 0.0000000000
5.4338588047 0.7000000000 3.7160540396 0.5587176238 2.4088012478 0.0000000000
5.4420148407 0.7000000000 3.7160569997 0.5588012142 2.4088465247 0.0000000000
5.4501708824 0.7000000000 3.7160598015 0.5588812849 2.4088897600 0.0000000000
5.4583269294 0.7000000000 3.7160624613 0.5589579185 2.4089310527 0.0000000000
5.4664829814 0.7000000000 3.7160649957 0.5590311971 2.4089705018 0.0000000000
5.4746390379 0.7000000000 3.7160674213 0.5591012031 2.4090082064 0.0000000000
5.4827950986 0.7000000000 3.7160697545 0.5591680186 2.4090442655 0.0000000000
5.4909511633 0.7000000000 3.7160720087 0.5592317216 2.4090787635 0.0000000000
5.4991072315 0.7000000000 3.7160741796 0.5592923649 2.4091117046 0.0000000000
5.5072633032 0.7000000000 3.7160762570 0.5593499928 2.4091430651 0.0000000000
5.5154193782 0.7000000000 3.7160782304 0.5594046497 2.4091728215 0.0000000000
5.5235754563 0.7000000000 3.7160800896 0.5594563798 2.4092009501 0.0000000000
5.5317315372 0.7000000000 3.7160818241 0.5595052275 2.4092274275 0.0000000000
5.5398876209 0.7000000000 3.7160834238 0.5595512370 2.4092522300 0.0000000000
5.5480437071 0.7000000000 3.7160848782 0.5595944527 2.4092753341 0.0000000000
5.5561997955 0.7000000000 3.7160861771 0.5596349189 2.4092967161 0.0000000000
5.5643558861 0.7000000000 3.7160873101 0.5596726800 2.4093163525 0.0000000000
5.5725119787 0.7000000000 3.7160882669 0.5597077801 2.4093342196 0.0000000000
5.5806680730 0.7000000000 3.7160890371 0.5597402637 2.4093502940 0.0000000000
5.5888241689 0.7000000000 3.7160896105 0.5597701751 2.4093645520 0.0000000000
5.5969802661 0.7000000000 3.7160899766 0.5597975585 2.4093769700 0.0000000000
5.6051363645 0.7000000000 3.7160901286 0.5598224532 2.4093875356 0.0000000000
5.6132924640 0.7000000000 3.7160900768 0.5598448714 2.4093962959 0.0000000000
5.6214485645 0.7000000000 3.7160898377 0.5598648163 2.4094033174 0.0000000000
5.6296046658 0.7000000000 3.7160894276 0.5598822911 2.4094086668 0.0000000000
5.6377607678 0.7000000000 3.7160888627 0.5598972991 2.4094124107 0.0000000000
5.6459168705 0.7000000000 3.7160881596 0.5599098436 2.4094146157 0.0000000000
5.6540729737 0.7000000000 3.7160873343 0.5599199277 2.4094153485 0.0000000000
5.6622290772 0.7000000000 3.7160864034 0.5599275548 2.4094146757 0.0000000000
5.6703851811 0.7000000000 3.7160853832 0.5599327280 2.4094126639 0.0000000000
5.6785412851 0.7000000000 3.7160842899 0.5599354506 2.4094093798 0.0000000000
5.6866973892 0.7000000000 3.7160831399 0.5599357259 2.4094048900 0.0000000000
5.6948534933 0.7000000000 3.7160819496 0.5599335570 2.4093992611 0.0000000000
5.7030095972 0.7000000000 3.7160807352 0.5599289473 2.4093925598 0.0000000000
5.7111657009 0.7000000000 3.7160795129 0.5599219001 2.4093848516 0.0000000000
5.7193218042 0.7000000000 3.7160782874 0.5599124244 2.4093761594 0.0000000000
5.7274779069 0.7000000000 3.7160770489 0.5599005368 2.4093664502 0.0000000000
5.7356340091 0.7000000000 3.7160757864 0.5598862542 2.4093556874 0.0000000000
5.7437901106 0.7000000000 3.7160744893 0.5598695937 2.4093438345 0.0000000000
5.7519462112 0.7000000000 3.7160731465 0.5598505721 2.4093308549 0.0000000000
5.7601023108 0.7000000000 3.7160717473 0.5598292064 2.4093167118 0.0000000000
5.7682584094 0.7000000000 3.7160702808 0.5598055137 2.4093013687 0.0000000000
5.7764145068 0.7000000000 3.7160687362 0.5597795109 2.4092847890 0.0000000000
5.7845706029 0.7000000000 3.7160671025 0.5597512150 2.4092669360 0.0000000000
5.7927266975 0.7000000000 3.7160653690 0.5597206429 2.4092477732 0.0000000000
5.8008827907 0.7000000000 3.7160635248 0.5596878116 2.4092272638 0.0000000000
5.8090388821 0.7000000000 3.7160615590 0.5596527382 2.4092053714 0.0000000000
5.8171949718 0.7000000000 3.7160594609 0.5596154396 2.4091820594 0.0000000000
5.8253510597 0.7000000000 3.7160572222 0.5595759459 2.4091573070 0.0000000000
5.8335071457 0.7000000000 3.7160548397 0.5595343123 2.4091311237 0.0000000000
5.8416632299 0.7000000000 3.7160523110 0.5594905967 2.4091035227 0.0000000000
5.8498193123 0.7000000000 3.7160496335 0.5594448570 2.4090745168 0.0000000000
5.8579753929 0.7000000000 3.7160468047 0.5593971513 2.4090441192 0.0000000000
5.8661314717 0.7000000000 3.7160438220 0.5593475375 2.4090123429 0.0000000000
5.8742875488 0.7000000000 3.7160406829 0.5592960737 2.4089792010 0.0000000000
5.8824436242 0.7000000000 3.7160373848 0.5592428178 2.4089447064 0.0000000000
5.8905996978 0.7000000000 3.7160339253 0.5591878277 2.4089088722 0.0000000000
5.8987557698 0.7000000000 3.7160303017 0.5591311615 2.4088717114 0.0000000000
5.9069118401 0.7000000000 3.7160265116 0.5590728772 2.4088332371 0.0000000000
5.9150679087 0.7000000000 3.7160225523 0.5590130327 2.4087934623 0.0000000000
5.9232239756 0.7000000000 3.7160184215 0.5589516840 2.4087523995 0.0000000000
5.9313800408 0.7000000000 3.7160141194 0.5588887991 2.4087100372 0.0000000000
5.9395361038 0.7000000000 3.7160096501 0.5588242244 2.4086663303 0.0000000000
5.9476921642 0.7000000000 3.7160050182 0.5587577974 2.4086212317 0.0000000000
5.9558482217 0.7000000000 3.7160002279 0.5586893557 2.4085746940 0.0000000000
5.9640042759 0.7000000000 3.7159952838 0.5586187369 2.4085266699 0.0000000000
5.9721603263 0.7000000000 3.7159901902 0.5585457784 2.4084771121 0.0000000000
5.9803163727 0.7000000000 3.7159849516 0.5584703178 2.4084259734 0.0000000000
5.9884724146 0.7000000000 3.7159795723 0.5583921928 2.4083732065 0.0000000000
5.9966284516 0.7000000000 3.7159740569 0.5583112408 2.4083187640 0.0000000000
6.0047844834 0.7000000000 3.7159684097 0.5582272993 2.4082625986 0.0000000000
6.0129405095 0.7000000000 3.7159626352 0.5581402060 2.4082046631 0.0000000000
6.0210965296 0.7000000000 3.7159567380 0.5580498095 2.4081449159 0.0000000000
6.0292525437 0.7000000000 3.7159507295 0.5579561616 2.4080834226 0.0000000000
6.0374085523 0.7000000000 3.7159446262 0.5578594927 2.4080203421 0.0000000000
6.0455645557 0.7000000000 3.7159384453 0.5577600386 2.4079558366 0.0000000000
6.0537205545 0.7000000000 3.7159322035 0.5576580357 2.4078900685 0.0000000000
6.0618765488 0.7000000000 3.7159259180 0.5575537199 2.4078231999 0.0000000000
6.0700325393 0.7000000000 3.7159196055 0.5574473275 2.4077553930 0.0000000000
6.0781885264 0.7000000000 3.7159132831 0.5573390946 2.4076868101 0.0000000000
6.0863445103 0.7000000000 3.7159069676 0.5572292573 2.4076176134 0.0000000000
6.0945004916 0.7000000000 3.7159006761 0.5571180517 2.4075479651 0.0000000000
6.1026564707 0.7000000000 3.7158944254 0.5570057139 2.4074780274 0.0000000000
6.1108124479 0.7000000000 3.7158882325 0.5568924783 2.4074079613 0.0000000000
6.1189684233 0.7000000000 3.7158821025 0.5567784131 2.4073378152 0.0000000000
6.1271243963 0.7000000000 3.7158760204 0.5566632958 2.4072674400 0.0000000000
6.1352803661 0.7000000000 3.7158699692 0.5565468738 2.4071966665 0.0000000000
6.1434363320 0.7000000000 3.7158639319 0.5564288947 2.4071253254 0.0000000000
6.1515922933 0.7000000000 3.7158578912 0.5563091062 2.4070532474 0.0000000000
6.1597482493 0.7000000000 3.7158518302 0.5561872559 2.4069802633 0.0000000000
6.1679041992 0.7000000000 3.7158457318 0.5560630913 2.4069062039 0.0000000000
6.1760601423 0.7000000000 3.7158395790 0.5559363601 2.4068308999 0.0000000000
6.1842160780 0.7000000000 3.7158333545 0.5558068098 2.4067541821 0.0000000000
6.1923720055 0.7000000000 3.7158270415 0.5556741881 2.4066758812 0.0000000000
6.2005279240 0.7000000000 3.7158206228 0.5555382427 2.4065958281 0.0000000000
6.2086838331 0.7000000000 3.7158140858 0.5553987930 2.4065139006 0.0000000000
6.2168397332 0.7000000000 3.7158074428 0.5552560440 2.4064302289 0.0000000000
6.2249956252 0.7000000000 3.7158007139 0.5551103285 2.4063450272 0.0000000000
6.2331515100 0.7000000000 3.7157939194 0.5549619795 2.4062585094 0.0000000000
6.2413073883 0.7000000000 3.7157870795 0.5548113300 2.4061708898 0.0000000000
6.2494632611 0.7000000000 3.7157802143 0.5546587130 2.4060823825 0.0000000000
6.2576191292 0.7000000000 3.7157733442 0.5545044615 2.4059932016 0.0000000000
6.2657749934 0.7000000000 3.7157664895 0.5543489085 2.4059035613 0.0000000000
6.2739308546 0.7000000000 3.7157596702 0.5541923870 2.4058136756 0.0000000000
6.2820867134 0.7000000000 3.7157529043 0.5540351545 2.4057237189 0.0000000000
6.2902425699 0.7000000000 3.7157462012 0.5538772081 2.4056337279 0.0000000000
6.2983984237 0.7000000000 3.7157395686 0.5537184884 2.4055437096 0.0000000000
6.3065542749 0.7000000000 3.7157330141 0.5535589360 2.4054536708 0.0000000000
6.3147101231 0.7000000000 3.7157265455 0.5533984916 2.4053636185 0.0000000000
6.3228659683 0.7000000000 3.7157201703 0.5532370958 2.4052735597 0.0000000000
6.3310218103 0.7000000000 3.7157138964 0.5530746892 2.4051835012 0.0000000000
6.3391776489 0.7000000000 3.7157077313 0.5529112125 2.4050934501 0.0000000000
6.3473334839 0.7000000000 3.7157016827 0.5527466064 2.4050034133 0.0000000000
6.3554893153 0.7000000000 3.7156957532 0.5525808360 2.4049133873 0.0000000000
6.3636451436 0.7000000000 3.7156898964 0.5524141061 2.4048232680 0.0000000000
6.3718009700 0.7000000000 3.7156840381 0.5522467554 2.4047328945 0.0000000000
6.3799567956 0.7000000000 3.7156781039 0.5520791245 2.4046421056 0.0000000000
6.3881126213 0.7000000000 3.7156720196 0.5519115536 2.4045507397 0.0000000000
6.3962684483 0.7000000000 3.7156657106 0.5517443832 2.4044586357 0.0000000000
6.4044242777 0.7000000000 3.7156591027 0.5515779532 2.4043656321 0.0000000000
6.4125801095 0.7000000000 3.7156521770 0.5514122833 2.4042716611 0.0000000000
6.4207359408 0.7000000000 3.7156450640 0.5512465285 2.4041769073 0.0000000000
6.4288917683 0.7000000000 3.7156379194 0.5510796992 2.4040815971 0.0000000000
6.4370475888 0.7000000000 3.7156308987 0.5509108058 2.4039859571 0.0000000000
6.4452033990 0.7000000000 3.7156241576 0.5507388588 2.4038902140 0.0000000000
6.4533591955 0.7000000000 3.7156178493 0.5505628834 2.4037945906 0.0000000000
6.4615149779 0.7000000000 3.7156119985 0.5503826972 2.4036991127 0.0000000000
6.4696707493 0.7000000000 3.7156064394 0.5501992923 2.4036035144 0.0000000000
6.4778265135 0.7000000000 3.7156009908 0.5500137559 2.4035075058 0.0000000000
6.4859822740 0.7000000000 3.7155954718 0.5498271751 2.4034107971 0.0000000000
6.4941380344 0.7000000000 3.7155897010 0.5496406370 2.4033130987 0.0000000000
6.5022937976 0.7000000000 3.7155835791 0.5494549757 2.4032143466 0.0000000000
6.5104495636 0.7000000000 3.7155772880 0.5492701551 2.4031152540 0.0000000000
6.5186053317 0.7000000000 3.7155710701 0.5490859519 2.4030167010 0.0000000000
6.5267611014 0.7000000000 3.7155651677 0.5489021427 2.4029195678 0.0000000000
6.5349168721 0.7000000000 3.7155598232 0.5487185043 2.4028247344 0.0000000000
6.5430726431 0.7000000000 3.7155551743 0.5485348313 2.4027326698 0.0000000000
6.5512284138 0.7000000000 3.7155509825 0.5483509825 2.4026423628 0.0000000000
6.5593841836 0.7000000000 3.7155469243 0.5481668315 2.4025524698 0.0000000000
6.5675399517 0.7000000000 3.7155426766 0.5479822516 2.4024616470 0.0000000000
6.5756957176 0.7000000000 3.7155379257 0.5477971163 2.4023685893 0.0000000000
6.5838514806 0.7000000000 3.7155326917 0.5476112962 2.4022733253 0.0000000000
6.5920072406 0.7000000000 3.7155274057 0.5474246588 2.4021775264 0.0000000000
6.6001629973 0.7000000000 3.7155225242 0.5472370710 2.4020829653 0.0000000000
6.6083187505 0.7000000000 3.7155184944 0.5470484155 2.4019913838 0.0000000000
6.6164745020 0.7000000000 3.7155154170 0.5468591485 2.4019033674 0.0000000000
6.6246302559 0.7000000000 3.7155129487 0.5466704621 2.4018180197 0.0000000000
6.6327860164 0.7000000000 3.7155107172 0.5464835961 2.4017343474 0.0000000000
6.6409417873 0.7000000000 3.7155083686 0.5462996249 2.4016513644 0.0000000000
6.6490975660 0.7000000000 3.7155057508 0.5461178071 2.4015681660 0.0000000000
6.6572533456 0.7000000000 3.7155028361 0.5459362812 2.4014838970 0.0000000000
6.6654091196 0.7000000000 3.7154995991 0.5457531704 2.4013977045 0.0000000000
6.6735648848 0.7000000000 3.7154961409 0.5455676180 2.4013096508 0.0000000000
6.6817206484 0.7000000000 3.7154929199 0.5453816400 2.4012223758 0.0000000000
6.6898764195 0.7000000000 3.7154904571 0.5451977543 2.4011389700 0.0000000000
6.6980322063 0.7000000000 3.7154892264 0.5450182705 2.4010622537 0.0000000000
6.7061880101 0.7000000000 3.7154892770 0.5448436021 2.4009925890 0.0000000000
6.7143438287 0.7000000000 3.7154904313 0.5446731500 2.4009290251 0.0000000000
6.7224996595 0.7000000000 3.7154925092 0.5445063056 2.4008705990 0.0000000000
6.7306555001 0.7000000000 3.7154953308 0.5443424605 2.4008163476 0.0000000000
6.7388113483 0.7000000000 3.7154987163 0.5441810061 2.4007653078 0.0000000000
6.7469672018 0.7000000000 3.7155024750 0.5440214533 2.4007165215 0.0000000000
6.7551230637 0.7000000000 3.7155062836 0.5438647871 2.4006690894 0.0000000000
6.7632789400 0.7000000000 3.7155097294 0.5437129864 2.4006221523 0.0000000000
6.7714348337 0.7000000000 3.7155126262 0.5435669591 2.4005753286 0.0000000000
6.7795907303 0.7000000000 3.7155159758 0.5434219427 2.4005307202 0.0000000000
6.7877466096 0.7000000000 3.7155211616 0.5432713545 2.4004912284 0.0000000000
6.7959024670 0.7000000000 3.7155286640 0.5431137595 2.4004581998 0.0000000000
6.8040583333 0.7000000000 3.7155368631 0.5429596858 2.4004293666 0.0000000000
6.8122142427 0.7000000000 3.7155439852 0.5428207412 2.4004022774 0.0000000000
6.8203701984 0.7000000000 3.7155505188 0.5426988361 2.4003796497 0.0000000000
6.8285261797 0.7000000000 3.7155587524 0.5425881637 2.4003683151 0.0000000000
6.8366821683 0.7000000000 3.7155704986 0.5424836259 2.4003734847 0.0000000000
6.8448381650 0.7000000000 3.7155845157 0.5423854803 2.4003902951 0.0000000000
6.8529941774 0.7000000000 3.7155985922 0.5422958062 2.4004107314 0.0000000000
6.8611502058 0.7000000000 3.7156123386 0.5422151759 2.4004334647 0.0000000000
6.8693062451 0.7000000000 3.7156266697 0.5421428526 2.4004618598 0.0000000000
6.8774622863 0.7000000000 3.7156414037 0.5420724792 2.4004926464 0.0000000000
6.8856183163 0.7000000000 3.7156551490 0.5419918161 2.4005153624 0.0000000000
6.8937743359 0.7000000000 3.7156686166 0.5419038850 2.4005340605 0.0000000000
6.9019303646 0.7000000000 3.7156853990 0.5418324597 2.4005726198 0.0000000000
6.9100864141 0.7000000000 3.7157072059 0.5417912183 2.4006433509 0.0000000000
6.9182424799 0.7000000000 3.7157321044 0.5417736544 2.4007359194 0.0000000000
6.9263985560 0.7000000000 3.7157577950 0.5417712302 2.4008377120 0.0000000000
6.9345546366 0.7000000000 3.7157819788 0.5417754108 2.4009361195 0.0000000000
6.9427107129 0.7000000000 3.7158039466 0.5417836742 2.4010272962 0.0000000000
6.9508667689 0.7000000000 3.7158278727 0.5418117936 2.4011342483 0.0000000000
6.9590228005 0.7000000000 3.7158568277 0.5418585562 2.4012687731 0.0000000000
6.9671788255 0.7000000000 3.7158902872 0.5418914478 2.4014157678 0.0000000000
6.9753348506 0.7000000000 3.7159243942 0.5419179256 2.4015627870 0.0000000000
6.9834908672 0.7000000000 3.7159544716 0.5419744090 2.4017056899 0.0000000000
6.9916468325 0.7000000000 3.7159863444 0.5420645969 2.4018692562 0.0000000000
6.9998027040 0.7000000000 3.7160275463 0.5421788354 2.4020797593 0.0000000000
7.0079585200 0.7000000000 3.7160710098 0.5423114213 2.4023066476 0.0000000000
7.0161143100 0.7000000000 3.7161104697 0.5424605693 2.4025241466 0.0000000000
7.0242700440 0.7000000000 3.7161501244 0.5426276287 2.4027495892 0.0000000000
7.0324257417 0.7000000000 3.7161930102 0.5427999376 2.4029900559 0.0000000000
7.0405814462 0.7000000000 3.7162394446 0.5429646029 2.4032416597 0.0000000000
7.0487371690 0.7000000000 3.7162871744 0.5431254216 2.4034969061 0.0000000000
7.0568927489 0.7000000000 3.7163344209 0.5433216144 2.4037643693 0.0000000000
7.0650480404 0.7000000000 3.7163824550 0.5435826637 2.4040609253 0.0000000000
7.0732031851 0.7000000000 3.7164399807 0.5438621533 2.4044028240 0.0000000000
7.0813581931 0.7000000000 3.7165004402 0.5441591071 2.4047634435 0.0000000000
7.0895129993 0.7000000000 3.7165549638 0.5444965219 2.4051165040 0.0000000000
7.0976677385 0.7000000000 3.7166213710 0.5448306759 2.4055157942 0.0000000000
7.1058222858 0.7000000000 3.7166879409 0.5451919804 2.4059265957 0.0000000000
7.1139765769 0.7000000000 3.7167558876 0.5455872205 2.4063564787 0.0000000000
7.1221306458 0.7000000000 3.7168318812 0.5460011437 2.4068260223 0.0000000000
7.1302844679 0.7000000000 3.7169005774 0.5464517109 2.4072810341 0.0000000000
7.1384380536 0.7000000000 3.7169798524 0.5469179978 2.4077846486 0.0000000000
7.1465917208 0.7000000000 3.7170496913 0.5473844253 2.4082505753 0.0000000000
7.1547457403 0.7000000000 3.7171163961 0.5478141635 2.4086892898 0.0000000000
7.1628996291 0.7000000000 3.7171885263 0.5482527740 2.4091532550 0.0000000000
7.1710527025 0.7000000000 3.7172572071 0.5487823625 2.4096398134 0.0000000000
7.1792050633 0.7000000000 3.7173432647 0.5493614611 2.4102156831 0.0000000000
7.1873572876 0.7000000000 3.7174245690 0.5499564367 2.4107788909 0.0000000000
7.1955092087 0.7000000000 3.7175068669 0.5505759727 2.4113558968 0.0000000000
7.2036609098 0.7000000000 3.7175907801 0.5512123428 2.4119460976 0.0000000000
7.2118121182 0.7000000000 3.7176855793 0.5518774835 2.4125913507 0.0000000000
7.2199628930 0.7000000000 3.7177766233 0.5525785270 2.4132359439 0.0000000000
7.2281130196 0.7000000000 3.7178721072 0.5533211923 2.4139149456 0.0000000000
7.2362630160 0.7000000000 3.7179739881 0.5540682331 2.4146212855 0.0000000000
7.2444139763 0.7000000000 3.7180761719 0.5547455415 2.4153009442 0.0000000000
7.2525642534 0.7000000000 3.7181839242 0.5554666294 2.4160203888 0.0000000000
7.2607136051 0.7000000000 3.7183020109 0.5562428995 2.4168032433 0.0000000000
7.2688615199 0.7000000000 3.7184228139 0.5571043297 2.4176310274 0.0000000000
7.2770097624 0.7000000000 3.7185455673 0.5579449705 2.4184582974 0.0000000000
7.2851575273 0.7000000000 3.7186689075 0.5588136588 2.4192991334 0.0000000000
7.2933051978 0.7000000000 3.7187935049 0.5596863848 2.4201466134 0.0000000000
7.3014512725 0.7000000000 3.7189305214 0.5606378033 2.4210752471 0.0000000000
7.3095979114 0.7000000000 3.7190552889 0.5615685018 2.4219465964 0.0000000000
7.3177450776 0.7000000000 3.7191822293 0.5624685702 2.4228143851 0.0000000000
7.3258916675 0.7000000000 3.7193033297 0.5634054712 2.4236735474 0.0000000000
7.3340376020 0.7000000000 3.7194298270 0.5643722876 2.4245662630 0.0000000000
7.3421822181 0.7000000000 3.7195640838 0.5654009445 2.4255147531 0.0000000000
7.3503281500 0.7000000000 3.7196961363 0.5663636978 2.4264280643 0.0000000000
7.3584741825 0.7000000000 3.7198244210 0.5673230244 2.4273249338 0.0000000000
7.3666202390 0.7000000000 3.7199569069 0.5682750908 2.4282357041 0.0000000000
7.3747673565 0.7000000000 3.7200868262 0.5691753958 2.4291155030 0.0000000000
7.3829139698 0.7000000000 3.7202119289 0.5701070982 2.4299885948 0.0000000000
7.3910601304 0.7000000000 3.7203452239 0.5710562604 2.4309014397 0.0000000000
7.3992071143 0.7000000000 3.7204756294 0.5719632834 2.4317858710 0.0000000000
7.4073537586 0.7000000000 3.7206029806 0.5728915523 2.4326665831 0.0000000000
7.4154994564 0.7000000000 3.7207428780 0.5738572518 2.4336124529 0.0000000000
7.4236445632 0.7000000000 3.7208810494 0.5748581897 2.4345655134 0.0000000000
7.4317908389 0.7000000000 3.7210244773 0.5757904427 2.4355121263 0.0000000000
7.4399370405 0.7000000000 3.7211697804 0.5767267041 2.4364678431 0.0000000000
7.4480828095 0.7000000000 3.7213281851 0.5776718373 2.4374795152 0.0000000000
7.4562301116 0.7000000000 3.7214696222 0.5785476612 2.4383955933 0.0000000000
7.4643759867 0.7000000000 3.7216273869 0.5794854701 2.4394017757 0.0000000000
7.4725249924 0.7000000000 3.7217670287 0.5802513066 2.4402666774 0.0000000000
7.4806708817 0.7000000000 3.7219304325 0.5811861072 2.4412942129 0.0000000000
7.4888169541 0.7000000000 3.7220742249 0.5821287018 2.4422464203 0.0000000000
7.4969646871 0.7000000000 3.7222016893 0.5829900523 2.4431008182 0.0000000000
7.5051119005 0.7000000000 3.7223245508 0.5838788010 2.4439477637 0.0000000000
7.5132557797 0.7000000000 3.7224756049 0.5849190394 2.4449680754 0.0000000000
7.5214005540 0.7000000000 3.7226151717 0.5859325825 2.4459317596 0.0000000000
7.5295482156 0.7000000000 3.7227510458 0.5867948308 2.4468201553 0.0000000000
7.5376968956 0.7000000000 3.7228831341 0.5875984236 2.4476699460 0.0000000000
7.5458475136 0.7000000000 3.7230075548 0.5882537178 2.4484297462 0.0000000000
7.5539963332 0.7000000000 3.7231416488 0.5890422268 2.4492815259 0.0000000000
7.5621441207 0.7000000000 3.7232706589 0.5899043803 2.4501424278 0.0000000000
7.5702938093 0.7000000000 3.7233890395 0.5906538265 2.4509157285 0.0000000000
7.5784456460 0.7000000000 3.7234912317 0.5912571634 2.4515658320 0.0000000000
7.5865968020 0.7000000000 3.7236042836 0.5918876892 2.4522702503 0.0000000000
7.5947478207 0.7000000000 3.7237220847 0.5925443855 2.4530041328 0.0000000000
7.6029013323 0.7000000000 3.7238081428 0.5929644658 2.4535163976 0.0000000000
7.6110505827 0.7000000000 3.7239159339 0.5937501945 2.4542618534 0.0000000000
7.6192050025 0.7000000000 3.7239878146 0.5940699929 2.4546772955 0.0000000000
7.6273583575 0.7000000000 3.7240898092 0.5944993161 2.4552570031 0.0000000000
7.6355111602 0.7000000000 3.7242089375 0.5950029823 2.4559349830 0.0000000000
7.6436664978 0.7000000000 3.7242794925 0.5951506101 2.4562762541 0.0000000000
7.6518211283 0.7000000000 3.7243723289 0.5954492125 2.4567670407 0.0000000000
7.6599762617 0.7000000000 3.7244304014 0.5955043874 2.4570214004 0.0000000000
7.6681318884 0.7000000000 3.7244842282 0.5955101268 2.4572390035 0.0000000000
7.6762868262 0.7000000000 3.7245235846 0.5953729608 2.4573415627 0.0000000000
7.6844423395 0.7000000000 3.7245720858 0.5954149040 2.4575523449 0.0000000000
7.6925951355 0.7000000000 3.7245597225 0.5948944452 2.4572947080 0.0000000000
7.7007513929 0.7000000000 3.7246263105 0.5946771667 2.4574741488 0.0000000000
7.7088981696 0.7000000000 3.7245727951 0.5938297647 2.4569211262 0.0000000000
7.7170521277 0.7000000000 3.7245767568 0.5934409975 2.4567814663 0.0000000000
7.7251945819 0.7000000000 3.7245383816 0.5924658784 2.4562379177 0.0000000000
7.7333308853 0.7000000000 3.7244600033 0.5912508924 2.4554384104 0.0000000000
7.7414674007 0.7000000000 3.7243483529 0.5900534669 2.4545128382 0.0000000000
7.7495938162 0.7000000000 3.7242474538 0.5886292677 2.4535395624 0.0000000000
7.7577188145 0.7000000000 3.7241205382 0.5869695222 2.4523680017 0.0000000000
7.7658444330 0.7000000000 3.7240569785 0.5853356937 2.4514602314 0.0000000000
7.7738893376 0.7000000000 3.7239596780 0.5835071219 2.4503396007 0.0000000000
7.7819780681 0.7000000000 3.7237557657 0.5809598672 2.4485050498 0.0000000000
7.7900501150 0.7000000000 3.7235418317 0.5780900212 2.4465013752 0.0000000000
7.7981050774 0.7000000000 3.7233117932 0.5749428315 2.4443223455 0.0000000000
7.8061575432 0.7000000000 3.7231705688 0.5717967607 2.4424990194 0.0000000000
7.8141349049 0.7000000000 3.7229144820 0.5690108774 2.4403603189 0.0000000000
7.8220217559 0.7000000000 3.7225293781 0.5639063465 2.4367780909 0.0000000000
7.8299114922 0.7000000000 3.7221594981 0.5588218363 2.4332647668 0.0000000000
7.8377658411 0.7000000000 3.7217396827 0.5534297117 2.4294286553 0.0000000000
7.8456072458 0.7000000000 3.7212958367 0.5479343054 2.4254551088 0.0000000000
7.8534020980 0.7000000000 3.7208469097 0.5420414868 2.4213022735 0.0000000000
7.8611517000 0.7000000000 3.7204101095 0.5357800907 2.4170505144 0.0000000000
7.8688385331 0.7000000000 3.7199673486 0.5290565457 2.4125900526 0.0000000000
7.8764968473 0.7000000000 3.7195054088 0.5221393092 2.4079753988 0.0000000000
7.8841058471 0.7000000000 3.7190366972 0.5148951027 2.4032028701 0.0000000000
7.8916453811 0.7000000000 3.7185073996 0.5072340515 2.3980212590 0.0000000000
7.8990180350 0.7000000000 3.7179387766 0.4986732536 2.3923224477 0.0000000000
7.9063268303 0.7000000000 3.7173973795 0.4897841521 2.3866012187 0.0000000000
7.9137374423 0.7000000000 3.7169115806 0.4813912921 2.3813008793 0.0000000000
7.9210062427 0.7000000000 3.7164068932 0.4722678904 2.3756327690 0.0000000000
7.9278279815 0.7000000000 3.7157453665 0.4609858687 2.3684738535 0.0000000000
7.9298045817 0.7000000000 3.7166703501 0.4748657772 2.3777257513 0.0000000000
7.9302822937 0.7000000000 3.7183709829 0.4985817380 2.3940146667 0.0000000000
7.9336587646 0.7000000000 3.7178085746 0.4944224791 2.3901013299 0.0000000000
7.9393871927 0.7000000000 3.7169129644 0.4800826209 2.3807829459 0.0000000000
7.9447415907 0.7000000000 3.7160149578 0.4648748116 2.3711077959 0.0000000000
7.9497534069 0.7000000000 3.7149832559 0.4490127068 2.3606361462 0.0000000000
7.9543678194 0.7000000000 3.7140578677 0.4323625499 2.3502745307 0.0000000000
7.9587300612 0.7000000000 3.7130598822 0.4153446657 2.3394754352 0.0000000000
7.9625351143 0.7000000000 3.7120977113 0.3974716256 2.3284775354 0.0000000000
7.9661955266 0.7000000000 3.7111817815 0.3794191477 2.3175928250 0.0000000000
7.9692113466 0.7000000000 3.7101184604 0.3606653792 2.3058380332 0.0000000000
7.9718202142 0.7000000000 3.7091360838 0.3415056267 2.2942446261 0.0000000000
7.9740377067 0.7000000000 3.7081473120 0.3220419188 2.2825040554 0.0000000000
7.9759344193 0.7000000000 3.7070812746 0.3023922402 2.2703800346 0.0000000000
7.9775556778 0.7000000000 3.7061118419 0.2825572232 2.2585682967 0.0000000000
7.9789342760 0.7000000000 3.7049972398 0.2626552254 2.2461490894 0.0000000000
7.9801031500 0.7000000000 3.7039910059 0.2426335056 2.2341154657 0.0000000000
7.9811058911 0.7000000000 3.7029783624 0.2225572634 2.2220343952 0.0000000000
7.9819589787 0.7000000000 3.7019044700 0.2024578434 2.2096990572 0.0000000000
7.9826853618 0.7000000000 3.7009232024 0.1822976683 2.1977099171 0.0000000000
7.9833191497 0.7000000000 3.6998203118 0.1621569598 2.1852420712 0.0000000000
7.9838570259 0.7000000000 3.6988233908 0.1419643280 2.1731773342 0.0000000000
7.9843128527 0.7000000000 3.6977623384 0.1217798417 2.1608593301 0.0000000000
7.9847024831 0.7000000000 3.6967759346 0.1015635904 2.1488272147 0.0000000000
7.9850353541 0.7000000000 3.6956916037 0.0813720186 2.1364132623 0.0000000000
7.9853214260 0.7000000000 3.6947261059 0.0611379568 2.1244576462 0.0000000000
7.9855690217 0.7000000000 3.6937457229 0.0409050710 2.1124429601 0.0000000000
7.9857844962 0.7000000000 3.6927380071 0.0206782288 2.1003213599 0.0000000000
7.9859718051 0.7000000000 3.6917840772 0.0004343354 2.0884080829 0.0000000000
7.9861356654 0.7000000000 3.6907241437 -0.0197788767 2.0760830643 0.0000000000
7.9862791416 0.7000000000 3.6897745551 -0.0400271776 2.0641853892 0.0000000000
7.9864060801 0.7000000000 3.6887691450 -0.0602591480 2.0520709610 0.0000000000
7.9865179000 0.7000000000 3.6878661693 -0.0805219169 2.0403539503 0.0000000000
7.9866181770 0.7000000000 3.6868315539 -0.1007458809 2.0281259031 0.0000000000
7.9867072702 0.7000000000 3.6859189055 -0.1210067796 2.0163709500 0.0000000000
7.9867881440 0.7000000000 3.6849344145 -0.1412469449 2.0043369199 0.0000000000
7.9868609803 0.7000000000 3.6840659152 -0.1615204969 1.9927535020 0.0000000000
7.9869284293 0.7000000000 3.6830683048 -0.1817566362 1.9806686048 0.0000000000
7.9869899930 0.7000000000 3.6821800000 -0.2020250000 1.9690080400 0.0000000000
7.9870435914 0.7000000000 3.6813000000 -0.2209000000 1.9579380400 0.0000000000
7.9875940972 0.7000000000 3.6708063723 -0.4664462672 1.8177450225 0.0000000000
7.9881446030 0.7000000000 3.6682643539 -0.5350532590 1.7801341520 0.0000000000
7.9886951087 0.7000000000 3.6722247567 -0.4391040041 1.8343554653 0.0000000000
7.9892456145 0.7000000000 3.6733028381 -0.4113867840 1.8497546790 0.0000000000
7.9897961203 0.7000000000 3.6738208298 -0.3987796005 1.8568695190 0.0000000000
7.9903466261 0.7000000000 3.6738986632 -0.3962751954 1.8581826146 0.0000000000
7.9908971319 0.7000000000 3.6737210527 -0.3999067665 1.8560195440 0.0000000000
7.9914476377 0.7000000000 3.6734106931 -0.4065004516 1.8521406318 0.0000000000
7.9919981435 0.7000000000 3.6730645779 -0.4143654878 1.8476101565 0.0000000000
7.9925486493 0.7000000000 3.6727039387 -0.4231197141 1.8426659091 0.0000000000
7.9930991551 0.7000000000 3.6723387565 -0.4321810868 1.8375806314 0.0000000000
7.9936496608 0.7000000000 3.6719719742 -0.4413506443 1.8324456792 0.0000000000
7.9942001666 0.7000000000 3.6715716859 -0.4505646563 1.8271589213 0.0000000000
7.9947506724 0.7000000000 3.6711547035 -0.4598008174 1.8217965271 0.0000000000
7.9953011782 0.7000000000 3.6707462617 -0.4690960773 1.8164446558 0.0000000000
7.9958516840 0.7000000000 3.6703609975 -0.4785517203 1.8111213418 0.0000000000
7.9964021898 0.7000000000 3.6699757333 -0.4880073633 1.8057980278 0.0000000000
7.9969526956 0.7000000000 3.6695720116 -0.4976677275 1.8003189954 0.0000000000
7.9975032014 0.7000000000 3.6691543555 -0.5074826446 1.7947224044 0.0000000000
7.9980537071 0.7000000000 3.6687366995 -0.5172975616 1.7891258134 0.0000000000
7.9986042129 0.7000000000 3.6683118239 -0.5276950607 1.7832673115 0.0000000000
7.9991547187 0.7000000000 3.6678864553 -0.5381323459 1.7773909230 0.0000000000
7.9997052245 0.7000000000 3.6674320440 -0.5489788195 1.7712346882 0.0000000000
8.0002557303 0.7000000000 3.6669335381 -0.5604465502 1.7646535723 0.0000000000
8.0008062361 0.7000000000 3.6664344572 -0.5719290644 1.7580642431 0.0000000000
8.0013567419 0.7000000000 3.6658782560 -0.5848802796 1.7506589520 0.0000000000
8.0019072477 0.7000000000 3.6653220547 -0.5978314948 1.7432536609 0.0000000000
8.0024577535 0.7000000000 3.6647575293 -0.6117867679 1.7354134500 0.0000000000
8.0030082592 0.7000000000 3.6641913529 -0.6259411768 1.7274869810 0.0000000000
8.0035587650 0.7000000000 3.6634742275 -0.6418823173 1.7182420231 0.0000000000
8.0041092708 0.7000000000 3.6627384904 -0.6583102844 1.7087278879 0.0000000000
8.0046597766 0.7000000000 3.6619821991 -0.6765226844 1.6984177626 0.0000000000
8.0052102824 0.7000000000 3.6611848923 -0.6955204704 1.6876294210 0.0000000000
8.0057607882 0.7000000000 3.6603610320 -0.7150852314 1.6765080756 0.0000000000
8.0063112940 0.7000000000 3.6595396564 -0.7347982459 1.6653373673 0.0000000000
8.0068617998 0.7000000000 3.6587333704 -0.7537131835 1.6545462482 0.0000000000
8.0074123055 0.7000000000 3.6580185230 -0.7716665488 1.6445055127 0.0000000000
8.0079628113 0.7000000000 3.6573527424 -0.7887628190 1.6350038819 0.0000000000
8.0085133171 0.7000000000 3.6567000225 -0.8050983626 1.6258587848 0.0000000000
8.0090638229 0.7000000000 3.6560573917 -0.8209192460 1.6169599082 0.0000000000
8.0096143287 0.7000000000 3.6554297221 -0.8366785466 1.6081455099 0.0000000000
8.0101648345 0.7000000000 3.6548224531 -0.8523979595 1.5994286685 0.0000000000
8.0107153403 0.7000000000 3.6541595184 -0.8683810815 1.5903836809 0.0000000000
8.0112658461 0.7000000000 3.6534899373 -0.8845407974 1.5812414704 0.0000000000
8.0118163519 0.7000000000 3.6528347437 -0.9010812243 1.5720045252 0.0000000000
8.0123668576 0.7000000000 3.6521650464 -0.9179877999 1.5625631055 0.0000000000
8.0129173634 0.7000000000 3.6514910045 -0.9351589007 1.5529984978 0.0000000000
8.0134678692 0.7000000000 3.6508272536 -0.9527790932 1.5432954171 0.0000000000
8.0140183750 0.7000000000 3.6501381799 -0.9707770465 1.5333399411 0.0000000000
8.0145688808 0.7000000000 3.6494174504 -0.9890772622 1.5231369366 0.0000000000
8.0151193866 0.7000000000 3.6486464671 -1.0077336027 1.5125904673 0.0000000000
8.0156698924 0.7000000000 3.6479041372 -1.0268181215 1.5019873403 0.0000000000
8.0162203982 0.7000000000 3.6471577357 -1.0462054629 1.4912467975 0.0000000000
8.0167709040 0.7000000000 3.6464041173 -1.0658835743 1.4803610796 0.0000000000
8.0173214097 0.7000000000 3.6456431856 -1.0858262114 1.4693402978 0.0000000000
8.0178719155 0.7000000000 3.6448526958 -1.1062671599 1.4580019592 0.0000000000
8.0184224213 0.7000000000 3.6440033250 -1.1271712706 1.4462428319 0.0000000000
8.0189729271 0.7000000000 3.6431756853 -1.1485396598 1.4343849172 0.0000000000
8.0195234329 0.7000000000 3.6423630853 -1.1704038633 1.4223888357 0.0000000000
8.0200739387 0.7000000000 3.6415010315 -1.1928049186 1.4099801984 0.0000000000
8.0206244445 0.7000000000 3.6405942348 -1.2157541215 1.3971733307 0.0000000000
8.0211749503 0.7000000000 3.6397230177 -1.2393228374 1.3842609758 0.0000000000
8.0217254560 0.7000000000 3.6388351872 -1.2635694868 1.3710109942 0.0000000000
8.0222759618 0.7000000000 3.6378336483 -1.2884886902 1.3570371573 0.0000000000
8.0228264676 0.7000000000 3.6368326225 -1.3141350361 1.3427745156 0.0000000000
8.0233769734 0.7000000000 3.6358607987 -1.3405393338 1.3283255012 0.0000000000
8.0239274792 0.7000000000 3.6348368482 -1.3677040441 1.3133638151 0.0000000000
8.0244779850 0.7000000000 3.6337292412 -1.3955063738 1.2978124552 0.0000000000
8.0250284908 0.7000000000 3.6326633981 -1.4240160463 1.2821452140 0.0000000000
8.0255789966 0.7000000000 3.6316046962 -1.4533805416 1.2661646081 0.0000000000
8.0261295024 0.7000000000 3.6304380335 -1.4835848110 1.2494162498 0.0000000000
8.0266800081 0.7000000000 3.6292026149 -1.5146008999 1.2320681398 0.0000000000
8.0272305139 0.7000000000 3.6280418752 -1.5464186772 1.2146980699 0.0000000000
8.0277810197 0.7000000000 3.6268325673 -1.5790970792 1.1967894777 0.0000000000
8.0283315255 0.7000000000 3.6255432369 -1.6124971698 1.1782721198 0.0000000000
8.0288820313 0.7000000000 3.6242380298 -1.6465657819 1.1594238466 0.0000000000
8.0294325371 0.7000000000 3.6229261252 -1.6813463105 1.1402640167 0.0000000000
8.0299830429 0.7000000000 3.6216390896 -1.7160395815 1.1212385657 0.0000000000
8.0305335487 0.7000000000 3.6203409301 -1.7519452809 1.1016836479 0.0000000000
8.0310840544 0.7000000000 3.6188992559 -1.7889396174 1.0811192168 0.0000000000
8.0316345602 0.7000000000 3.6174405369 -1.8262737253 1.0603506974 0.0000000000
8.0321850660 0.7000000000 3.6160224025 -1.8638145580 1.0396618269 0.0000000000
8.0327355718 0.7000000000 3.6145969596 -1.9017267247 1.0187951884 0.0000000000
8.0332860776 0.7000000000 3.6131861055 -1.9399564168 0.9978598951 0.0000000000
8.0338365834 0.7000000000 3.6117395404 -1.9787097060 0.9765723191 0.0000000000
8.0343870892 0.7000000000 3.6102457926 -2.0188418303 0.9545444781 0.0000000000
8.0349375950 0.7000000000 3.6086438063 -2.0616462866 0.9310147505 0.0000000000
8.0354881008 0.7000000000 3.6069205338 -2.1076102436 0.9057360778 0.0000000000
8.0360386065 0.7000000000 3.6051254082 -2.1553170199 0.8794728649 0.0000000000
8.0365891123 0.7000000000 3.6031524526 -2.2074809549 0.8507154686 0.0000000000
8.0371396181 0.7000000000 3.6008305282 -2.2689827066 0.8168270701 0.0000000000
8.0376901239 0.7000000000 3.5979016011 -2.3457732609 0.7743951399 0.0000000000
8.0382406297 0.7000000000 3.5943272037 -2.4392262899 0.7227163390 0.0000000000
8.0387911355 0.7000000000 3.5903786968 -2.5415790247 0.6659812173 0.0000000000
8.0393416413 0.7000000000 3.5859794088 -2.6542325732 0.6033226460 0.0000000000
8.0398921471 0.7000000000 3.5811986064 -2.7743359341 0.5361580922 0.0000000000
8.0404426528 0.7000000000 3.5764036934 -2.8923230958 0.4697835752 0.0000000000
8.0409931586 0.7000000000 3.5719311562 -3.0020015865 0.4080220303 0.0000000000
8.0415436644 0.7000000000 3.5490700000 -3.5081250000 0.1141280400 0.0000000000
