# logAge Mass logTe Mbol logg C/O
1.4989305580 0.1400000000 3.4897300000 4.4752750000 2.3711580357 0.0000000000
1.5402260819 0.1400000000 3.4897274794 4.4755012472 2.3712384524 0.0000000000
1.5815217578 0.1400000000 3.4897254582 4.4757141717 2.3713155371 0.0000000000
1.6228175641 0.1400000000 3.4897238796 4.4759187972 2.3713910728 0.0000000000
1.6641134793 0.1400000000 3.4897226869 4.4761201474 2.3714668421 0.0000000000
1.7054094818 0.1400000000 3.4897218234 4.4763232460 2.3715446278 0.0000000000
1.7467055503 0.1400000000 3.4897212326 4.4765331168 2.3716262127 0.0000000000
1.7880016630 0.1400000000 3.4897208577 4.4767547834 2.3717133797 0.0000000000
1.8292977984 0.1400000000 3.4897206420 4.4769932696 2.3718079113 0.0000000000
1.8705939352 0.1400000000 3.4897205288 4.4772535990 2.3719115905 0.0000000000
1.9118900516 0.1400000000 3.4897204615 4.4775407955 2.3720262000 0.0000000000
1.9531861262 0.1400000000 3.4897203835 4.4778598826 2.3721535226 0.0000000000
1.9944821375 0.1400000000 3.4897202379 4.4782158843 2.3722953411 0.0000000000
2.0357780639 0.1400000000 3.4897199682 4.4786138240 2.3724534382 0.0000000000
2.0770738838 0.1400000000 3.4897195177 4.4790587257 2.3726295967 0.0000000000
2.1183695758 0.1400000000 3.4897188297 4.4795556129 2.3728255995 0.0000000000
2.1596651184 0.1400000000 3.4897178474 4.4801095094 2.3730432292 0.0000000000
2.2009604899 0.1400000000 3.4897165143 4.4807254390 2.3732842686 0.0000000000
2.2422556688 0.1400000000 3.4897147737 4.4814084252 2.3735505006 0.0000000000
2.2835506337 0.1400000000 3.4897125689 4.4821634920 2.3738437079 0.0000000000
2.3248453630 0.1400000000 3.4897098431 4.4829956629 2.3741656734 0.0000000000
2.3661398295 0.1400000000 3.4897066586 4.4839099710 2.3745186584 0.0000000000
2.4074339870 0.1400000000 3.4897034831 4.4849114810 2.3749065607 0.0000000000
2.4487277850 0.1400000000 3.4897008715 4.4860052645 2.3753336274 0.0000000000
2.4900211701 0.1400000000 3.4896993192 4.4871967007 2.3758039928 0.0000000000
2.5313140313 0.1400000000 3.4896981501 4.4884972794 2.3763195478 0.0000000000
2.5726062040 0.1400000000 3.4896956105 4.4899241080 2.3768801211 0.0000000000
2.6138975217 0.1400000000 3.4896899070 4.4914945027 2.3774854648 0.0000000000
2.6551877924 0.1400000000 3.4896812105 4.4932277063 2.3781439600 0.0000000000
2.6964767573 0.1400000000 3.4896758377 4.4951459244 2.3788897561 0.0000000000
2.7377643457 0.1400000000 3.4896725208 4.4972438700 2.3797156668 0.0000000000
2.7790505414 0.1400000000 3.4896663832 4.4995076220 2.3805966174 0.0000000000
2.8203345953 0.1400000000 3.4896568306 4.5019973376 2.3815542931 0.0000000000
2.8616159181 0.1400000000 3.4896493668 4.5047607368 2.3826297976 0.0000000000
2.9028948131 0.1400000000 3.4896475878 4.5077488101 2.3838179110 0.0000000000
2.9441702303 0.1400000000 3.4896424611 4.5110168749 2.3851046302 0.0000000000
2.9854410580 0.1400000000 3.4896261747 4.5146261500 2.3864831943 0.0000000000
3.0267073454 0.1400000000 3.4896137839 4.5185504720 2.3880033601 0.0000000000
3.0679673881 0.1400000000 3.4896063101 4.5228604141 2.3896974418 0.0000000000
3.1092206722 0.1400000000 3.4895979980 4.5275634828 2.3915454209 0.0000000000
3.1504665933 0.1400000000 3.4895886975 4.5326491823 2.3935424988 0.0000000000
3.1917013230 0.1400000000 3.4895714093 4.5382755660 2.3957238995 0.0000000000
3.2329268915 0.1400000000 3.4895541802 4.5443097443 2.3980686543 0.0000000000
3.2741364649 0.1400000000 3.4895373894 4.5509850271 2.4006716040 0.0000000000
3.3153316741 0.1400000000 3.4895200555 4.5582022046 2.4034891395 0.0000000000
3.3565098819 0.1400000000 3.4895038590 4.5659943910 2.4065412282 0.0000000000
3.3976651458 0.1400000000 3.4894850966 4.5745159719 2.4098748109 0.0000000000
3.4387962715 0.1400000000 3.4894589348 4.5837347733 2.4134576844 0.0000000000
3.4798977698 0.1400000000 3.4894334756 4.5937461768 2.4173604087 0.0000000000
3.5209662410 0.1400000000 3.4894081748 4.6045718343 2.4215894685 0.0000000000
3.5619975147 0.1400000000 3.4893825360 4.6162458269 2.4261565103 0.0000000000
3.6029854896 0.1400000000 3.4893577973 4.6288348496 2.4310931647 0.0000000000
3.6439231285 0.1400000000 3.4893306512 4.6424088322 2.4364141735 0.0000000000
3.6848043004 0.1400000000 3.4892946236 4.6570080981 2.4421097692 0.0000000000
3.7256234242 0.1400000000 3.4892521822 4.6726546885 2.4481986397 0.0000000000
3.7663724432 0.1400000000 3.4892175228 4.6894046667 2.4547599935 0.0000000000
3.8070434375 0.1400000000 3.4891861203 4.7073012362 2.4617930114 0.0000000000
3.8476266224 0.1400000000 3.4891450624 4.7264022118 2.4692691699 0.0000000000
3.8881137717 0.1400000000 3.4891048040 4.7467375155 2.4772422578 0.0000000000
3.9284956690 0.1400000000 3.4890644042 4.7683403930 2.4857218096 0.0000000000
3.9687607692 0.1400000000 3.4890176715 4.7912652184 2.4947048091 0.0000000000
4.0089003765 0.1400000000 3.4889734116 4.8155261800 2.5042321539 0.0000000000
4.0489066095 0.1400000000 3.4889214827 4.8411266009 2.5142646070 0.0000000000
4.0887725836 0.1400000000 3.4888769830 4.8680597789 2.5248598793 0.0000000000
4.1284909190 0.1400000000 3.4888273305 4.8963230575 2.5359665808 0.0000000000
4.1680558079 0.1400000000 3.4887881079 4.9259009181 2.5476408345 0.0000000000
4.2074642441 0.1400000000 3.4887514026 4.9567564376 2.5598362211 0.0000000000
4.2467089991 0.1400000000 3.4887251571 4.9888894513 2.5725844445 0.0000000000
4.2857864734 0.1400000000 3.4886976653 5.0222723190 2.5858276245 0.0000000000
4.3246949743 0.1400000000 3.4886914028 5.0568693236 2.5996413762 0.0000000000
4.3634359686 0.1400000000 3.4886808278 5.0926224306 2.6139003190 0.0000000000
4.4020047599 0.1400000000 3.4886876898 5.1295183815 2.6286861476 0.0000000000
4.4404080440 0.1400000000 3.4887075571 5.1674775886 2.6439492994 0.0000000000
4.4786463907 0.1400000000 3.4887421707 5.2064635917 2.6596821550 0.0000000000
4.5167220721 0.1400000000 3.4887923251 5.2464317402 2.6758700321 0.0000000000
4.5546452903 0.1400000000 3.4888724854 5.2872956433 2.6925362345 0.0000000000
4.5924166203 0.1400000000 3.4889600555 5.3290299602 2.7095802417 0.0000000000
4.6300371396 0.1400000000 3.4890710788 5.3716068038 2.7270550723 0.0000000000
4.6675153924 0.1400000000 3.4892019245 5.4149603659 2.7449198800 0.0000000000
4.7048564144 0.1400000000 3.4893624500 5.4590472408 2.7631967319 0.0000000000
4.7420654259 0.1400000000 3.4895349710 5.5038260155 2.7817983258 0.0000000000
4.7791469622 0.1400000000 3.4897362472 5.5492601598 2.8007770886 0.0000000000
4.8161024085 0.1400000000 3.4899529977 5.5953314115 2.8200725913 0.0000000000
4.8529351631 0.1400000000 3.4901905536 5.6420120629 2.8396950752 0.0000000000
4.8896556622 0.1400000000 3.4904432927 5.6892418725 2.8595979555 0.0000000000
4.9262629965 0.1400000000 3.4907185637 5.7370167252 2.8798089804 0.0000000000
4.9627583750 0.1400000000 3.4910159515 5.7853232086 2.9003211250 0.0000000000
4.9991522208 0.1400000000 3.4913189019 5.8341057689 2.9210459508 0.0000000000
5.0354406661 0.1400000000 3.4916350375 5.8833761915 2.9420186624 0.0000000000
5.0716313989 0.1400000000 3.4919648832 5.9330933099 2.9632248923 0.0000000000
5.1077200390 0.1400000000 3.4922972242 5.9832719266 2.9846257032 0.0000000000
5.1436732650 0.1400000000 3.4926128217 6.0340546880 3.0062011976 0.0000000000
5.1794006294 0.1400000000 3.4928465102 6.0858267804 3.0278447885 0.0000000000
5.2148974315 0.1400000000 3.4930076369 6.1385823142 3.0495915088 0.0000000000
5.2501571340 0.1400000000 3.4930568164 6.1923243194 3.0712850290 0.0000000000
5.2851948873 0.1400000000 3.4930322129 6.2469658512 3.0930432277 0.0000000000
5.3200129264 0.1400000000 3.4929024662 6.3024772247 3.1147287902 0.0000000000
5.3546217589 0.1400000000 3.4926781552 6.3587986373 3.1363601113 0.0000000000
5.3890400405 0.1400000000 3.4923592807 6.4158427142 3.1579022443 0.0000000000
5.4233673183 0.1400000000 3.4919411961 6.4732245688 3.1791826478 0.0000000000
5.4577799035 0.1400000000 3.4914427447 6.5302819293 3.2000117862 0.0000000000
5.4924314488 0.1400000000 3.4908564644 6.5864216459 3.2201225518 0.0000000000
5.5275469375 0.1400000000 3.4902149404 6.6407215399 3.2392764132 0.0000000000
5.5634004567 0.1400000000 3.4895348777 6.6919076683 3.2570306137 0.0000000000
5.6003178391 0.1400000000 3.4888765753 6.7381022776 3.2728752479 0.0000000000
5.6384278417 0.1400000000 3.4882633160 6.7778022606 3.2863022038 0.0000000000
5.6777069462 0.1400000000 3.4877384159 6.8095709200 3.2969100672 0.0000000000
5.7178007709 0.1400000000 3.4873252340 6.8342037659 3.3051104782 0.0000000000
5.7584745258 0.1400000000 3.4870195573 6.8520109769 3.3110106558 0.0000000000
5.7993593071 0.1400000000 3.4867576231 6.8665342033 3.3157722095 0.0000000000
5.8403944648 0.1400000000 3.4865556448 6.8780965049 3.3195892166 0.0000000000
5.8814472915 0.1400000000 3.4863443171 6.8892597287 3.3232091956 0.0000000000
5.9224962288 0.1400000000 3.4861377010 6.9005115043 3.3268834415 0.0000000000
5.9634523875 0.1400000000 3.4858873712 6.9137175166 3.3311645270 0.0000000000
6.0043390165 0.1400000000 3.4856214192 6.9282027337 3.3358948058 0.0000000000
6.0450687635 0.1400000000 3.4852897493 6.9452177232 3.3413741221 0.0000000000
6.0855123143 0.1400000000 3.4848810693 6.9660581843 3.3480755866 0.0000000000
6.1254785184 0.1400000000 3.4843569853 6.9920121172 3.3563608238 0.0000000000
6.1646435414 0.1400000000 3.4836847312 7.0246850622 3.3667409853 0.0000000000
6.2025077238 0.1400000000 3.4828157481 7.0657912522 3.3797075291 0.0000000000
6.2381572115 0.1400000000 3.4816707350 7.1177171751 3.3958978459 0.0000000000
6.2702877439 0.1400000000 3.4801912811 7.1823448258 3.4158310904 0.0000000000
6.2979880191 0.1400000000 3.4783787447 7.2586739459 3.4391125928 0.0000000000
6.3214502855 0.1400000000 3.4763150803 7.3434214686 3.4647569443 0.0000000000
6.3419936309 0.1400000000 3.4740899486 7.4327932231 3.4916051194 0.0000000000
6.3613833463 0.1400000000 3.4717396728 7.5237556313 3.5185889795 0.0000000000
6.3811145335 0.1400000000 3.4693648242 7.6142522318 3.5452882254 0.0000000000
6.4017820437 0.1400000000 3.4670069570 7.7034346914 3.5715297401 0.0000000000
6.4234247867 0.1400000000 3.4646923493 7.7911667256 3.5973641230 0.0000000000
6.4459700746 0.1400000000 3.4624058442 7.8774712380 3.6227399077 0.0000000000
6.4693871899 0.1400000000 3.4601553378 7.9623186102 3.6476768311 0.0000000000
6.4936622231 0.1400000000 3.4579623384 8.0456552519 3.6722394899 0.0000000000
6.5188078408 0.1400000000 3.4558686432 8.1273785233 3.6965540180 0.0000000000
6.5448067769 0.1400000000 3.4538755646 8.2074316381 3.7206029492 0.0000000000
6.5716213061 0.1400000000 3.4519937847 8.2858024130 3.7444241396 0.0000000000
6.5992355671 0.1400000000 3.4502510080 8.3624385722 3.7681074964 0.0000000000
6.6274906653 0.1400000000 3.4485983012 8.4376156690 3.7915675079 0.0000000000
6.6564858881 0.1400000000 3.4471052900 8.5110297653 3.8149611018 0.0000000000
6.6860114648 0.1400000000 3.4456825863 8.5831178655 3.8381055273 0.0000000000
6.7162913662 0.1400000000 3.4444760854 8.6532503303 3.8613325096 0.0000000000
6.7472513433 0.1400000000 3.4434693836 8.7215194298 3.8846133421 0.0000000000
6.7790329798 0.1400000000 3.4427509529 8.7874102386 3.9080959427 0.0000000000
6.8116206448 0.1400000000 3.4423638727 8.8508108210 3.9319078551 0.0000000000
6.8449974241 0.1400000000 3.4423223282 8.9115984963 3.9560567469 0.0000000000
6.8791438546 0.1400000000 3.4426560035 8.9696462665 3.9806105563 0.0000000000
6.9139667940 0.1400000000 3.4433655064 9.0251071244 4.0056329111 0.0000000000
6.9490088252 0.1400000000 3.4442127739 9.0796911046 4.0308555733 0.0000000000
6.9839901846 0.1400000000 3.4450222311 9.1345209952 4.0560253583 0.0000000000
7.0189137147 0.1400000000 3.4458009389 9.1895838937 4.0811653488 0.0000000000
7.0538329621 0.1400000000 3.4465881700 9.2446630029 4.1063459169 0.0000000000
7.0887347613 0.1400000000 3.4473690869 9.2998118079 4.1315291064 0.0000000000
7.1235368429 0.1400000000 3.4480943101 9.3553576339 4.1566483296 0.0000000000
7.1583464469 0.1400000000 3.4488189989 9.4108741368 4.1817536858 0.0000000000
7.1931549632 0.1400000000 3.4495574692 9.4663937828 4.2069154256 0.0000000000
7.2279221105 0.1400000000 3.4502583968 9.5220781903 4.2319928988 0.0000000000
7.2626785446 0.1400000000 3.4509593669 9.5778044015 4.2570872639 0.0000000000
7.2974307706 0.1400000000 3.4516496635 9.6335478512 4.2821458301 0.0000000000
7.3321785022 0.1400000000 3.4523411776 9.6893087158 4.3072162323 0.0000000000
7.3669214802 0.1400000000 3.4530335391 9.7450880240 4.3322974018 0.0000000000
7.4016526117 0.1400000000 3.4537044338 9.8009150588 4.3573117943 0.0000000000
7.4363662850 0.1400000000 3.4543757100 9.8568098687 4.3823548230 0.0000000000
7.4710691169 0.1400000000 3.4550313068 9.9127479036 4.4073524242 0.0000000000
7.5057615771 0.1400000000 3.4556839489 9.9687263514 4.4323543718 0.0000000000
7.5404306489 0.1400000000 3.4563171931 10.0247966966 4.4573154866 0.0000000000
7.5750810527 0.1400000000 3.4569380662 10.0809399303 4.4822562728 0.0000000000
7.6096131242 0.1400000000 3.4574791555 10.1375416140 4.5070613034 0.0000000000
7.6440203960 0.1400000000 3.4579466615 10.1946210552 4.5317631038 0.0000000000
7.6784329499 0.1400000000 3.4583992629 10.2516812261 4.5563975778 0.0000000000
7.7128313910 0.1400000000 3.4588338818 10.3087954144 4.5809817287 0.0000000000
7.7472131158 0.1400000000 3.4592485206 10.3659734124 4.6055114830 0.0000000000
7.7815772237 0.1400000000 3.4596387432 10.4232186412 4.6299704649 0.0000000000
7.8159132827 0.1400000000 3.4599965415 10.4805702583 4.6543423051 0.0000000000
7.8502209723 0.1400000000 3.4603183010 10.5380292462 4.6786129382 0.0000000000
7.8845103373 0.1400000000 3.4606119473 10.5955574849 4.7027988189 0.0000000000
7.9188282901 0.1400000000 3.4608973953 10.6529793450 4.7269093550 0.0000000000
7.9531281302 0.1400000000 3.4611430071 10.7104699518 4.7508880448 0.0000000000
7.9874066086 0.1400000000 3.4613472635 10.7680411451 4.7747335479 0.0000000000
8.0216835949 0.1400000000 3.4614992708 10.8256189090 4.7983726823 0.0000000000
8.0559819509 0.1400000000 3.4616213043 10.8831175044 4.8218602548 0.0000000000
8.0903071811 0.1400000000 3.4616958766 10.9405162707 4.8451180503 0.0000000000
8.1246885454 0.1400000000 3.4617211455 10.9977049360 4.8680945920 0.0000000000
8.1591639856 0.1400000000 3.4616973120 11.0545384592 4.8907326673 0.0000000000
8.1937757773 0.1400000000 3.4616275705 11.1108511659 4.9129787839 0.0000000000
8.2285672233 0.1400000000 3.4615178268 11.1664671272 4.9347861936 0.0000000000
8.2636172856 0.1400000000 3.4613606484 11.2210572414 4.9559935257 0.0000000000
8.2989937713 0.1400000000 3.4611727075 11.2743138564 4.9765444081 0.0000000000
8.3348415994 0.1400000000 3.4609640852 11.3255605668 4.9962086033 0.0000000000
8.3712998966 0.1400000000 3.4608019126 11.3740371132 5.0149505312 0.0000000000
8.4083668485 0.1400000000 3.4606160793 11.4195366558 5.0324070151 0.0000000000
8.4460919631 0.1400000000 3.4604177535 11.4615150593 5.0484050732 0.0000000000
8.4845281538 0.1400000000 3.4602075467 11.4992429120 5.0626553874 0.0000000000
8.5236674889 0.1400000000 3.4600011719 11.5321424625 5.0749897081 0.0000000000
8.5634513409 0.1400000000 3.4598213672 11.5597958160 5.0853318310 0.0000000000
8.6037602944 0.1400000000 3.4596612477 11.5822004697 5.0936532142 0.0000000000
8.6444628777 0.1400000000 3.4595309544 11.5996118915 5.1000966100 0.0000000000
8.6854285203 0.1400000000 3.4594258399 11.6126198543 5.1048793371 0.0000000000
8.7265554013 0.1400000000 3.4593601126 11.6219355834 5.1083427196 0.0000000000
8.7677724100 0.1400000000 3.4593111174 11.6283059808 5.1106948977 0.0000000000
8.8090339924 0.1400000000 3.4592818988 11.6325169028 5.1122623919 0.0000000000
8.8503163446 0.1400000000 3.4592600000 11.6351750000 5.1132380357 0.0000000000
9.1295976262 0.1400000000 3.4592700000 11.6383000000 5.1145280357 0.0000000000
9.1347058013 0.1400000000 3.4592718382 11.6382853453 5.1145295265 0.0000000000
9.1398139769 0.1400000000 3.4592734326 11.6382717080 5.1145304492 0.0000000000
9.1449221531 0.1400000000 3.4592748159 11.6382589528 5.1145308806 0.0000000000
9.1500303296 0.1400000000 3.4592760210 11.6382469446 5.1145308975 0.0000000000
9.1551385065 0.1400000000 3.4592770805 11.6382355481 5.1145305769 0.0000000000
9.1602466836 0.1400000000 3.4592780272 11.6382246281 5.1145299956 0.0000000000
9.1653548609 0.1400000000 3.4592788937 11.6382140495 5.1145292304 0.0000000000
9.1704630383 0.1400000000 3.4592797129 11.6382036770 5.1145283582 0.0000000000
9.1755712157 0.1400000000 3.4592805175 11.6381933753 5.1145274558 0.0000000000
9.1806793932 0.1400000000 3.4592813402 11.6381830094 5.1145266002 0.0000000000
9.1857875705 0.1400000000 3.4592822137 11.6381724440 5.1145258681 0.0000000000
9.1908957476 0.1400000000 3.4592831708 11.6381615439 5.1145253365 0.0000000000
9.1960039244 0.1400000000 3.4592842442 11.6381501739 5.1145250821 0.0000000000
9.2011121010 0.1400000000 3.4592854667 11.6381381987 5.1145251819 0.0000000000
9.2062202771 0.1400000000 3.4592868709 11.6381254832 5.1145257126 0.0000000000
9.2113284527 0.1400000000 3.4592884897 11.6381118921 5.1145267512 0.0000000000
9.2164366278 0.1400000000 3.4592903556 11.6380972906 5.1145283743 0.0000000000
9.2215448023 0.1400000000 3.4592924751 11.6380816295 5.1145305877 0.0000000000
9.2266529764 0.1400000000 3.4592947925 11.6380650620 5.1145332305 0.0000000000
9.2317611500 0.1400000000 3.4592972435 11.6380477702 5.1145361177 0.0000000000
9.2368693234 0.1400000000 3.4592997635 11.6380299366 5.1145390644 0.0000000000
9.2419774966 0.1400000000 3.4593022881 11.6380117435 5.1145418855 0.0000000000
9.2470856698 0.1400000000 3.4593047528 11.6379933731 5.1145443960 0.0000000000
9.2521938430 0.1400000000 3.4593070930 11.6379750079 5.1145464109 0.0000000000
9.2573020164 0.1400000000 3.4593092444 11.6379568300 5.1145477452 0.0000000000
9.2624101900 0.1400000000 3.4593111463 11.6379390103 5.1145482250 0.0000000000
9.2675183639 0.1400000000 3.4593127923 11.6379215589 5.1145478282 0.0000000000
9.2726265381 0.1400000000 3.4593142153 11.6379043685 5.1145466444 0.0000000000
9.2777347123 0.1400000000 3.4593154495 11.6378873291 5.1145447653 0.0000000000
9.2828428866 0.1400000000 3.4593165287 11.6378703309 5.1145422829 0.0000000000
9.2879510609 0.1400000000 3.4593174870 11.6378532638 5.1145392892 0.0000000000
9.2930592351 0.1400000000 3.4593183583 11.6378360179 5.1145358759 0.0000000000
9.2981674092 0.1400000000 3.4593191765 11.6378184833 5.1145321351 0.0000000000
9.3032755831 0.1400000000 3.4593199758 11.6378005500 5.1145281587 0.0000000000
9.3083837567 0.1400000000 3.4593207880 11.6377821292 5.1145240395 0.0000000000
9.3134919300 0.1400000000 3.4593216372 11.6377632251 5.1145198745 0.0000000000
9.3186001030 0.1400000000 3.4593225448 11.6377438673 5.1145157619 0.0000000000
9.3237082757 0.1400000000 3.4593235325 11.6377240854 5.1145117998 0.0000000000
9.3288164482 0.1400000000 3.4593246218 11.6377039090 5.1145080866 0.0000000000
9.3339246204 0.1400000000 3.4593258344 11.6376833678 5.1145047202 0.0000000000
9.3390327924 0.1400000000 3.4593271917 11.6376624912 5.1145017990 0.0000000000
9.3441409640 0.1400000000 3.4593287154 11.6376413090 5.1144994210 0.0000000000
9.3492491355 0.1400000000 3.4593304270 11.6376198506 5.1144976839 0.0000000000
9.3543573067 0.1400000000 3.4593323319 11.6375981348 5.1144966172 0.0000000000
9.3594654776 0.1400000000 3.4593344036 11.6375761584 5.1144961136 0.0000000000
9.3645736483 0.1400000000 3.4593366119 11.6375539161 5.1144960497 0.0000000000
9.3696818188 0.1400000000 3.4593389263 11.6375314022 5.1144963019 0.0000000000
9.3747899891 0.1400000000 3.4593413166 11.6375086111 5.1144967467 0.0000000000
9.3798981591 0.1400000000 3.4593437525 11.6374855372 5.1144972606 0.0000000000
9.3850063290 0.1400000000 3.4593462036 11.6374621751 5.1144977202 0.0000000000
9.3901144986 0.1400000000 3.4593486396 11.6374385191 5.1144980019 0.0000000000
9.3952226680 0.1400000000 3.4593510308 11.6374145637 5.1144979845 0.0000000000
9.4003308372 0.1400000000 3.4593533655 11.6373903044 5.1144976193 0.0000000000
9.4054390062 0.1400000000 3.4593556533 11.6373657378 5.1144969438 0.0000000000
9.4105471750 0.1400000000 3.4593579052 11.6373408608 5.1144960008 0.0000000000
9.4156553435 0.1400000000 3.4593601323 11.6373156700 5.1144948327 0.0000000000
9.4207635118 0.1400000000 3.4593623454 11.6372901623 5.1144934822 0.0000000000
9.4258716798 0.1400000000 3.4593645556 11.6372643343 5.1144919918 0.0000000000
9.4309798476 0.1400000000 3.4593667738 11.6372381830 5.1144904041 0.0000000000
9.4360880150 0.1400000000 3.4593690110 11.6372117049 5.1144887616 0.0000000000
9.4411961822 0.1400000000 3.4593712774 11.6371848977 5.1144871045 0.0000000000
9.4463043490 0.1400000000 3.4593735706 11.6371577713 5.1144854267 0.0000000000
9.4514125157 0.1400000000 3.4593758774 11.6371303467 5.1144836838 0.0000000000
9.4565206820 0.1400000000 3.4593781840 11.6371026451 5.1144818296 0.0000000000
9.4616288482 0.1400000000 3.4593804769 11.6370746876 5.1144798183 0.0000000000
9.4667370142 0.1400000000 3.4593827425 11.6370464955 5.1144776039 0.0000000000
9.4718451800 0.1400000000 3.4593849672 11.6370180898 5.1144751405 0.0000000000
9.4769533457 0.1400000000 3.4593871374 11.6369894920 5.1144723821 0.0000000000
9.4820615114 0.1400000000 3.4593892395 11.6369607230 5.1144692827 0.0000000000
9.4871696769 0.1400000000 3.4593912621 11.6369318000 5.1144658042 0.0000000000
9.4922778423 0.1400000000 3.4593932257 11.6369026849 5.1144620126 0.0000000000
9.4973860075 0.1400000000 3.4593951730 11.6368733002 5.1144580479 0.0000000000
9.5024941723 0.1400000000 3.4593971474 11.6368435677 5.1144540522 0.0000000000
9.5076023367 0.1400000000 3.4593991920 11.6368134089 5.1144501671 0.0000000000
9.5127105004 0.1400000000 3.4594013502 11.6367827456 5.1144465346 0.0000000000
9.5178186635 0.1400000000 3.4594036653 11.6367514994 5.1144432965 0.0000000000
9.5229268259 0.1400000000 3.4594061805 11.6367195921 5.1144405946 0.0000000000
9.5280349873 0.1400000000 3.4594089393 11.6366869453 5.1144385708 0.0000000000
9.5331431477 0.1400000000 3.4594119795 11.6366534880 5.1144373488 0.0000000000
9.5382513071 0.1400000000 3.4594152718 11.6366192427 5.1144368201 0.0000000000
9.5433594657 0.1400000000 3.4594187403 11.6365842970 5.1144367155 0.0000000000
9.5484676236 0.1400000000 3.4594223078 11.6365487395 5.1144367627 0.0000000000
9.5535757809 0.1400000000 3.4594258975 11.6365126589 5.1144366892 0.0000000000
9.5586839379 0.1400000000 3.4594294323 11.6364761440 5.1144362226 0.0000000000
9.5637920945 0.1400000000 3.4594328354 11.6364392834 5.1144350905 0.0000000000
9.5689002509 0.1400000000 3.4594360296 11.6364021660 5.1144330205 0.0000000000
9.5740084073 0.1400000000 3.4594389381 11.6363648803 5.1144297402 0.0000000000
9.5791165639 0.1400000000 3.4594414903 11.6363275094 5.1144250008 0.0000000000
9.5842247205 0.1400000000 3.4594437123 11.6362900505 5.1144189049 0.0000000000
9.5893328770 0.1400000000 3.4594457037 11.6362524350 5.1144118247 0.0000000000
9.5944410333 0.1400000000 3.4594475665 11.6362145928 5.1144041389 0.0000000000
9.5995491892 0.1400000000 3.4594494023 11.6361764537 5.1143962264 0.0000000000
9.6046573446 0.1400000000 3.4594513129 11.6361379476 5.1143884663 0.0000000000
9.6097654993 0.1400000000 3.4594534000 11.6360990042 5.1143812373 0.0000000000
9.6148736533 0.1400000000 3.4594557653 11.6360595533 5.1143749183 0.0000000000
9.6199818062 0.1400000000 3.4594585106 11.6360195248 5.1143698882 0.0000000000
9.6250899581 0.1400000000 3.4594617333 11.6359788500 5.1143665088 0.0000000000
9.6301981088 0.1400000000 3.4594654364 11.6359374924 5.1143647782 0.0000000000
9.6353062584 0.1400000000 3.4594695334 11.6358954457 5.1143643478 0.0000000000
9.6404144069 0.1400000000 3.4594739343 11.6358527054 5.1143648549 0.0000000000
9.6455225543 0.1400000000 3.4594785487 11.6358092664 5.1143659370 0.0000000000
9.6506307007 0.1400000000 3.4594832865 11.6357651240 5.1143672315 0.0000000000
9.6557388460 0.1400000000 3.4594880577 11.6357202734 5.1143683758 0.0000000000
9.6608469905 0.1400000000 3.4594927719 11.6356747098 5.1143690074 0.0000000000
9.6659551340 0.1400000000 3.4594973392 11.6356284283 5.1143687636 0.0000000000
9.6710632765 0.1400000000 3.4595016705 11.6355814243 5.1143672873 0.0000000000
9.6761714182 0.1400000000 3.4595057298 11.6355337025 5.1143644360 0.0000000000
9.6812795590 0.1400000000 3.4595095510 11.6354852793 5.1143603515 0.0000000000
9.6863876989 0.1400000000 3.4595131725 11.6354361724 5.1143551947 0.0000000000
9.6914958379 0.1400000000 3.4595166329 11.6353863990 5.1143491269 0.0000000000
9.6966039760 0.1400000000 3.4595199707 11.6353359767 5.1143423092 0.0000000000
9.7017121131 0.1400000000 3.4595232245 11.6352849229 5.1143349027 0.0000000000
9.7068202494 0.1400000000 3.4595264327 11.6352332551 5.1143270687 0.0000000000
9.7119283846 0.1400000000 3.4595296340 11.6351809907 5.1143189681 0.0000000000
9.7170365189 0.1400000000 3.4595328686 11.6351281439 5.1143107676 0.0000000000
9.7221446522 0.1400000000 3.4595361858 11.6350747106 5.1143026633 0.0000000000
9.7272527843 0.1400000000 3.4595396386 11.6350206802 5.1142948622 0.0000000000
9.7323609153 0.1400000000 3.4595432796 11.6349660420 5.1142875710 0.0000000000
9.7374690450 0.1400000000 3.4595471617 11.6349107855 5.1142809967 0.0000000000
9.7425771733 0.1400000000 3.4595513376 11.6348549002 5.1142753461 0.0000000000
9.7476853002 0.1400000000 3.4595558600 11.6347983754 5.1142708260 0.0000000000
9.7527934256 0.1400000000 3.4595607817 11.6347412005 5.1142676428 0.0000000000
9.7579015494 0.1400000000 3.4595661117 11.6346833608 5.1142658268 0.0000000000
9.7630096716 0.1400000000 3.4595717479 11.6346248313 5.1142649599 0.0000000000
9.7681177924 0.1400000000 3.4595775709 11.6345655852 5.1142645532 0.0000000000
9.7732259116 0.1400000000 3.4595834610 11.6345055959 5.1142641180 0.0000000000
9.7783340295 0.1400000000 3.4595892989 11.6344448366 5.1142631658 0.0000000000
9.7834421459 0.1400000000 3.4595949649 11.6343832806 5.1142612077 0.0000000000
9.7885502610 0.1400000000 3.4596003397 11.6343209013 5.1142577551 0.0000000000
9.7936583748 0.1400000000 3.4596053472 11.6342576929 5.1142525016 0.0000000000
9.7987664874 0.1400000000 3.4596100544 11.6341937193 5.1142457411 0.0000000000
9.8038745988 0.1400000000 3.4596145578 11.6341290585 5.1142378905 0.0000000000
9.8089827092 0.1400000000 3.4596189539 11.6340637885 5.1142293667 0.0000000000
9.8140908185 0.1400000000 3.4596233391 11.6339979873 5.1142205869 0.0000000000
9.8191989269 0.1400000000 3.4596278098 11.6339317329 5.1142119680 0.0000000000
9.8243070345 0.1400000000 3.4596324587 11.6338650926 5.1142039073 0.0000000000
9.8294151408 0.1400000000 3.4596372988 11.6337979095 5.1141963947 0.0000000000
9.8345232450 0.1400000000 3.4596422686 11.6337298157 5.1141890362 0.0000000000
9.8396313462 0.1400000000 3.4596473033 11.6336604352 5.1141814231 0.0000000000
9.8447394436 0.1400000000 3.4596523386 11.6335893920 5.1141731467 0.0000000000
9.8498475363 0.1400000000 3.4596573096 11.6335163099 5.1141637982 0.0000000000
9.8549556235 0.1400000000 3.4596621555 11.6334408291 5.1141529895 0.0000000000
9.8600637054 0.1400000000 3.4596669208 11.6333630634 5.1141409442 0.0000000000
9.8651717833 0.1400000000 3.4596717707 11.6332836692 5.1141285862 0.0000000000
9.8702798588 0.1400000000 3.4596768771 11.6332033323 5.1141168772 0.0000000000
9.8753879332 0.1400000000 3.4596824120 11.6331227389 5.1141067793 0.0000000000
9.8804960080 0.1400000000 3.4596885472 11.6330425747 5.1140992545 0.0000000000
9.8856040843 0.1400000000 3.4596954194 11.6329634068 5.1140950761 0.0000000000
9.8907121615 0.1400000000 3.4597028868 11.6328848619 5.1140935276 0.0000000000
9.8958202376 0.1400000000 3.4597106752 11.6328061201 5.1140931846 0.0000000000
9.9009283109 0.1400000000 3.4597185098 11.6327263585 5.1140926183 0.0000000000
9.9060363797 0.1400000000 3.4597261156 11.6326447547 5.1140904000 0.0000000000
9.9111444421 0.1400000000 3.4597332245 11.6325605081 5.1140851369 0.0000000000
9.9162524979 0.1400000000 3.4597397523 11.6324734295 5.1140764168 0.0000000000
9.9213605479 0.1400000000 3.4597458171 11.6323840000 5.1140649041 0.0000000000
9.9264685935 0.1400000000 3.4597515470 11.6322927353 5.1140513180 0.0000000000
9.9315766357 0.1400000000 3.4597570704 11.6322001506 5.1140363777 0.0000000000
9.9366846757 0.1400000000 3.4597625176 11.6321067506 5.1140208063 0.0000000000
9.9417927135 0.1400000000 3.4597680746 11.6320127339 5.1140054276 0.0000000000
9.9469007485 0.1400000000 3.4597739891 11.6319179617 5.1139911768 0.0000000000
9.9520087798 0.1400000000 3.4597805120 11.6318222780 5.1139789949 0.0000000000
9.9571168066 0.1400000000 3.4597878941 11.6317255266 5.1139698227 0.0000000000
9.9622248281 0.1400000000 3.4597963315 11.6316275608 5.1139643862 0.0000000000
9.9673328446 0.1400000000 3.4598055248 11.6315283181 5.1139614623 0.0000000000
9.9724408568 0.1400000000 3.4598149110 11.6314277809 5.1139587919 0.0000000000
9.9775488655 0.1400000000 3.4598239244 11.6313259321 5.1139541061 0.0000000000
9.9826568712 0.1400000000 3.4598320035 11.6312227549 5.1139451517 0.0000000000
9.9877648745 0.1400000000 3.4598389998 11.6311182923 5.1139313519 0.0000000000
9.9928728747 0.1400000000 3.4598455396 11.6310126990 5.1139152736 0.0000000000
9.9979808714 0.1400000000 3.4598523343 11.6309061417 5.1138998294 0.0000000000
10.0030888639 0.1400000000 3.4598600954 11.6307987875 5.1138879322 0.0000000000
10.0081968515 0.1400000000 3.4598692879 11.6306906376 5.1138814423 0.0000000000
10.0133048326 0.1400000000 3.4598794232 11.6305810535 5.1138781501 0.0000000000
10.0184128055 0.1400000000 3.4598897824 11.6304692421 5.1138748622 0.0000000000
10.0235207683 0.1400000000 3.4598996465 11.6303544100 5.1138683856 0.0000000000
10.0286287197 0.1400000000 3.4599084526 11.6302359583 5.1138562295 0.0000000000
10.0337366603 0.1400000000 3.4599163384 11.6301141580 5.1138390526 0.0000000000
10.0388445911 0.1400000000 3.4599236374 11.6299895240 5.1138183949 0.0000000000
10.0439525133 0.1400000000 3.4599306831 11.6298625710 5.1137957966 0.0000000000
10.0490604285 0.1400000000 3.4599378326 11.6297339618 5.1137729507 0.0000000000
10.0541683405 0.1400000000 3.4599455127 11.6296048015 5.1137520070 0.0000000000
10.0592762533 0.1400000000 3.4599541635 11.6294762779 5.1137352008 0.0000000000
10.0643841707 0.1400000000 3.4599642107 11.6293495404 5.1137246946 0.0000000000
10.0694920917 0.1400000000 3.4599755238 11.6292242527 5.1137198318 0.0000000000
10.0746000084 0.1400000000 3.4599872503 11.6290981493 5.1137162967 0.0000000000
10.0797079127 0.1400000000 3.4599984897 11.6289688363 5.1137095290 0.0000000000
10.0848157980 0.1400000000 3.4600084856 11.6288343339 5.1136957114 0.0000000000
10.0899236661 0.1400000000 3.4600173707 11.6286952183 5.1136756059 0.0000000000
10.0950315225 0.1400000000 3.4600256168 11.6285530386 5.1136517181 0.0000000000
10.1001393723 0.1400000000 3.4600336969 11.6284093183 5.1136265506 0.0000000000
10.1052472174 0.1400000000 3.4600421153 11.6282647886 5.1136024124 0.0000000000
10.1103550563 0.1400000000 3.4600514109 11.6281192931 5.1135813966 0.0000000000
10.1154628869 0.1400000000 3.4600621228 11.6279726273 5.1135655779 0.0000000000
10.1205707069 0.1400000000 3.4600743985 11.6278243671 5.1135553764 0.0000000000
10.1256785133 0.1400000000 3.4600874762 11.6276735781 5.1135473716 0.0000000000
10.1307863027 0.1400000000 3.4601004656 11.6275192535 5.1135375993 0.0000000000
10.1358940718 0.1400000000 3.4601124762 11.6273603867 5.1135220953 0.0000000000
10.1410018172 0.1400000000 3.4601226178 11.6271959711 5.1134968955 0.0000000000
10.1461095358 0.1400000000 3.4601300000 11.6270250000 5.1134580357 0.0000000000
10.1755623616 0.1400000000 3.4602000000 11.6260500000 5.1133480357 0.0000000000
10.1769839105 0.1400000000 3.4602036452 11.6260044891 5.1133444121 0.0000000000
10.1784054563 0.1400000000 3.4602070924 11.6259582961 5.1133397235 0.0000000000
10.1798269989 0.1400000000 3.4602103652 11.6259114499 5.1133340766 0.0000000000
10.1812485384 0.1400000000 3.4602134876 11.6258639791 5.1133275779 0.0000000000
10.1826700750 0.1400000000 3.4602164833 11.6258159127 5.1133203341 0.0000000000
10.1840916086 0.1400000000 3.4602193761 11.6257672793 5.1133124518 0.0000000000
10.1855131396 0.1400000000 3.4602221898 11.6257181078 5.1133040378 0.0000000000
10.1869346678 0.1400000000 3.4602249480 11.6256684269 5.1132951986 0.0000000000
10.1883561934 0.1400000000 3.4602276748 11.6256182655 5.1132860409 0.0000000000
10.1897777164 0.1400000000 3.4602303937 11.6255676523 5.1132766714 0.0000000000
10.1911992371 0.1400000000 3.4602331286 11.6255166161 5.1132671967 0.0000000000
10.1926207554 0.1400000000 3.4602359034 11.6254651857 5.1132577234 0.0000000000
10.1940422714 0.1400000000 3.4602387416 11.6254133900 5.1132483582 0.0000000000
10.1954637852 0.1400000000 3.4602416673 11.6253612576 5.1132392078 0.0000000000
10.1968852970 0.1400000000 3.4602447040 11.6253088174 5.1132303788 0.0000000000
10.1983068068 0.1400000000 3.4602478757 11.6252560982 5.1132219778 0.0000000000
10.1997283147 0.1400000000 3.4602512061 11.6252031287 5.1132141115 0.0000000000
10.2011498208 0.1400000000 3.4602547189 11.6251499377 5.1132068865 0.0000000000
10.2025713251 0.1400000000 3.4602584380 11.6250965542 5.1132004095 0.0000000000
10.2039928278 0.1400000000 3.4602623846 11.6250430062 5.1131947765 0.0000000000
10.2054143291 0.1400000000 3.4602665401 11.6249893156 5.1131899224 0.0000000000
10.2068358291 0.1400000000 3.4602708555 11.6249354988 5.1131856573 0.0000000000
10.2082573282 0.1400000000 3.4602752808 11.6248815721 5.1131817878 0.0000000000
10.2096788266 0.1400000000 3.4602797661 11.6248275517 5.1131781206 0.0000000000
10.2111003245 0.1400000000 3.4602842613 11.6247734541 5.1131744626 0.0000000000
10.2125218222 0.1400000000 3.4602887166 11.6247192955 5.1131706203 0.0000000000
10.2139433199 0.1400000000 3.4602930820 11.6246650922 5.1131664006 0.0000000000
10.2153648179 0.1400000000 3.4602973076 11.6246108606 5.1131616102 0.0000000000
10.2167863164 0.1400000000 3.4603013438 11.6245566161 5.1131560574 0.0000000000
10.2182078153 0.1400000000 3.4603051693 11.6245023296 5.1131496449 0.0000000000
10.2196293138 0.1400000000 3.4603088056 11.6244479033 5.1131424193 0.0000000000
10.2210508113 0.1400000000 3.4603122776 11.6243932339 5.1131344396 0.0000000000
10.2224723069 0.1400000000 3.4603156104 11.6243382179 5.1131257644 0.0000000000
10.2238938000 0.1400000000 3.4603188291 11.6242827519 5.1131164527 0.0000000000
10.2253152897 0.1400000000 3.4603219586 11.6242267324 5.1131065631 0.0000000000
10.2267367752 0.1400000000 3.4603250241 11.6241700562 5.1130961547 0.0000000000
10.2281582560 0.1400000000 3.4603280506 11.6241126196 5.1130852860 0.0000000000
10.2295797311 0.1400000000 3.4603310632 11.6240543215 5.1130740172 0.0000000000
10.2310012006 0.1400000000 3.4603340900 11.6239951711 5.1130624639 0.0000000000
10.2324226655 0.1400000000 3.4603371632 11.6239353406 5.1130508246 0.0000000000
10.2338441270 0.1400000000 3.4603403156 11.6238750153 5.1130393041 0.0000000000
10.2352655862 0.1400000000 3.4603435799 11.6238143802 5.1130281073 0.0000000000
10.2366870441 0.1400000000 3.4603469888 11.6237536206 5.1130174389 0.0000000000
10.2381085021 0.1400000000 3.4603505749 11.6236929217 5.1130075040 0.0000000000
10.2395299611 0.1400000000 3.4603543711 11.6236324686 5.1129985074 0.0000000000
10.2409514223 0.1400000000 3.4603584099 11.6235724465 5.1129906540 0.0000000000
10.2423728867 0.1400000000 3.4603627202 11.6235130253 5.1129841266 0.0000000000
10.2437943542 0.1400000000 3.4603672765 11.6234541660 5.1129788082 0.0000000000
10.2452158236 0.1400000000 3.4603720144 11.6233956780 5.1129743646 0.0000000000
10.2466372939 0.1400000000 3.4603768685 11.6233373677 5.1129704569 0.0000000000
10.2480587638 0.1400000000 3.4603817735 11.6232790413 5.1129667461 0.0000000000
10.2494802324 0.1400000000 3.4603866638 11.6232205052 5.1129628932 0.0000000000
10.2509016984 0.1400000000 3.4603914743 11.6231615656 5.1129585592 0.0000000000
10.2523231607 0.1400000000 3.4603961395 11.6231020288 5.1129534051 0.0000000000
10.2537446182 0.1400000000 3.4604005940 11.6230417011 5.1129470923 0.0000000000
10.2551660703 0.1400000000 3.4604047965 11.6229804582 5.1129394048 0.0000000000
10.2565875171 0.1400000000 3.4604087689 11.6229183605 5.1129304557 0.0000000000
10.2580089593 0.1400000000 3.4604125441 11.6228554990 5.1129204118 0.0000000000
10.2594303973 0.1400000000 3.4604161547 11.6227919646 5.1129094402 0.0000000000
10.2608518316 0.1400000000 3.4604196333 11.6227278483 5.1128977082 0.0000000000
10.2622732628 0.1400000000 3.4604230126 11.6226632410 5.1128853826 0.0000000000
10.2636946913 0.1400000000 3.4604263253 11.6225982338 5.1128726306 0.0000000000
10.2651161177 0.1400000000 3.4604296041 11.6225329176 5.1128596192 0.0000000000
10.2665375424 0.1400000000 3.4604328826 11.6224673836 5.1128465196 0.0000000000
10.2679589659 0.1400000000 3.4604362003 11.6224017244 5.1128335268 0.0000000000
10.2693803890 0.1400000000 3.4604395988 11.6223360331 5.1128208441 0.0000000000
10.2708018120 0.1400000000 3.4604431195 11.6222704028 5.1128086749 0.0000000000
10.2722232356 0.1400000000 3.4604468041 11.6222049265 5.1127972227 0.0000000000
10.2736446604 0.1400000000 3.4604506940 11.6221396975 5.1127866907 0.0000000000
10.2750660868 0.1400000000 3.4604548308 11.6220748088 5.1127772826 0.0000000000
10.2764875155 0.1400000000 3.4604592561 11.6220103535 5.1127692015 0.0000000000
10.2779089469 0.1400000000 3.4604639991 11.6219463980 5.1127625914 0.0000000000
10.2793303802 0.1400000000 3.4604690090 11.6218828344 5.1127572056 0.0000000000
10.2807518146 0.1400000000 3.4604742028 11.6218194848 5.1127526409 0.0000000000
10.2821732490 0.1400000000 3.4604794974 11.6217561708 5.1127484935 0.0000000000
10.2835946822 0.1400000000 3.4604848096 11.6216927144 5.1127443598 0.0000000000
10.2850161134 0.1400000000 3.4604900564 11.6216289373 5.1127398360 0.0000000000
10.2864375415 0.1400000000 3.4604951546 11.6215646614 5.1127345185 0.0000000000
10.2878589654 0.1400000000 3.4605000211 11.6214997085 5.1127280034 0.0000000000
10.2892803842 0.1400000000 3.4605045939 11.6214339284 5.1127199825 0.0000000000
10.2907017975 0.1400000000 3.4605088939 11.6213672815 5.1127105240 0.0000000000
10.2921232050 0.1400000000 3.4605129629 11.6212997552 5.1126997893 0.0000000000
10.2935446062 0.1400000000 3.4605168422 11.6212313373 5.1126879394 0.0000000000
10.2949660009 0.1400000000 3.4605205734 11.6211620153 5.1126751355 0.0000000000
10.2963873887 0.1400000000 3.4605241981 11.6210917768 5.1126615389 0.0000000000
10.2978087692 0.1400000000 3.4605277578 11.6210206094 5.1126473107 0.0000000000
10.2992301422 0.1400000000 3.4605312941 11.6209485025 5.1126326132 0.0000000000
10.3006515081 0.1400000000 3.4605348527 11.6208755338 5.1126176602 0.0000000000
10.3020728683 0.1400000000 3.4605384851 11.6208019068 5.1126027389 0.0000000000
10.3034942244 0.1400000000 3.4605422431 11.6207278342 5.1125881419 0.0000000000
10.3049155780 0.1400000000 3.4605461787 11.6206535290 5.1125741621 0.0000000000
10.3063369307 0.1400000000 3.4605503437 11.6205792040 5.1125610921 0.0000000000
10.3077582840 0.1400000000 3.4605547900 11.6205050720 5.1125492246 0.0000000000
10.3091796395 0.1400000000 3.4605595696 11.6204313460 5.1125388524 0.0000000000
10.3106009984 0.1400000000 3.4605647144 11.6203581961 5.1125301719 0.0000000000
10.3120223607 0.1400000000 3.4605701541 11.6202855709 5.1125228803 0.0000000000
10.3134437256 0.1400000000 3.4605757846 11.6202133474 5.1125165131 0.0000000000
10.3148650926 0.1400000000 3.4605815023 11.6201414024 5.1125106058 0.0000000000
10.3162864610 0.1400000000 3.4605872033 11.6200696128 5.1125046939 0.0000000000
10.3177078300 0.1400000000 3.4605927838 11.6199978554 5.1124983129 0.0000000000
10.3191291992 0.1400000000 3.4605981399 11.6199260073 5.1124909982 0.0000000000
10.3205505679 0.1400000000 3.4606031747 11.6198539457 5.1124823127 0.0000000000
10.3219719350 0.1400000000 3.4606078782 11.6197815540 5.1124721701 0.0000000000
10.3233932994 0.1400000000 3.4606123012 11.6197087197 5.1124607283 0.0000000000
10.3248146599 0.1400000000 3.4606164955 11.6196353305 5.1124481499 0.0000000000
10.3262360155 0.1400000000 3.4606205131 11.6195612741 5.1124345978 0.0000000000
10.3276573648 0.1400000000 3.4606244060 11.6194864379 5.1124202348 0.0000000000
10.3290787067 0.1400000000 3.4606282260 11.6194107097 5.1124052236 0.0000000000
10.3305000401 0.1400000000 3.4606320254 11.6193339836 5.1123897307 0.0000000000
10.3319213649 0.1400000000 3.4606358623 11.6192562821 5.1123739975 0.0000000000
10.3333426822 0.1400000000 3.4606398000 11.6191777455 5.1123583340 0.0000000000
10.3347639929 0.1400000000 3.4606439023 11.6190985187 5.1123430525 0.0000000000
10.3361852980 0.1400000000 3.4606482328 11.6190187463 5.1123284656 0.0000000000
10.3376065986 0.1400000000 3.4606528552 11.6189385732 5.1123148858 0.0000000000
10.3390278955 0.1400000000 3.4606578331 11.6188581440 5.1123026255 0.0000000000
10.3404491898 0.1400000000 3.4606632236 11.6187775973 5.1122919690 0.0000000000
10.3418704820 0.1400000000 3.4606689825 11.6186969754 5.1122827559 0.0000000000
10.3432917723 0.1400000000 3.4606749850 11.6186162438 5.1122744734 0.0000000000
10.3447130608 0.1400000000 3.4606811042 11.6185353661 5.1122665989 0.0000000000
10.3461343476 0.1400000000 3.4606872130 11.6184543059 5.1122586100 0.0000000000
10.3475556329 0.1400000000 3.4606931844 11.6183730266 5.1122499839 0.0000000000
10.3489769169 0.1400000000 3.4606988914 11.6182914919 5.1122401981 0.0000000000
10.3503981996 0.1400000000 3.4607042230 11.6182096676 5.1122287948 0.0000000000
10.3518194808 0.1400000000 3.4607091868 11.6181275365 5.1122157973 0.0000000000
10.3532407602 0.1400000000 3.4607138436 11.6180450892 5.1122014457 0.0000000000
10.3546620376 0.1400000000 3.4607182548 11.6179623162 5.1121859812 0.0000000000
10.3560833124 0.1400000000 3.4607224815 11.6178792080 5.1121696450 0.0000000000
10.3575045845 0.1400000000 3.4607265851 11.6177957553 5.1121526781 0.0000000000
10.3589258534 0.1400000000 3.4607306267 11.6177119486 5.1121353219 0.0000000000
10.3603471191 0.1400000000 3.4607346743 11.6176277994 5.1121178525 0.0000000000
10.3617683817 0.1400000000 3.4607388126 11.6175433719 5.1121006349 0.0000000000
10.3631896418 0.1400000000 3.4607431291 11.6174587387 5.1120840476 0.0000000000
10.3646108997 0.1400000000 3.4607477112 11.6173739722 5.1120684693 0.0000000000
10.3660321558 0.1400000000 3.4607526462 11.6172891449 5.1120542786 0.0000000000
10.3674534105 0.1400000000 3.4607580217 11.6172043293 5.1120418542 0.0000000000
10.3688746640 0.1400000000 3.4607639119 11.6171195808 5.1120315154 0.0000000000
10.3702959151 0.1400000000 3.4607702317 11.6170347462 5.1120228610 0.0000000000
10.3717171617 0.1400000000 3.4607767899 11.6169495334 5.1120150085 0.0000000000
10.3731384013 0.1400000000 3.4607833931 11.6168636475 5.1120070671 0.0000000000
10.3745596318 0.1400000000 3.4607898481 11.6167767940 5.1119981455 0.0000000000
10.3759808509 0.1400000000 3.4607959615 11.6166886780 5.1119873527 0.0000000000
10.3774020564 0.1400000000 3.4608015417 11.6165990081 5.1119738056 0.0000000000
10.3788232483 0.1400000000 3.4608065394 11.6165077681 5.1119573005 0.0000000000
10.3802444306 0.1400000000 3.4608111545 11.6164154244 5.1119388235 0.0000000000
10.3816656076 0.1400000000 3.4608156122 11.6163224919 5.1119194811 0.0000000000
10.3830867837 0.1400000000 3.4608201374 11.6162294858 5.1119003796 0.0000000000
10.3845079632 0.1400000000 3.4608249553 11.6161369210 5.1118826255 0.0000000000
10.3859291504 0.1400000000 3.4608302911 11.6160453126 5.1118673250 0.0000000000
10.3873503481 0.1400000000 3.4608362849 11.6159549708 5.1118551638 0.0000000000
10.3887715526 0.1400000000 3.4608427869 11.6158655039 5.1118453849 0.0000000000
10.3901927593 0.1400000000 3.4608495847 11.6157763699 5.1118369224 0.0000000000
10.3916139635 0.1400000000 3.4608564660 11.6156870267 5.1118287104 0.0000000000
10.3930351602 0.1400000000 3.4608632186 11.6155969323 5.1118196831 0.0000000000
10.3944563449 0.1400000000 3.4608696302 11.6155055447 5.1118087744 0.0000000000
10.3958775137 0.1400000000 3.4608755310 11.6154124422 5.1117951366 0.0000000000
10.3972986682 0.1400000000 3.4608809547 11.6153177799 5.1117789663 0.0000000000
10.3987198114 0.1400000000 3.4608859957 11.6152218854 5.1117607727 0.0000000000
10.4001409463 0.1400000000 3.4608907487 11.6151250865 5.1117410650 0.0000000000
10.4015620759 0.1400000000 3.4608953081 11.6150277110 5.1117203525 0.0000000000
10.4029832031 0.1400000000 3.4608997686 11.6149300865 5.1116991446 0.0000000000
10.4044043304 0.1400000000 3.4609042275 11.6148324822 5.1116779384 0.0000000000
10.4058254573 0.1400000000 3.4609087957 11.6147348933 5.1116571757 0.0000000000
10.4072465823 0.1400000000 3.4609135881 11.6146372353 5.1116372820 0.0000000000
10.4086677042 0.1400000000 3.4609187194 11.6145394232 5.1116186826 0.0000000000
10.4100888214 0.1400000000 3.4609243046 11.6144413724 5.1116018030 0.0000000000
10.4115099327 0.1400000000 3.4609304584 11.6143429982 5.1115870686 0.0000000000
10.4129310371 0.1400000000 3.4609372191 11.6142442322 5.1115746048 0.0000000000
10.4143521354 0.1400000000 3.4609443771 11.6141450590 5.1115635676 0.0000000000
10.4157732284 0.1400000000 3.4609516730 11.6140454738 5.1115529172 0.0000000000
10.4171943174 0.1400000000 3.4609588473 11.6139454719 5.1115416135 0.0000000000
10.4186154032 0.1400000000 3.4609656404 11.6138450487 5.1115286166 0.0000000000
10.4200364868 0.1400000000 3.4609717955 11.6137441999 5.1115128976 0.0000000000
10.4214575689 0.1400000000 3.4609772534 11.6136429589 5.1114942327 0.0000000000
10.4228786494 0.1400000000 3.4609822853 11.6135414220 5.1114737458 0.0000000000
10.4242997283 0.1400000000 3.4609871941 11.6134396917 5.1114526887 0.0000000000
10.4257208055 0.1400000000 3.4609922824 11.6133378701 5.1114323133 0.0000000000
10.4271418810 0.1400000000 3.4609978530 11.6132360597 5.1114138715 0.0000000000
10.4285629544 0.1400000000 3.4610041821 11.6131343392 5.1113984997 0.0000000000
10.4299840234 0.1400000000 3.4610112122 11.6130324920 5.1113858811 0.0000000000
10.4314050841 0.1400000000 3.4610186579 11.6129300997 5.1113747073 0.0000000000
10.4328261328 0.1400000000 3.4610262298 11.6128267400 5.1113636509 0.0000000000
10.4342471654 0.1400000000 3.4610336381 11.6127219907 5.1113513845 0.0000000000
10.4356681783 0.1400000000 3.4610405933 11.6126154298 5.1113365809 0.0000000000
10.4370891699 0.1400000000 3.4610469008 11.6125068757 5.1113183890 0.0000000000
10.4385101467 0.1400000000 3.4610526571 11.6123968855 5.1112974184 0.0000000000
10.4399311164 0.1400000000 3.4610580148 11.6122861575 5.1112745580 0.0000000000
10.4413520870 0.1400000000 3.4610631263 11.6121753900 5.1112506967 0.0000000000
10.4427730660 0.1400000000 3.4610681438 11.6120652813 5.1112267235 0.0000000000
10.4441940609 0.1400000000 3.4610732156 11.6119564777 5.1112034891 0.0000000000
10.4456150705 0.1400000000 3.4610784321 11.6118489395 5.1111813398 0.0000000000
10.4470360882 0.1400000000 3.4610838431 11.6117421407 5.1111602642 0.0000000000
10.4484571072 0.1400000000 3.4610894974 11.6116355448 5.1111402432 0.0000000000
10.4498781206 0.1400000000 3.4610954440 11.6115286155 5.1111212580 0.0000000000
10.4512991215 0.1400000000 3.4611017319 11.6114208163 5.1111032896 0.0000000000
10.4527201031 0.1400000000 3.4611084097 11.6113116110 5.1110863190 0.0000000000
10.4541410585 0.1400000000 3.4611155266 11.6112004631 5.1110703273 0.0000000000
10.4555619810 0.1400000000 3.4611231313 11.6110868362 5.1110552955 0.0000000000
10.4569828637 0.1400000000 3.4611312728 11.6109701939 5.1110412046 0.0000000000
10.4584036996 0.1400000000 3.4611400000 11.6108500000 5.1110280357 0.0000000000
