# logAge Mass logTe Mbol logg C/O
4.1860800861 0.6600000000 3.6468900000 0.8270750000 2.2139339355 0.0000000000
4.1946233583 0.6600000000 3.6468837404 0.8268769952 2.2138296951 0.0000000000
4.2031666569 0.6600000000 3.6468777421 0.8266854479 2.2137290833 0.0000000000
4.2117099810 0.6600000000 3.6468720045 0.8265003635 2.2136320990 0.0000000000
4.2202533296 0.6600000000 3.6468665267 0.8263217473 2.2135387412 0.0000000000
4.2287967018 0.6600000000 3.6468613079 0.8261496049 2.2134490089 0.0000000000
4.2373400967 0.6600000000 3.6468563472 0.8259839416 2.2133629010 0.0000000000
4.2458835135 0.6600000000 3.6468516440 0.8258247629 2.2132804166 0.0000000000
4.2544269512 0.6600000000 3.6468471973 0.8256720742 2.2132015545 0.0000000000
4.2629704089 0.6600000000 3.6468430065 0.8255258808 2.2131263138 0.0000000000
4.2715138856 0.6600000000 3.6468390706 0.8253861883 2.2130546934 0.0000000000
4.2800573806 0.6600000000 3.6468353890 0.8252530020 2.2129866923 0.0000000000
4.2886008928 0.6600000000 3.6468319607 0.8251263273 2.2129223094 0.0000000000
4.2971444214 0.6600000000 3.6468287851 0.8250061698 2.2128615437 0.0000000000
4.3056879654 0.6600000000 3.6468258612 0.8248925347 2.2128043942 0.0000000000
4.3142315239 0.6600000000 3.6468231883 0.8247854276 2.2127508599 0.0000000000
4.3227750961 0.6600000000 3.6468207657 0.8246848537 2.2127009397 0.0000000000
4.3313186810 0.6600000000 3.6468185924 0.8245908187 2.2126546325 0.0000000000
4.3398622778 0.6600000000 3.6468166677 0.8245033278 2.2126119375 0.0000000000
4.3484058854 0.6600000000 3.6468149908 0.8244223865 2.2125728534 0.0000000000
4.3569495030 0.6600000000 3.6468135609 0.8243480003 2.2125373793 0.0000000000
4.3654931297 0.6600000000 3.6468123772 0.8242801745 2.2125055142 0.0000000000
4.3740367646 0.6600000000 3.6468114389 0.8242189145 2.2124772570 0.0000000000
4.3825804067 0.6600000000 3.6468107452 0.8241642258 2.2124526067 0.0000000000
4.3911240552 0.6600000000 3.6468102953 0.8241161138 2.2124315622 0.0000000000
4.3996677091 0.6600000000 3.6468100884 0.8240745839 2.2124141226 0.0000000000
4.4082113676 0.6600000000 3.6468101236 0.8240396416 2.2124002867 0.0000000000
4.4167550297 0.6600000000 3.6468104003 0.8240112922 2.2123900536 0.0000000000
4.4252986945 0.6600000000 3.6468109176 0.8239895412 2.2123834223 0.0000000000
4.4338423611 0.6600000000 3.6468116746 0.8239743940 2.2123803916 0.0000000000
4.4423860286 0.6600000000 3.6468126707 0.8239658560 2.2123809606 0.0000000000
4.4509296961 0.6600000000 3.6468139049 0.8239639327 2.2123851282 0.0000000000
4.4594733627 0.6600000000 3.6468153765 0.8239686294 2.2123928934 0.0000000000
4.4680170274 0.6600000000 3.6468170847 0.8239799516 2.2124042551 0.0000000000
4.4765606894 0.6600000000 3.6468190288 0.8239979047 2.2124192124 0.0000000000
4.4851043478 0.6600000000 3.6468212078 0.8240224941 2.2124377642 0.0000000000
4.4936480016 0.6600000000 3.6468236210 0.8240537252 2.2124599095 0.0000000000
4.5021916499 0.6600000000 3.6468262675 0.8240916035 2.2124856471 0.0000000000
4.5107352918 0.6600000000 3.6468291467 0.8241361344 2.2125149762 0.0000000000
4.5192789265 0.6600000000 3.6468322577 0.8241873232 2.2125478956 0.0000000000
4.5278225529 0.6600000000 3.6468355997 0.8242451755 2.2125844044 0.0000000000
4.5363661703 0.6600000000 3.6468391718 0.8243096967 2.2126245015 0.0000000000
4.5449097776 0.6600000000 3.6468429734 0.8243808920 2.2126681858 0.0000000000
4.5534533740 0.6600000000 3.6468470035 0.8244587671 2.2127154564 0.0000000000
4.5619969585 0.6600000000 3.6468512614 0.8245433273 2.2127663122 0.0000000000
4.5705405303 0.6600000000 3.6468557463 0.8246345779 2.2128207521 0.0000000000
4.5790840885 0.6600000000 3.6468604574 0.8247325245 2.2128787752 0.0000000000
4.5876276321 0.6600000000 3.6468653939 0.8248371725 2.2129403803 0.0000000000
4.5961711602 0.6600000000 3.6468705550 0.8249485273 2.2130055666 0.0000000000
4.6047146719 0.6600000000 3.6468759399 0.8250665942 2.2130743328 0.0000000000
4.6132581663 0.6600000000 3.6468815478 0.8251913788 2.2131466781 0.0000000000
4.6218016425 0.6600000000 3.6468873778 0.8253228864 2.2132226014 0.0000000000
4.6303450997 0.6600000000 3.6468934293 0.8254611224 2.2133021016 0.0000000000
4.6388885367 0.6600000000 3.6468997013 0.8256060924 2.2133851777 0.0000000000
4.6474319529 0.6600000000 3.6469061931 0.8257578016 2.2134718286 0.0000000000
4.6559753472 0.6600000000 3.6469129039 0.8259162555 2.2135620534 0.0000000000
4.6645187188 0.6600000000 3.6469198329 0.8260814596 2.2136558511 0.0000000000
4.6730620666 0.6600000000 3.6469269793 0.8262534193 2.2137532205 0.0000000000
4.6816053900 0.6600000000 3.6469343423 0.8264321399 2.2138541606 0.0000000000
4.6901486878 0.6600000000 3.6469419210 0.8266176269 2.2139586704 0.0000000000
4.6986919592 0.6600000000 3.6469497148 0.8268098857 2.2140667490 0.0000000000
4.7072352034 0.6600000000 3.6469577227 0.8270089218 2.2141783951 0.0000000000
4.7157784193 0.6600000000 3.6469659440 0.8272147406 2.2142936079 0.0000000000
4.7243216062 0.6600000000 3.6469743779 0.8274273474 2.2144123862 0.0000000000
4.7328647629 0.6600000000 3.6469830236 0.8276467477 2.2145347291 0.0000000000
4.7414078888 0.6600000000 3.6469918803 0.8278729469 2.2146606356 0.0000000000
4.7499509828 0.6600000000 3.6470009472 0.8281059505 2.2147901044 0.0000000000
4.7584940440 0.6600000000 3.6470102234 0.8283457638 2.2149231348 0.0000000000
4.7670370716 0.6600000000 3.6470197083 0.8285923923 2.2150597255 0.0000000000
4.7755800652 0.6600000000 3.6470293983 0.8288457626 2.2151998338 0.0000000000
4.7841230267 0.6600000000 3.6470392788 0.8291054562 2.2153432331 0.0000000000
4.7926659589 0.6600000000 3.6470493318 0.8293709601 2.2154896467 0.0000000000
4.8012088644 0.6600000000 3.6470595395 0.8296417612 2.2156387980 0.0000000000
4.8097517459 0.6600000000 3.6470698840 0.8299173464 2.2157904101 0.0000000000
4.8182946061 0.6600000000 3.6470803475 0.8301972028 2.2159442065 0.0000000000
4.8268374477 0.6600000000 3.6470909120 0.8304808171 2.2160999103 0.0000000000
4.8353802733 0.6600000000 3.6471015597 0.8307676764 2.2162572448 0.0000000000
4.8439230856 0.6600000000 3.6471122727 0.8310572677 2.2164159334 0.0000000000
4.8524658873 0.6600000000 3.6471230332 0.8313490778 2.2165756993 0.0000000000
4.8610086810 0.6600000000 3.6471338232 0.8316425937 2.2167362658 0.0000000000
4.8695514695 0.6600000000 3.6471446249 0.8319373024 2.2168973561 0.0000000000
4.8780942553 0.6600000000 3.6471554205 0.8322326907 2.2170586937 0.0000000000
4.8866370412 0.6600000000 3.6471661920 0.8325282457 2.2172200017 0.0000000000
4.8951798299 0.6600000000 3.6471769215 0.8328234543 2.2173810034 0.0000000000
4.9037226239 0.6600000000 3.6471875913 0.8331178034 2.2175414221 0.0000000000
4.9122654261 0.6600000000 3.6471981834 0.8334107800 2.2177009811 0.0000000000
4.9208082390 0.6600000000 3.6472086800 0.8337018710 2.2178594037 0.0000000000
4.9293510654 0.6600000000 3.6472190631 0.8339905633 2.2180164132 0.0000000000
4.9378939078 0.6600000000 3.6472293149 0.8342763440 2.2181717328 0.0000000000
4.9464367691 0.6600000000 3.6472394176 0.8345586999 2.2183250858 0.0000000000
4.9549796514 0.6600000000 3.6472493553 0.8348371762 2.2184762274 0.0000000000
4.9635225553 0.6600000000 3.6472591224 0.8351115961 2.2186250636 0.0000000000
4.9720654806 0.6600000000 3.6472687161 0.8353818650 2.2187715459 0.0000000000
4.9806084275 0.6600000000 3.6472781336 0.8356478885 2.2189156255 0.0000000000
4.9891513957 0.6600000000 3.6472873723 0.8359095723 2.2190572538 0.0000000000
4.9976943852 0.6600000000 3.6472964294 0.8361668220 2.2191963819 0.0000000000
5.0062373959 0.6600000000 3.6473053021 0.8364195430 2.2193329612 0.0000000000
5.0147804279 0.6600000000 3.6473139878 0.8366676411 2.2194669430 0.0000000000
5.0233234810 0.6600000000 3.6473224836 0.8369110218 2.2195982786 0.0000000000
5.0318665552 0.6600000000 3.6473307868 0.8371495908 2.2197269192 0.0000000000
5.0404096504 0.6600000000 3.6473388948 0.8373832536 2.2198528162 0.0000000000
5.0489527665 0.6600000000 3.6473468047 0.8376119158 2.2199759208 0.0000000000
5.0574959036 0.6600000000 3.6473545139 0.8378354830 2.2200961844 0.0000000000
5.0660390615 0.6600000000 3.6473620196 0.8380538609 2.2202135581 0.0000000000
5.0745822402 0.6600000000 3.6473693190 0.8382669549 2.2203279934 0.0000000000
5.0831254396 0.6600000000 3.6473764094 0.8384746708 2.2204394414 0.0000000000
5.0916686597 0.6600000000 3.6473832881 0.8386769141 2.2205478535 0.0000000000
5.1002119003 0.6600000000 3.6473899523 0.8388735904 2.2206531810 0.0000000000
5.1087551614 0.6600000000 3.6473964005 0.8390646364 2.2207553920 0.0000000000
5.1172984424 0.6600000000 3.6474026353 0.8392501153 2.2208545228 0.0000000000
5.1258417425 0.6600000000 3.6474086607 0.8394301230 2.2209506274 0.0000000000
5.1343850610 0.6600000000 3.6474144806 0.8396047552 2.2210437600 0.0000000000
5.1429283973 0.6600000000 3.6474200989 0.8397741077 2.2211339744 0.0000000000
5.1514717506 0.6600000000 3.6474255196 0.8399382763 2.2212213247 0.0000000000
5.1600151203 0.6600000000 3.6474307466 0.8400973568 2.2213058647 0.0000000000
5.1685585056 0.6600000000 3.6474357838 0.8402514448 2.2213876486 0.0000000000
5.1771019059 0.6600000000 3.6474406351 0.8404006362 2.2214667303 0.0000000000
5.1856453203 0.6600000000 3.6474453044 0.8405450268 2.2215431638 0.0000000000
5.1941887484 0.6600000000 3.6474497956 0.8406847122 2.2216170030 0.0000000000
5.2027321892 0.6600000000 3.6474541128 0.8408197884 2.2216883020 0.0000000000
5.2112756422 0.6600000000 3.6474582597 0.8409503510 2.2217571147 0.0000000000
5.2198191066 0.6600000000 3.6474622403 0.8410764958 2.2218234952 0.0000000000
5.2283625818 0.6600000000 3.6474660586 0.8411983186 2.2218874973 0.0000000000
5.2369060670 0.6600000000 3.6474697184 0.8413159152 2.2219491752 0.0000000000
5.2454495615 0.6600000000 3.6474732235 0.8414293694 2.2220085773 0.0000000000
5.2539930650 0.6600000000 3.6474765770 0.8415387047 2.2220657254 0.0000000000
5.2625365771 0.6600000000 3.6474797816 0.8416439254 2.2221206322 0.0000000000
5.2710800974 0.6600000000 3.6474828402 0.8417450359 2.2221733108 0.0000000000
5.2796236257 0.6600000000 3.6474857556 0.8418420407 2.2222237741 0.0000000000
5.2881671614 0.6600000000 3.6474885305 0.8419349440 2.2222720351 0.0000000000
5.2967107043 0.6600000000 3.6474911678 0.8420237502 2.2223181067 0.0000000000
5.3052542540 0.6600000000 3.6474936702 0.8421084637 2.2223620018 0.0000000000
5.3137978102 0.6600000000 3.6474960406 0.8421890889 2.2224037334 0.0000000000
5.3223413724 0.6600000000 3.6474982817 0.8422656301 2.2224433145 0.0000000000
5.3308849405 0.6600000000 3.6475003965 0.8423380917 2.2224807580 0.0000000000
5.3394285139 0.6600000000 3.6475023875 0.8424064781 2.2225160769 0.0000000000
5.3479720923 0.6600000000 3.6475042578 0.8424707936 2.2225492841 0.0000000000
5.3565156754 0.6600000000 3.6475060100 0.8425310426 2.2225803925 0.0000000000
5.3650592628 0.6600000000 3.6475076470 0.8425872295 2.2226094152 0.0000000000
5.3736028542 0.6600000000 3.6475091715 0.8426393586 2.2226363650 0.0000000000
5.3821464492 0.6600000000 3.6475105864 0.8426874343 2.2226612549 0.0000000000
5.3906900475 0.6600000000 3.6475118945 0.8427314610 2.2226840978 0.0000000000
5.3992336487 0.6600000000 3.6475130985 0.8427714430 2.2227049068 0.0000000000
5.4077772524 0.6600000000 3.6475142013 0.8428073847 2.2227236947 0.0000000000
5.4163208583 0.6600000000 3.6475152057 0.8428392905 2.2227404746 0.0000000000
5.4248644660 0.6600000000 3.6475161145 0.8428671647 2.2227552592 0.0000000000
5.4334080752 0.6600000000 3.6475169304 0.8428910117 2.2227680617 0.0000000000
5.4419516855 0.6600000000 3.6475176563 0.8429108359 2.2227788950 0.0000000000
5.4504952966 0.6600000000 3.6475182949 0.8429266416 2.2227877719 0.0000000000
5.4590389081 0.6600000000 3.6475188492 0.8429384332 2.2227947055 0.0000000000
5.4675825196 0.6600000000 3.6475193218 0.8429462151 2.2227997088 0.0000000000
5.4761261308 0.6600000000 3.6475197156 0.8429499916 2.2228027945 0.0000000000
5.4846697414 0.6600000000 3.6475200333 0.8429497672 2.2228039758 0.0000000000
5.4932133510 0.6600000000 3.6475202730 0.8429455479 2.2228032465 0.0000000000
5.5017569594 0.6600000000 3.6475204185 0.8429373448 2.2228005473 0.0000000000
5.5103005664 0.6600000000 3.6475204514 0.8429251699 2.2227958092 0.0000000000
5.5188441717 0.6600000000 3.6475203534 0.8429090352 2.2227889633 0.0000000000
5.5273877753 0.6600000000 3.6475201061 0.8428889527 2.2227799409 0.0000000000
5.5359313768 0.6600000000 3.6475196909 0.8428649343 2.2227686729 0.0000000000
5.5444749761 0.6600000000 3.6475190896 0.8428369919 2.2227550906 0.0000000000
5.5530185729 0.6600000000 3.6475182836 0.8428051377 2.2227391251 0.0000000000
5.5615621671 0.6600000000 3.6475172546 0.8427693835 2.2227207075 0.0000000000
5.5701057585 0.6600000000 3.6475159842 0.8427297413 2.2226997690 0.0000000000
5.5786493468 0.6600000000 3.6475144539 0.8426862231 2.2226762405 0.0000000000
5.5871929318 0.6600000000 3.6475126454 0.8426388408 2.2226500534 0.0000000000
5.5957365134 0.6600000000 3.6475105402 0.8425876065 2.2226211387 0.0000000000
5.6042800913 0.6600000000 3.6475081226 0.8425325293 2.2225894375 0.0000000000
5.6128236652 0.6600000000 3.6475053999 0.8424735958 2.2225549734 0.0000000000
5.6213672347 0.6600000000 3.6475023907 0.8424107813 2.2225178107 0.0000000000
5.6299107996 0.6600000000 3.6474991135 0.8423440609 2.2224780140 0.0000000000
5.6384543593 0.6600000000 3.6474955871 0.8422734099 2.2224356480 0.0000000000
5.6469979137 0.6600000000 3.6474918301 0.8421988034 2.2223907772 0.0000000000
5.6555414622 0.6600000000 3.6474878610 0.8421202168 2.2223434664 0.0000000000
5.6640850047 0.6600000000 3.6474836986 0.8420376252 2.2222937800 0.0000000000
5.6726285406 0.6600000000 3.6474793615 0.8419510037 2.2222417829 0.0000000000
5.6811720697 0.6600000000 3.6474748682 0.8418603277 2.2221875395 0.0000000000
5.6897155915 0.6600000000 3.6474702375 0.8417655722 2.2221311145 0.0000000000
5.6982591058 0.6600000000 3.6474654880 0.8416667126 2.2220725726 0.0000000000
5.7068026122 0.6600000000 3.6474606383 0.8415637240 2.2220119783 0.0000000000
5.7153461103 0.6600000000 3.6474557042 0.8414565854 2.2219493867 0.0000000000
5.7238895998 0.6600000000 3.6474506852 0.8413452975 2.2218847954 0.0000000000
5.7324330804 0.6600000000 3.6474455745 0.8412298693 2.2218181814 0.0000000000
5.7409765519 0.6600000000 3.6474403654 0.8411103097 2.2217495211 0.0000000000
5.7495200140 0.6600000000 3.6474350512 0.8409866276 2.2216787915 0.0000000000
5.7580634663 0.6600000000 3.6474296252 0.8408588320 2.2216059691 0.0000000000
5.7666069086 0.6600000000 3.6474240806 0.8407269317 2.2215310307 0.0000000000
5.7751503406 0.6600000000 3.6474184108 0.8405909358 2.2214539530 0.0000000000
5.7836937621 0.6600000000 3.6474126090 0.8404508531 2.2213747126 0.0000000000
5.7922371727 0.6600000000 3.6474066685 0.8403066925 2.2212932864 0.0000000000
5.8007805721 0.6600000000 3.6474005826 0.8401584630 2.2212096510 0.0000000000
5.8093239601 0.6600000000 3.6473943445 0.8400061734 2.2211237830 0.0000000000
5.8178673364 0.6600000000 3.6473879477 0.8398498325 2.2210356594 0.0000000000
5.8264107006 0.6600000000 3.6473813894 0.8396894293 2.2209452650 0.0000000000
5.8349540522 0.6600000000 3.6473746734 0.8395249213 2.2208525975 0.0000000000
5.8434973907 0.6600000000 3.6473678038 0.8393562633 2.2207576559 0.0000000000
5.8520407155 0.6600000000 3.6473607849 0.8391834098 2.2206604390 0.0000000000
5.8605840263 0.6600000000 3.6473536210 0.8390063156 2.2205609459 0.0000000000
5.8691273225 0.6600000000 3.6473463164 0.8388249352 2.2204591754 0.0000000000
5.8776706035 0.6600000000 3.6473388754 0.8386392235 2.2203551265 0.0000000000
5.8862138688 0.6600000000 3.6473313022 0.8384491350 2.2202487982 0.0000000000
5.8947571180 0.6600000000 3.6473236010 0.8382546244 2.2201401893 0.0000000000
5.9033003506 0.6600000000 3.6473157762 0.8380556464 2.2200292988 0.0000000000
5.9118435659 0.6600000000 3.6473078319 0.8378521557 2.2199161256 0.0000000000
5.9203867636 0.6600000000 3.6472997726 0.8376441069 2.2198006687 0.0000000000
5.9289299431 0.6600000000 3.6472915993 0.8374314643 2.2196829184 0.0000000000
5.9374731041 0.6600000000 3.6472833016 0.8372142280 2.2195628332 0.0000000000
5.9460162461 0.6600000000 3.6472748666 0.8369924062 2.2194403645 0.0000000000
5.9545593689 0.6600000000 3.6472662813 0.8367660070 2.2193154635 0.0000000000
5.9631024721 0.6600000000 3.6472575326 0.8365350387 2.2191880816 0.0000000000
5.9716455552 0.6600000000 3.6472486077 0.8362995094 2.2190581701 0.0000000000
5.9801886181 0.6600000000 3.6472394934 0.8360594273 2.2189256802 0.0000000000
5.9887316602 0.6600000000 3.6472301769 0.8358148005 2.2187905633 0.0000000000
5.9972746812 0.6600000000 3.6472206450 0.8355656374 2.2186527706 0.0000000000
6.0058176809 0.6600000000 3.6472108849 0.8353119460 2.2185122536 0.0000000000
6.0143606587 0.6600000000 3.6472008835 0.8350537346 2.2183689633 0.0000000000
6.0229036144 0.6600000000 3.6471906278 0.8347910113 2.2182228513 0.0000000000
6.0314465476 0.6600000000 3.6471801082 0.8345237761 2.2180738789 0.0000000000
6.0399894575 0.6600000000 3.6471693313 0.8342519898 2.2179220565 0.0000000000
6.0485323435 0.6600000000 3.6471583083 0.8339756012 2.2177674092 0.0000000000
6.0570752048 0.6600000000 3.6471470506 0.8336945594 2.2176099619 0.0000000000
6.0656180406 0.6600000000 3.6471355697 0.8334088133 2.2174497396 0.0000000000
6.0741608504 0.6600000000 3.6471238768 0.8331183119 2.2172867673 0.0000000000
6.0827036332 0.6600000000 3.6471119832 0.8328230039 2.2171210701 0.0000000000
6.0912463883 0.6600000000 3.6470999005 0.8325228386 2.2169526728 0.0000000000
6.0997891151 0.6600000000 3.6470876398 0.8322177647 2.2167816007 0.0000000000
6.1083318128 0.6600000000 3.6470752126 0.8319077312 2.2166078785 0.0000000000
6.1168744806 0.6600000000 3.6470626303 0.8315926870 2.2164315314 0.0000000000
6.1254171179 0.6600000000 3.6470499041 0.8312725812 2.2162525843 0.0000000000
6.1339597241 0.6600000000 3.6470370437 0.8309473972 2.2160710692 0.0000000000
6.1425022995 0.6600000000 3.6470240520 0.8306172537 2.2158870450 0.0000000000
6.1510448450 0.6600000000 3.6470109302 0.8302823024 2.2157005773 0.0000000000
6.1595873611 0.6600000000 3.6469976795 0.8299426952 2.2155117317 0.0000000000
6.1681298484 0.6600000000 3.6469843012 0.8295985837 2.2153205737 0.0000000000
6.1766723076 0.6600000000 3.6469707964 0.8292501197 2.2151271689 0.0000000000
6.1852147393 0.6600000000 3.6469571663 0.8288974549 2.2149315829 0.0000000000
6.1937571443 0.6600000000 3.6469434123 0.8285407411 2.2147338812 0.0000000000
6.2022995230 0.6600000000 3.6469295355 0.8281801301 2.2145341294 0.0000000000
6.2108418762 0.6600000000 3.6469155371 0.8278157735 2.2143323932 0.0000000000
6.2193842044 0.6600000000 3.6469014183 0.8274478231 2.2141287380 0.0000000000
6.2279265084 0.6600000000 3.6468871804 0.8270764305 2.2139232294 0.0000000000
6.2364687886 0.6600000000 3.6468728288 0.8267017108 2.2137159351 0.0000000000
6.2450110451 0.6600000000 3.6468583781 0.8263236974 2.2135069268 0.0000000000
6.2535532778 0.6600000000 3.6468438442 0.8259424123 2.2132962773 0.0000000000
6.2620954869 0.6600000000 3.6468292431 0.8255578776 2.2130840590 0.0000000000
6.2706376723 0.6600000000 3.6468145907 0.8251701156 2.2128703445 0.0000000000
6.2791798341 0.6600000000 3.6467999029 0.8247791482 2.2126552064 0.0000000000
6.2877219723 0.6600000000 3.6467851956 0.8243849977 2.2124387171 0.0000000000
6.2962640869 0.6600000000 3.6467704848 0.8239876860 2.2122209493 0.0000000000
6.3048061779 0.6600000000 3.6467557865 0.8235872354 2.2120019756 0.0000000000
6.3133482454 0.6600000000 3.6467411164 0.8231836680 2.2117818684 0.0000000000
6.3218902893 0.6600000000 3.6467264906 0.8227770063 2.2115607003 0.0000000000
6.3304323103 0.6600000000 3.6467119190 0.8223673424 2.2113385487 0.0000000000
6.3389743101 0.6600000000 3.6466974005 0.8219549064 2.2111155001 0.0000000000
6.3475162905 0.6600000000 3.6466829322 0.8215399450 2.2108916422 0.0000000000
6.3560582533 0.6600000000 3.6466685114 0.8211227046 2.2106670628 0.0000000000
6.3646002004 0.6600000000 3.6466541353 0.8207034320 2.2104418496 0.0000000000
6.3731421336 0.6600000000 3.6466398013 0.8202823737 2.2102160904 0.0000000000
6.3816840547 0.6600000000 3.6466255067 0.8198597764 2.2099898727 0.0000000000
6.3902259656 0.6600000000 3.6466112486 0.8194358865 2.2097632844 0.0000000000
6.3987678681 0.6600000000 3.6465970243 0.8190109506 2.2095364131 0.0000000000
6.4073097638 0.6600000000 3.6465828275 0.8185851756 2.2093093157 0.0000000000
6.4158516536 0.6600000000 3.6465686436 0.8181586831 2.2090819831 0.0000000000
6.4243935385 0.6600000000 3.6465544571 0.8177315834 2.2088543974 0.0000000000
6.4329354193 0.6600000000 3.6465402526 0.8173039867 2.2086265408 0.0000000000
6.4414772971 0.6600000000 3.6465260146 0.8168760034 2.2083983953 0.0000000000
6.4500191727 0.6600000000 3.6465117275 0.8164477437 2.2081699430 0.0000000000
6.4585610470 0.6600000000 3.6464973759 0.8160193179 2.2079411662 0.0000000000
6.4671029210 0.6600000000 3.6464829474 0.8155908457 2.2077120634 0.0000000000
6.4756447976 0.6600000000 3.6464685077 0.8151626735 2.2074830359 0.0000000000
6.4841866814 0.6600000000 3.6464542030 0.8147353820 2.2072549005 0.0000000000
6.4927285773 0.6600000000 3.6464401831 0.8143095624 2.2070284927 0.0000000000
6.5012704900 0.6600000000 3.6464265976 0.8138858061 2.2068046484 0.0000000000
6.5098124243 0.6600000000 3.6464135965 0.8134647043 2.2065842031 0.0000000000
6.5183543851 0.6600000000 3.6464013294 0.8130468485 2.2063679927 0.0000000000
6.5268963766 0.6600000000 3.6463899048 0.8126327798 2.2061566666 0.0000000000
6.5354384006 0.6600000000 3.6463791970 0.8122227576 2.2059498265 0.0000000000
6.5439804575 0.6600000000 3.6463689990 0.8118169430 2.2057467086 0.0000000000
6.5525225482 0.6600000000 3.6463591036 0.8114154970 2.2055465487 0.0000000000
6.5610646734 0.6600000000 3.6463493037 0.8110185805 2.2053485824 0.0000000000
6.5696068336 0.6600000000 3.6463393920 0.8106263545 2.2051520455 0.0000000000
6.5781490304 0.6600000000 3.6463292565 0.8102390997 2.2049566014 0.0000000000
6.5866912677 0.6600000000 3.6463191015 0.8098574964 2.2047633401 0.0000000000
6.5952335501 0.6600000000 3.6463091976 0.8094823083 2.2045736492 0.0000000000
6.6037758821 0.6600000000 3.6462998152 0.8091142988 2.2043889159 0.0000000000
6.6123182682 0.6600000000 3.6462912249 0.8087542316 2.2042105277 0.0000000000
6.6208607128 0.6600000000 3.6462836499 0.8084028665 2.2040396817 0.0000000000
6.6294032198 0.6600000000 3.6462770135 0.8080609396 2.2038763653 0.0000000000
6.6379457927 0.6600000000 3.6462711211 0.8077291777 2.2037200910 0.0000000000
6.6464884350 0.6600000000 3.6462657781 0.8074083075 2.2035703708 0.0000000000
6.6550311501 0.6600000000 3.6462607896 0.8070990558 2.2034267162 0.0000000000
6.6635739411 0.6600000000 3.6462560047 0.8068021370 2.2032888090 0.0000000000
6.6721168070 0.6600000000 3.6462515591 0.8065181850 2.2031574459 0.0000000000
6.6806597452 0.6600000000 3.6462477043 0.8062478010 2.2030338732 0.0000000000
6.6892027532 0.6600000000 3.6462446920 0.8059915862 2.2029193379 0.0000000000
6.6977458284 0.6600000000 3.6462427738 0.8057501417 2.2028150876 0.0000000000
6.7062889684 0.6600000000 3.6462422016 0.8055240688 2.2027223694 0.0000000000
6.7148321705 0.6600000000 3.6462432269 0.8053139687 2.2026424308 0.0000000000
6.7233754322 0.6600000000 3.6462461016 0.8051204425 2.2025765189 0.0000000000
6.7319187510 0.6600000000 3.6462510762 0.8049440919 2.2025258771 0.0000000000
6.7404621239 0.6600000000 3.6462581199 0.8047856398 2.2024906709 0.0000000000
6.7490055468 0.6600000000 3.6462665421 0.8046460935 2.2024685414 0.0000000000
6.7575490154 0.6600000000 3.6462755581 0.8045265008 2.2024567684 0.0000000000
6.7660925254 0.6600000000 3.6462844100 0.8044278447 2.2024527133 0.0000000000
6.7746360702 0.6600000000 3.6462929421 0.8043496475 2.2024555630 0.0000000000
6.7831796409 0.6600000000 3.6463015939 0.8042899896 2.2024663071 0.0000000000
6.7917232285 0.6600000000 3.6463108300 0.8042468908 2.2024860120 0.0000000000
6.8002668247 0.6600000000 3.6463211216 0.8042193677 2.2025161688 0.0000000000
6.8088104231 0.6600000000 3.6463329598 0.8042095220 2.2025595834 0.0000000000
6.8173540177 0.6600000000 3.6463468398 0.8042200506 2.2026193152 0.0000000000
6.8258976017 0.6600000000 3.6463631361 0.8042535634 2.2026979052 0.0000000000
6.8344411621 0.6600000000 3.6463813116 0.8043120172 2.2027939890 0.0000000000
6.8429846832 0.6600000000 3.6464004143 0.8043970704 2.2029044211 0.0000000000
6.8515281496 0.6600000000 3.6464195537 0.8045102796 2.2030262621 0.0000000000
6.8600715493 0.6600000000 3.6464393018 0.8046508942 2.2031615005 0.0000000000
6.8686148746 0.6600000000 3.6464616906 0.8048158621 2.2033170428 0.0000000000
6.8771581169 0.6600000000 3.6464885673 0.8050024212 2.2034991733 0.0000000000
6.8857012595 0.6600000000 3.6465189391 0.8052122791 2.2037046034 0.0000000000
6.8942442805 0.6600000000 3.6465499997 0.8054499972 2.2039239330 0.0000000000
6.9027871591 0.6600000000 3.6465797622 0.8057189782 2.2041505757 0.0000000000
6.9113298808 0.6600000000 3.6466096345 0.8060178060 2.2043895959 0.0000000000
6.9198724326 0.6600000000 3.6466418437 0.8063438482 2.2046488497 0.0000000000
6.9284148181 0.6600000000 3.6466771207 0.8066938707 2.2049299665 0.0000000000
6.9369570650 0.6600000000 3.6467140092 0.8070637608 2.2052254765 0.0000000000
6.9454991939 0.6600000000 3.6467511050 0.8074504121 2.2055285204 0.0000000000
6.9540411649 0.6600000000 3.6467884774 0.8078577533 2.2058409466 0.0000000000
6.9625829147 0.6600000000 3.6468267996 0.8082923891 2.2061680895 0.0000000000
6.9711244133 0.6600000000 3.6468671305 0.8087561206 2.2065149059 0.0000000000
6.9796656698 0.6600000000 3.6469109756 0.8092450281 2.2068858492 0.0000000000
6.9882067153 0.6600000000 3.6469584865 0.8097541679 2.2072795487 0.0000000000
6.9967476209 0.6600000000 3.6470070709 0.8102772284 2.2076831107 0.0000000000
7.0052884186 0.6600000000 3.6470546385 0.8108116791 2.2080871613 0.0000000000
7.0138290286 0.6600000000 3.6471012454 0.8113652307 2.2084950094 0.0000000000
7.0223693471 0.6600000000 3.6471477748 0.8119467975 2.2089137537 0.0000000000
7.0309092496 0.6600000000 3.6471968926 0.8125636802 2.2093569781 0.0000000000
7.0394486324 0.6600000000 3.6472511481 0.8132210922 2.2098369648 0.0000000000
7.0479876132 0.6600000000 3.6473084783 0.8139092647 2.2103415546 0.0000000000
7.0565264222 0.6600000000 3.6473649805 0.8146108277 2.2108481884 0.0000000000
7.0650652746 0.6600000000 3.6474207598 0.8153093796 2.2113507267 0.0000000000
7.0736042309 0.6600000000 3.6474778076 0.8159996871 2.2118550410 0.0000000000
7.0821427902 0.6600000000 3.6475383850 0.8167173451 2.2123844136 0.0000000000
7.0906806298 0.6600000000 3.6476030695 0.8174851482 2.2129502729 0.0000000000
7.0992179642 0.6600000000 3.6476694353 0.8182871282 2.2135365282 0.0000000000
7.1077548906 0.6600000000 3.6477349916 0.8191155107 2.2141301060 0.0000000000
7.1162912559 0.6600000000 3.6477981237 0.8199803245 2.2147285602 0.0000000000
7.1248275123 0.6600000000 3.6478641683 0.8208503887 2.2153407643 0.0000000000
7.1333642594 0.6600000000 3.6479381818 0.8216856493 2.2159709225 0.0000000000
7.1419010072 0.6600000000 3.6480079182 0.8225237068 2.2165850909 0.0000000000
7.1504371772 0.6600000000 3.6480742465 0.8233991672 2.2172005882 0.0000000000
7.1589723641 0.6600000000 3.6481499600 0.8243280181 2.2178749826 0.0000000000
7.1675065656 0.6600000000 3.6482282671 0.8253108530 2.2185813453 0.0000000000
7.1760400490 0.6600000000 3.6483007420 0.8263343343 2.2192806372 0.0000000000
7.1845732562 0.6600000000 3.6483799415 0.8273689777 2.2200112927 0.0000000000
7.1931061798 0.6600000000 3.6484667232 0.8284145159 2.2207766348 0.0000000000
7.2016385699 0.6600000000 3.6485528217 0.8294871627 2.2215500876 0.0000000000
7.2101702118 0.6600000000 3.6486339482 0.8305987879 2.2223192434 0.0000000000
7.2187009785 0.6600000000 3.6487223587 0.8317482216 2.2231326588 0.0000000000
7.2272309617 0.6600000000 3.6488152736 0.8329312988 2.2239775495 0.0000000000
7.2357605678 0.6600000000 3.6489083526 0.8341311835 2.2248298195 0.0000000000
7.2442904975 0.6600000000 3.6490031801 0.8353156851 2.2256829300 0.0000000000
7.2528209568 0.6600000000 3.6490925258 0.8364788073 2.2265055616 0.0000000000
7.2613502217 0.6600000000 3.6491909840 0.8376915846 2.2273845055 0.0000000000
7.2698771605 0.6600000000 3.6492891670 0.8390020871 2.2283014385 0.0000000000
7.2784032989 0.6600000000 3.6493869675 0.8403449391 2.2292297812 0.0000000000
7.2869301904 0.6600000000 3.6494909872 0.8416547713 2.2301697927 0.0000000000
7.2954555341 0.6600000000 3.6495895280 0.8430286821 2.2311135203 0.0000000000
7.3039793623 0.6600000000 3.6497003518 0.8444544865 2.2321271372 0.0000000000
7.3125024719 0.6600000000 3.6498127512 0.8459061169 2.2331573869 0.0000000000
7.3210254335 0.6600000000 3.6499269601 0.8473622871 2.2341966908 0.0000000000
7.3295488964 0.6600000000 3.6500438946 0.8487986236 2.2352389634 0.0000000000
7.3380709880 0.6600000000 3.6501572430 0.8502867063 2.2362875902 0.0000000000
7.3465923336 0.6600000000 3.6502647826 0.8518038900 2.2373246221 0.0000000000
7.3551129010 0.6600000000 3.6503835360 0.8533430002 2.2384152797 0.0000000000
7.3636319155 0.6600000000 3.6505051957 0.8549335360 2.2395381328 0.0000000000
7.3721505076 0.6600000000 3.6506232855 0.8565397480 2.2406529768 0.0000000000
7.3806701532 0.6600000000 3.6507546018 0.8581039805 2.2418039350 0.0000000000
7.3891878982 0.6600000000 3.6508832066 0.8597335078 2.2429701651 0.0000000000
7.3977039833 0.6600000000 3.6510114580 0.8614156313 2.2441560201 0.0000000000
7.4062189625 0.6600000000 3.6511361268 0.8631346644 2.2453423084 0.0000000000
7.4147344190 0.6600000000 3.6512669766 0.8648358907 2.2465461984 0.0000000000
7.4232496444 0.6600000000 3.6514014480 0.8665425490 2.2477667470 0.0000000000
7.4317626094 0.6600000000 3.6515418271 0.8683153918 2.2490374008 0.0000000000
7.4402736635 0.6600000000 3.6516832621 0.8701442479 2.2503346831 0.0000000000
7.4487840018 0.6600000000 3.6518255396 0.8719933732 2.2516434434 0.0000000000
7.4572960912 0.6600000000 3.6519677294 0.8737914096 2.2529314170 0.0000000000
7.4658070096 0.6600000000 3.6521005348 0.8756272846 2.2541969884 0.0000000000
7.4743159806 0.6600000000 3.6522297582 0.8775213900 2.2554715243 0.0000000000
7.4828219534 0.6600000000 3.6523688433 0.8794934900 2.2568167048 0.0000000000
7.4913264213 0.6600000000 3.6525168493 0.8815016228 2.2582119820 0.0000000000
7.4998327672 0.6600000000 3.6526509007 0.8834656572 2.2595338013 0.0000000000
7.5083369180 0.6600000000 3.6527954425 0.8854829651 2.2609188918 0.0000000000
7.5168403229 0.6600000000 3.6529472563 0.8875172305 2.2623398530 0.0000000000
7.5253411342 0.6600000000 3.6531016535 0.8896172207 2.2637974379 0.0000000000
7.5338394258 0.6600000000 3.6532820824 0.8917673006 2.2653791854 0.0000000000
7.5423406391 0.6600000000 3.6534590442 0.8938447683 2.2669180196 0.0000000000
7.5508399066 0.6600000000 3.6536130747 0.8959837973 2.2683897533 0.0000000000
7.5593360247 0.6600000000 3.6537848491 0.8981906903 2.2699596081 0.0000000000
7.5678296562 0.6600000000 3.6539529037 0.9004552406 2.2715376467 0.0000000000
7.5763381146 0.6600000000 3.6541101435 0.9023518381 2.2729252446 0.0000000000
7.5848385216 0.6600000000 3.6542744825 0.9044572904 2.2744247819 0.0000000000
7.5933382743 0.6600000000 3.6544418155 0.9065779705 2.2759423858 0.0000000000
7.6018340920 0.6600000000 3.6546210967 0.9087892644 2.2775440280 0.0000000000
7.6103476736 0.6600000000 3.6547785919 0.9105165128 2.2788649081 0.0000000000
7.6188586140 0.6600000000 3.6549403822 0.9123384541 2.2802408459 0.0000000000
7.6273592910 0.6600000000 3.6551146289 0.9144304904 2.2817746475 0.0000000000
7.6358569141 0.6600000000 3.6552894792 0.9165986493 2.2833413122 0.0000000000
7.6443529244 0.6600000000 3.6554727668 0.9188000383 2.2849550180 0.0000000000
7.6528501806 0.6600000000 3.6556503263 0.9209762228 2.2865357300 0.0000000000
7.6613506792 0.6600000000 3.6558275298 0.9230718168 2.2880827815 0.0000000000
7.6698497760 0.6600000000 3.6560077810 0.9251997834 2.2896549728 0.0000000000
7.6783506950 0.6600000000 3.6561799182 0.9272879183 2.2911787759 0.0000000000
7.6868508815 0.6600000000 3.6563514359 0.9293942969 2.2927073981 0.0000000000
7.6953471550 0.6600000000 3.6565368830 0.9315900617 2.2943274923 0.0000000000
7.7038498716 0.6600000000 3.6567190735 0.9336266937 2.2958709072 0.0000000000
7.7123485749 0.6600000000 3.6569056532 0.9357599492 2.2974705282 0.0000000000
7.7208555292 0.6600000000 3.6570734992 0.9376911964 2.2989144108 0.0000000000
7.7293599795 0.6600000000 3.6572417246 0.9396890082 2.3003864373 0.0000000000
7.7378655353 0.6600000000 3.6574086361 0.9416585367 2.3018418948 0.0000000000
7.7463729793 0.6600000000 3.6575683524 0.9435792891 2.3032490609 0.0000000000
7.7548709819 0.6600000000 3.6577436508 0.9457307481 2.3048108382 0.0000000000
7.7633857320 0.6600000000 3.6579055148 0.9474370341 2.3061408085 0.0000000000
7.7719059656 0.6600000000 3.6580527980 0.9489710146 2.3073435334 0.0000000000
7.7804286356 0.6600000000 3.6582035788 0.9504150021 2.3085242516 0.0000000000
7.7889452846 0.6600000000 3.6583486883 0.9520557503 2.3097609887 0.0000000000
7.7974682525 0.6600000000 3.6584969264 0.9534917581 2.3109283445 0.0000000000
7.8059985737 0.6600000000 3.6586189885 0.9546404931 2.3118760868 0.0000000000
7.8145329144 0.6600000000 3.6587438131 0.9555844362 2.3127529625 0.0000000000
7.8230688197 0.6600000000 3.6588541635 0.9564441231 2.3135382387 0.0000000000
7.8316024197 0.6600000000 3.6589754234 0.9574213944 2.3144141869 0.0000000000
7.8401405917 0.6600000000 3.6590774126 0.9581323915 2.3151065425 0.0000000000
7.8486825400 0.6600000000 3.6591582355 0.9584826320 2.3155699304 0.0000000000
7.8572249161 0.6600000000 3.6592296811 0.9587513866 2.3159632144 0.0000000000
7.8657681466 0.6600000000 3.6592889115 0.9586398903 2.3161555378 0.0000000000
7.8743102418 0.6600000000 3.6593289510 0.9582902522 2.3161758406 0.0000000000
7.8828468758 0.6600000000 3.6593498172 0.9574451294 2.3159212560 0.0000000000
7.8913830207 0.6600000000 3.6593583398 0.9565539450 2.3155988726 0.0000000000
7.8999075412 0.6600000000 3.6593510134 0.9551523780 2.3150089404 0.0000000000
7.9084232532 0.6600000000 3.6593195813 0.9534317403 2.3141949567 0.0000000000
7.9169248971 0.6600000000 3.6592732875 0.9513300959 2.3131691237 0.0000000000
7.9254122419 0.6600000000 3.6592062276 0.9489019480 2.3119296249 0.0000000000
7.9338824812 0.6600000000 3.6591200206 0.9461256471 2.3104742767 0.0000000000
7.9423306263 0.6600000000 3.6590172959 0.9429514844 2.3087937128 0.0000000000
7.9507318599 0.6600000000 3.6588741176 0.9391258142 2.3066907316 0.0000000000
7.9590234960 0.6600000000 3.6586713364 0.9340072602 2.3038321851 0.0000000000
7.9672781582 0.6600000000 3.6584420824 0.9285519073 2.3007330282 0.0000000000
7.9754975960 0.6600000000 3.6582225278 0.9228717799 2.2975827589 0.0000000000
7.9835783226 0.6600000000 3.6579469038 0.9162112053 2.2938160329 0.0000000000
7.9916439994 0.6600000000 3.6576670193 0.9094086833 2.2899754859 0.0000000000
7.9997129699 0.6600000000 3.6573812525 0.9025488435 2.2860884829 0.0000000000
8.0074984379 0.6600000000 3.6570430623 0.8940953905 2.2813543410 0.0000000000
8.0151962449 0.6600000000 3.6566746370 0.8852254667 2.2763326703 0.0000000000
8.0227738838 0.6600000000 3.6562735996 0.8757995592 2.2709581577 0.0000000000
8.0302015558 0.6600000000 3.6558651446 0.8656626145 2.2652695598 0.0000000000
8.0374757673 0.6600000000 3.6554387328 0.8549211513 2.2592673271 0.0000000000
8.0437948406 0.6600000000 3.6548344411 0.8409158217 2.2512480288 0.0000000000
8.0498421689 0.6600000000 3.6542578577 0.8268413645 2.2433119120 0.0000000000
8.0550249694 0.6600000000 3.6536366323 0.8120286457 2.2349019229 0.0000000000
8.0609435381 0.6600000000 3.6530558191 0.7975139188 2.2267727793 0.0000000000
8.0654266010 0.6600000000 3.6523214650 0.7804121726 2.2169946647 0.0000000000
8.0702484501 0.6600000000 3.6516934961 0.7648831477 2.2082711791 0.0000000000
8.0739972470 0.6600000000 3.6508922039 0.7459643951 2.1974985091 0.0000000000
8.0758229780 0.6600000000 3.6500058806 0.7252160916 2.1856538947 0.0000000000
8.0774756657 0.6600000000 3.6491258907 0.7043768444 2.1737982361 0.0000000000
8.0789438832 0.6600000000 3.6482424834 0.6834524274 2.1618948402 0.0000000000
8.0802471658 0.6600000000 3.6474005458 0.6624491817 2.1501257915 0.0000000000
8.0814113637 0.6600000000 3.6465197451 0.6414051873 2.1381849907 0.0000000000
8.0824519456 0.6600000000 3.6456641331 0.6203138669 2.1263260148 0.0000000000
8.0833852244 0.6600000000 3.6447708449 0.5992006036 2.1143075567 0.0000000000
8.0842213821 0.6600000000 3.6438858659 0.5780597083 2.1023112827 0.0000000000
8.0849733445 0.6600000000 3.6429965302 0.5569001884 2.0902901317 0.0000000000
8.0856495281 0.6600000000 3.6421085018 0.5357243204 2.0782676710 0.0000000000
8.0862584284 0.6600000000 3.6412130091 0.5145376986 2.0662110513 0.0000000000
8.0868073592 0.6600000000 3.6403255816 0.4933387303 2.0541817542 0.0000000000
8.0873041678 0.6600000000 3.6394336321 0.4721328287 2.0421315954 0.0000000000
8.0877562000 0.6600000000 3.6385471372 0.4509191968 2.0301001630 0.0000000000
8.0881669130 0.6600000000 3.6376704128 0.4296977851 2.0181047008 0.0000000000
8.0885410617 0.6600000000 3.6368104744 0.4084678952 2.0061729913 0.0000000000
8.0888807158 0.6600000000 3.6359197198 0.3872422507 1.9941197149 0.0000000000
8.0891885325 0.6600000000 3.6350359857 0.3660117631 1.9820925837 0.0000000000
8.0894675519 0.6600000000 3.6341536384 0.3447784155 1.9700698552 0.0000000000
8.0897209594 0.6600000000 3.6332871047 0.3235389867 1.9581079489 0.0000000000
8.0899498029 0.6600000000 3.6324292739 0.3022958824 1.9461793840 0.0000000000
8.0901595645 0.6600000000 3.6315849631 0.2810483276 1.9343031188 0.0000000000
8.0903507469 0.6600000000 3.6307151789 0.2598056891 1.9223269270 0.0000000000
8.0905251009 0.6600000000 3.6298426285 0.2385628379 1.9103395848 0.0000000000
8.0906846832 0.6600000000 3.6289663487 0.2173202216 1.8983374192 0.0000000000
8.0908309588 0.6600000000 3.6280891046 0.1960772560 1.8863312563 0.0000000000
8.0909654381 0.6600000000 3.6272196282 0.1748317983 1.8743551677 0.0000000000
8.0910891213 0.6600000000 3.6263458080 0.1535870523 1.8623619884 0.0000000000
8.0912035175 0.6600000000 3.6254733505 0.1323416324 1.8503739906 0.0000000000
8.0913092232 0.6600000000 3.6246154909 0.1110922114 1.8384427838 0.0000000000
8.0914074154 0.6600000000 3.6237413220 0.0898467757 1.8264479338 0.0000000000
8.0914982716 0.6600000000 3.6229034680 0.0685920248 1.8145946176 0.0000000000
8.0915829904 0.6600000000 3.6220328353 0.0473452439 1.8026133745 0.0000000000
8.0916616233 0.6600000000 3.6211646131 0.0260977347 1.7906414818 0.0000000000
8.0917349081 0.6600000000 3.6202921680 0.0048511588 1.7786530710 0.0000000000
8.0918030955 0.6600000000 3.6194830864 -0.0164110621 1.7669118562 0.0000000000
8.0918671162 0.6600000000 3.6186290009 -0.0376625154 1.7549949330 0.0000000000
8.0919268989 0.6600000000 3.6178252209 -0.0589260769 1.7432743885 0.0000000000
8.0919830507 0.6600000000 3.6169544529 -0.0801735126 1.7312923421 0.0000000000
8.0920360741 0.6600000000 3.6161000000 -0.1014250000 1.7193739355 0.0000000000
8.0921013042 0.6600000000 3.6150100000 -0.1287750000 1.7040739355 0.0000000000
8.0928224705 0.6600000000 3.6015687996 -0.4638504341 1.5162789602 0.0000000000
8.0935436368 0.6600000000 3.6004844083 -0.4940710802 1.4998531367 0.0000000000
8.0942648031 0.6600000000 3.6039033674 -0.4115151057 1.5465513628 0.0000000000
8.0949859694 0.6600000000 3.6056983646 -0.3675102158 1.5713333077 0.0000000000
8.0957071357 0.6600000000 3.6071911662 -0.3315738096 1.5916790766 0.0000000000
8.0964283020 0.6600000000 3.6085341441 -0.2991162655 1.6100340058 0.0000000000
8.0971494683 0.6600000000 3.6097926542 -0.2683543703 1.6273728042 0.0000000000
8.0978706346 0.6600000000 3.6109941947 -0.2389172898 1.6439537983 0.0000000000
8.0985918009 0.6600000000 3.6120439824 -0.2129479929 1.6585406681 0.0000000000
8.0993129672 0.6600000000 3.6128336156 -0.1930986595 1.6696389341 0.0000000000
8.1000341335 0.6600000000 3.6133392216 -0.1801235376 1.6768514067 0.0000000000
8.1007552998 0.6600000000 3.6136396811 -0.1722646854 1.6811967856 0.0000000000
8.1014764661 0.6600000000 3.6137705751 -0.1686806810 1.6831539637 0.0000000000
8.1021976324 0.6600000000 3.6137573519 -0.1688345824 1.6830395102 0.0000000000
8.1029187987 0.6600000000 3.6137023363 -0.1700724324 1.6823243080 0.0000000000
8.1036399650 0.6600000000 3.6135653774 -0.1735200870 1.6803974104 0.0000000000
8.1043611313 0.6600000000 3.6134047329 -0.1776064812 1.6781202748 0.0000000000
8.1050822976 0.6600000000 3.6132263474 -0.1821186217 1.6756018764 0.0000000000
8.1058034639 0.6600000000 3.6130036270 -0.1876947017 1.6724805627 0.0000000000
8.1065246302 0.6600000000 3.6127809065 -0.1932707817 1.6693592490 0.0000000000
8.1072457965 0.6600000000 3.6125522147 -0.1989873186 1.6661578669 0.0000000000
8.1079669628 0.6600000000 3.6122976876 -0.2053115380 1.6626100707 0.0000000000
8.1086881291 0.6600000000 3.6120431605 -0.2116357574 1.6590622745 0.0000000000
8.1094092954 0.6600000000 3.6117886334 -0.2179599768 1.6555144783 0.0000000000
8.1101304617 0.6600000000 3.6115211780 -0.2245883257 1.6517933172 0.0000000000
8.1108516280 0.6600000000 3.6112283408 -0.2318137654 1.6477317925 0.0000000000
8.1115727943 0.6600000000 3.6109355036 -0.2390392051 1.6436702678 0.0000000000
8.1122939606 0.6600000000 3.6106426664 -0.2462646449 1.6396087431 0.0000000000
8.1130151269 0.6600000000 3.6103327385 -0.2539326650 1.6353018237 0.0000000000
8.1137362932 0.6600000000 3.6099982542 -0.2622366026 1.6306423113 0.0000000000
8.1144574595 0.6600000000 3.6096637698 -0.2705405402 1.6259827988 0.0000000000
8.1151786258 0.6600000000 3.6093292855 -0.2788444778 1.6213232863 0.0000000000
8.1158997921 0.6600000000 3.6089531839 -0.2880912109 1.6161201866 0.0000000000
8.1166209584 0.6600000000 3.6085758939 -0.2973648638 1.6109015657 0.0000000000
8.1173421247 0.6600000000 3.6081986040 -0.3066385167 1.6056829449 0.0000000000
8.1180632910 0.6600000000 3.6077895746 -0.3167423266 1.6000053035 0.0000000000
8.1187844573 0.6600000000 3.6073798046 -0.3268655098 1.5943169499 0.0000000000
8.1195056237 0.6600000000 3.6069613732 -0.3372168515 1.5885026876 0.0000000000
8.1202267900 0.6600000000 3.6065220182 -0.3481193630 1.5823842632 0.0000000000
8.1209479563 0.6600000000 3.6060826633 -0.3590218745 1.5762658388 0.0000000000
8.1216691226 0.6600000000 3.6056301427 -0.3705497114 1.5698446219 0.0000000000
8.1223902889 0.6600000000 3.6051750133 -0.3822014622 1.5633634039 0.0000000000
8.1231114552 0.6600000000 3.6046922826 -0.3942965042 1.5565944645 0.0000000000
8.1238326215 0.6600000000 3.6041869280 -0.4067548998 1.5495896877 0.0000000000
8.1245537878 0.6600000000 3.6036651044 -0.4195632768 1.5423790426 0.0000000000
8.1252749541 0.6600000000 3.6031198190 -0.4328702431 1.5348751142 0.0000000000
8.1259961204 0.6600000000 3.6025616215 -0.4465296198 1.5271785737 0.0000000000
8.1267172867 0.6600000000 3.6019851086 -0.4606888826 1.5192088171 0.0000000000
8.1274384530 0.6600000000 3.6013886483 -0.4753150478 1.5109725098 0.0000000000
8.1281596193 0.6600000000 3.6007752061 -0.4903387024 1.5025092790 0.0000000000
8.1288807856 0.6600000000 3.6001370885 -0.5060582831 1.4936689764 0.0000000000
8.1296019519 0.6600000000 3.5994874183 -0.5220836704 1.4846601407 0.0000000000
8.1303231182 0.6600000000 3.5988044779 -0.5389018771 1.4752010961 0.0000000000
8.1310442845 0.6600000000 3.5981000459 -0.5562399916 1.4654481226 0.0000000000
8.1317654508 0.6600000000 3.5973749760 -0.5740623879 1.4554188845 0.0000000000
8.1324866171 0.6600000000 3.5966064977 -0.5927406800 1.4448736545 0.0000000000
8.1332077834 0.6600000000 3.5958157731 -0.6120810329 1.4339746149 0.0000000000
8.1339289497 0.6600000000 3.5950001297 -0.6320648212 1.4227185258 0.0000000000
8.1346501160 0.6600000000 3.5941541566 -0.6527254190 1.4110703943 0.0000000000
8.1353712823 0.6600000000 3.5932696454 -0.6741148841 1.3989765634 0.0000000000
8.1360924486 0.6600000000 3.5923577918 -0.6962752042 1.3864650211 0.0000000000
8.1368136149 0.6600000000 3.5913830909 -0.7192824359 1.3733633247 0.0000000000
8.1375347812 0.6600000000 3.5903769046 -0.7432115394 1.3597669382 0.0000000000
8.1382559475 0.6600000000 3.5893398006 -0.7680969574 1.3456643551 0.0000000000
8.1389771138 0.6600000000 3.5882590403 -0.7939795640 1.3309882710 0.0000000000
8.1396982801 0.6600000000 3.5871332458 -0.8209049115 1.3157149540 0.0000000000
8.1404194464 0.6600000000 3.5859609776 -0.8488994940 1.2998280485 0.0000000000
8.1411406127 0.6600000000 3.5847455906 -0.8780181420 1.2833190411 0.0000000000
8.1418617790 0.6600000000 3.5834718941 -0.9082514980 1.2661309126 0.0000000000
8.1425829453 0.6600000000 3.5821351732 -0.9397174722 1.2481976397 0.0000000000
8.1433041116 0.6600000000 3.5806778866 -0.9723971620 1.2292966173 0.0000000000
8.1440252779 0.6600000000 3.5791992494 -1.0060813212 1.2099084047 0.0000000000
8.1447464442 0.6600000000 3.5777190617 -1.0407775398 1.1901091664 0.0000000000
8.1454676105 0.6600000000 3.5761562999 -1.0768409053 1.1694327729 0.0000000000
8.1461887768 0.6600000000 3.5745490685 -1.1140697918 1.1481122929 0.0000000000
8.1469099431 0.6600000000 3.5728499272 -1.1527237994 1.1258541247 0.0000000000
8.1476311094 0.6600000000 3.5710188262 -1.1925521849 1.1025983662 0.0000000000
8.1483522757 0.6600000000 3.5692261298 -1.2337669602 1.0789416708 0.0000000000
8.1490734420 0.6600000000 3.5673174102 -1.2762302765 1.0543214659 0.0000000000
8.1497946083 0.6600000000 3.5653091067 -1.3199885266 1.0287849515 0.0000000000
8.1505157746 0.6600000000 3.5631930030 -1.3650402631 1.0022998424 0.0000000000
8.1512369409 0.6600000000 3.5611549575 -1.4113925876 0.9756067305 0.0000000000
8.1519581072 0.6600000000 3.5588928938 -1.4592129785 0.9474303193 0.0000000000
8.1526792735 0.6600000000 3.5565789335 -1.5087736530 0.9183502084 0.0000000000
8.1534004398 0.6600000000 3.5541019227 -1.5609964079 0.8875530633 0.0000000000
8.1541216062 0.6600000000 3.5513940755 -1.6179218443 0.8539514997 0.0000000000
8.1548427725 0.6600000000 3.5483353384 -1.6812469695 0.8163865012 0.0000000000
8.1555639388 0.6600000000 3.5448197781 -1.7523114513 0.7738984675 0.0000000000
8.1562851051 0.6600000000 3.5404536365 -1.8397868778 0.7214437303 0.0000000000
8.1570062714 0.6600000000 3.5345048169 -1.9577841873 0.6504495283 0.0000000000
8.1577274377 0.6600000000 3.5263578367 -2.1102058163 0.5568929556 0.0000000000
8.1584486040 0.6600000000 3.5167448675 -2.2886671555 0.4470565434 0.0000000000
8.1591697703 0.6600000000 3.5060582865 -2.4772169730 0.3288902923 0.0000000000
8.1598909366 0.6600000000 3.4944332333 -2.6765983939 0.2026375111 0.0000000000
8.1606121029 0.6600000000 3.4836224249 -2.8550335968 0.0880201966 0.0000000000
8.1613332692 0.6600000000 3.4734750951 -3.0217172040 -0.0192425655 0.0000000000
8.1620544355 0.6600000000 3.4640610526 -3.1715502320 -0.1168319467 0.0000000000
8.1627756018 0.6600000000 3.4548582811 -3.3184651549 -0.2124090021 0.0000000000
8.1634967681 0.6600000000 3.4377200000 -3.5741750000 -0.3832460645 0.0000000000
