# logAge Mass logTe Mbol logg C/O
4.1253530730 1.5000000000 3.6467300000 0.5820750000 2.4718412591 0.0000000000
4.1340679390 1.5000000000 3.6467286056 0.5820687717 2.4718331900 0.0000000000
4.1427828043 1.5000000000 3.6467273553 0.5820602904 2.4718247964 0.0000000000
4.1514976689 1.5000000000 3.6467262355 0.5820496074 2.4718160439 0.0000000000
4.1602125328 1.5000000000 3.6467252324 0.5820367741 2.4718068981 0.0000000000
4.1689273960 1.5000000000 3.6467243322 0.5820218418 2.4717973246 0.0000000000
4.1776422585 1.5000000000 3.6467235213 0.5820048617 2.4717872890 0.0000000000
4.1863571201 1.5000000000 3.6467227859 0.5819858852 2.4717767568 0.0000000000
4.1950719810 1.5000000000 3.6467221123 0.5819649636 2.4717656938 0.0000000000
4.2037868412 1.5000000000 3.6467214868 0.5819421482 2.4717540654 0.0000000000
4.2125017005 1.5000000000 3.6467208956 0.5819174903 2.4717418374 0.0000000000
4.2212165590 1.5000000000 3.6467203249 0.5818910412 2.4717289753 0.0000000000
4.2299314166 1.5000000000 3.6467197612 0.5818628522 2.4717154447 0.0000000000
4.2386462734 1.5000000000 3.6467191906 0.5818329746 2.4717012112 0.0000000000
4.2473611293 1.5000000000 3.6467185994 0.5818014598 2.4716862405 0.0000000000
4.2560759843 1.5000000000 3.6467179739 0.5817683589 2.4716704981 0.0000000000
4.2647908384 1.5000000000 3.6467173003 0.5817337235 2.4716539496 0.0000000000
4.2735056915 1.5000000000 3.6467165649 0.5816976047 2.4716365607 0.0000000000
4.2822205437 1.5000000000 3.6467157541 0.5816600538 2.4716182970 0.0000000000
4.2909353950 1.5000000000 3.6467148540 0.5816211223 2.4715991239 0.0000000000
4.2996502453 1.5000000000 3.6467138509 0.5815808613 2.4715790073 0.0000000000
4.3083650945 1.5000000000 3.6467127312 0.5815393222 2.4715579126 0.0000000000
4.3170799428 1.5000000000 3.6467114810 0.5814965563 2.4715358054 0.0000000000
4.3257947900 1.5000000000 3.6467100866 0.5814526148 2.4715126515 0.0000000000
4.3345096362 1.5000000000 3.6467085403 0.5814075598 2.4714884444 0.0000000000
4.3432244815 1.5000000000 3.6467068628 0.5813615034 2.4714633117 0.0000000000
4.3519393260 1.5000000000 3.6467050832 0.5813145729 2.4714374210 0.0000000000
4.3606541698 1.5000000000 3.6467032306 0.5812668956 2.4714109398 0.0000000000
4.3693690130 1.5000000000 3.6467013342 0.5812185989 2.4713840356 0.0000000000
4.3780838558 1.5000000000 3.6466994232 0.5811698098 2.4713568759 0.0000000000
4.3867986984 1.5000000000 3.6466975267 0.5811206559 2.4713296282 0.0000000000
4.3955135407 1.5000000000 3.6466956738 0.5810712643 2.4713024602 0.0000000000
4.4042283830 1.5000000000 3.6466938938 0.5810217623 2.4712755392 0.0000000000
4.4129432254 1.5000000000 3.6466922157 0.5809722773 2.4712490328 0.0000000000
4.4216580679 1.5000000000 3.6466906687 0.5809229364 2.4712231086 0.0000000000
4.4303729109 1.5000000000 3.6466892807 0.5808738676 2.4711979290 0.0000000000
4.4390877542 1.5000000000 3.6466880539 0.5808252083 2.4711735581 0.0000000000
4.4478025981 1.5000000000 3.6466869672 0.5807771050 2.4711499697 0.0000000000
4.4565174425 1.5000000000 3.6466859983 0.5807297046 2.4711271341 0.0000000000
4.4652322877 1.5000000000 3.6466851253 0.5806831538 2.4711050218 0.0000000000
4.4739471337 1.5000000000 3.6466843261 0.5806375996 2.4710836032 0.0000000000
4.4826619806 1.5000000000 3.6466835785 0.5805931888 2.4710628487 0.0000000000
4.4913768285 1.5000000000 3.6466828606 0.5805500682 2.4710427288 0.0000000000
4.5000916775 1.5000000000 3.6466821502 0.5805083846 2.4710232138 0.0000000000
4.5088065276 1.5000000000 3.6466814253 0.5804682848 2.4710042741 0.0000000000
4.5175213790 1.5000000000 3.6466806637 0.5804299158 2.4709858802 0.0000000000
4.5262362318 1.5000000000 3.6466798435 0.5803934242 2.4709680027 0.0000000000
4.5349510859 1.5000000000 3.6466789536 0.5803589198 2.4709506414 0.0000000000
4.5436659414 1.5000000000 3.6466780088 0.5803264271 2.4709338649 0.0000000000
4.5523807981 1.5000000000 3.6466770273 0.5802959579 2.4709177515 0.0000000000
4.5610956560 1.5000000000 3.6466760277 0.5802675243 2.4709023796 0.0000000000
4.5698105149 1.5000000000 3.6466750283 0.5802411384 2.4708878275 0.0000000000
4.5785253749 1.5000000000 3.6466740474 0.5802168122 2.4708741734 0.0000000000
4.5872402357 1.5000000000 3.6466731034 0.5801945578 2.4708614958 0.0000000000
4.5959550973 1.5000000000 3.6466722147 0.5801743871 2.4708498728 0.0000000000
4.6046699597 1.5000000000 3.6466713997 0.5801563121 2.4708393829 0.0000000000
4.6133848227 1.5000000000 3.6466706768 0.5801403450 2.4708301043 0.0000000000
4.6220996862 1.5000000000 3.6466700643 0.5801264978 2.4708221154 0.0000000000
4.6308145502 1.5000000000 3.6466695779 0.5801147761 2.4708154809 0.0000000000
4.6395294147 1.5000000000 3.6466692172 0.5801051491 2.4708101876 0.0000000000
4.6482442794 1.5000000000 3.6466689766 0.5800975731 2.4708061945 0.0000000000
4.6569591445 1.5000000000 3.6466688500 0.5800920042 2.4708034609 0.0000000000
4.6656740098 1.5000000000 3.6466688318 0.5800883988 2.4708019457 0.0000000000
4.6743888753 1.5000000000 3.6466689160 0.5800867130 2.4708016082 0.0000000000
4.6831037410 1.5000000000 3.6466690968 0.5800869030 2.4708024073 0.0000000000
4.6918186067 1.5000000000 3.6466693683 0.5800889252 2.4708043023 0.0000000000
4.7005334724 1.5000000000 3.6466697247 0.5800927357 2.4708072521 0.0000000000
4.7092483382 1.5000000000 3.6466701601 0.5800982908 2.4708112160 0.0000000000
4.7179632038 1.5000000000 3.6466706688 0.5801055467 2.4708161529 0.0000000000
4.7266780693 1.5000000000 3.6466712448 0.5801144596 2.4708220221 0.0000000000
4.7353929346 1.5000000000 3.6466718823 0.5801249857 2.4708287826 0.0000000000
4.7441077996 1.5000000000 3.6466725755 0.5801370813 2.4708363935 0.0000000000
4.7528226643 1.5000000000 3.6466733185 0.5801507026 2.4708448139 0.0000000000
4.7615375287 1.5000000000 3.6466741054 0.5801658059 2.4708540030 0.0000000000
4.7702523927 1.5000000000 3.6466749304 0.5801823473 2.4708639197 0.0000000000
4.7789672561 1.5000000000 3.6466757877 0.5802002832 2.4708745232 0.0000000000
4.7876821191 1.5000000000 3.6466766714 0.5802195696 2.4708857727 0.0000000000
4.7963969815 1.5000000000 3.6466775757 0.5802401629 2.4708976272 0.0000000000
4.8051118432 1.5000000000 3.6466784948 0.5802620193 2.4709100458 0.0000000000
4.8138267043 1.5000000000 3.6466794226 0.5802850950 2.4709229876 0.0000000000
4.8225415646 1.5000000000 3.6466803536 0.5803093459 2.4709364117 0.0000000000
4.8312564242 1.5000000000 3.6466812834 0.5803347099 2.4709502768 0.0000000000
4.8399712830 1.5000000000 3.6466822103 0.5803611008 2.4709645407 0.0000000000
4.8486861413 1.5000000000 3.6466831325 0.5803884305 2.4709791614 0.0000000000
4.8574009989 1.5000000000 3.6466840484 0.5804166109 2.4709940968 0.0000000000
4.8661158561 1.5000000000 3.6466849561 0.5804455539 2.4710093049 0.0000000000
4.8748307128 1.5000000000 3.6466858539 0.5804751715 2.4710247434 0.0000000000
4.8835455692 1.5000000000 3.6466867403 0.5805053755 2.4710403703 0.0000000000
4.8922604252 1.5000000000 3.6466876134 0.5805360779 2.4710561436 0.0000000000
4.9009752810 1.5000000000 3.6466884715 0.5805671906 2.4710720212 0.0000000000
4.9096901365 1.5000000000 3.6466893129 0.5805986255 2.4710879608 0.0000000000
4.9184049920 1.5000000000 3.6466901359 0.5806302946 2.4711039206 0.0000000000
4.9271198473 1.5000000000 3.6466909417 0.5806621158 2.4711198720 0.0000000000
4.9358347027 1.5000000000 3.6466917381 0.5806940215 2.4711358199 0.0000000000
4.9445495580 1.5000000000 3.6466925341 0.5807259463 2.4711517740 0.0000000000
4.9532644134 1.5000000000 3.6466933388 0.5807578251 2.4711677443 0.0000000000
4.9619792690 1.5000000000 3.6466941611 0.5807895924 2.4711837404 0.0000000000
4.9706941246 1.5000000000 3.6466950100 0.5808211829 2.4711997723 0.0000000000
4.9794089805 1.5000000000 3.6466958946 0.5808525312 2.4712158498 0.0000000000
4.9881238366 1.5000000000 3.6466968237 0.5808835722 2.4712319826 0.0000000000
4.9968386930 1.5000000000 3.6466978064 0.5809142403 2.4712481806 0.0000000000
5.0055535498 1.5000000000 3.6466988516 0.5809444703 2.4712644537 0.0000000000
5.0142684069 1.5000000000 3.6466999685 0.5809741969 2.4712808116 0.0000000000
5.0229832644 1.5000000000 3.6467011592 0.5810033362 2.4712972302 0.0000000000
5.0316981224 1.5000000000 3.6467023973 0.5810317234 2.4713135376 0.0000000000
5.0404129809 1.5000000000 3.6467036485 0.5810591720 2.4713295220 0.0000000000
5.0491278398 1.5000000000 3.6467048785 0.5810854956 2.4713449713 0.0000000000
5.0578426994 1.5000000000 3.6467060529 0.5811105074 2.4713596738 0.0000000000
5.0665575594 1.5000000000 3.6467071375 0.5811340211 2.4713734174 0.0000000000
5.0752724201 1.5000000000 3.6467080978 0.5811558501 2.4713859904 0.0000000000
5.0839872814 1.5000000000 3.6467088997 0.5811758077 2.4713971808 0.0000000000
5.0927021433 1.5000000000 3.6467095087 0.5811937075 2.4714067767 0.0000000000
5.1014170059 1.5000000000 3.6467098905 0.5812093629 2.4714145663 0.0000000000
5.1101318692 1.5000000000 3.6467100109 0.5812225873 2.4714203375 0.0000000000
5.1188467332 1.5000000000 3.6467098418 0.5812332057 2.4714239086 0.0000000000
5.1275615978 1.5000000000 3.6467094035 0.5812411281 2.4714253245 0.0000000000
5.1362764629 1.5000000000 3.6467087383 0.5812463040 2.4714247337 0.0000000000
5.1449913283 1.5000000000 3.6467078883 0.5812486828 2.4714222853 0.0000000000
5.1537061938 1.5000000000 3.6467068959 0.5812482142 2.4714181284 0.0000000000
5.1624210593 1.5000000000 3.6467058035 0.5812448476 2.4714124119 0.0000000000
5.1711359246 1.5000000000 3.6467046533 0.5812385325 2.4714052851 0.0000000000
5.1798507897 1.5000000000 3.6467034876 0.5812292186 2.4713968969 0.0000000000
5.1885656543 1.5000000000 3.6467023488 0.5812168553 2.4713873963 0.0000000000
5.1972805182 1.5000000000 3.6467012792 0.5812013921 2.4713769325 0.0000000000
5.2059953813 1.5000000000 3.6467003210 0.5811827786 2.4713656545 0.0000000000
5.2147102436 1.5000000000 3.6466995129 0.5811609601 2.4713536948 0.0000000000
5.2234251045 1.5000000000 3.6466988430 0.5811358244 2.4713409609 0.0000000000
5.2321399638 1.5000000000 3.6466982632 0.5811072179 2.4713271992 0.0000000000
5.2408548210 1.5000000000 3.6466977247 0.5810749865 2.4713121523 0.0000000000
5.2495696757 1.5000000000 3.6466971784 0.5810389757 2.4712955628 0.0000000000
5.2582845275 1.5000000000 3.6466965755 0.5809990311 2.4712771734 0.0000000000
5.2669993760 1.5000000000 3.6466958671 0.5809549983 2.4712567267 0.0000000000
5.2757142208 1.5000000000 3.6466950043 0.5809067231 2.4712339655 0.0000000000
5.2844290614 1.5000000000 3.6466939382 0.5808540511 2.4712086323 0.0000000000
5.2931438975 1.5000000000 3.6466926199 0.5807968279 2.4711804698 0.0000000000
5.3018587286 1.5000000000 3.6466910005 0.5807348991 2.4711492207 0.0000000000
5.3105735543 1.5000000000 3.6466890324 0.5806681114 2.4711146331 0.0000000000
5.3192883740 1.5000000000 3.6466867011 0.5805963399 2.4710765992 0.0000000000
5.3280031870 1.5000000000 3.6466840283 0.5805194905 2.4710351686 0.0000000000
5.3367179926 1.5000000000 3.6466810378 0.5804374706 2.4709903984 0.0000000000
5.3454327900 1.5000000000 3.6466777529 0.5803501876 2.4709423458 0.0000000000
5.3541475785 1.5000000000 3.6466741973 0.5802575490 2.4708910680 0.0000000000
5.3628623573 1.5000000000 3.6466703946 0.5801594622 2.4708366223 0.0000000000
5.3715771256 1.5000000000 3.6466663682 0.5800558345 2.4707790657 0.0000000000
5.3802918828 1.5000000000 3.6466621418 0.5799465736 2.4707184556 0.0000000000
5.3890066281 1.5000000000 3.6466577389 0.5798315867 2.4706548492 0.0000000000
5.3977213607 1.5000000000 3.6466531830 0.5797107813 2.4705883036 0.0000000000
5.4064360800 1.5000000000 3.6466484976 0.5795840652 2.4705188756 0.0000000000
5.4151507850 1.5000000000 3.6466436969 0.5794513722 2.4704465955 0.0000000000
5.4238654752 1.5000000000 3.6466387800 0.5793126779 2.4703714501 0.0000000000
5.4325801498 1.5000000000 3.6466337447 0.5791679618 2.4702934225 0.0000000000
5.4412948079 1.5000000000 3.6466285888 0.5790172034 2.4702124958 0.0000000000
5.4500094489 1.5000000000 3.6466233103 0.5788603820 2.4701286530 0.0000000000
5.4587240721 1.5000000000 3.6466179068 0.5786974773 2.4700418772 0.0000000000
5.4674386766 1.5000000000 3.6466123762 0.5785284686 2.4699521514 0.0000000000
5.4761532618 1.5000000000 3.6466067164 0.5783533354 2.4698594587 0.0000000000
5.4848678268 1.5000000000 3.6466009251 0.5781720572 2.4697637822 0.0000000000
5.4935823710 1.5000000000 3.6465950001 0.5779846134 2.4696651049 0.0000000000
5.5022968936 1.5000000000 3.6465889393 0.5777909836 2.4695634098 0.0000000000
5.5110113938 1.5000000000 3.6465827371 0.5775911403 2.4694586637 0.0000000000
5.5197258706 1.5000000000 3.6465763797 0.5773850406 2.4693507943 0.0000000000
5.5284403231 1.5000000000 3.6465698523 0.5771726388 2.4692397236 0.0000000000
5.5371547503 1.5000000000 3.6465631397 0.5769538893 2.4691253736 0.0000000000
5.5458691511 1.5000000000 3.6465562272 0.5767287467 2.4690076663 0.0000000000
5.5545835248 1.5000000000 3.6465490996 0.5764971653 2.4688865237 0.0000000000
5.5632978701 1.5000000000 3.6465417422 0.5762590996 2.4687618677 0.0000000000
5.5720121863 1.5000000000 3.6465341399 0.5760145040 2.4686336203 0.0000000000
5.5807264723 1.5000000000 3.6465262778 0.5757633330 2.4685017036 0.0000000000
5.5894407271 1.5000000000 3.6465181410 0.5755055410 2.4683660395 0.0000000000
5.5981549498 1.5000000000 3.6465097145 0.5752410825 2.4682265499 0.0000000000
5.6068691394 1.5000000000 3.6465009894 0.5749699171 2.4680831836 0.0000000000
5.6155832949 1.5000000000 3.6464919794 0.5746920237 2.4679359860 0.0000000000
5.6242974154 1.5000000000 3.6464827028 0.5744073854 2.4677850244 0.0000000000
5.6330115000 1.5000000000 3.6464731782 0.5741159852 2.4676303659 0.0000000000
5.6417255476 1.5000000000 3.6464634241 0.5738178063 2.4674720778 0.0000000000
5.6504395575 1.5000000000 3.6464534589 0.5735128318 2.4673102275 0.0000000000
5.6591535285 1.5000000000 3.6464433013 0.5732010447 2.4671448821 0.0000000000
5.6678674599 1.5000000000 3.6464329696 0.5728824282 2.4669761089 0.0000000000
5.6765813505 1.5000000000 3.6464224825 0.5725569654 2.4668039752 0.0000000000
5.6852951996 1.5000000000 3.6464118584 0.5722246394 2.4666285483 0.0000000000
5.6940090061 1.5000000000 3.6464011157 0.5718854332 2.4664498953 0.0000000000
5.7027227691 1.5000000000 3.6463902690 0.5715393324 2.4662680681 0.0000000000
5.7114364877 1.5000000000 3.6463793102 0.5711863355 2.4660830339 0.0000000000
5.7201501610 1.5000000000 3.6463682235 0.5708264455 2.4658947313 0.0000000000
5.7288637882 1.5000000000 3.6463569934 0.5704596654 2.4657030986 0.0000000000
5.7375773684 1.5000000000 3.6463456041 0.5700859981 2.4655080745 0.0000000000
5.7462909006 1.5000000000 3.6463340399 0.5697054466 2.4653095974 0.0000000000
5.7550043841 1.5000000000 3.6463222853 0.5693180139 2.4651076058 0.0000000000
5.7637178179 1.5000000000 3.6463103245 0.5689237030 2.4649020381 0.0000000000
5.7724312011 1.5000000000 3.6462981418 0.5685225169 2.4646928329 0.0000000000
5.7811445329 1.5000000000 3.6462857216 0.5681144585 2.4644799287 0.0000000000
5.7898578124 1.5000000000 3.6462730481 0.5676995308 2.4642632639 0.0000000000
5.7985710388 1.5000000000 3.6462601070 0.5672777369 2.4640427820 0.0000000000
5.8072842111 1.5000000000 3.6462468939 0.5668490809 2.4638184671 0.0000000000
5.8159973286 1.5000000000 3.6462334094 0.5664135672 2.4635903237 0.0000000000
5.8247103904 1.5000000000 3.6462196543 0.5659712004 2.4633583566 0.0000000000
5.8334233958 1.5000000000 3.6462056293 0.5655219850 2.4631225703 0.0000000000
5.8421363438 1.5000000000 3.6461913351 0.5650659254 2.4628829695 0.0000000000
5.8508492338 1.5000000000 3.6461767723 0.5646030262 2.4626395589 0.0000000000
5.8595620648 1.5000000000 3.6461619418 0.5641332919 2.4623923430 0.0000000000
5.8682748361 1.5000000000 3.6461468442 0.5636567270 2.4621413267 0.0000000000
5.8769875468 1.5000000000 3.6461314803 0.5631733361 2.4618865145 0.0000000000
5.8857001962 1.5000000000 3.6461158507 0.5626831235 2.4616279111 0.0000000000
5.8944127833 1.5000000000 3.6460999567 0.5621860927 2.4613655228 0.0000000000
5.9031253073 1.5000000000 3.6460838061 0.5616822322 2.4610993764 0.0000000000
5.9118377670 1.5000000000 3.6460674117 0.5611715197 2.4608295139 0.0000000000
5.9205501612 1.5000000000 3.6460507863 0.5606539329 2.4605559774 0.0000000000
5.9292624890 1.5000000000 3.6460339426 0.5601294491 2.4602788091 0.0000000000
5.9379747493 1.5000000000 3.6460168934 0.5595980462 2.4599980510 0.0000000000
5.9466869409 1.5000000000 3.6459996514 0.5590597015 2.4597137453 0.0000000000
5.9553990627 1.5000000000 3.6459822295 0.5585143927 2.4594259342 0.0000000000
5.9641111137 1.5000000000 3.6459646405 0.5579620973 2.4591346598 0.0000000000
5.9728230927 1.5000000000 3.6459468970 0.5574027930 2.4588399643 0.0000000000
5.9815349987 1.5000000000 3.6459290119 0.5568364572 2.4585418897 0.0000000000
5.9902468306 1.5000000000 3.6459109976 0.5562630699 2.4582404774 0.0000000000
5.9989585878 1.5000000000 3.6458928563 0.5556826634 2.4579357494 0.0000000000
6.0076702705 1.5000000000 3.6458745801 0.5550953228 2.4576277087 0.0000000000
6.0163818787 1.5000000000 3.6458561609 0.5545011356 2.4573163570 0.0000000000
6.0250934125 1.5000000000 3.6458375904 0.5539001892 2.4570016965 0.0000000000
6.0338048720 1.5000000000 3.6458188604 0.5532925710 2.4566837289 0.0000000000
6.0425162572 1.5000000000 3.6457999625 0.5526783685 2.4563624564 0.0000000000
6.0512275683 1.5000000000 3.6457808885 0.5520576690 2.4560378808 0.0000000000
6.0599388053 1.5000000000 3.6457616303 0.5514305600 2.4557100041 0.0000000000
6.0686499683 1.5000000000 3.6457421794 0.5507971289 2.4553788283 0.0000000000
6.0773610574 1.5000000000 3.6457225277 0.5501574632 2.4550443553 0.0000000000
6.0860720727 1.5000000000 3.6457026672 0.5495116531 2.4547065892 0.0000000000
6.0947830163 1.5000000000 3.6456826010 0.5488599250 2.4543656331 0.0000000000
6.1034938929 1.5000000000 3.6456623482 0.5482026974 2.4540217307 0.0000000000
6.1122047078 1.5000000000 3.6456419289 0.5475404037 2.4536751360 0.0000000000
6.1209154659 1.5000000000 3.6456213633 0.5468734768 2.4533261031 0.0000000000
6.1296261723 1.5000000000 3.6456006718 0.5462023501 2.4529748861 0.0000000000
6.1383368320 1.5000000000 3.6455798744 0.5455274566 2.4526217392 0.0000000000
6.1470474501 1.5000000000 3.6455589913 0.5448492296 2.4522669163 0.0000000000
6.1557580316 1.5000000000 3.6455380429 0.5441681022 2.4519106716 0.0000000000
6.1644685817 1.5000000000 3.6455170493 0.5434845076 2.4515532592 0.0000000000
6.1731791053 1.5000000000 3.6454960306 0.5427988790 2.4511949332 0.0000000000
6.1818896074 1.5000000000 3.6454750072 0.5421116491 2.4508359475 0.0000000000
6.1906000928 1.5000000000 3.6454539974 0.5414231931 2.4504765259 0.0000000000
6.1993105651 1.5000000000 3.6454330160 0.5407337709 2.4501168316 0.0000000000
6.2080210279 1.5000000000 3.6454120776 0.5400436283 2.4497570208 0.0000000000
6.2167314848 1.5000000000 3.6453911965 0.5393530111 2.4493972494 0.0000000000
6.2254419395 1.5000000000 3.6453703871 0.5386621652 2.4490376736 0.0000000000
6.2341523956 1.5000000000 3.6453496639 0.5379713366 2.4486784493 0.0000000000
6.2428628566 1.5000000000 3.6453290413 0.5372807711 2.4483197327 0.0000000000
6.2515733262 1.5000000000 3.6453085337 0.5365907146 2.4479616798 0.0000000000
6.2602838079 1.5000000000 3.6452881556 0.5359014129 2.4476044467 0.0000000000
6.2689943055 1.5000000000 3.6452679214 0.5352131119 2.4472481894 0.0000000000
6.2777048225 1.5000000000 3.6452478455 0.5345260578 2.4468930640 0.0000000000
6.2864153646 1.5000000000 3.6452279410 0.5338407102 2.4465393073 0.0000000000
6.2951259437 1.5000000000 3.6452082179 0.5331581494 2.4461873903 0.0000000000
6.3038365730 1.5000000000 3.6451886850 0.5324795677 2.4458378260 0.0000000000
6.3125472654 1.5000000000 3.6451693514 0.5318061575 2.4454911277 0.0000000000
6.3212580340 1.5000000000 3.6451502263 0.5311391111 2.4451478087 0.0000000000
6.3299688918 1.5000000000 3.6451313187 0.5304796209 2.4448083821 0.0000000000
6.3386798519 1.5000000000 3.6451126376 0.5298288791 2.4444733611 0.0000000000
6.3473909273 1.5000000000 3.6450941921 0.5291880782 2.4441432589 0.0000000000
6.3561021309 1.5000000000 3.6450759914 0.5285584105 2.4438185887 0.0000000000
6.3648134760 1.5000000000 3.6450580444 0.5279410683 2.4434998638 0.0000000000
6.3735249755 1.5000000000 3.6450403602 0.5273372440 2.4431875973 0.0000000000
6.3822366397 1.5000000000 3.6450229567 0.5267479520 2.4428822667 0.0000000000
6.3909484677 1.5000000000 3.6450058894 0.5261734506 2.4425841971 0.0000000000
6.3996604552 1.5000000000 3.6449892239 0.5256137968 2.4422936733 0.0000000000
6.4083725984 1.5000000000 3.6449730255 0.5250690477 2.4420109801 0.0000000000
6.4170848930 1.5000000000 3.6449573597 0.5245392602 2.4417364021 0.0000000000
6.4257973351 1.5000000000 3.6449422921 0.5240244915 2.4414702242 0.0000000000
6.4345099205 1.5000000000 3.6449278881 0.5235247985 2.4412127310 0.0000000000
6.4432226451 1.5000000000 3.6449142132 0.5230402384 2.4409642073 0.0000000000
6.4519355049 1.5000000000 3.6449013329 0.5225708681 2.4407249379 0.0000000000
6.4606484957 1.5000000000 3.6448893126 0.5221167447 2.4404952074 0.0000000000
6.4693616137 1.5000000000 3.6448782177 0.5216779269 2.4402753007 0.0000000000
6.4780748572 1.5000000000 3.6448680704 0.5212549933 2.4400655378 0.0000000000
6.4867882313 1.5000000000 3.6448587866 0.5208497978 2.4398663248 0.0000000000
6.4955017422 1.5000000000 3.6448502668 0.5204643862 2.4396780807 0.0000000000
6.5042153957 1.5000000000 3.6448424110 0.5201008042 2.4395012246 0.0000000000
6.5129291981 1.5000000000 3.6448351194 0.5197610975 2.4393361756 0.0000000000
6.5216431552 1.5000000000 3.6448282929 0.5194473027 2.4391833516 0.0000000000
6.5303572656 1.5000000000 3.6448219024 0.5191604242 2.4390430381 0.0000000000
6.5390715139 1.5000000000 3.6448160530 0.5188994928 2.4389152682 0.0000000000
6.5477858830 1.5000000000 3.6448108650 0.5186633173 2.4388000460 0.0000000000
6.5565003558 1.5000000000 3.6448064586 0.5184507062 2.4386973759 0.0000000000
6.5652149152 1.5000000000 3.6448029540 0.5182604681 2.4386072623 0.0000000000
6.5739295442 1.5000000000 3.6448004715 0.5180914117 2.4385297096 0.0000000000
6.5826442264 1.5000000000 3.6447991157 0.5179423780 2.4384646731 0.0000000000
6.5913589521 1.5000000000 3.6447988496 0.5178125071 2.4384116604 0.0000000000
6.6000737150 1.5000000000 3.6447995600 0.5177010990 2.4383699385 0.0000000000
6.6087885089 1.5000000000 3.6448011327 0.5176074554 2.4383387722 0.0000000000
6.6175033277 1.5000000000 3.6448034540 0.5175308779 2.4383174263 0.0000000000
6.6262181651 1.5000000000 3.6448064098 0.5174706683 2.4383051656 0.0000000000
6.6349330151 1.5000000000 3.6448098862 0.5174261280 2.4383012549 0.0000000000
6.6436478720 1.5000000000 3.6448137903 0.5173963525 2.4383049614 0.0000000000
6.6523627335 1.5000000000 3.6448181229 0.5173795316 2.4383155633 0.0000000000
6.6610775981 1.5000000000 3.6448229099 0.5173736072 2.4383323414 0.0000000000
6.6697924642 1.5000000000 3.6448281774 0.5173765209 2.4383545769 0.0000000000
6.6785073302 1.5000000000 3.6448339514 0.5173862146 2.4383815506 0.0000000000
6.6872221945 1.5000000000 3.6448402581 0.5174006300 2.4384125435 0.0000000000
6.6959370561 1.5000000000 3.6448470825 0.5174178836 2.4384467425 0.0000000000
6.7046519156 1.5000000000 3.6448542638 0.5174367132 2.4384829995 0.0000000000
6.7133667737 1.5000000000 3.6448616087 0.5174559947 2.4385200918 0.0000000000
6.7220816315 1.5000000000 3.6448689241 0.5174746038 2.4385567970 0.0000000000
6.7307964898 1.5000000000 3.6448760167 0.5174914165 2.4385918925 0.0000000000
6.7395113495 1.5000000000 3.6448826984 0.5175053222 2.4386241816 0.0000000000
6.7482262109 1.5000000000 3.6448889657 0.5175157024 2.4386534029 0.0000000000
6.7569410734 1.5000000000 3.6448950470 0.5175225563 2.4386804697 0.0000000000
6.7656559366 1.5000000000 3.6449011854 0.5175259225 2.4387063696 0.0000000000
6.7743707998 1.5000000000 3.6449076239 0.5175258396 2.4387320906 0.0000000000
6.7830856625 1.5000000000 3.6449145758 0.5175223262 2.4387584926 0.0000000000
6.7918005244 1.5000000000 3.6449218826 0.5175151522 2.4387848502 0.0000000000
6.8005153854 1.5000000000 3.6449291349 0.5175039198 2.4388093664 0.0000000000
6.8092302454 1.5000000000 3.6449359183 0.5174882278 2.4388302235 0.0000000000
6.8179451043 1.5000000000 3.6449418250 0.5174676919 2.4388456357 0.0000000000
6.8266599621 1.5000000000 3.6449468291 0.5174429554 2.4388557575 0.0000000000
6.8353748194 1.5000000000 3.6449515046 0.5174162737 2.4388637868 0.0000000000
6.8440896767 1.5000000000 3.6449564777 0.5173900427 2.4388731868 0.0000000000
6.8528045344 1.5000000000 3.6449623651 0.5173666220 2.4388873684 0.0000000000
6.8615193927 1.5000000000 3.6449693598 0.5173467464 2.4389073967 0.0000000000
6.8702342514 1.5000000000 3.6449770701 0.5173289113 2.4389311040 0.0000000000
6.8789491100 1.5000000000 3.6449850621 0.5173114486 2.4389560869 0.0000000000
6.8876639684 1.5000000000 3.6449929094 0.5172927174 2.4389799837 0.0000000000
6.8963788262 1.5000000000 3.6450005383 0.5172722883 2.4390023275 0.0000000000
6.9050936836 1.5000000000 3.6450083628 0.5172514089 2.4390252738 0.0000000000
6.9138085407 1.5000000000 3.6450168328 0.5172314501 2.4390511704 0.0000000000
6.9225233975 1.5000000000 3.6450263250 0.5172136646 2.4390820247 0.0000000000
6.9312382545 1.5000000000 3.6450363215 0.5171978637 2.4391156907 0.0000000000
6.9399531123 1.5000000000 3.6450457075 0.5171828960 2.4391472474 0.0000000000
6.9486679717 1.5000000000 3.6450534084 0.5171676112 2.4391719371 0.0000000000
6.9573828320 1.5000000000 3.6450596795 0.5171513493 2.4391905168 0.0000000000
6.9660976918 1.5000000000 3.6450661898 0.5171339713 2.4392096068 0.0000000000
6.9748125493 1.5000000000 3.6450746121 0.5171154071 2.4392358704 0.0000000000
6.9835274045 1.5000000000 3.6450851949 0.5170965504 2.4392706587 0.0000000000
6.9922422591 1.5000000000 3.6450967959 0.5170792356 2.4393101367 0.0000000000
7.0009571147 1.5000000000 3.6451083193 0.5170652294 2.4393506282 0.0000000000
7.0096719713 1.5000000000 3.6451196556 0.5170552879 2.4393919965 0.0000000000
7.0183868285 1.5000000000 3.6451312376 0.5170496105 2.4394360537 0.0000000000
7.0271016859 1.5000000000 3.6451433115 0.5170477302 2.4394835973 0.0000000000
7.0358165432 1.5000000000 3.6451555592 0.5170472447 2.4395323936 0.0000000000
7.0445314004 1.5000000000 3.6451675595 0.5170453993 2.4395796566 0.0000000000
7.0532462573 1.5000000000 3.6451788914 0.5170394391 2.4396226002 0.0000000000
7.0619611138 1.5000000000 3.6451891339 0.5170266090 2.4396584382 0.0000000000
7.0706759698 1.5000000000 3.6451981075 0.5170055125 2.4396858940 0.0000000000
7.0793908254 1.5000000000 3.6452069050 0.5169819053 2.4397116413 0.0000000000
7.0881056808 1.5000000000 3.6452169474 0.5169634014 2.4397444093 0.0000000000
7.0968205357 1.5000000000 3.6452286406 0.5169520594 2.4397866452 0.0000000000
7.1055353903 1.5000000000 3.6452417461 0.5169464115 2.4398368079 0.0000000000
7.1142502442 1.5000000000 3.6452560151 0.5169449334 2.4398932927 0.0000000000
7.1229650974 1.5000000000 3.6452711989 0.5169461009 2.4399544949 0.0000000000
7.1316799498 1.5000000000 3.6452870487 0.5169483897 2.4400188098 0.0000000000
7.1403948012 1.5000000000 3.6453033158 0.5169502774 2.4400846334 0.0000000000
7.1491096517 1.5000000000 3.6453197552 0.5169506101 2.4401505241 0.0000000000
7.1578245017 1.5000000000 3.6453361301 0.5169490500 2.4402153993 0.0000000000
7.1665393516 1.5000000000 3.6453522045 0.5169453692 2.4402782248 0.0000000000
7.1752542020 1.5000000000 3.6453677429 0.5169393395 2.4403379663 0.0000000000
7.1839690533 1.5000000000 3.6453825094 0.5169307328 2.4403935897 0.0000000000
7.1926839060 1.5000000000 3.6453963286 0.5169193764 2.4404443241 0.0000000000
7.2013987577 1.5000000000 3.6454106651 0.5169065979 2.4404965586 0.0000000000
7.2101136034 1.5000000000 3.6454285864 0.5168950752 2.4405636347 0.0000000000
7.2188284453 1.5000000000 3.6454475680 0.5168788802 2.4406330831 0.0000000000
7.2275432910 1.5000000000 3.6454608033 0.5168469452 2.4406732503 0.0000000000
7.2362581345 1.5000000000 3.6454753254 0.5168182522 2.4407198617 0.0000000000
7.2449729705 1.5000000000 3.6454970653 0.5168082129 2.4408028052 0.0000000000
7.2536878060 1.5000000000 3.6455208484 0.5168063178 2.4408971799 0.0000000000
7.2624026488 1.5000000000 3.6455404548 0.5167996163 2.4409729247 0.0000000000
7.2711175004 1.5000000000 3.6455540168 0.5167814758 2.4410199164 0.0000000000
7.2798323402 1.5000000000 3.6455739797 0.5167658530 2.4410935190 0.0000000000
7.2885471712 1.5000000000 3.6455952932 0.5167391118 2.4411680766 0.0000000000
7.2972620106 1.5000000000 3.6456098645 0.5167002324 2.4412108098 0.0000000000
7.3059768610 1.5000000000 3.6456273171 0.5166925143 2.4412775331 0.0000000000
7.3146917042 1.5000000000 3.6456492798 0.5166943495 2.4413661180 0.0000000000
7.3234065171 1.5000000000 3.6456747934 0.5166659869 2.4414568273 0.0000000000
7.3321213087 1.5000000000 3.6456997349 0.5166007796 2.4415305104 0.0000000000
7.3408361375 1.5000000000 3.6457171214 0.5165550797 2.4415817766 0.0000000000
7.3495509735 1.5000000000 3.6457364027 0.5165336268 2.4416503205 0.0000000000
7.3582658015 1.5000000000 3.6457607894 0.5165270741 2.4417452462 0.0000000000
7.3669806241 1.5000000000 3.6457888628 0.5165270411 2.4418575267 0.0000000000
7.3756954438 1.5000000000 3.6458191898 0.5165251503 2.4419780782 0.0000000000
7.3844102576 1.5000000000 3.6458482072 0.5165038340 2.4420856216 0.0000000000
7.3931250511 1.5000000000 3.6458681659 0.5164318545 2.4421366646 0.0000000000
7.4018398582 1.5000000000 3.6458909650 0.5163789817 2.4422067118 0.0000000000
7.4105546742 1.5000000000 3.6459201585 0.5163550829 2.4423139264 0.0000000000
7.4192694785 1.5000000000 3.6459527335 0.5163347005 2.4424360731 0.0000000000
7.4279842854 1.5000000000 3.6459763843 0.5162841207 2.4425104444 0.0000000000
7.4366991183 1.5000000000 3.6459979374 0.5162522054 2.4425838907 0.0000000000
7.4454139505 1.5000000000 3.6460245997 0.5162400081 2.4426856611 0.0000000000
7.4541287354 1.5000000000 3.6460575350 0.5162043110 2.4428031234 0.0000000000
7.4628434594 1.5000000000 3.6460923179 0.5161164469 2.4429071096 0.0000000000
7.4715582274 1.5000000000 3.6461169539 0.5160380436 2.4429742920 0.0000000000
7.4802730454 1.5000000000 3.6461461731 0.5160218737 2.4430847008 0.0000000000
7.4889878541 1.5000000000 3.6461754738 0.5159941224 2.4431908031 0.0000000000
7.4977025660 1.5000000000 3.6462102345 0.5159052204 2.4432942851 0.0000000000
7.5064172494 1.5000000000 3.6462355502 0.5157770878 2.4433442952 0.0000000000
7.5151317292 1.5000000000 3.6462627778 0.5155872422 2.4433772672 0.0000000000
7.5238465193 1.5000000000 3.6462980676 0.5155417017 2.4435002101 0.0000000000
7.5325611987 1.5000000000 3.6463342570 0.5154386438 2.4436037446 0.0000000000
7.5412757359 1.5000000000 3.6463631047 0.5152657175 2.4436499647 0.0000000000
7.5499905533 1.5000000000 3.6463967817 0.5152482045 2.4437776677 0.0000000000
7.5587051832 1.5000000000 3.6464368720 0.5151387217 2.4438942358 0.0000000000
7.5674198033 1.5000000000 3.6464702670 0.5150090538 2.4439759486 0.0000000000
7.5761345832 1.5000000000 3.6465059706 0.5149648788 2.4441010930 0.0000000000
7.5848492957 1.5000000000 3.6465378081 0.5148598535 2.4441864327 0.0000000000
7.5935636105 1.5000000000 3.6465832739 0.5146606917 2.4442886315 0.0000000000
7.6022783514 1.5000000000 3.6466186507 0.5146273763 2.4444168124 0.0000000000
7.6109931729 1.5000000000 3.6466657617 0.5146338017 2.4446078264 0.0000000000
7.6197078400 1.5000000000 3.6467028631 0.5145130814 2.4447079440 0.0000000000
7.6284219452 1.5000000000 3.6467419723 0.5142724232 2.4447681175 0.0000000000
7.6371367291 1.5000000000 3.6467829476 0.5142174128 2.4449100145 0.0000000000
7.6458508196 1.5000000000 3.6468223270 0.5139632826 2.4449658800 0.0000000000
7.6545655267 1.5000000000 3.6468670752 0.5138842822 2.4451132726 0.0000000000
7.6632793917 1.5000000000 3.6469078916 0.5135882694 2.4451581334 0.0000000000
7.6719939804 1.5000000000 3.6469550550 0.5134955114 2.4453096838 0.0000000000
7.6807075952 1.5000000000 3.6469888790 0.5131631035 2.4453120164 0.0000000000
7.6894221396 1.5000000000 3.6470377655 0.5130371460 2.4454571794 0.0000000000
7.6981355466 1.5000000000 3.6470723651 0.5126725097 2.4454497231 0.0000000000
7.7068420320 1.5000000000 3.6470978150 0.5117163593 2.4451690628 0.0000000000
7.7155526511 1.5000000000 3.6471321739 0.5110743108 2.4450496789 0.0000000000
7.7242659299 1.5000000000 3.6471691900 0.5106741862 2.4450376937 0.0000000000
7.7329771600 1.5000000000 3.6472069534 0.5100734843 2.4449484666 0.0000000000
7.7416784661 1.5000000000 3.6472269199 0.5088777163 2.4445500250 0.0000000000
7.7503815397 1.5000000000 3.6472458006 0.5077650151 2.4441804673 0.0000000000
7.7590909944 1.5000000000 3.6472751559 0.5069862941 2.4439864005 0.0000000000
7.7677902638 1.5000000000 3.6472948476 0.5057201425 2.4435587066 0.0000000000
7.7764995286 1.5000000000 3.6473316981 0.5049431131 2.4433952967 0.0000000000
7.7852051608 1.5000000000 3.6473582406 0.5039457324 2.4431025145 0.0000000000
7.7939133403 1.5000000000 3.6473965800 0.5031060216 2.4429199878 0.0000000000
7.8026199166 1.5000000000 3.6474326295 0.5021605751 2.4426860071 0.0000000000
7.8113265265 1.5000000000 3.6474644340 0.5012172939 2.4424359125 0.0000000000
7.8200294663 1.5000000000 3.6474943211 0.5000829972 2.4421017424 0.0000000000
7.8287328184 1.5000000000 3.6475194953 0.4989694655 2.4417570263 0.0000000000
7.8374318876 1.5000000000 3.6475481498 0.4976607616 2.4413481630 0.0000000000
7.8461343036 1.5000000000 3.6475768350 0.4965039648 2.4410001848 0.0000000000
7.8548260946 1.5000000000 3.6475938141 0.4949204429 2.4404346925 0.0000000000
7.8635164764 1.5000000000 3.6476089139 0.4932899701 2.4398429027 0.0000000000
7.8722110267 1.5000000000 3.6476354411 0.4918090596 2.4393566474 0.0000000000
7.8808952921 1.5000000000 3.6476456535 0.4899842154 2.4386675591 0.0000000000
7.8895762658 1.5000000000 3.6476549311 0.4880687021 2.4379384644 0.0000000000
7.8982589052 1.5000000000 3.6476665984 0.4861785814 2.4372290851 0.0000000000
7.9069332091 1.5000000000 3.6476733910 0.4840600286 2.4364088346 0.0000000000
7.9155882721 1.5000000000 3.6476673043 0.4815189520 2.4353680572 0.0000000000
7.9242360999 1.5000000000 3.6476574060 0.4788228949 2.4342500408 0.0000000000
7.9328882026 1.5000000000 3.6476458547 0.4762144390 2.4331604535 0.0000000000
7.9415169157 1.5000000000 3.6476182777 0.4731614245 2.4318289396 0.0000000000
7.9501282264 1.5000000000 3.6475847911 0.4698146809 2.4303562957 0.0000000000
7.9587313291 1.5000000000 3.6475499520 0.4663455416 2.4288292836 0.0000000000
7.9673190607 1.5000000000 3.6475002550 0.4626457248 2.4271505690 0.0000000000
7.9758708951 1.5000000000 3.6474393239 0.4584608255 2.4252328849 0.0000000000
7.9843941653 1.5000000000 3.6473623529 0.4539241046 2.4231103124 0.0000000000
7.9929272570 1.5000000000 3.6472926366 0.4495048999 2.4210637656 0.0000000000
8.0013986825 1.5000000000 3.6471912833 0.4444008614 2.4186167367 0.0000000000
8.0098050400 1.5000000000 3.6470819111 0.4386673684 2.4158858508 0.0000000000
8.0181703750 1.5000000000 3.6469638027 0.4325728456 2.4129756082 0.0000000000
8.0264778669 1.5000000000 3.6468092548 0.4260223915 2.4097372350 0.0000000000
8.0346750278 1.5000000000 3.6466375791 0.4186505178 2.4061017825 0.0000000000
8.0427402125 1.5000000000 3.6464357280 0.4105444608 2.4020519556 0.0000000000
8.0507316946 1.5000000000 3.6462134843 0.4019801251 2.3977372465 0.0000000000
8.0586622663 1.5000000000 3.6459863324 0.3930668381 2.3932633237 0.0000000000
8.0663752369 1.5000000000 3.6457155915 0.3830639232 2.3881791942 0.0000000000
8.0740083124 1.5000000000 3.6454220592 0.3726999983 2.3828594951 0.0000000000
8.0810242873 1.5000000000 3.6450603359 0.3599379775 2.3763077937 0.0000000000
8.0880170519 1.5000000000 3.6446752722 0.3471321019 2.3696451886 0.0000000000
8.0945503614 1.5000000000 3.6442460820 0.3328752767 2.3622256977 0.0000000000
8.1001429151 1.5000000000 3.6437228131 0.3162841203 2.3534961594 0.0000000000
8.1055322969 1.5000000000 3.6431823111 0.2992237534 2.3445100050 0.0000000000
8.1104049299 1.5000000000 3.6426071603 0.2812218133 2.3350086255 0.0000000000
8.1149443207 1.5000000000 3.6420096370 0.2626858240 2.3252041368 0.0000000000
8.1191255197 1.5000000000 3.6413881414 0.2436918581 2.3151205681 0.0000000000
8.1228486210 1.5000000000 3.6407460339 0.2241035155 2.3047168010 0.0000000000
8.1249881629 1.5000000000 3.6400412176 0.2030349828 2.2934701225 0.0000000000
8.1268312380 1.5000000000 3.6393172692 0.1818184084 2.2820876992 0.0000000000
8.1284815333 1.5000000000 3.6385898697 0.1605038092 2.2706522615 0.0000000000
8.1299309859 1.5000000000 3.6378626796 0.1390974806 2.2591809696 0.0000000000
8.1312338131 1.5000000000 3.6371377708 0.1176317370 2.2476950369 0.0000000000
8.1323987000 1.5000000000 3.6364003244 0.0961191888 2.2361402320 0.0000000000
8.1334529609 1.5000000000 3.6356758108 0.0745681759 2.2246217727 0.0000000000
8.1344086065 1.5000000000 3.6349377911 0.0529914553 2.2130390056 0.0000000000
8.1352698039 1.5000000000 3.6342716995 0.0313749774 2.2017280479 0.0000000000
8.1360289501 1.5000000000 3.6335080668 0.0097566240 2.1900261757 0.0000000000
8.1367095725 1.5000000000 3.6328306658 -0.0118975908 2.1786548858 0.0000000000
8.1373182919 1.5000000000 3.6320892579 -0.0335521960 2.1670274123 0.0000000000
8.1379220138 1.5000000000 3.6313694093 -0.0552122567 2.1554839934 0.0000000000
8.1384315845 1.5000000000 3.6306292575 -0.0768832518 2.1438549885 0.0000000000
8.1388730799 1.5000000000 3.6298916742 -0.0985641356 2.1322323018 0.0000000000
8.1392695286 1.5000000000 3.6291634721 -0.1202524510 2.1206441672 0.0000000000
8.1396239230 1.5000000000 3.6284223671 -0.1419425955 2.1090036894 0.0000000000
8.1399381680 1.5000000000 3.6276844552 -0.1636372875 2.0973741650 0.0000000000
8.1402172537 1.5000000000 3.6269472861 -0.1853351384 2.0857463480 0.0000000000
8.1404654515 1.5000000000 3.6262031937 -0.2070338541 2.0740904922 0.0000000000
8.1406876010 1.5000000000 3.6254551585 -0.2287334790 2.0624185015 0.0000000000
8.1408880147 1.5000000000 3.6247204369 -0.2504372751 2.0507980968 0.0000000000
8.1410681529 1.5000000000 3.6239770843 -0.2721403582 2.0391434531 0.0000000000
8.1412305617 1.5000000000 3.6232268685 -0.2938428100 2.0274616093 0.0000000000
8.1413750844 1.5000000000 3.6224808991 -0.3155469620 2.0157960707 0.0000000000
8.1415032614 1.5000000000 3.6217312883 -0.3372509974 2.0041160135 0.0000000000
8.1416173716 1.5000000000 3.6209946490 -0.3589583071 1.9924865321 0.0000000000
8.1417192208 1.5000000000 3.6202623323 -0.3806669128 1.9808738232 0.0000000000
8.1418111327 1.5000000000 3.6195032779 -0.4023698659 1.9691564242 0.0000000000
8.1418931040 1.5000000000 3.6187754941 -0.4240799522 1.9575612545 0.0000000000
8.1419676703 1.5000000000 3.6180288563 -0.4457861652 1.9458922182 0.0000000000
8.1420354000 1.5000000000 3.6172775835 -0.4674915626 1.9342049679 0.0000000000
8.1420969904 1.5000000000 3.6165480093 -0.4892017348 1.9226026021 0.0000000000
8.1421538585 1.5000000000 3.6157879772 -0.5109050854 1.9108811339 0.0000000000
8.1422062405 1.5000000000 3.6150734529 -0.5326183449 1.8993377325 0.0000000000
8.1422549040 1.5000000000 3.6143300000 -0.5543250000 1.8876812591 0.0000000000
8.1422820628 1.5000000000 3.6139000000 -0.5671000000 1.8808512591 0.0000000000
8.1424176521 1.5000000000 3.6114536991 -0.6379096524 1.8427421944 0.0000000000
8.1425370553 1.5000000000 3.6089998994 -0.7087193542 1.8046031149 0.0000000000
8.1426513096 1.5000000000 3.6065150372 -0.7795227932 1.7663422904 0.0000000000
8.1427642503 1.5000000000 3.6040263828 -0.8503250229 1.7280667810 0.0000000000
8.1428823838 1.5000000000 3.6015203046 -0.9211410957 1.6897160392 0.0000000000
8.1430267919 1.5000000000 3.5989494402 -0.9912040055 1.6514074175 0.0000000000
8.1432938136 1.5000000000 3.6006224222 -0.9472132016 1.6756956673 0.0000000000
8.1434096581 1.5000000000 3.6030593940 -0.8794669978 1.7125420361 0.0000000000
8.1435443043 1.5000000000 3.6055744440 -0.8086916156 1.7509123887 0.0000000000
8.1437894317 1.5000000000 3.6080650085 -0.7378915387 1.7891946775 0.0000000000
8.1440660411 1.5000000000 3.6105480564 -0.6670904913 1.8274472882 0.0000000000
8.1444277876 1.5000000000 3.6129954189 -0.5962842563 1.8655592323 0.0000000000
8.1450003222 1.5000000000 3.6154024338 -0.5254770104 1.9035101902 0.0000000000
8.1462441090 1.5000000000 3.6178198020 -0.4545468565 1.9415517244 0.0000000000
8.1537469254 1.5000000000 3.6169539997 -0.4799154816 1.9279410653 0.0000000000
8.1592635874 1.5000000000 3.6145681859 -0.5493608151 1.8906196767 0.0000000000
8.1634715890 1.5000000000 3.6122098018 -0.6194038894 1.8531689103 0.0000000000
8.1669328859 1.5000000000 3.6097654716 -0.6896847981 1.8152792263 0.0000000000
8.1698026116 1.5000000000 3.6072870292 -0.7601248397 1.7771894401 0.0000000000
8.1721772421 1.5000000000 3.6047849854 -0.8306751306 1.7389611484 0.0000000000
8.1741627611 1.5000000000 3.6022787261 -0.9012998404 1.7006862272 0.0000000000
8.1758612906 1.5000000000 3.5997135527 -0.9719581531 1.6621622086 0.0000000000
8.1773472783 1.5000000000 3.5971397731 -1.0426444231 1.6235925822 0.0000000000
8.1786650068 1.5000000000 3.5945759103 -1.1133540638 1.5850532749 0.0000000000
8.1798531792 1.5000000000 3.5919469236 -1.1840630507 1.5462537332 0.0000000000
8.1809377296 1.5000000000 3.5893459804 -1.2547890148 1.5075595748 0.0000000000
8.1819388525 1.5000000000 3.5867128919 -1.3255152360 1.4687367324 0.0000000000
8.1828526862 1.5000000000 3.5839640013 -1.3962208280 1.4294589331 0.0000000000
8.1836890547 1.5000000000 3.5812581724 -1.4669432312 1.3903466560 0.0000000000
8.1844841867 1.5000000000 3.5785241923 -1.5376618821 1.3511232755 0.0000000000
8.1852574252 1.5000000000 3.5756740697 -1.6083530384 1.3114463227 0.0000000000
8.1859810284 1.5000000000 3.5728925592 -1.6790648553 1.2720355536 0.0000000000
8.1866644798 1.5000000000 3.5700220207 -1.7497566303 1.2322766896 0.0000000000
8.1873249116 1.5000000000 3.5671409396 -1.8204473590 1.1924760738 0.0000000000
8.1879643822 1.5000000000 3.5641846959 -1.8911195970 1.1523822038 0.0000000000
8.1885830465 1.5000000000 3.5612763481 -1.9618058200 1.1124743234 0.0000000000
8.1891843512 1.5000000000 3.5582332444 -2.0324568878 1.0720414814 0.0000000000
8.1897748010 1.5000000000 3.5551590055 -2.1031002140 1.0314871955 0.0000000000
8.1903327384 1.5000000000 3.5520804541 -2.1737427158 0.9909159890 0.0000000000
8.1908259179 1.5000000000 3.5489556581 -2.2443770286 0.9501630802 0.0000000000
8.1912193256 1.5000000000 3.5457732397 -2.3149989254 0.9091846477 0.0000000000
8.1915139157 1.5000000000 3.5425925336 -2.3856247876 0.8682114785 0.0000000000
8.1917444393 1.5000000000 3.5393180883 -2.4562252444 0.8268735144 0.0000000000
8.1919417828 1.5000000000 3.5359793251 -2.5268076605 0.7852854951 0.0000000000
8.1921213790 1.5000000000 3.5326757410 -2.5974007452 0.7438339250 0.0000000000
8.1922887284 1.5000000000 3.5292555089 -2.6679591570 0.7019296318 0.0000000000
8.1924470234 1.5000000000 3.5257968792 -2.7385060060 0.6598763736 0.0000000000
8.1926010013 1.5000000000 3.5223104720 -2.8090443220 0.6177154184 0.0000000000
8.1927527511 1.5000000000 3.5187617149 -2.8795626639 0.5753130529 0.0000000000
8.1928981567 1.5000000000 3.5151788695 -2.9500702191 0.5327786493 0.0000000000
8.1930410652 1.5000000000 3.5115297814 -3.0205568200 0.4899876568 0.0000000000
8.1931881332 1.5000000000 3.5078443920 -3.0910312579 0.4470563240 0.0000000000
8.1933417703 1.5000000000 3.5041381958 -3.1614981223 0.4040447934 0.0000000000
8.1935033987 1.5000000000 3.5003571258 -3.2319384974 0.3607443632 0.0000000000
8.1936758300 1.5000000000 3.4964782136 -3.3023462276 0.3170656222 0.0000000000
8.1938598810 1.5000000000 3.4926038097 -3.3727543149 0.2734047719 0.0000000000
8.1940567665 1.5000000000 3.4886790224 -3.4431431653 0.2295500825 0.0000000000
8.1942598812 1.5000000000 3.4847021905 -3.5135148648 0.1854940753 0.0000000000
8.1944740117 1.5000000000 3.4806594250 -3.5838597259 0.1411850686 0.0000000000
8.1946953584 1.5000000000 3.4765312403 -3.6541799687 0.0965442326 0.0000000000
8.1949180186 1.5000000000 3.4722759639 -3.7244410086 0.0514187111 0.0000000000
8.1951479777 1.5000000000 3.4681078378 -3.7947318622 0.0066298653 0.0000000000
8.1953802407 1.5000000000 3.4637109923 -3.8649348941 -0.0390387293 0.0000000000
8.1956068200 1.5000000000 3.4592868897 -3.9351278840 -0.0848123357 0.0000000000
8.1958375961 1.5000000000 3.4548818346 -4.0053263912 -0.1305119588 0.0000000000
8.1960651979 1.5000000000 3.4501959543 -4.0754041034 -0.1772865649 0.0000000000
8.1962809718 1.5000000000 3.4455951486 -4.1455134539 -0.2237335280 0.0000000000
8.1964076807 1.5000000000 3.4429939699 -4.1858485228 -0.2502722705 0.0000000000
8.1964635802 1.5000000000 3.4433778753 -4.1801988664 -0.2464767861 0.0000000000
8.1964968865 1.5000000000 3.4390313767 -4.2414089027 -0.2883467954 0.0000000000
8.1965120982 1.5000000000 3.4439694721 -4.1723204629 -0.2409590378 0.0000000000
8.1965303674 1.5000000000 3.4433429288 -4.1814573446 -0.2471199634 0.0000000000
8.1965410257 1.5000000000 3.4382991160 -4.2513861914 -0.2952667535 0.0000000000
8.1965689865 1.5000000000 3.4334226538 -4.3197269063 -0.3421088884 0.0000000000
8.1965740486 1.5000000000 3.4384702691 -4.2498255810 -0.2939578969 0.0000000000
8.1965751626 1.5000000000 3.4434956569 -4.1798685598 -0.2458735371 0.0000000000
8.1965759008 1.5000000000 3.4484119660 -4.1098683247 -0.1982082070 0.0000000000
8.1965762391 1.5000000000 3.4532705193 -4.0398475737 -0.1507656931 0.0000000000
8.1965764198 1.5000000000 3.4580149111 -3.9697694249 -0.1037568663 0.0000000000
8.1965765654 1.5000000000 3.4626347165 -3.8996470279 -0.0572286862 0.0000000000
8.1965766938 1.5000000000 3.4672544796 -3.8295171136 -0.0106976680 0.0000000000
8.1965768183 1.5000000000 3.4716728477 -3.7593052700 0.0350605417 0.0000000000
8.1965769499 1.5000000000 3.4759463410 -3.6890374217 0.0802616543 0.0000000000
8.1965771143 1.5000000000 3.4801980356 -3.6186709271 0.1254150305 0.0000000000
8.1965775337 1.5000000000 3.4806601395 -3.6098778176 0.1307806902 0.0000000000
8.1965777248 1.5000000000 3.4764131457 -3.6798128563 0.0858186994 0.0000000000
8.1965778910 1.5000000000 3.4721278730 -3.7501125827 0.0405577178 0.0000000000
8.1965780888 1.5000000000 3.4676957242 -3.8203221721 -0.0052547129 0.0000000000
8.1965789007 1.5000000000 3.4636784547 -3.8828528864 -0.0463360769 0.0000000000
8.1965811827 1.5000000000 3.4609330201 -3.9247710329 -0.0740850739 0.0000000000
8.1965829179 1.5000000000 3.4562521848 -3.9949630897 -0.1208852378 0.0000000000
8.1965855391 1.5000000000 3.4515899337 -4.0650755716 -0.1675792348 0.0000000000
8.1965895191 1.5000000000 3.4467557441 -4.1351159297 -0.2149321364 0.0000000000
8.1965952109 1.5000000000 3.4417673355 -4.2050869784 -0.2628741901 0.0000000000
8.1966029405 1.5000000000 3.4367057113 -4.2750260600 -0.3110963196 0.0000000000
8.1966130992 1.5000000000 3.4314877242 -4.3448939985 -0.3599154437 0.0000000000
8.1966287261 1.5000000000 3.4262069868 -4.4147289366 -0.4089723686 0.0000000000
8.1966456273 1.5000000000 3.4294298585 -4.3747548422 -0.3800912440 0.0000000000
8.1966469066 1.5000000000 3.4345800000 -4.3048750000 -0.3315387409 0.0000000000
