# logAge Mass logTe Mbol logg C/O
0.7641761324 0.6500000000 3.5732600000 0.3833250000 1.7352833566 0.0000000000
0.8054242721 0.6500000000 3.5732658305 0.3835177886 1.7353837941 0.0000000000
0.8466724360 0.6500000000 3.5732714105 0.3837197252 1.7354868887 0.0000000000
0.8879206128 0.6500000000 3.5732769406 0.3839345787 1.7355949505 0.0000000000
0.9291687911 0.6500000000 3.5732826213 0.3841661180 1.7357102891 0.0000000000
0.9704169596 0.6500000000 3.5732886533 0.3844181121 1.7358352145 0.0000000000
1.0116651067 0.6500000000 3.5732952370 0.3846943298 1.7359720365 0.0000000000
1.0529132213 0.6500000000 3.5733025730 0.3849985402 1.7361230648 0.0000000000
1.0941612918 0.6500000000 3.5733108620 0.3853345121 1.7362906094 0.0000000000
1.1354093070 0.6500000000 3.5733203044 0.3857060144 1.7364769800 0.0000000000
1.1766572554 0.6500000000 3.5733311009 0.3861168162 1.7366844866 0.0000000000
1.2179051257 0.6500000000 3.5733434519 0.3865706863 1.7369154388 0.0000000000
1.2591529064 0.6500000000 3.5733575581 0.3870713937 1.7371721466 0.0000000000
1.3004005862 0.6500000000 3.5733736187 0.3876227107 1.7374569158 0.0000000000
1.3416481471 0.6500000000 3.5733915965 0.3882290240 1.7377713524 0.0000000000
1.3828955573 0.6500000000 3.5734109479 0.3888960359 1.7381155627 0.0000000000
1.4241427831 0.6500000000 3.5734310637 0.3896296189 1.7384894592 0.0000000000
1.4653897907 0.6500000000 3.5734514179 0.3904356258 1.7388932787 0.0000000000
1.5066365428 0.6500000000 3.5734729464 0.3913195648 1.7393329680 0.0000000000
1.5478829995 0.6500000000 3.5734978348 0.3922866497 1.7398193557 0.0000000000
1.5891291166 0.6500000000 3.5735281467 0.3933425947 1.7403629812 0.0000000000
1.6303747844 0.6500000000 3.5735632449 0.3945015810 1.7409669685 0.0000000000
1.6716198391 0.6500000000 3.5736002674 0.3957847655 1.7416283323 0.0000000000
1.7128641686 0.6500000000 3.5736374839 0.3972046411 1.7423451485 0.0000000000
1.7541078689 0.6500000000 3.5736778534 0.3987389734 1.7431203597 0.0000000000
1.7953510299 0.6500000000 3.5737251199 0.4003648825 1.7439597891 0.0000000000
1.8365932006 0.6500000000 3.5737796082 0.4021335274 1.7448852004 0.0000000000
1.8778336731 0.6500000000 3.5738396975 0.4041305701 1.7459243748 0.0000000000
1.9190722336 0.6500000000 3.5739029246 0.4063661377 1.7470715101 0.0000000000
1.9603089536 0.6500000000 3.5739669085 0.4088050148 1.7483029965 0.0000000000
2.0015434639 0.6500000000 3.5740351251 0.4114633488 1.7496391966 0.0000000000
2.0427751569 0.6500000000 3.5741131038 0.4143821736 1.7511186413 0.0000000000
2.0840034369 0.6500000000 3.5742009453 0.4175861540 1.7527515996 0.0000000000
2.1252278861 0.6500000000 3.5742982639 0.4210829216 1.7545395807 0.0000000000
2.1664483718 0.6500000000 3.5744068338 0.4248599736 1.7564846813 0.0000000000
2.2076637469 0.6500000000 3.5745247273 0.4289682038 1.7585995472 0.0000000000
2.2488720714 0.6500000000 3.5746486722 0.4334984759 1.7609074357 0.0000000000
2.2900715604 0.6500000000 3.5747815187 0.4384994828 1.7634392246 0.0000000000
2.3312628251 0.6500000000 3.5749294988 0.4439100560 1.7661953744 0.0000000000
2.3724463539 0.6500000000 3.5750959784 0.4496745365 1.7691670848 0.0000000000
2.4136153727 0.6500000000 3.5752698396 0.4560458202 1.7724110431 0.0000000000
2.4547676775 0.6500000000 3.5754541457 0.4630665162 1.7759565460 0.0000000000
2.4959033627 0.6500000000 3.5756590881 0.4706642661 1.7798154154 0.0000000000
2.5370185287 0.6500000000 3.5758836674 0.4789239406 1.7840176023 0.0000000000
2.5781103464 0.6500000000 3.5761227526 0.4878794008 1.7885561273 0.0000000000
2.6191756648 0.6500000000 3.5763758631 0.4975621187 1.7934416567 0.0000000000
2.6602097695 0.6500000000 3.5766498953 0.5080364274 1.7987275087 0.0000000000
2.7012068602 0.6500000000 3.5769521053 0.5193754917 1.8044719745 0.0000000000
2.7421635620 0.6500000000 3.5772684121 0.5315921299 1.8106238572 0.0000000000
2.7830742332 0.6500000000 3.5776059331 0.5447325519 1.8172301100 0.0000000000
2.8239317556 0.6500000000 3.5779777678 0.5588645261 1.8243702383 0.0000000000
2.8647303927 0.6500000000 3.5783681864 0.5740198933 1.8319940594 0.0000000000
2.9054609496 0.6500000000 3.5787832283 0.5902747871 1.8401561848 0.0000000000
2.9461175016 0.6500000000 3.5792283901 0.6076458271 1.8488852477 0.0000000000
2.9866921945 0.6500000000 3.5797028637 0.6261687136 1.8581922970 0.0000000000
3.0271737389 0.6500000000 3.5802039469 0.6459203626 1.8680972892 0.0000000000
3.0675555929 0.6500000000 3.5807307226 0.6669043216 1.8785979757 0.0000000000
3.1078350113 0.6500000000 3.5812860687 0.6890800705 1.8896896599 0.0000000000
3.1479977250 0.6500000000 3.5818807133 0.7125349933 1.9014502070 0.0000000000
3.1880322708 0.6500000000 3.5825079280 0.7373163615 1.9138716133 0.0000000000
3.2279272530 0.6500000000 3.5831448792 0.7634648833 1.9268788269 0.0000000000
3.2676758030 0.6500000000 3.5838127947 0.7909669124 1.9405513005 0.0000000000
3.3072734440 0.6500000000 3.5845018180 0.8197946203 1.9548384769 0.0000000000
3.3467118900 0.6500000000 3.5852245156 0.8499497605 1.9697913233 0.0000000000
3.3859879255 0.6500000000 3.5859643655 0.8813996184 1.9853306661 0.0000000000
3.4250976869 0.6500000000 3.5867262561 0.9141157596 2.0014646847 0.0000000000
3.4640454354 0.6500000000 3.5875150155 0.9480144712 2.0181792071 0.0000000000
3.5028217438 0.6500000000 3.5883375422 0.9831145692 2.0355093533 0.0000000000
3.5414347013 0.6500000000 3.5891753657 1.0193214732 2.0533434088 0.0000000000
3.5798503635 0.6500000000 3.5900234082 1.0568154799 2.0717331814 0.0000000000
3.6180921869 0.6500000000 3.5908841127 1.0954023276 2.0906107384 0.0000000000
3.6561558451 0.6500000000 3.5917553983 1.1350729532 2.1099641309 0.0000000000
3.6940441648 0.6500000000 3.5926359450 1.1757784459 2.1297685150 0.0000000000
3.7317560944 0.6500000000 3.5935269096 1.2174932745 2.1500183048 0.0000000000
3.7693078508 0.6500000000 3.5944197540 1.2601016956 2.1706330510 0.0000000000
3.8066987628 0.6500000000 3.5953339494 1.3035829256 2.1916823245 0.0000000000
3.8439120559 0.6500000000 3.5962326414 1.3480083496 2.2130472622 0.0000000000
3.8809666135 0.6500000000 3.5971306187 1.3932554305 2.2347380037 0.0000000000
3.9178754190 0.6500000000 3.5980241543 1.4392414790 2.2567065654 0.0000000000
3.9546389081 0.6500000000 3.5989224031 1.4859489880 2.2789825641 0.0000000000
3.9912626718 0.6500000000 3.5998127229 1.5333382891 2.3014995641 0.0000000000
4.0277583739 0.6500000000 3.6007050814 1.5813412533 2.3242701837 0.0000000000
4.0640978915 0.6500000000 3.6015774587 1.6300813158 2.3472557177 0.0000000000
4.1003123422 0.6500000000 3.6024347737 1.6794011742 2.3704129213 0.0000000000
4.1364091231 0.6500000000 3.6032839194 1.7292583713 2.3937523829 0.0000000000
4.1723881877 0.6500000000 3.6041235898 1.7796455785 2.4172659473 0.0000000000
4.2082611503 0.6500000000 3.6049410582 1.8305055947 2.4408798272 0.0000000000
4.2440261317 0.6500000000 3.6057447325 1.8818400038 2.4646282883 0.0000000000
4.2796862963 0.6500000000 3.6065391255 1.9336290237 2.4885214679 0.0000000000
4.3152563541 0.6500000000 3.6073048752 1.9858066610 2.5124555219 0.0000000000
4.3507281640 0.6500000000 3.6080637343 2.0384013954 2.5365288522 0.0000000000
4.3861134081 0.6500000000 3.6087894962 2.0913621986 2.5606162210 0.0000000000
4.4214183432 0.6500000000 3.6094953018 2.1446585402 2.5847579799 0.0000000000
4.4566512155 0.6500000000 3.6101867142 2.1982532696 2.6089615213 0.0000000000
4.4918101873 0.6500000000 3.6108534324 2.2521525823 2.6331881192 0.0000000000
4.5269040873 0.6500000000 3.6114924962 2.3063182930 2.6574106586 0.0000000000
4.5619415589 0.6500000000 3.6121135904 2.3607132009 2.6816529986 0.0000000000
4.5969306469 0.6500000000 3.6127066192 2.4153043637 2.7058615791 0.0000000000
4.6318881048 0.6500000000 3.6132597431 2.4700246254 2.7299621792 0.0000000000
4.6668404869 0.6500000000 3.6137946636 2.5247662832 2.7539985243 0.0000000000
4.7018251071 0.6500000000 3.6143059218 2.5793804872 2.7778892386 0.0000000000
4.7368853686 0.6500000000 3.6147758298 2.6336929325 2.8014938489 0.0000000000
4.7720966480 0.6500000000 3.6152165741 2.6873923911 2.8247366094 0.0000000000
4.8075713364 0.6500000000 3.6156144700 2.7399980406 2.8473704531 0.0000000000
4.8434374521 0.6500000000 3.6159709657 2.7909174287 2.8691641909 0.0000000000
4.8798787022 0.6500000000 3.6162904867 2.8392148912 2.8897612599 0.0000000000
4.9170777629 0.6500000000 3.6165598791 2.8837501883 2.9086529482 0.0000000000
4.9551568596 0.6500000000 3.6167835553 2.9233588531 2.9253911192 0.0000000000
4.9941015524 0.6500000000 3.6169598858 2.9573013841 2.9396734533 0.0000000000
5.0337548452 0.6500000000 3.6171032198 2.9856684686 2.9515936232 0.0000000000
5.0738771824 0.6500000000 3.6172124377 3.0095831272 2.9615963582 0.0000000000
5.1142469598 0.6500000000 3.6173060944 3.0307486634 2.9704371997 0.0000000000
5.1546871755 0.6500000000 3.6173969486 3.0510587068 2.9789246337 0.0000000000
5.1950403002 0.6500000000 3.6174746585 3.0724217130 2.9877806759 0.0000000000
5.2351336224 0.6500000000 3.6175646054 3.0966463162 2.9978303049 0.0000000000
5.2747221734 0.6500000000 3.6176585282 3.1255877216 3.0097825581 0.0000000000
5.3134139789 0.6500000000 3.6177604400 3.1612964412 3.0244736932 0.0000000000
5.3505708174 0.6500000000 3.6178471986 3.2060133137 3.0427074767 0.0000000000
5.3853250939 0.6500000000 3.6179112563 3.2614614211 3.0651429501 0.0000000000
5.4169151902 0.6500000000 3.6179190559 3.3277553269 3.0916917109 0.0000000000
5.4454505820 0.6500000000 3.6178475969 3.4021789385 3.1211753196 0.0000000000
5.4722539531 0.6500000000 3.6176721191 3.4805558076 3.1518241562 0.0000000000
5.4988574876 0.6500000000 3.6173921096 3.5593585731 3.1822252243 0.0000000000
5.5258658521 0.6500000000 3.6170141506 3.6372927332 3.2118870521 0.0000000000
5.5533175459 0.6500000000 3.6165416253 3.7142496546 3.2407797198 0.0000000000
5.5811736188 0.6500000000 3.6159914490 3.7902896886 3.2689950279 0.0000000000
5.6093859538 0.6500000000 3.6153477239 3.8654999040 3.2965042138 0.0000000000
5.6379166671 0.6500000000 3.6146212235 3.9399510633 3.3233786758 0.0000000000
5.6667344659 0.6500000000 3.6138171484 4.0137030260 3.3496631608 0.0000000000
5.6958081143 0.6500000000 3.6129334291 4.0868191199 3.3753747212 0.0000000000
5.7250969734 0.6500000000 3.6119602609 4.1593892833 3.4005101136 0.0000000000
5.7545967245 0.6500000000 3.6109235528 4.2314180113 3.4251747722 0.0000000000
5.7842667086 0.6500000000 3.6098071301 4.3030010904 3.4493423133 0.0000000000
5.8140929154 0.6500000000 3.6086128448 4.3741692277 3.4730324268 0.0000000000
5.8440693570 0.6500000000 3.6073547902 4.4449349986 3.4963065167 0.0000000000
5.8742059556 0.6500000000 3.6060440464 4.5152682747 3.5191968520 0.0000000000
5.9044732371 0.6500000000 3.6046674103 4.5852420950 3.5416798357 0.0000000000
5.9348684348 0.6500000000 3.6032468539 4.6548629576 3.5638459553 0.0000000000
5.9653652511 0.6500000000 3.6017610350 4.7241969834 3.5856362901 0.0000000000
5.9959813852 0.6500000000 3.6002316735 4.7931956592 3.6071183143 0.0000000000
6.0267072852 0.6500000000 3.5986632689 4.8618832070 3.6283197150 0.0000000000
6.0575266457 0.6500000000 3.5970558301 4.9303029225 3.6492578461 0.0000000000
6.0884073691 0.6500000000 3.5953896253 4.9985406744 3.6698881276 0.0000000000
6.1193464311 0.6500000000 3.5936726607 5.0666051789 3.6902460711 0.0000000000
6.1503435807 0.6500000000 3.5919159495 5.1344979911 3.7103763510 0.0000000000
6.1813854410 0.6500000000 3.5901019880 5.2022535784 3.7302227400 0.0000000000
6.2124774974 0.6500000000 3.5882522290 5.2698591331 3.7498659258 0.0000000000
6.2436275135 0.6500000000 3.5863623801 5.3372907810 3.7692791894 0.0000000000
6.2748340384 0.6500000000 3.5844311448 5.4045515335 3.7884585493 0.0000000000
6.3060971828 0.6500000000 3.5824780814 5.4716438312 3.8074832146 0.0000000000
6.3374892345 0.6500000000 3.5805307580 5.5383599019 3.8263803493 0.0000000000
6.3689989807 0.6500000000 3.5785814935 5.6047278566 3.8451304735 0.0000000000
6.4006249595 0.6500000000 3.5766442572 5.6707515281 3.8637909965 0.0000000000
6.4323784697 0.6500000000 3.5747122128 5.7363925617 3.8823192325 0.0000000000
6.4642275649 0.6500000000 3.5727897407 5.8017452684 3.9007704270 0.0000000000
6.4961865406 0.6500000000 3.5708864689 5.8667654507 3.9191654127 0.0000000000
6.5282489821 0.6500000000 3.5689911492 5.9314679073 3.9374651166 0.0000000000
6.5604135657 0.6500000000 3.5671145497 5.9958561512 3.9557140158 0.0000000000
6.5926962665 0.6500000000 3.5652615000 6.0598781139 3.9739106021 0.0000000000
6.6251030054 0.6500000000 3.5634358441 6.1235121517 3.9920615936 0.0000000000
6.6576520107 0.6500000000 3.5616627002 6.1866999383 4.0102441327 0.0000000000
6.6902825853 0.6500000000 3.5599066888 6.2496274739 4.0283911014 0.0000000000
6.7230176870 0.6500000000 3.5581806243 6.3122196802 4.0465237261 0.0000000000
6.7558918643 0.6500000000 3.5565026469 6.3743631192 4.0646691918 0.0000000000
6.7889487707 0.6500000000 3.5548946604 6.4359093153 4.0828557242 0.0000000000
6.8221535132 0.6500000000 3.5533443290 6.4969650859 4.1010767072 0.0000000000
6.8555444727 0.6500000000 3.5518679972 6.5573948590 4.1193432890 0.0000000000
6.8890647068 0.6500000000 3.5504325696 6.6173818153 4.1375963610 0.0000000000
6.9227363007 0.6500000000 3.5490528786 6.6768448448 4.1558628091 0.0000000000
6.9565741685 0.6500000000 3.5477423485 6.7357246411 4.1741726072 0.0000000000
6.9905988467 0.6500000000 3.5464885424 6.7939351537 4.1924415876 0.0000000000
7.0248902943 0.6500000000 3.5453517103 6.8511746603 4.2107900621 0.0000000000
7.0594140396 0.6500000000 3.5443046932 6.9075450907 4.2291501658 0.0000000000
7.0942086118 0.6500000000 3.5433640385 6.9628760030 4.2475199120 0.0000000000
7.1293163269 0.6500000000 3.5425571949 7.0169687754 4.2659296466 0.0000000000
7.1649207717 0.6500000000 3.5419927807 7.0690087780 4.2844879905 0.0000000000
7.2010614192 0.6500000000 3.5416885320 7.1187029257 4.3031486551 0.0000000000
7.2376036661 0.6500000000 3.5415973944 7.1665350869 4.3219169692 0.0000000000
7.2745251746 0.6500000000 3.5416982174 7.2125082490 4.3407095258 0.0000000000
7.3118289841 0.6500000000 3.5419884147 7.2565043481 4.3594687546 0.0000000000
7.3495396564 0.6500000000 3.5424989068 7.2982619927 4.3782137811 0.0000000000
7.3876891574 0.6500000000 3.5432408744 7.3374245450 4.3968466724 0.0000000000
7.4263192430 0.6500000000 3.5442573935 7.3734772426 4.4153338276 0.0000000000
7.4654762170 0.6500000000 3.5456127701 7.4057031638 4.4336457027 0.0000000000
7.5051884809 0.6500000000 3.5473633843 7.4331958331 4.4516452269 0.0000000000
7.5454633394 0.6500000000 3.5496092060 7.4546833885 4.4692235360 0.0000000000
7.5862140548 0.6500000000 3.5524281587 7.4688619487 4.4861707710 0.0000000000
7.6272477836 0.6500000000 3.5559644911 7.4736416768 4.5022279917 0.0000000000
7.6680222139 0.6500000000 3.5606662506 7.4639412498 4.5171548590 0.0000000000
7.7078049920 0.6500000000 3.5663630989 7.4409767439 4.5307564498 0.0000000000
7.7458211486 0.6500000000 3.5730412049 7.4048066413 4.5430008328 0.0000000000
7.7813596839 0.6500000000 3.5806879759 7.3562369033 4.5541600214 0.0000000000
7.8141567313 0.6500000000 3.5892815333 7.2975209736 4.5650478792 0.0000000000
7.8461579467 0.6500000000 3.5983261118 7.2365128601 4.5768229478 0.0000000000
7.8789572418 0.6500000000 3.6075155602 7.1783872826 4.5903305104 0.0000000000
7.9139380009 0.6500000000 3.6165402732 7.1287842239 4.6065881390 0.0000000000
7.9534323107 0.6500000000 3.6234812879 7.1105995356 4.6270783224 0.0000000000
7.9898789698 0.6500000000 3.6237196013 7.1561668377 4.6462584970 0.0000000000
8.0192130350 0.6500000000 3.6199913766 7.2279781515 4.6600701238 0.0000000000
8.0472891257 0.6500000000 3.6150100000 7.3024750000 4.6699433566 0.0000000000
8.0664610788 0.6500000000 3.6119600000 7.3432000000 4.6740333566 0.0000000000
8.0753627178 0.6500000000 3.6108092115 7.3574892458 4.6751459009 0.0000000000
8.0848643194 0.6500000000 3.6098322587 7.3692269320 4.6759331644 0.0000000000
8.0948639916 0.6500000000 3.6090312060 7.3781041440 4.6762798383 0.0000000000
8.1052196210 0.6500000000 3.6084310368 7.3840480693 4.6762567315 0.0000000000
8.1157707149 0.6500000000 3.6080313388 7.3873861022 4.6759931528 0.0000000000
8.1263940979 0.6500000000 3.6077751364 7.3887629312 4.6755190749 0.0000000000
8.1370332617 0.6500000000 3.6076363978 7.3887870208 4.6749737563 0.0000000000
8.1476682500 0.6500000000 3.6075756014 7.3879916274 4.6744124133 0.0000000000
8.1582971702 0.6500000000 3.6075473538 7.3868169699 4.6738295597 0.0000000000
8.1689244817 0.6500000000 3.6075361994 7.3855577875 4.6732812692 0.0000000000
8.1795536055 0.6500000000 3.6075316006 7.3843929087 4.6727969224 0.0000000000
8.1901855738 0.6500000000 3.6075228698 7.3834009127 4.6723652008 0.0000000000
8.2008203448 0.6500000000 3.6075038520 7.3826201205 4.6719768127 0.0000000000
8.2114573153 0.6500000000 3.6074715568 7.3820637164 4.6716250703 0.0000000000
8.2220956808 0.6500000000 3.6074270513 7.3817102435 4.6713056594 0.0000000000
8.2327346280 0.6500000000 3.6073726040 7.3815248464 4.6710137112 0.0000000000
8.2433737475 0.6500000000 3.6073083551 7.3814716577 4.6707354403 0.0000000000
8.2540127994 0.6500000000 3.6072340011 7.3815160494 4.6704557808 0.0000000000
8.2646516886 0.6500000000 3.6071524832 7.3816378699 4.6701784373 0.0000000000
8.2752904000 0.6500000000 3.6070683670 7.3818240966 4.6699164633 0.0000000000
8.2859289861 0.6500000000 3.6069840751 7.3820494561 4.6696694394 0.0000000000
8.2965675679 0.6500000000 3.6068998380 7.3822761802 4.6694231809 0.0000000000
8.3072062312 0.6500000000 3.6068157499 7.3824775087 4.6691673599 0.0000000000
8.3178449560 0.6500000000 3.6067317964 7.3826590380 4.6689041576 0.0000000000
8.3284837049 0.6500000000 3.6066479432 7.3828316783 4.6686378007 0.0000000000
8.3391224573 0.6500000000 3.6065641389 7.3830021953 4.6683707903 0.0000000000
8.3497612047 0.6500000000 3.6064803198 7.3831743356 4.6681043702 0.0000000000
8.3603999401 0.6500000000 3.6063964645 7.3833512348 4.6678397087 0.0000000000
8.3710386615 0.6500000000 3.6063127232 7.3835338327 4.6675777826 0.0000000000
8.3816773679 0.6500000000 3.6062292871 7.3837224987 4.6673195047 0.0000000000
8.3923160622 0.6500000000 3.6061460553 7.3839157401 4.6670638741 0.0000000000
8.4029547550 0.6500000000 3.6060623572 7.3841084356 4.6668061596 0.0000000000
8.4135934575 0.6500000000 3.6059774865 7.3842950710 4.6665413312 0.0000000000
8.4242321852 0.6500000000 3.6058920532 7.3844712754 4.6662700795 0.0000000000
8.4348709589 0.6500000000 3.6058084638 7.3846342384 4.6660009072 0.0000000000
8.4455097996 0.6500000000 3.6057291974 7.3847813617 4.6657426910 0.0000000000
8.4561487045 0.6500000000 3.6056544742 7.3849140053 4.6654968555 0.0000000000
8.4667876405 0.6500000000 3.6055815554 7.3850387134 4.6652550635 0.0000000000
8.4774265729 0.6500000000 3.6055075277 7.3851623163 4.6650083938 0.0000000000
8.4880654894 0.6500000000 3.6054314662 7.3852865859 4.6647538559 0.0000000000
8.4987044170 0.6500000000 3.6053558183 7.3854047172 4.6644985168 0.0000000000
8.5093433863 0.6500000000 3.6052833574 7.3855090749 4.6642504162 0.0000000000
8.5199824173 0.6500000000 3.6052159648 7.3855943241 4.6640149454 0.0000000000
8.5306214989 0.6500000000 3.6051528283 7.3856620735 4.6637894994 0.0000000000
8.5412606144 0.6500000000 3.6050926297 7.3857152366 4.6635699702 0.0000000000
8.5518997479 0.6500000000 3.6050341910 7.3857563420 4.6633526576 0.0000000000
8.5625388943 0.6500000000 3.6049774206 7.3857849386 4.6631370145 0.0000000000
8.5731780531 0.6500000000 3.6049227331 7.3857991867 4.6629239638 0.0000000000
8.5838172239 0.6500000000 3.6048705356 7.3857972808 4.6627144112 0.0000000000
8.5944564048 0.6500000000 3.6048207678 7.3857792821 4.6625081406 0.0000000000
8.6050955915 0.6500000000 3.6047727283 7.3857478152 4.6623033959 0.0000000000
8.6157347799 0.6500000000 3.6047256691 7.3857056907 4.6620983092 0.0000000000
8.6263739656 0.6500000000 3.6046790293 7.3856549386 4.6618914494 0.0000000000
8.6370131438 0.6500000000 3.6046333287 7.3855930853 4.6616839057 0.0000000000
8.6476523097 0.6500000000 3.6045894738 7.3855160454 4.6614776699 0.0000000000
8.6582914583 0.6500000000 3.6045483654 7.3854197700 4.6612747262 0.0000000000
8.6689305881 0.6500000000 3.6045104108 7.3853034301 4.6610763719 0.0000000000
8.6795697027 0.6500000000 3.6044751600 7.3851717864 4.6608827112 0.0000000000
8.6902088066 0.6500000000 3.6044420772 7.3850301582 4.6606937289 0.0000000000
8.7008479035 0.6500000000 3.6044106334 7.3848835702 4.6605093185 0.0000000000
8.7114869922 0.6500000000 3.6043803899 7.3847329900 4.6603281124 0.0000000000
8.7221260678 0.6500000000 3.6043509739 7.3845764316 4.6601478249 0.0000000000
8.7327651250 0.6500000000 3.6043220141 7.3844118421 4.6599661498 0.0000000000
8.7434041589 0.6500000000 3.6042932280 7.3842373341 4.6597812022 0.0000000000
8.7540431647 0.6500000000 3.6042647714 7.3840518373 4.6595931773 0.0000000000
8.7646821380 0.6500000000 3.6042369352 7.3838545327 4.6594029107 0.0000000000
8.7753210745 0.6500000000 3.6042100105 7.3836446265 4.6592112491 0.0000000000
8.7859599739 0.6500000000 3.6041842951 7.3834224618 4.6590195217 0.0000000000
8.7965988419 0.6500000000 3.6041600969 7.3831899561 4.6588297267 0.0000000000
8.8072376846 0.6500000000 3.6041377242 7.3829491421 4.6586439104 0.0000000000
8.8178765051 0.6500000000 3.6041172901 7.3827012630 4.6584630221 0.0000000000
8.8285152971 0.6500000000 3.6040983371 7.3824452585 4.6582848086 0.0000000000
8.8391540526 0.6500000000 3.6040803047 7.3821796497 4.6581064351 0.0000000000
8.8497927648 0.6500000000 3.6040627548 7.3819031750 4.6579256458 0.0000000000
8.8604314307 0.6500000000 3.6040457675 7.3816154876 4.6577426218 0.0000000000
8.8710700485 0.6500000000 3.6040295591 7.3813164814 4.6575581858 0.0000000000
8.8817086142 0.6500000000 3.6040143133 7.3810057127 4.6573728950 0.0000000000
8.8923471164 0.6500000000 3.6040000939 7.3806814968 4.6571863308 0.0000000000
8.9029855420 0.6500000000 3.6039869369 7.3803418781 4.6569978557 0.0000000000
8.9136238884 0.6500000000 3.6039748777 7.3799868368 4.6568076023 0.0000000000
8.9242621743 0.6500000000 3.6039639492 7.3796202147 4.6566172392 0.0000000000
8.9349004198 0.6500000000 3.6039541970 7.3792460866 4.6564285795 0.0000000000
8.9455386277 0.6500000000 3.6039458547 7.3788652913 4.6562428920 0.0000000000
8.9561767882 0.6500000000 3.6039392958 7.3784762403 4.6560610360 0.0000000000
8.9668148909 0.6500000000 3.6039345669 7.3780772753 4.6558825344 0.0000000000
8.9774529249 0.6500000000 3.6039307989 7.3776667065 4.6557032349 0.0000000000
8.9880908794 0.6500000000 3.6039270823 7.3772429411 4.6555188624 0.0000000000
8.9987287462 0.6500000000 3.6039234263 7.3768051938 4.6553291395 0.0000000000
9.0093665178 0.6500000000 3.6039202746 7.3763530610 4.6551356793 0.0000000000
9.0200041869 0.6500000000 3.6039180732 7.3758861415 4.6549401061 0.0000000000
9.0306417462 0.6500000000 3.6039172685 7.3754040338 4.6547440440 0.0000000000
9.0412791883 0.6500000000 3.6039183065 7.3749063368 4.6545491174 0.0000000000
9.0519165061 0.6500000000 3.6039216139 7.3743926823 4.6543568853 0.0000000000
9.0625537044 0.6500000000 3.6039268526 7.3738639999 4.6541663669 0.0000000000
9.0731908021 0.6500000000 3.6039327035 7.3733228245 4.6539733004 0.0000000000
9.0838278006 0.6500000000 3.6039381346 7.3727695876 4.6537737302 0.0000000000
9.0944646823 0.6500000000 3.6039426875 7.3722025097 4.6535651105 0.0000000000
9.1051014563 0.6500000000 3.6039485851 7.3716229527 4.6533568779 0.0000000000
9.1157381351 0.6500000000 3.6039591215 7.3710328013 4.6531629631 0.0000000000
9.1263746148 0.6500000000 3.6039714772 7.3704211655 4.6529677318 0.0000000000
9.1370108409 0.6500000000 3.6039829732 7.3697823871 4.6527582044 0.0000000000
9.1476470157 0.6500000000 3.6039980692 7.3691385347 4.6525610473 0.0000000000
9.1582831213 0.6500000000 3.6040179682 7.3684885974 4.6523806684 0.0000000000
9.1689189247 0.6500000000 3.6040388975 7.3678086691 4.6521924144 0.0000000000
9.1795545073 0.6500000000 3.6040554917 7.3671065786 4.6519779548 0.0000000000
9.1901899511 0.6500000000 3.6040686305 7.3663911656 4.6517443448 0.0000000000
9.2008251981 0.6500000000 3.6040872068 7.3656583858 4.6515255381 0.0000000000
9.2114602292 0.6500000000 3.6041140200 7.3649078124 4.6513325616 0.0000000000
9.2220950521 0.6500000000 3.6041428746 7.3641395541 4.6511406766 0.0000000000
9.2327296757 0.6500000000 3.6041653811 7.3633529121 4.6509160461 0.0000000000
9.2433640788 0.6500000000 3.6041869333 7.3625476331 4.6506801432 0.0000000000
9.2539982237 0.6500000000 3.6042143385 7.3617225236 4.6504597200 0.0000000000
9.2646320978 0.6500000000 3.6042481051 7.3608772091 4.6502566606 0.0000000000
9.2752657233 0.6500000000 3.6042804002 7.3600122804 4.6500398698 0.0000000000
9.2858990999 0.6500000000 3.6043053002 7.3591268992 4.6497853172 0.0000000000
9.2965321543 0.6500000000 3.6043381877 7.3582193833 4.6495538606 0.0000000000
9.3071649647 0.6500000000 3.6043743497 7.3572946205 4.6493286037 0.0000000000
9.3177971788 0.6500000000 3.6044101892 7.3563283241 4.6490854432 0.0000000000
9.3284290727 0.6500000000 3.6044477016 7.3553403083 4.6488402865 0.0000000000
9.3390608835 0.6500000000 3.6044845118 7.3543466764 4.6485900743 0.0000000000
9.3496922450 0.6500000000 3.6045276830 7.3533250233 4.6483540981 0.0000000000
9.3603232225 0.6500000000 3.6045750670 7.3522798343 4.6481255584 0.0000000000
9.3709538265 0.6500000000 3.6046148726 7.3512091675 4.6478565141 0.0000000000
9.3815840069 0.6500000000 3.6046557274 7.3501127515 4.6475813668 0.0000000000
9.3922137086 0.6500000000 3.6047046072 7.3489898500 4.6473277256 0.0000000000
9.4028429510 0.6500000000 3.6047529202 7.3478398915 4.6470609939 0.0000000000
9.4134716785 0.6500000000 3.6048055600 7.3466617783 4.6468003079 0.0000000000
9.4240999114 0.6500000000 3.6048538781 7.3454549215 4.6465108378 0.0000000000
9.4347275691 0.6500000000 3.6049115559 7.3442193105 4.6462473046 0.0000000000
9.4453547622 0.6500000000 3.6049696607 7.3429590641 4.6459756251 0.0000000000
9.4559817221 0.6500000000 3.6050221775 7.3416853732 4.6456762160 0.0000000000
9.4666075098 0.6500000000 3.6050878138 7.3403550991 4.6454066514 0.0000000000
9.4772327733 0.6500000000 3.6051412279 7.3389958222 4.6450765973 0.0000000000
9.4878572699 0.6500000000 3.6052079740 7.3376031055 4.6447864948 0.0000000000
9.4984810649 0.6500000000 3.6052755641 7.3361775778 4.6444866443 0.0000000000
9.5091041024 0.6500000000 3.6053451382 7.3347177777 4.6441810206 0.0000000000
9.5197268642 0.6500000000 3.6054175386 7.3332465538 4.6438821324 0.0000000000
9.5303482412 0.6500000000 3.6054795389 7.3317110571 4.6435159353 0.0000000000
9.5409687474 0.6500000000 3.6055543138 7.3301418313 4.6431873444 0.0000000000
9.5515882885 0.6500000000 3.6056307624 7.3285328397 4.6428495423 0.0000000000
9.5622082244 0.6500000000 3.6057062346 7.3269404230 4.6425144642 0.0000000000
9.5728255972 0.6500000000 3.6057901636 7.3252464245 4.6421725810 0.0000000000
9.5834422039 0.6500000000 3.6058722394 7.3235223049 4.6418112361 0.0000000000
9.5940572565 0.6500000000 3.6059562959 7.3217399178 4.6414345074 0.0000000000
9.6046717085 0.6500000000 3.6060545291 7.3199399369 4.6411074476 0.0000000000
9.6152847849 0.6500000000 3.6061432022 7.3180867772 4.6407208763 0.0000000000
9.6258967870 0.6500000000 3.6062346072 7.3161967363 4.6403304799 0.0000000000
9.6365074002 0.6500000000 3.6063284004 7.3142591959 4.6399306366 0.0000000000
9.6471165522 0.6500000000 3.6064285971 7.3122742742 4.6395374549 0.0000000000
9.6577242208 0.6500000000 3.6065315278 7.3102411974 4.6391359466 0.0000000000
9.6683304767 0.6500000000 3.6066312662 7.3081614032 4.6387029826 0.0000000000
9.6789344030 0.6500000000 3.6067459132 7.3060133047 4.6383023311 0.0000000000
9.6895372886 0.6500000000 3.6068492221 7.3038298497 4.6378421847 0.0000000000
9.7001375830 0.6500000000 3.6069687523 7.3015744696 4.6374181535 0.0000000000
9.7107367157 0.6500000000 3.6070881047 7.2992852334 4.6369798687 0.0000000000
9.7213339218 0.6500000000 3.6072032889 7.2969392702 4.6365022205 0.0000000000
9.7319279781 0.6500000000 3.6073256520 7.2945081378 4.6360192197 0.0000000000
9.7425206591 0.6500000000 3.6074552177 7.2920422463 4.6355511260 0.0000000000
9.7531102683 0.6500000000 3.6075857825 7.2894956060 4.6350547290 0.0000000000
9.7636973303 0.6500000000 3.6077206577 7.2868849614 4.6345499719 0.0000000000
9.7742821389 0.6500000000 3.6078619603 7.2842199027 4.6340491591 0.0000000000
9.7848644969 0.6500000000 3.6080088485 7.2814968908 4.6335475071 0.0000000000
9.7954434477 0.6500000000 3.6081521923 7.2786909110 4.6329984902 0.0000000000
9.8060194439 0.6500000000 3.6083031212 7.2758185518 4.6324532621 0.0000000000
9.8165909825 0.6500000000 3.6084601221 7.2728475534 4.6318928666 0.0000000000
9.8271604695 0.6500000000 3.6086137294 7.2698300765 4.6313003049 0.0000000000
9.8377251956 0.6500000000 3.6087805263 7.2667147675 4.6307213688 0.0000000000
9.8482875927 0.6500000000 3.6089413312 7.2635481910 4.6300979578 0.0000000000
9.8588435065 0.6500000000 3.6091164727 7.2602539955 4.6294808457 0.0000000000
9.8693966652 0.6500000000 3.6092976187 7.2569072697 4.6288667392 0.0000000000
9.8799450229 0.6500000000 3.6094762500 7.2534665006 4.6282049567 0.0000000000
9.8904876634 0.6500000000 3.6096616833 7.2499200410 4.6275281060 0.0000000000
9.9010258941 0.6500000000 3.6098538185 7.2462948539 4.6268465722 0.0000000000
9.9115598415 0.6500000000 3.6100529560 7.2425950497 4.6261632007 0.0000000000
9.9220849592 0.6500000000 3.6102564345 7.2387424906 4.6254360909 0.0000000000
9.9326052672 0.6500000000 3.6104693722 7.2348130086 4.6247160488 0.0000000000
9.9431177568 0.6500000000 3.6106923142 7.2307569673 4.6239854003 0.0000000000
9.9536231130 0.6500000000 3.6109130600 7.2265867333 4.6232002901 0.0000000000
9.9641229769 0.6500000000 3.6111440189 7.2223343144 4.6224231580 0.0000000000
9.9746146186 0.6500000000 3.6113785761 7.2179580214 4.6216108698 0.0000000000
9.9850986458 0.6500000000 3.6116246826 7.2134725186 4.6208010943 0.0000000000
9.9955725552 0.6500000000 3.6118704437 7.2088418974 4.6199318904 0.0000000000
10.0060371375 0.6500000000 3.6121312179 7.2040861983 4.6190727076 0.0000000000
10.0164922977 0.6500000000 3.6123974621 7.1992042717 4.6181849137 0.0000000000
10.0269370574 0.6500000000 3.6126693637 7.1941873054 4.6172657336 0.0000000000
10.0373685127 0.6500000000 3.6129566462 7.1890057154 4.6163422276 0.0000000000
10.0477908198 0.6500000000 3.6132477386 7.1837117131 4.6153889965 0.0000000000
10.0581997395 0.6500000000 3.6135455455 7.1782573996 4.6143984986 0.0000000000
10.0685889544 0.6500000000 3.6138552521 7.1725775058 4.6133653673 0.0000000000
10.0789683616 0.6500000000 3.6141777988 7.1667910494 4.6123409714 0.0000000000
10.0893320118 0.6500000000 3.6145151605 7.1608360114 4.6113084031 0.0000000000
10.0996816810 0.6500000000 3.6148543026 7.1547314945 4.6102231650 0.0000000000
10.1100125649 0.6500000000 3.6152096865 7.1484367247 4.6091267926 0.0000000000
10.1203244367 0.6500000000 3.6155744128 7.1419534464 4.6079923864 0.0000000000
10.1306189410 0.6500000000 3.6159537436 7.1353049870 4.6068503259 0.0000000000
10.1408921443 0.6500000000 3.6163378387 7.1284551388 4.6056467670 0.0000000000
10.1511444797 0.6500000000 3.6167377591 7.1214179949 4.6044315912 0.0000000000
10.1613724065 0.6500000000 3.6171546927 7.1141684357 4.6031995019 0.0000000000
10.1715781237 0.6500000000 3.6175700000 7.1067250000 4.6018833566 0.0000000000
10.1748900479 0.6500000000 3.6177100000 7.1042500000 4.6014533566 0.0000000000
10.1764019612 0.6500000000 3.6177742416 7.1031028281 4.6012514544 0.0000000000
10.1779138746 0.6500000000 3.6178386845 7.1019520625 4.6010489196 0.0000000000
10.1794257879 0.6500000000 3.6179033284 7.1008167522 4.6008533713 0.0000000000
10.1809377012 0.6500000000 3.6179681741 7.0996647480 4.6006519523 0.0000000000
10.1824496145 0.6500000000 3.6180393969 7.0985031740 4.6004722137 0.0000000000
10.1839615278 0.6500000000 3.6181084729 7.0973379834 4.6002824417 0.0000000000
10.1854734411 0.6500000000 3.6181739271 7.0961691595 4.6000767287 0.0000000000
10.1869853544 0.6500000000 3.6182395854 7.0949861240 4.5998661476 0.0000000000
10.1884972677 0.6500000000 3.6183054479 7.0937955726 4.5996533774 0.0000000000
10.1900091811 0.6500000000 3.6183715155 7.0926157943 4.5994457364 0.0000000000
10.1915210944 0.6500000000 3.6184377885 7.0914323484 4.5992374500 0.0000000000
10.1930330077 0.6500000000 3.6185042667 7.0902401414 4.5990264802 0.0000000000
10.1945449210 0.6500000000 3.6185712011 7.0890324812 4.5988111535 0.0000000000
10.1960568343 0.6500000000 3.6186395938 7.0878569811 4.5986145244 0.0000000000
10.1975687476 0.6500000000 3.6187052153 7.0866388592 4.5983897614 0.0000000000
10.1990806609 0.6500000000 3.6187827346 7.0853907927 4.5982006120 0.0000000000
10.2005925742 0.6500000000 3.6188536941 7.0841376049 4.5979831751 0.0000000000
10.2021044876 0.6500000000 3.6189245873 7.0828947219 4.5977695947 0.0000000000
10.2036164009 0.6500000000 3.6189888425 7.0816861952 4.5975432048 0.0000000000
10.2051283142 0.6500000000 3.6190570857 7.0804148375 4.5973076343 0.0000000000
10.2066402275 0.6500000000 3.6191369517 7.0791498022 4.5971210843 0.0000000000
10.2081521408 0.6500000000 3.6192117497 7.0778693803 4.5969081075 0.0000000000
10.2096640541 0.6500000000 3.6192856791 7.0765990718 4.5966957019 0.0000000000
10.2111759674 0.6500000000 3.6193499251 7.0753264989 4.5964436564 0.0000000000
10.2126878807 0.6500000000 3.6194242325 7.0740524427 4.5962312638 0.0000000000
10.2141997941 0.6500000000 3.6194985420 7.0727785665 4.5960189511 0.0000000000
10.2157117074 0.6500000000 3.6195728077 7.0715008654 4.5958049336 0.0000000000
10.2172236207 0.6500000000 3.6196470230 7.0702020983 4.5955822878 0.0000000000
10.2187355340 0.6500000000 3.6197211919 7.0689041414 4.5953597809 0.0000000000
10.2202474473 0.6500000000 3.6197953239 7.0676068313 4.5951373849 0.0000000000
10.2217593606 0.6500000000 3.6198694312 7.0662994424 4.5949108585 0.0000000000
10.2232712739 0.6500000000 3.6199435252 7.0649763361 4.5946779918 0.0000000000
10.2247831872 0.6500000000 3.6200176187 7.0636532367 4.5944451263 0.0000000000
10.2262951006 0.6500000000 3.6200917254 7.0623299028 4.5942122195 0.0000000000
10.2278070139 0.6500000000 3.6201658610 7.0610060529 4.5939792219 0.0000000000
10.2293189272 0.6500000000 3.6202400388 7.0596635783 4.5937389433 0.0000000000
10.2308308405 0.6500000000 3.6203142707 7.0583114981 4.5934950387 0.0000000000
10.2323427538 0.6500000000 3.6203885668 7.0569582481 4.5932509230 0.0000000000
10.2338546671 0.6500000000 3.6204719285 7.0556036395 4.5930425264 0.0000000000
10.2353665804 0.6500000000 3.6205473934 7.0542234085 4.5927922936 0.0000000000
10.2368784937 0.6500000000 3.6206222231 7.0528638751 4.5925477990 0.0000000000
10.2383904071 0.6500000000 3.6207066022 7.0514773882 4.5923307206 0.0000000000
10.2399023204 0.6500000000 3.6207813704 7.0500888352 4.5920743724 0.0000000000
10.2414142337 0.6500000000 3.6208585811 7.0486980567 4.5918269038 0.0000000000
10.2429261470 0.6500000000 3.6209412726 7.0472973403 4.5915973831 0.0000000000
10.2444380603 0.6500000000 3.6210201941 7.0458843463 4.5913478715 0.0000000000
10.2459499736 0.6500000000 3.6211017077 7.0444748181 4.5911101148 0.0000000000
10.2474618869 0.6500000000 3.6211771417 7.0430469613 4.5908407078 0.0000000000
10.2489738002 0.6500000000 3.6212588310 7.0416162363 4.5905951752 0.0000000000
10.2504857136 0.6500000000 3.6213384706 7.0401825214 4.5903402475 0.0000000000
10.2519976269 0.6500000000 3.6214221462 7.0387457043 4.5901002230 0.0000000000
10.2535095402 0.6500000000 3.6215018775 7.0373284704 4.5898522548 0.0000000000
10.2550214535 0.6500000000 3.6215849666 7.0358630850 4.5895984569 0.0000000000
10.2565333668 0.6500000000 3.6216634642 7.0343760484 4.5893176326 0.0000000000
10.2580452801 0.6500000000 3.6217523598 7.0328859166 4.5890771623 0.0000000000
10.2595571934 0.6500000000 3.6218415816 7.0313849141 4.5888336485 0.0000000000
10.2610691067 0.6500000000 3.6219214524 7.0299015985 4.5885598056 0.0000000000
10.2625810201 0.6500000000 3.6220059757 7.0284153943 4.5883034173 0.0000000000
10.2640929334 0.6500000000 3.6220915766 7.0269130146 4.5880448688 0.0000000000
10.2656048467 0.6500000000 3.6221791022 7.0253961196 4.5877882133 0.0000000000
10.2671167600 0.6500000000 3.6222618867 7.0238785730 4.5875123327 0.0000000000
10.2686286733 0.6500000000 3.6223423989 7.0223602687 4.5872270596 0.0000000000
10.2701405866 0.6500000000 3.6224341330 7.0208365058 4.5869844909 0.0000000000
10.2716524999 0.6500000000 3.6225227476 7.0192862956 4.5867188654 0.0000000000
10.2731644132 0.6500000000 3.6226080524 7.0177447578 4.5864434692 0.0000000000
10.2746763266 0.6500000000 3.6226938519 7.0161886228 4.5861642135 0.0000000000
10.2761882399 0.6500000000 3.6227822506 7.0146245209 4.5858921675 0.0000000000
10.2777001532 0.6500000000 3.6228651784 7.0130679874 4.5856012653 0.0000000000
10.2792120665 0.6500000000 3.6229568641 7.0114820229 4.5853336223 0.0000000000
10.2807239798 0.6500000000 3.6230493896 7.0098917412 4.5850676115 0.0000000000
10.2822358931 0.6500000000 3.6231380623 7.0082987761 4.5847851163 0.0000000000
10.2837478064 0.6500000000 3.6232249194 7.0067029477 4.5844942133 0.0000000000
10.2852597197 0.6500000000 3.6233179447 7.0050859683 4.5842195226 0.0000000000
10.2867716331 0.6500000000 3.6234111550 7.0034547872 4.5839398916 0.0000000000
10.2882835464 0.6500000000 3.6234945665 7.0018200871 4.5836196573 0.0000000000
10.2897954597 0.6500000000 3.6235882069 7.0001813798 4.5833387360 0.0000000000
10.2913073730 0.6500000000 3.6236821193 6.9985379128 4.5830569988 0.0000000000
10.2928192863 0.6500000000 3.6237762041 6.9968914280 4.5827747443 0.0000000000
10.2943311996 0.6500000000 3.6238704901 6.9952225198 4.5824843250 0.0000000000
10.2958431129 0.6500000000 3.6239556200 6.9935626000 4.5821608766 0.0000000000
10.2973550262 0.6500000000 3.6240497489 6.9918763473 4.5818628913 0.0000000000
10.2988669396 0.6500000000 3.6241421580 6.9902026126 4.5815630338 0.0000000000
10.3003788529 0.6500000000 3.6242333503 6.9885441610 4.5812644224 0.0000000000
10.3018907662 0.6500000000 3.6243336969 6.9868216482 4.5809768037 0.0000000000
10.3034026795 0.6500000000 3.6244309621 6.9850891132 4.5806728502 0.0000000000
10.3049145928 0.6500000000 3.6245296872 6.9833554745 4.5803742951 0.0000000000
10.3064265061 0.6500000000 3.6246290873 6.9816159728 4.5800760948 0.0000000000
10.3079384194 0.6500000000 3.6247238741 6.9798725186 4.5797578604 0.0000000000
10.3094503327 0.6500000000 3.6248184494 6.9781088702 4.5794307023 0.0000000000
10.3109622461 0.6500000000 3.6249182548 6.9763555405 4.5791285922 0.0000000000
10.3124741594 0.6500000000 3.6250181298 6.9746020632 4.5788267011 0.0000000000
10.3139860727 0.6500000000 3.6251180736 6.9728218135 4.5785143766 0.0000000000
10.3154979860 0.6500000000 3.6252180986 6.9710401188 4.5782017985 0.0000000000
10.3170098993 0.6500000000 3.6253182189 6.9692322818 4.5778791451 0.0000000000
10.3185218126 0.6500000000 3.6254184656 6.9674210811 4.5775556516 0.0000000000
10.3200337259 0.6500000000 3.6255188387 6.9656210478 4.5772371307 0.0000000000
10.3215456392 0.6500000000 3.6256193477 6.9637993232 4.5769104767 0.0000000000
10.3230575526 0.6500000000 3.6257200049 6.9619499116 4.5765733408 0.0000000000
10.3245694659 0.6500000000 3.6258208478 6.9601156195 4.5762429955 0.0000000000
10.3260813792 0.6500000000 3.6259218604 6.9582531988 4.5759020778 0.0000000000
10.3275932925 0.6500000000 3.6260230506 6.9563875043 4.5755605608 0.0000000000
10.3291052058 0.6500000000 3.6261244333 6.9545182617 4.5752183944 0.0000000000
10.3306171191 0.6500000000 3.6262292899 6.9526449714 4.5748885047 0.0000000000
10.3321290324 0.6500000000 3.6263378370 6.9507530557 4.5745659270 0.0000000000
10.3336409458 0.6500000000 3.6264398432 6.9488404400 4.5742089054 0.0000000000
10.3351528591 0.6500000000 3.6265435890 6.9469235171 4.5738571194 0.0000000000
10.3366647724 0.6500000000 3.6266545487 6.9450022121 4.5735324362 0.0000000000
10.3381766857 0.6500000000 3.6267572369 6.9430768082 4.5731730275 0.0000000000
10.3396885990 0.6500000000 3.6268701478 6.9411222291 4.5728428394 0.0000000000
10.3412005123 0.6500000000 3.6269762408 6.9391730746 4.5724875498 0.0000000000
10.3427124256 0.6500000000 3.6270867723 6.9371834024 4.5721338069 0.0000000000
10.3442243389 0.6500000000 3.6271904651 6.9352067592 4.5717579207 0.0000000000
10.3457362523 0.6500000000 3.6273043775 6.9332009292 4.5714112383 0.0000000000
10.3472481656 0.6500000000 3.6274133436 6.9312035262 4.5710481417 0.0000000000
10.3487600789 0.6500000000 3.6275229076 6.9292008236 4.5706853165 0.0000000000
10.3502719922 0.6500000000 3.6276375352 6.9271790062 4.5703350998 0.0000000000
10.3517839055 0.6500000000 3.6277464839 6.9251466661 4.5699579587 0.0000000000
10.3532958188 0.6500000000 3.6325488764 6.9049776601 4.5810999262 0.0000000000
10.3548077321 0.6500000000 3.6343748090 6.8991668916 4.5860793492 0.0000000000
10.3563196454 0.6500000000 3.6345346685 6.8968914273 4.5858086017 0.0000000000
10.3578315588 0.6500000000 3.6346467689 6.8949409955 4.5854768303 0.0000000000
10.3593434721 0.6500000000 3.6347442664 6.8930095761 4.5850942528 0.0000000000
10.3608553854 0.6500000000 3.6348449751 6.8910457707 4.5847115655 0.0000000000
10.3623672987 0.6500000000 3.6349437935 6.8890329961 4.5843017291 0.0000000000
10.3638792120 0.6500000000 3.6350481432 6.8870047372 4.5839078244 0.0000000000
10.3653911253 0.6500000000 3.6351487391 6.8849306800 4.5834805850 0.0000000000
10.3669030386 0.6500000000 3.6352473758 6.8828571711 4.5830457281 0.0000000000
10.3684149519 0.6500000000 3.6353524076 6.8807538309 4.5826245196 0.0000000000
10.3699268653 0.6500000000 3.6354545256 6.8786435668 4.5821888857 0.0000000000
10.3714387786 0.6500000000 3.6355537533 6.8765261070 4.5817388126 0.0000000000
10.3729506919 0.6500000000 3.6356591673 6.8743687368 4.5812975204 0.0000000000
10.3744626052 0.6500000000 3.6357632094 6.8722253170 4.5808563212 0.0000000000
10.3759745185 0.6500000000 3.6358634026 6.8700361369 4.5803814217 0.0000000000
10.3774864318 0.6500000000 3.6359739152 6.8678604196 4.5799531853 0.0000000000
10.3789983451 0.6500000000 3.6360753716 6.8656557928 4.5794771600 0.0000000000
10.3805102584 0.6500000000 3.6361858321 6.8634333577 4.5790300282 0.0000000000
10.3820221718 0.6500000000 3.6362972370 6.8612052592 4.5785844085 0.0000000000
10.3835340851 0.6500000000 3.6363989804 6.8589675856 4.5780963125 0.0000000000
10.3850459984 0.6500000000 3.6365110061 6.8567048773 4.5776393321 0.0000000000
10.3865579117 0.6500000000 3.6366232729 6.8544366444 4.5771811060 0.0000000000
10.3880698250 0.6500000000 3.6367422528 6.8520398547 4.5766983095 0.0000000000
10.3895817383 0.6500000000 3.6368499859 6.8497565223 4.5762159093 0.0000000000
10.3910936516 0.6500000000 3.6369602390 6.8474802509 4.5757464131 0.0000000000
10.3926055649 0.6500000000 3.6370705187 6.8451644636 4.5752612169 0.0000000000
10.3941174783 0.6500000000 3.6371845616 6.8428371680 4.5747864700 0.0000000000
10.3956293916 0.6500000000 3.6372986133 6.8404848504 4.5743017501 0.0000000000
10.3971413049 0.6500000000 3.6374128316 6.8380969632 4.5738034684 0.0000000000
10.3986532182 0.6500000000 3.6375272646 6.8357189181 4.5733099822 0.0000000000
10.4001651315 0.6500000000 3.6376419312 6.8333214612 4.5728096661 0.0000000000
10.4016770448 0.6500000000 3.6377568518 6.8308940403 4.5722983800 0.0000000000
10.4031889581 0.6500000000 3.6378719960 6.8284575849 4.5717843746 0.0000000000
10.4047008714 0.6500000000 3.6379874075 6.8260050914 4.5712650231 0.0000000000
10.4062127848 0.6500000000 3.6381030351 6.8235480038 4.5707446986 0.0000000000
10.4077246981 0.6500000000 3.6382289145 6.8210515317 4.5702496272 0.0000000000
10.4092366114 0.6500000000 3.6383450115 6.8185481899 4.5697126785 0.0000000000
10.4107485247 0.6500000000 3.6384713416 6.8160398213 4.5692146516 0.0000000000
10.4122604380 0.6500000000 3.6385878928 6.8135266874 4.5686756026 0.0000000000
10.4137723513 0.6500000000 3.6387146604 6.8109793043 4.5681637199 0.0000000000
10.4152842646 0.6500000000 3.6388316503 6.8084201503 4.5676080178 0.0000000000
10.4167961779 0.6500000000 3.6389588389 6.8058288869 4.5670802670 0.0000000000
10.4183080913 0.6500000000 3.6390820285 6.8032383341 4.5665368044 0.0000000000
10.4198200046 0.6500000000 3.6392043238 6.8006147245 4.5659765418 0.0000000000
10.4213319179 0.6500000000 3.6393316581 6.7979876934 4.5654350663 0.0000000000
10.4228438312 0.6500000000 3.6394596043 6.7953329139 4.5648849394 0.0000000000
10.4243557445 0.6500000000 3.6395925825 6.7926733508 4.5643530268 0.0000000000
10.4258676578 0.6500000000 3.6397162227 6.7899861703 4.5637727154 0.0000000000
10.4273795711 0.6500000000 3.6398491442 6.7872812426 4.5632224305 0.0000000000
10.4288914844 0.6500000000 3.6399827238 6.7845725450 4.5626732699 0.0000000000
10.4304033978 0.6500000000 3.6401065199 6.7818344583 4.5620732194 0.0000000000
10.4319153111 0.6500000000 3.6402405012 6.7790952540 4.5615134629 0.0000000000
10.4334272244 0.6500000000 3.6403746908 6.7763119109 4.5609368843 0.0000000000
10.4349391377 0.6500000000 3.6405090638 6.7735278374 4.5603607468 0.0000000000
10.4364510510 0.6500000000 3.6406436413 6.7707147946 4.5597738397 0.0000000000
10.4379629643 0.6500000000 3.6407784011 6.7678916442 4.5591836186 0.0000000000
10.4394748776 0.6500000000 3.6409171203 6.7650447139 4.5585997235 0.0000000000
10.4409867909 0.6500000000 3.6410586831 6.7621670567 4.5580149116 0.0000000000
10.4424987043 0.6500000000 3.6411940668 6.7592963489 4.5574081634 0.0000000000
10.4440106176 0.6500000000 3.6413296019 6.7563974037 4.5567907258 0.0000000000
10.4455225309 0.6500000000 3.6414653233 6.7534944743 4.5561724395 0.0000000000
10.4470344442 0.6500000000 3.6416012143 6.7505653574 4.5555443567 0.0000000000
10.4485463575 0.6500000000 3.6417372924 6.7475816397 4.5548951820 0.0000000000
10.4500582708 0.6500000000 3.6418827995 6.7446154099 4.5542907186 0.0000000000
10.4515701841 0.6500000000 3.6420199491 6.7416233382 4.5536424885 0.0000000000
10.4530820974 0.6500000000 3.6421565466 6.7386257824 4.5529898561 0.0000000000
10.4545940108 0.6500000000 3.6423033473 6.7355867259 4.5523614363 0.0000000000
10.4561059241 0.6500000000 3.6424503142 6.7325429314 4.5517317858 0.0000000000
10.4576178374 0.6500000000 3.6425927627 6.7294565545 4.5510670294 0.0000000000
10.4591297507 0.6500000000 3.6427353626 6.7263664066 4.5504013698 0.0000000000
10.4606416640 0.6500000000 3.6428823703 6.7232571206 4.5497456861 0.0000000000
10.4621535773 0.6500000000 3.6430301018 6.7201199025 4.5490817250 0.0000000000
10.4636654906 0.6500000000 3.6431745167 6.7169612776 4.5483959347 0.0000000000
10.4651774039 0.6500000000 3.6433262424 6.7137755213 4.5477285350 0.0000000000
10.4666893173 0.6500000000 3.6434718361 6.7105844013 4.5470344615 0.0000000000
10.4682012306 0.6500000000 3.6436232862 6.7073631231 4.5463517508 0.0000000000
10.4697131439 0.6500000000 3.6437701661 6.7041415115 4.5456506257 0.0000000000
10.4712250572 0.6500000000 3.6439147256 6.7008707630 4.5449205641 0.0000000000
10.4727369705 0.6500000000 3.6440695386 6.6975973041 4.5442304328 0.0000000000
10.4742488838 0.6500000000 3.6442146408 6.6943013829 4.5434924730 0.0000000000
10.4757607971 0.6500000000 3.6443700000 6.6909750000 4.5427833566 0.0000000000
