# logAge Mass logTe Mbol logg C/O
4.1860800861 1.2000000000 3.7407600000 -0.0050000000 2.5162212460 0.0000000000
4.1937443013 1.2000000000 3.7407590251 -0.0049629893 2.5162321509 0.0000000000
4.2014085036 1.2000000000 3.7407578668 -0.0049315673 2.5162400861 0.0000000000
4.2090726933 1.2000000000 3.7407565278 -0.0049056600 2.5162450932 0.0000000000
4.2167368705 1.2000000000 3.7407550112 -0.0048851931 2.5162472135 0.0000000000
4.2244010353 1.2000000000 3.7407533198 -0.0048700926 2.5162464883 0.0000000000
4.2320651880 1.2000000000 3.7407514567 -0.0048602844 2.5162429591 0.0000000000
4.2397293287 1.2000000000 3.7407494247 -0.0048556942 2.5162366671 0.0000000000
4.2473934575 1.2000000000 3.7407472268 -0.0048562480 2.5162276539 0.0000000000
4.2550575747 1.2000000000 3.7407448658 -0.0048618715 2.5162159608 0.0000000000
4.2627216803 1.2000000000 3.7407423448 -0.0048724908 2.5162016291 0.0000000000
4.2703857746 1.2000000000 3.7407396667 -0.0048880316 2.5161847002 0.0000000000
4.2780498576 1.2000000000 3.7407368344 -0.0049084199 2.5161652156 0.0000000000
4.2857139297 1.2000000000 3.7407338507 -0.0049335814 2.5161432165 0.0000000000
4.2933779908 1.2000000000 3.7407307188 -0.0049634420 2.5161187444 0.0000000000
4.3010420413 1.2000000000 3.7407274414 -0.0049979277 2.5160918406 0.0000000000
4.3087060812 1.2000000000 3.7407240215 -0.0050369643 2.5160625465 0.0000000000
4.3163701107 1.2000000000 3.7407204621 -0.0050804776 2.5160309036 0.0000000000
4.3240341300 1.2000000000 3.7407167661 -0.0051283935 2.5159969531 0.0000000000
4.3316981393 1.2000000000 3.7407129364 -0.0051806379 2.5159607364 0.0000000000
4.3393621386 1.2000000000 3.7407089759 -0.0052371366 2.5159222950 0.0000000000
4.3470261282 1.2000000000 3.7407048876 -0.0052978155 2.5158816702 0.0000000000
4.3546901083 1.2000000000 3.7407006744 -0.0053626005 2.5158389034 0.0000000000
4.3623540789 1.2000000000 3.7406963392 -0.0054314175 2.5157940359 0.0000000000
4.3700180403 1.2000000000 3.7406918850 -0.0055041923 2.5157471092 0.0000000000
4.3776819926 1.2000000000 3.7406873147 -0.0055808507 2.5156981645 0.0000000000
4.3853459360 1.2000000000 3.7406826312 -0.0056613187 2.5156472434 0.0000000000
4.3930098706 1.2000000000 3.7406778375 -0.0057455220 2.5155943871 0.0000000000
4.4006737966 1.2000000000 3.7406729364 -0.0058333867 2.5155396371 0.0000000000
4.4083377142 1.2000000000 3.7406679310 -0.0059248384 2.5154830347 0.0000000000
4.4160016235 1.2000000000 3.7406628241 -0.0060198032 2.5154246213 0.0000000000
4.4236655247 1.2000000000 3.7406576188 -0.0061182069 2.5153644383 0.0000000000
4.4313294179 1.2000000000 3.7406523178 -0.0062199752 2.5153025271 0.0000000000
4.4389933034 1.2000000000 3.7406469241 -0.0063250342 2.5152389290 0.0000000000
4.4466571812 1.2000000000 3.7406414408 -0.0064333097 2.5151736853 0.0000000000
4.4543210516 1.2000000000 3.7406358706 -0.0065447274 2.5151068376 0.0000000000
4.4619849147 1.2000000000 3.7406302166 -0.0066592134 2.5150384272 0.0000000000
4.4696487706 1.2000000000 3.7406244817 -0.0067766934 2.5149684954 0.0000000000
4.4773126196 1.2000000000 3.7406186687 -0.0068970934 2.5148970836 0.0000000000
4.4849764618 1.2000000000 3.7406127807 -0.0070203391 2.5148242332 0.0000000000
4.4926402973 1.2000000000 3.7406068205 -0.0071463566 2.5147499856 0.0000000000
4.5003041263 1.2000000000 3.7406007912 -0.0072750715 2.5146743821 0.0000000000
4.5079679490 1.2000000000 3.7405946955 -0.0074064098 2.5145974642 0.0000000000
4.5156317655 1.2000000000 3.7405885365 -0.0075402974 2.5145192731 0.0000000000
4.5232955760 1.2000000000 3.7405823171 -0.0076766601 2.5144398504 0.0000000000
4.5309593807 1.2000000000 3.7405760402 -0.0078154238 2.5143592373 0.0000000000
4.5386231798 1.2000000000 3.7405697088 -0.0079565144 2.5142774753 0.0000000000
4.5462869733 1.2000000000 3.7405633257 -0.0080998576 2.5141946057 0.0000000000
4.5539507614 1.2000000000 3.7405568939 -0.0082453795 2.5141106699 0.0000000000
4.5616145444 1.2000000000 3.7405504164 -0.0083930058 2.5140257092 0.0000000000
4.5692783223 1.2000000000 3.7405438960 -0.0085426625 2.5139397651 0.0000000000
4.5769420954 1.2000000000 3.7405373358 -0.0086942753 2.5138528790 0.0000000000
4.5846058638 1.2000000000 3.7405307385 -0.0088477701 2.5137650921 0.0000000000
4.5922696276 1.2000000000 3.7405241073 -0.0090030729 2.5136764459 0.0000000000
4.5999333871 1.2000000000 3.7405174449 -0.0091601095 2.5135869818 0.0000000000
4.6075971424 1.2000000000 3.7405107543 -0.0093188057 2.5134967412 0.0000000000
4.6152608936 1.2000000000 3.7405040386 -0.0094790874 2.5134057653 0.0000000000
4.6229246409 1.2000000000 3.7404973004 -0.0096408805 2.5133140956 0.0000000000
4.6305883845 1.2000000000 3.7404905430 -0.0098041109 2.5132217735 0.0000000000
4.6382521245 1.2000000000 3.7404837690 -0.0099687043 2.5131288404 0.0000000000
4.6459158611 1.2000000000 3.7404769816 -0.0101345868 2.5130353376 0.0000000000
4.6535795945 1.2000000000 3.7404701835 -0.0103016841 2.5129413065 0.0000000000
4.6612433248 1.2000000000 3.7404633778 -0.0104699220 2.5128467884 0.0000000000
4.6689070522 1.2000000000 3.7404565674 -0.0106392266 2.5127518248 0.0000000000
4.6765707768 1.2000000000 3.7404497551 -0.0108095236 2.5126564571 0.0000000000
4.6842344989 1.2000000000 3.7404429440 -0.0109807389 2.5125607266 0.0000000000
4.6918982185 1.2000000000 3.7404361370 -0.0111527984 2.5124646746 0.0000000000
4.6995619358 1.2000000000 3.7404293369 -0.0113256279 2.5123683427 0.0000000000
4.7072256511 1.2000000000 3.7404225468 -0.0114991534 2.5122717721 0.0000000000
4.7148893644 1.2000000000 3.7404157696 -0.0116733006 2.5121750042 0.0000000000
4.7225530759 1.2000000000 3.7404090081 -0.0118479954 2.5120780804 0.0000000000
4.7302167859 1.2000000000 3.7404022654 -0.0120231637 2.5119810420 0.0000000000
4.7378804943 1.2000000000 3.7403955443 -0.0121987314 2.5118839306 0.0000000000
4.7455442015 1.2000000000 3.7403888478 -0.0123746243 2.5117867873 0.0000000000
4.7532079076 1.2000000000 3.7403821788 -0.0125507684 2.5116896537 0.0000000000
4.7608716126 1.2000000000 3.7403755402 -0.0127270894 2.5115925711 0.0000000000
4.7685353169 1.2000000000 3.7403689350 -0.0129035132 2.5114955808 0.0000000000
4.7761990206 1.2000000000 3.7403623659 -0.0130799550 2.5113987278 0.0000000000
4.7838627241 1.2000000000 3.7403558352 -0.0132563039 2.5113020655 0.0000000000
4.7915264279 1.2000000000 3.7403493451 -0.0134324447 2.5112056487 0.0000000000
4.7991901322 1.2000000000 3.7403428978 -0.0136082623 2.5111095322 0.0000000000
4.8068538375 1.2000000000 3.7403364953 -0.0137836416 2.5110137708 0.0000000000
4.8145175443 1.2000000000 3.7403301401 -0.0139584676 2.5109184193 0.0000000000
4.8221812529 1.2000000000 3.7403238341 -0.0141326253 2.5108235325 0.0000000000
4.8298449637 1.2000000000 3.7403175797 -0.0143059994 2.5107291652 0.0000000000
4.8375086772 1.2000000000 3.7403113790 -0.0144784749 2.5106353722 0.0000000000
4.8451723937 1.2000000000 3.7403052342 -0.0146499368 2.5105422083 0.0000000000
4.8528361137 1.2000000000 3.7402991475 -0.0148202700 2.5104497283 0.0000000000
4.8604998375 1.2000000000 3.7402931212 -0.0149893593 2.5103579869 0.0000000000
4.8681635656 1.2000000000 3.7402871572 -0.0151570897 2.5102670391 0.0000000000
4.8758272983 1.2000000000 3.7402812580 -0.0153233462 2.5101769395 0.0000000000
4.8834910361 1.2000000000 3.7402754256 -0.0154880135 2.5100877431 0.0000000000
4.8911547794 1.2000000000 3.7402696623 -0.0156509768 2.5099995045 0.0000000000
4.8988185285 1.2000000000 3.7402639702 -0.0158121208 2.5099122786 0.0000000000
4.9064822840 1.2000000000 3.7402583516 -0.0159713305 2.5098261202 0.0000000000
4.9141460461 1.2000000000 3.7402528086 -0.0161284907 2.5097410840 0.0000000000
4.9218098153 1.2000000000 3.7402473434 -0.0162834866 2.5096572249 0.0000000000
4.9294735921 1.2000000000 3.7402419582 -0.0164362028 2.5095745977 0.0000000000
4.9371373767 1.2000000000 3.7402366552 -0.0165865244 2.5094932572 0.0000000000
4.9448011696 1.2000000000 3.7402314367 -0.0167343363 2.5094132581 0.0000000000
4.9524649712 1.2000000000 3.7402263043 -0.0168795314 2.5093346508 0.0000000000
4.9601287815 1.2000000000 3.7402212568 -0.0170220781 2.5092574420 0.0000000000
4.9677926002 1.2000000000 3.7402162908 -0.0171619872 2.5091816144 0.0000000000
4.9754564272 1.2000000000 3.7402114031 -0.0172992699 2.5091071504 0.0000000000
4.9831202621 1.2000000000 3.7402065904 -0.0174339375 2.5090340325 0.0000000000
4.9907841048 1.2000000000 3.7402018493 -0.0175660009 2.5089622429 0.0000000000
4.9984479551 1.2000000000 3.7401971767 -0.0176954716 2.5088917642 0.0000000000
5.0061118127 1.2000000000 3.7401925692 -0.0178223605 2.5088225787 0.0000000000
5.0137756774 1.2000000000 3.7401880236 -0.0179466789 2.5087546687 0.0000000000
5.0214395489 1.2000000000 3.7401835365 -0.0180684380 2.5086880168 0.0000000000
5.0291034272 1.2000000000 3.7401791047 -0.0181876490 2.5086226053 0.0000000000
5.0367673119 1.2000000000 3.7401747249 -0.0183043230 2.5085584166 0.0000000000
5.0444312028 1.2000000000 3.7401703939 -0.0184184712 2.5084954331 0.0000000000
5.0520950996 1.2000000000 3.7401661083 -0.0185301048 2.5084336372 0.0000000000
5.0597590023 1.2000000000 3.7401618648 -0.0186392349 2.5083730113 0.0000000000
5.0674229105 1.2000000000 3.7401576602 -0.0187458728 2.5083135378 0.0000000000
5.0750868240 1.2000000000 3.7401534912 -0.0188500296 2.5082551992 0.0000000000
5.0827507426 1.2000000000 3.7401493546 -0.0189517165 2.5081979777 0.0000000000
5.0904146661 1.2000000000 3.7401452469 -0.0190509447 2.5081418559 0.0000000000
5.0980785943 1.2000000000 3.7401411650 -0.0191477254 2.5080868160 0.0000000000
5.1057425269 1.2000000000 3.7401371058 -0.0192420732 2.5080328398 0.0000000000
5.1134064637 1.2000000000 3.7401330675 -0.0193340371 2.5079799013 0.0000000000
5.1210704046 1.2000000000 3.7401290497 -0.0194236858 2.5079279704 0.0000000000
5.1287343495 1.2000000000 3.7401250515 -0.0195110881 2.5078770169 0.0000000000
5.1363982981 1.2000000000 3.7401210724 -0.0195963127 2.5078270104 0.0000000000
5.1440622504 1.2000000000 3.7401171115 -0.0196794286 2.5077779208 0.0000000000
5.1517262060 1.2000000000 3.7401131684 -0.0197605044 2.5077297178 0.0000000000
5.1593901650 1.2000000000 3.7401092422 -0.0198396091 2.5076823712 0.0000000000
5.1670541271 1.2000000000 3.7401053323 -0.0199168114 2.5076358508 0.0000000000
5.1747180921 1.2000000000 3.7401014381 -0.0199921802 2.5075901263 0.0000000000
5.1823820599 1.2000000000 3.7400975588 -0.0200657842 2.5075451675 0.0000000000
5.1900460304 1.2000000000 3.7400936938 -0.0201376924 2.5075009442 0.0000000000
5.1977100033 1.2000000000 3.7400898424 -0.0202079734 2.5074574261 0.0000000000
5.2053739785 1.2000000000 3.7400860039 -0.0202766961 2.5074145830 0.0000000000
5.2130379559 1.2000000000 3.7400821776 -0.0203439294 2.5073723847 0.0000000000
5.2207019353 1.2000000000 3.7400783629 -0.0204097420 2.5073308010 0.0000000000
5.2283659165 1.2000000000 3.7400745591 -0.0204742027 2.5072898015 0.0000000000
5.2360298993 1.2000000000 3.7400707656 -0.0205373804 2.5072493561 0.0000000000
5.2436938837 1.2000000000 3.7400669817 -0.0205993391 2.5072094374 0.0000000000
5.2513578695 1.2000000000 3.7400632087 -0.0206601066 2.5071700383 0.0000000000
5.2590218567 1.2000000000 3.7400594483 -0.0207196945 2.5071311614 0.0000000000
5.2666858453 1.2000000000 3.7400557022 -0.0207781146 2.5070928089 0.0000000000
5.2743498352 1.2000000000 3.7400519722 -0.0208353782 2.5070549834 0.0000000000
5.2820138264 1.2000000000 3.7400482600 -0.0208914970 2.5070176873 0.0000000000
5.2896778189 1.2000000000 3.7400445675 -0.0209464826 2.5069809229 0.0000000000
5.2973418127 1.2000000000 3.7400408963 -0.0210003465 2.5069446928 0.0000000000
5.3050058076 1.2000000000 3.7400372484 -0.0210531003 2.5069089993 0.0000000000
5.3126698037 1.2000000000 3.7400336253 -0.0211047555 2.5068738449 0.0000000000
5.3203338009 1.2000000000 3.7400300289 -0.0211553238 2.5068392320 0.0000000000
5.3279977993 1.2000000000 3.7400264609 -0.0212048166 2.5068051630 0.0000000000
5.3356617987 1.2000000000 3.7400229231 -0.0212532456 2.5067716404 0.0000000000
5.3433257992 1.2000000000 3.7400194173 -0.0213006223 2.5067386665 0.0000000000
5.3509898006 1.2000000000 3.7400159453 -0.0213469583 2.5067062438 0.0000000000
5.3586538031 1.2000000000 3.7400125087 -0.0213922652 2.5066743747 0.0000000000
5.3663178064 1.2000000000 3.7400091093 -0.0214365546 2.5066430615 0.0000000000
5.3739818107 1.2000000000 3.7400057474 -0.0214798532 2.5066122945 0.0000000000
5.3816458158 1.2000000000 3.7400024204 -0.0215222156 2.5065820412 0.0000000000
5.3893098217 1.2000000000 3.7399991251 -0.0215636994 2.5065522666 0.0000000000
5.3969738283 1.2000000000 3.7399958587 -0.0216043623 2.5065229358 0.0000000000
5.4046378356 1.2000000000 3.7399926181 -0.0216442620 2.5064940138 0.0000000000
5.4123018436 1.2000000000 3.7399894005 -0.0216834562 2.5064654657 0.0000000000
5.4199658520 1.2000000000 3.7399862029 -0.0217220024 2.5064372566 0.0000000000
5.4276298610 1.2000000000 3.7399830222 -0.0217599584 2.5064093514 0.0000000000
5.4352938705 1.2000000000 3.7399798555 -0.0217973819 2.5063817152 0.0000000000
5.4429578803 1.2000000000 3.7399766998 -0.0218343304 2.5063543131 0.0000000000
5.4506218905 1.2000000000 3.7399735522 -0.0218708618 2.5063271101 0.0000000000
5.4582859010 1.2000000000 3.7399704097 -0.0219070335 2.5063000713 0.0000000000
5.4659499117 1.2000000000 3.7399672693 -0.0219429033 2.5062731617 0.0000000000
5.4736139226 1.2000000000 3.7399641280 -0.0219785289 2.5062463464 0.0000000000
5.4812779336 1.2000000000 3.7399609829 -0.0220139679 2.5062195905 0.0000000000
5.4889419447 1.2000000000 3.7399578309 -0.0220492760 2.5061928594 0.0000000000
5.4966059558 1.2000000000 3.7399546684 -0.0220844874 2.5061661248 0.0000000000
5.5042699669 1.2000000000 3.7399514913 -0.0221196230 2.5061393620 0.0000000000
5.5119339781 1.2000000000 3.7399482954 -0.0221547037 2.5061125461 0.0000000000
5.5195979892 1.2000000000 3.7399450766 -0.0221897503 2.5060856524 0.0000000000
5.5272620004 1.2000000000 3.7399418309 -0.0222247836 2.5060586563 0.0000000000
5.5349260114 1.2000000000 3.7399385542 -0.0222598246 2.5060315329 0.0000000000
5.5425900225 1.2000000000 3.7399352423 -0.0222948939 2.5060042575 0.0000000000
5.5502540335 1.2000000000 3.7399318911 -0.0223300126 2.5059768055 0.0000000000
5.5579180444 1.2000000000 3.7399284966 -0.0223652013 2.5059491520 0.0000000000
5.5655820552 1.2000000000 3.7399250547 -0.0224004810 2.5059212723 0.0000000000
5.5732460659 1.2000000000 3.7399215611 -0.0224358724 2.5058931417 0.0000000000
5.5809100764 1.2000000000 3.7399180120 -0.0224713964 2.5058647355 0.0000000000
5.5885740869 1.2000000000 3.7399144031 -0.0225070738 2.5058360288 0.0000000000
5.5962380971 1.2000000000 3.7399107303 -0.0225429256 2.5058069971 0.0000000000
5.6039021073 1.2000000000 3.7399069900 -0.0225789727 2.5057776172 0.0000000000
5.6115661172 1.2000000000 3.7399031820 -0.0226152387 2.5057478784 0.0000000000
5.6192301269 1.2000000000 3.7398993072 -0.0226517482 2.5057177755 0.0000000000
5.6268941364 1.2000000000 3.7398953669 -0.0226885256 2.5056873034 0.0000000000
5.6345581456 1.2000000000 3.7398913622 -0.0227255954 2.5056564569 0.0000000000
5.6422221546 1.2000000000 3.7398872944 -0.0227629823 2.5056252307 0.0000000000
5.6498861632 1.2000000000 3.7398831645 -0.0228007106 2.5055936197 0.0000000000
5.6575501716 1.2000000000 3.7398789737 -0.0228388050 2.5055616187 0.0000000000
5.6652141796 1.2000000000 3.7398747231 -0.0228772899 2.5055292225 0.0000000000
5.6728781872 1.2000000000 3.7398704140 -0.0229161900 2.5054964260 0.0000000000
5.6805421945 1.2000000000 3.7398660474 -0.0229555296 2.5054632239 0.0000000000
5.6882062013 1.2000000000 3.7398616246 -0.0229953333 2.5054296111 0.0000000000
5.6958702077 1.2000000000 3.7398571466 -0.0230356257 2.5053955823 0.0000000000
5.7035342137 1.2000000000 3.7398526147 -0.0230764312 2.5053611324 0.0000000000
5.7111982192 1.2000000000 3.7398480300 -0.0231177746 2.5053262561 0.0000000000
5.7188622242 1.2000000000 3.7398433923 -0.0231596861 2.5052909410 0.0000000000
5.7265262287 1.2000000000 3.7398387004 -0.0232022023 2.5052551667 0.0000000000
5.7341902325 1.2000000000 3.7398339526 -0.0232453607 2.5052189122 0.0000000000
5.7418542357 1.2000000000 3.7398291475 -0.0232891983 2.5051821567 0.0000000000
5.7495182382 1.2000000000 3.7398242835 -0.0233337523 2.5051448790 0.0000000000
5.7571822400 1.2000000000 3.7398193591 -0.0233790600 2.5051070583 0.0000000000
5.7648462409 1.2000000000 3.7398143728 -0.0234251586 2.5050686737 0.0000000000
5.7725102409 1.2000000000 3.7398093230 -0.0234720852 2.5050297040 0.0000000000
5.7801742401 1.2000000000 3.7398042083 -0.0235198772 2.5049901285 0.0000000000
5.7878382383 1.2000000000 3.7397990272 -0.0235685716 2.5049499261 0.0000000000
5.7955022355 1.2000000000 3.7397937780 -0.0236182056 2.5049090759 0.0000000000
5.8031662316 1.2000000000 3.7397884594 -0.0236688166 2.5048675568 0.0000000000
5.8108302266 1.2000000000 3.7397830697 -0.0237204417 2.5048253480 0.0000000000
5.8184942204 1.2000000000 3.7397776075 -0.0237731176 2.5047824290 0.0000000000
5.8261582131 1.2000000000 3.7397720739 -0.0238268666 2.5047387951 0.0000000000
5.8338222044 1.2000000000 3.7397664729 -0.0238816939 2.5046944602 0.0000000000
5.8414861946 1.2000000000 3.7397608087 -0.0239376035 2.5046494393 0.0000000000
5.8491501834 1.2000000000 3.7397550853 -0.0239945998 2.5046037474 0.0000000000
5.8568141708 1.2000000000 3.7397493070 -0.0240526869 2.5045573995 0.0000000000
5.8644781569 1.2000000000 3.7397434780 -0.0241118688 2.5045104106 0.0000000000
5.8721421416 1.2000000000 3.7397376024 -0.0241721499 2.5044627956 0.0000000000
5.8798061248 1.2000000000 3.7397316843 -0.0242335343 2.5044145696 0.0000000000
5.8874701066 1.2000000000 3.7397257280 -0.0242960261 2.5043657476 0.0000000000
5.8951340868 1.2000000000 3.7397197376 -0.0243596295 2.5043163446 0.0000000000
5.9027980655 1.2000000000 3.7397137172 -0.0244243487 2.5042663755 0.0000000000
5.9104620426 1.2000000000 3.7397076711 -0.0244901878 2.5042158554 0.0000000000
5.9181260181 1.2000000000 3.7397016034 -0.0245571511 2.5041647992 0.0000000000
5.9257899920 1.2000000000 3.7396955167 -0.0246252420 2.5041132162 0.0000000000
5.9334539641 1.2000000000 3.7396894002 -0.0246944594 2.5040610630 0.0000000000
5.9411179346 1.2000000000 3.7396832354 -0.0247647989 2.5040082681 0.0000000000
5.9487819034 1.2000000000 3.7396770041 -0.0248362566 2.5039547598 0.0000000000
5.9564458705 1.2000000000 3.7396706879 -0.0249088284 2.5039004663 0.0000000000
5.9641098357 1.2000000000 3.7396642685 -0.0249825100 2.5038453159 0.0000000000
5.9717737993 1.2000000000 3.7396577274 -0.0250572974 2.5037892369 0.0000000000
5.9794377610 1.2000000000 3.7396510465 -0.0251331864 2.5037321574 0.0000000000
5.9871017209 1.2000000000 3.7396442072 -0.0252101730 2.5036740058 0.0000000000
5.9947656790 1.2000000000 3.7396371914 -0.0252882531 2.5036147103 0.0000000000
6.0024296352 1.2000000000 3.7396299805 -0.0253674224 2.5035541992 0.0000000000
6.0100935895 1.2000000000 3.7396225564 -0.0254476770 2.5034924007 0.0000000000
6.0177575419 1.2000000000 3.7396149027 -0.0255290191 2.5034292490 0.0000000000
6.0254214922 1.2000000000 3.7396070284 -0.0256115265 2.5033647489 0.0000000000
6.0330854401 1.2000000000 3.7395989589 -0.0256953265 2.5032989509 0.0000000000
6.0407493853 1.2000000000 3.7395907198 -0.0257805470 2.5032319065 0.0000000000
6.0484133275 1.2000000000 3.7395823368 -0.0258673160 2.5031636670 0.0000000000
6.0560772664 1.2000000000 3.7395738356 -0.0259557616 2.5030942839 0.0000000000
6.0637412016 1.2000000000 3.7395652418 -0.0260460118 2.5030238087 0.0000000000
6.0714051330 1.2000000000 3.7395565811 -0.0261381946 2.5029522926 0.0000000000
6.0790690601 1.2000000000 3.7395478791 -0.0262324379 2.5028797872 0.0000000000
6.0867329827 1.2000000000 3.7395391615 -0.0263288699 2.5028063439 0.0000000000
6.0943969005 1.2000000000 3.7395304538 -0.0264276185 2.5027320140 0.0000000000
6.1020608131 1.2000000000 3.7395217819 -0.0265288117 2.5026568490 0.0000000000
6.1097247204 1.2000000000 3.7395131660 -0.0266325596 2.5025808862 0.0000000000
6.1173886222 1.2000000000 3.7395045862 -0.0267388370 2.5025040560 0.0000000000
6.1250525187 1.2000000000 3.7394960043 -0.0268475571 2.5024262403 0.0000000000
6.1327164098 1.2000000000 3.7394873819 -0.0269586327 2.5023473207 0.0000000000
6.1403802957 1.2000000000 3.7394786808 -0.0270719767 2.5022671786 0.0000000000
6.1480441764 1.2000000000 3.7394698626 -0.0271875018 2.5021856958 0.0000000000
6.1557080521 1.2000000000 3.7394608890 -0.0273051208 2.5021027537 0.0000000000
6.1633719226 1.2000000000 3.7394517217 -0.0274247467 2.5020182340 0.0000000000
6.1710357882 1.2000000000 3.7394423223 -0.0275462922 2.5019320182 0.0000000000
6.1786996488 1.2000000000 3.7394326525 -0.0276696702 2.5018439879 0.0000000000
6.1863635046 1.2000000000 3.7394226740 -0.0277947934 2.5017540246 0.0000000000
6.1940273556 1.2000000000 3.7394123485 -0.0279215748 2.5016620100 0.0000000000
6.2016912019 1.2000000000 3.7394016447 -0.0280499486 2.5015678453 0.0000000000
6.2093550429 1.2000000000 3.7393905879 -0.0281800211 2.5014715894 0.0000000000
6.2170188782 1.2000000000 3.7393792304 -0.0283119799 2.5013733759 0.0000000000
6.2246827072 1.2000000000 3.7393676246 -0.0284460137 2.5012733390 0.0000000000
6.2323465294 1.2000000000 3.7393558228 -0.0285823108 2.5011716129 0.0000000000
6.2400103440 1.2000000000 3.7393438774 -0.0287210596 2.5010683319 0.0000000000
6.2476741506 1.2000000000 3.7393318409 -0.0288624485 2.5009636302 0.0000000000
6.2553379486 1.2000000000 3.7393197656 -0.0290066660 2.5008576420 0.0000000000
6.2630017374 1.2000000000 3.7393077039 -0.0291539005 2.5007505016 0.0000000000
6.2706655165 1.2000000000 3.7392957076 -0.0293043384 2.5006423411 0.0000000000
6.2783292854 1.2000000000 3.7392837939 -0.0294580658 2.5005331952 0.0000000000
6.2859930441 1.2000000000 3.7392719300 -0.0296150231 2.5004229570 0.0000000000
6.2936567926 1.2000000000 3.7392600796 -0.0297751396 2.5003115085 0.0000000000
6.3013205307 1.2000000000 3.7392482059 -0.0299383443 2.5001987318 0.0000000000
6.3089842586 1.2000000000 3.7392362724 -0.0301045665 2.5000845089 0.0000000000
6.3166479760 1.2000000000 3.7392242424 -0.0302737352 2.4999687217 0.0000000000
6.3243116831 1.2000000000 3.7392120796 -0.0304457796 2.4998512524 0.0000000000
6.3319753796 1.2000000000 3.7391997471 -0.0306206288 2.4997319830 0.0000000000
6.3396390657 1.2000000000 3.7391872085 -0.0307982120 2.4996107954 0.0000000000
6.3473027412 1.2000000000 3.7391744287 -0.0309784600 2.4994875768 0.0000000000
6.3549664060 1.2000000000 3.7391614197 -0.0311613573 2.4993623817 0.0000000000
6.3626300600 1.2000000000 3.7391482496 -0.0313469526 2.4992354632 0.0000000000
6.3702937031 1.2000000000 3.7391349898 -0.0315352981 2.4991070860 0.0000000000
6.3779573349 1.2000000000 3.7391217118 -0.0317264462 2.4989775149 0.0000000000
6.3856209555 1.2000000000 3.7391084870 -0.0319204490 2.4988470146 0.0000000000
6.3932845645 1.2000000000 3.7390953868 -0.0321173590 2.4987158498 0.0000000000
6.4009481619 1.2000000000 3.7390824766 -0.0323172338 2.4985842589 0.0000000000
6.4086117466 1.2000000000 3.7390697249 -0.0325202192 2.4984520579 0.0000000000
6.4162753171 1.2000000000 3.7390570228 -0.0327265312 2.4983187249 0.0000000000
6.4239388720 1.2000000000 3.7390442593 -0.0329363878 2.4981837283 0.0000000000
6.4316024096 1.2000000000 3.7390313233 -0.0331500070 2.4980465366 0.0000000000
6.4392659285 1.2000000000 3.7390181037 -0.0333676069 2.4979066183 0.0000000000
6.4469294272 1.2000000000 3.7390044908 -0.0335893986 2.4977634499 0.0000000000
6.4545929056 1.2000000000 3.7389904261 -0.0338153271 2.4976168196 0.0000000000
6.4622563657 1.2000000000 3.7389759176 -0.0340449923 2.4974669196 0.0000000000
6.4699198093 1.2000000000 3.7389609779 -0.0342779713 2.4973139693 0.0000000000
6.4775832385 1.2000000000 3.7389456195 -0.0345138409 2.4971581877 0.0000000000
6.4852466554 1.2000000000 3.7389298548 -0.0347521781 2.4969997940 0.0000000000
6.4929100603 1.2000000000 3.7389137207 -0.0349928559 2.4968389865 0.0000000000
6.5005734473 1.2000000000 3.7388973489 -0.0352368999 2.4966758818 0.0000000000
6.5082368093 1.2000000000 3.7388808942 -0.0354856160 2.4965105766 0.0000000000
6.5159001388 1.2000000000 3.7388645114 -0.0357403099 2.4963431676 0.0000000000
6.5235634287 1.2000000000 3.7388483551 -0.0360022871 2.4961737517 0.0000000000
6.5312266754 1.2000000000 3.7388325228 -0.0362721361 2.4960024828 0.0000000000
6.5388898874 1.2000000000 3.7388169426 -0.0365483325 2.4958296835 0.0000000000
6.5465530752 1.2000000000 3.7388015118 -0.0368289647 2.4956557075 0.0000000000
6.5542162491 1.2000000000 3.7387861277 -0.0371121211 2.4954809082 0.0000000000
6.5618794188 1.2000000000 3.7387706875 -0.0373960386 2.4953055807 0.0000000000
6.5695425806 1.2000000000 3.7387550921 -0.0376811569 2.4951291516 0.0000000000
6.5772057209 1.2000000000 3.7387392444 -0.0379696009 2.4949503832 0.0000000000
6.5848688258 1.2000000000 3.7387230476 -0.0382635382 2.4947680211 0.0000000000
6.5925318812 1.2000000000 3.7387064054 -0.0385651299 2.4945808158 0.0000000000
6.6001948813 1.2000000000 3.7386893286 -0.0388753063 2.4943884381 0.0000000000
6.6078578372 1.2000000000 3.7386720578 -0.0391923547 2.4941925352 0.0000000000
6.6155207624 1.2000000000 3.7386548631 -0.0395142195 2.4939950108 0.0000000000
6.6231836702 1.2000000000 3.7386380150 -0.0398388465 2.4937977674 0.0000000000
6.6308465680 1.2000000000 3.7386217142 -0.0401650829 2.4936020695 0.0000000000
6.6385094455 1.2000000000 3.7386059664 -0.0404943074 2.4934073887 0.0000000000
6.6461722897 1.2000000000 3.7385907435 -0.0408283393 2.4932128844 0.0000000000
6.6538350877 1.2000000000 3.7385760159 -0.0411689855 2.4930177154 0.0000000000
6.6614978349 1.2000000000 3.7385616144 -0.0415168256 2.4928209734 0.0000000000
6.6691605424 1.2000000000 3.7385471161 -0.0418702056 2.4926216281 0.0000000000
6.6768232229 1.2000000000 3.7385320710 -0.0422272342 2.4924186363 0.0000000000
6.6844858849 1.2000000000 3.7385161847 -0.0425866168 2.4922113381 0.0000000000
6.6921485105 1.2000000000 3.7385000943 -0.0429506329 2.4920013700 0.0000000000
6.6998110723 1.2000000000 3.7384847822 -0.0433228871 2.4917912198 0.0000000000
6.7074735460 1.2000000000 3.7384711446 -0.0437065758 2.4915831942 0.0000000000
6.7151359440 1.2000000000 3.7384590644 -0.0441000985 2.4913774643 0.0000000000
6.7227983026 1.2000000000 3.7384477677 -0.0444987473 2.4911728180 0.0000000000
6.7304606581 1.2000000000 3.7384364795 -0.0448978072 2.4909680412 0.0000000000
6.7381230211 1.2000000000 3.7384251359 -0.0452958388 2.4907634540 0.0000000000
6.7457853598 1.2000000000 3.7384148517 -0.0456968321 2.4905619201 0.0000000000
6.7534476387 1.2000000000 3.7384067955 -0.0461052293 2.4903663364 0.0000000000
6.7611098340 1.2000000000 3.7384003373 -0.0465236359 2.4901731410 0.0000000000
6.7687719354 1.2000000000 3.7383927353 -0.0469525003 2.4899711870 0.0000000000
6.7764339376 1.2000000000 3.7383815808 -0.0473917710 2.4897508610 0.0000000000
6.7840958758 1.2000000000 3.7383688571 -0.0478377535 2.4895215732 0.0000000000
6.7917578079 1.2000000000 3.7383590056 -0.0482847159 2.4893033819 0.0000000000
6.7994197644 1.2000000000 3.7383543384 -0.0487296252 2.4891067496 0.0000000000
6.8070817016 1.2000000000 3.7383513628 -0.0491767757 2.4889159870 0.0000000000
6.8147435669 1.2000000000 3.7383459708 -0.0496313509 2.4887125888 0.0000000000
6.8224053460 1.2000000000 3.7383380723 -0.0500947485 2.4884956360 0.0000000000
6.8300670492 1.2000000000 3.7383301352 -0.0505659565 2.4882754041 0.0000000000
6.8377286851 1.2000000000 3.7383241358 -0.0510441144 2.4880601435 0.0000000000
6.8453902528 1.2000000000 3.7383197967 -0.0515291675 2.4878487660 0.0000000000
6.8530517492 1.2000000000 3.7383162437 -0.0520212744 2.4876377112 0.0000000000
6.8607131713 1.2000000000 3.7383126026 -0.0525205936 2.4874234190 0.0000000000
6.8683745161 1.2000000000 3.7383080275 -0.0530272609 2.4872024516 0.0000000000
6.8760357908 1.2000000000 3.7383027911 -0.0535405088 2.4869762069 0.0000000000
6.8836970156 1.2000000000 3.7382986289 -0.0540583889 2.4867524061 0.0000000000
6.8913582116 1.2000000000 3.7382973751 -0.0545788730 2.4865391974 0.0000000000
6.8990194000 1.2000000000 3.7383008614 -0.0550999390 2.4863447159 0.0000000000
6.9066805695 1.2000000000 3.7383095942 -0.0556224936 2.4861706256 0.0000000000
6.9143416245 1.2000000000 3.7383206143 -0.0561551062 2.4860016607 0.0000000000
6.9220025034 1.2000000000 3.7383313163 -0.0567033308 2.4858251789 0.0000000000
6.9296633050 1.2000000000 3.7383421871 -0.0572583465 2.4856466557 0.0000000000
6.9373240948 1.2000000000 3.7383535613 -0.0578142701 2.4854697831 0.0000000000
6.9449847867 1.2000000000 3.7383640073 -0.0583786137 2.4852858297 0.0000000000
6.9526453293 1.2000000000 3.7383740484 -0.0589556058 2.4850951974 0.0000000000
6.9603057447 1.2000000000 3.7383869395 -0.0595426847 2.4849119303 0.0000000000
6.9679661097 1.2000000000 3.7384034132 -0.0601333099 2.4847415750 0.0000000000
6.9756265379 1.2000000000 3.7384215330 -0.0607184361 2.4845800035 0.0000000000
6.9832869729 1.2000000000 3.7384400934 -0.0613029609 2.4844204352 0.0000000000
6.9909472448 1.2000000000 3.7384588463 -0.0619007494 2.4842563314 0.0000000000
6.9986072205 1.2000000000 3.7384789555 -0.0625213756 2.4840885177 0.0000000000
7.0062669686 1.2000000000 3.7385021414 -0.0631587834 2.4839262983 0.0000000000
7.0139267579 1.2000000000 3.7385300647 -0.0637918403 2.4837847689 0.0000000000
7.0215865584 1.2000000000 3.7385611464 -0.0644231379 2.4836565766 0.0000000000
7.0292462036 1.2000000000 3.7385923035 -0.0650660832 2.4835240266 0.0000000000
7.0369056985 1.2000000000 3.7386219626 -0.0657205564 2.4833808741 0.0000000000
7.0445651324 1.2000000000 3.7386502073 -0.0663798538 2.4832301336 0.0000000000
7.0522245753 1.2000000000 3.7386790365 -0.0670383552 2.4830820498 0.0000000000
7.0598838067 1.2000000000 3.7387111889 -0.0677111285 2.4829415503 0.0000000000
7.0675426562 1.2000000000 3.7387452095 -0.0684100100 2.4827980801 0.0000000000
7.0752012531 1.2000000000 3.7387795123 -0.0691258892 2.4826489397 0.0000000000
7.0828601472 1.2000000000 3.7388185980 -0.0698200995 2.4825275981 0.0000000000
7.0905187747 1.2000000000 3.7388565372 -0.0705323260 2.4823944646 0.0000000000
7.0981769709 1.2000000000 3.7388926007 -0.0712741600 2.4822419849 0.0000000000
7.1058353757 1.2000000000 3.7389364495 -0.0719995942 2.4821272063 0.0000000000
7.1134934631 1.2000000000 3.7389877967 -0.0727425512 2.4820354125 0.0000000000
7.1211515500 1.2000000000 3.7390349653 -0.0734873710 2.4819261587 0.0000000000
7.1288094345 1.2000000000 3.7390786149 -0.0742462106 2.4817972213 0.0000000000
7.1364666811 1.2000000000 3.7391229995 -0.0750443026 2.4816555229 0.0000000000
7.1441237452 1.2000000000 3.7391671475 -0.0758531797 2.4815085643 0.0000000000
7.1517808610 1.2000000000 3.7392199752 -0.0766558389 2.4813988113 0.0000000000
7.1594375127 1.2000000000 3.7392683963 -0.0774872516 2.4812599306 0.0000000000
7.1670943818 1.2000000000 3.7393229276 -0.0783035712 2.4811515279 0.0000000000
7.1747509763 1.2000000000 3.7393780721 -0.0791351828 2.4810394612 0.0000000000
7.1824074061 1.2000000000 3.7394271035 -0.0799796082 2.4808978167 0.0000000000
7.1900629876 1.2000000000 3.7394820656 -0.0808672200 2.4807626203 0.0000000000
7.1977180973 1.2000000000 3.7395431570 -0.0817784053 2.4806425121 0.0000000000
7.2053738641 1.2000000000 3.7396082022 -0.0826528833 2.4805529017 0.0000000000
7.2130286123 1.2000000000 3.7396714866 -0.0835816116 2.4804345478 0.0000000000
7.2206829771 1.2000000000 3.7397348726 -0.0845301759 2.4803086660 0.0000000000
7.2283378091 1.2000000000 3.7398047697 -0.0854518952 2.4802195668 0.0000000000
7.2359926368 1.2000000000 3.7398664758 -0.0863777392 2.4800960535 0.0000000000
7.2436457930 1.2000000000 3.7399304805 -0.0873845315 2.4799493553 0.0000000000
7.2512983210 1.2000000000 3.7400018102 -0.0884187284 2.4798209953 0.0000000000
7.2589517473 1.2000000000 3.7400763929 -0.0894085578 2.4797233943 0.0000000000
7.2666050065 1.2000000000 3.7401406686 -0.0904108565 2.4795795777 0.0000000000
7.2742579441 1.2000000000 3.7402066264 -0.0914264856 2.4794371573 0.0000000000
7.2819089375 1.2000000000 3.7402773264 -0.0925288427 2.4792790146 0.0000000000
7.2895612003 1.2000000000 3.7403513838 -0.0935731735 2.4791575119 0.0000000000
7.2972129920 1.2000000000 3.7404225497 -0.0946405067 2.4790152422 0.0000000000
7.3048631118 1.2000000000 3.7405017258 -0.0957770328 2.4788773360 0.0000000000
7.3125141868 1.2000000000 3.7405815309 -0.0968721925 2.4787584926 0.0000000000
7.3201641877 1.2000000000 3.7406504046 -0.0980180342 2.4785756506 0.0000000000
7.3278117528 1.2000000000 3.7407327144 -0.0992565445 2.4784094857 0.0000000000
7.3354618507 1.2000000000 3.7408226304 -0.1003868196 2.4783170399 0.0000000000
7.3431104401 1.2000000000 3.7409031615 -0.1015842072 2.4781602093 0.0000000000
7.3507574878 1.2000000000 3.7409892502 -0.1028386659 2.4780027803 0.0000000000
7.3584054651 1.2000000000 3.7410733527 -0.1040595049 2.4778508548 0.0000000000
7.3660520654 1.2000000000 3.7411577144 -0.1053336403 2.4776786473 0.0000000000
7.3736985913 1.2000000000 3.7412467919 -0.1066084229 2.4775250443 0.0000000000
7.3813434882 1.2000000000 3.7413328805 -0.1079413113 2.4773362437 0.0000000000
7.3889896682 1.2000000000 3.7414348831 -0.1092210192 2.4772323707 0.0000000000
7.3966335823 1.2000000000 3.7415222931 -0.1105889866 2.4770348237 0.0000000000
7.4042768601 1.2000000000 3.7416217722 -0.1119755757 2.4768781047 0.0000000000
7.4119216222 1.2000000000 3.7417095890 -0.1133155424 2.4766933850 0.0000000000
7.4195626575 1.2000000000 3.7417961637 -0.1147811028 2.4764534596 0.0000000000
7.4272033452 1.2000000000 3.7418778789 -0.1162577876 2.4761896467 0.0000000000
7.4348426597 1.2000000000 3.7419627325 -0.1177802525 2.4759200752 0.0000000000
7.4424812646 1.2000000000 3.7420529475 -0.1193224245 2.4756640661 0.0000000000
7.4501204704 1.2000000000 3.7421499551 -0.1208437607 2.4754435623 0.0000000000
7.4577597472 1.2000000000 3.7422322855 -0.1223680174 2.4751631812 0.0000000000
7.4653953743 1.2000000000 3.7423259934 -0.1239991719 2.4748855509 0.0000000000
7.4730309257 1.2000000000 3.7424108517 -0.1256354604 2.4745704685 0.0000000000
7.4806660587 1.2000000000 3.7425152625 -0.1272769596 2.4743315122 0.0000000000
7.4883015787 1.2000000000 3.7426147895 -0.1289084948 2.4740770062 0.0000000000
7.4959355378 1.2000000000 3.7427182234 -0.1305841186 2.4738204922 0.0000000000
7.5035706414 1.2000000000 3.7428175468 -0.1322248117 2.4735615087 0.0000000000
7.5112029036 1.2000000000 3.7429229725 -0.1339462201 2.4732946481 0.0000000000
7.5188343281 1.2000000000 3.7430272436 -0.1356920722 2.4730133916 0.0000000000
7.5264652482 1.2000000000 3.7431084225 -0.1374591640 2.4726312705 0.0000000000
7.5340913749 1.2000000000 3.7432111495 -0.1393380305 2.4722906317 0.0000000000
7.5417234482 1.2000000000 3.7433055482 -0.1410710361 2.4719750244 0.0000000000
7.5493512507 1.2000000000 3.7434132919 -0.1429003763 2.4716742633 0.0000000000
7.5569781924 1.2000000000 3.7435150737 -0.1447421621 2.4713446760 0.0000000000
7.5646034603 1.2000000000 3.7436372802 -0.1466390558 2.4710747444 0.0000000000
7.5722290852 1.2000000000 3.7437392658 -0.1485374181 2.4707233419 0.0000000000
7.5798514725 1.2000000000 3.7438410167 -0.1505143006 2.4703395925 0.0000000000
7.5874764480 1.2000000000 3.7439576757 -0.1524230377 2.4700427337 0.0000000000
7.5950976632 1.2000000000 3.7440472515 -0.1544101664 2.4696061853 0.0000000000
7.6027176487 1.2000000000 3.7441586804 -0.1564412516 2.4692394671 0.0000000000
7.6103380890 1.2000000000 3.7442546413 -0.1584674031 2.4688128499 0.0000000000
7.6179551515 1.2000000000 3.7443494133 -0.1605581929 2.4683556220 0.0000000000
7.6255678281 1.2000000000 3.7444310675 -0.1627109893 2.4678211204 0.0000000000
7.6331869183 1.2000000000 3.7445266520 -0.1647681741 2.4673805843 0.0000000000
7.6408023588 1.2000000000 3.7446097117 -0.1669105417 2.4668558761 0.0000000000
7.6484189051 1.2000000000 3.7446845887 -0.1690298546 2.4663076592 0.0000000000
7.6560164408 1.2000000000 3.7447431849 -0.1715431531 2.4655367244 0.0000000000
7.6636325636 1.2000000000 3.7448462064 -0.1736657362 2.4650997774 0.0000000000
7.6712415460 1.2000000000 3.7449182263 -0.1759502012 2.4644740707 0.0000000000
7.6788461690 1.2000000000 3.7449739200 -0.1783280949 2.4637456879 0.0000000000
7.6863889783 1.2000000000 3.7449239251 -0.1814087305 2.4623134544 0.0000000000
7.6940059149 1.2000000000 3.7450260355 -0.1834993888 2.4618856327 0.0000000000
7.7016145390 1.2000000000 3.7450875743 -0.1857923849 2.4612145895 0.0000000000
7.7092169282 1.2000000000 3.7451181571 -0.1882152523 2.4603677735 0.0000000000
7.7168143306 1.2000000000 3.7451297789 -0.1907383266 2.4594050308 0.0000000000
7.7244039946 1.2000000000 3.7451249250 -0.1933986776 2.4583214749 0.0000000000
7.7319881480 1.2000000000 3.7450936749 -0.1961550329 2.4570939324 0.0000000000
7.7395671019 1.2000000000 3.7450167447 -0.1988563326 2.4557056919 0.0000000000
7.7471206954 1.2000000000 3.7449653832 -0.2020364612 2.4542281945 0.0000000000
7.7546844544 1.2000000000 3.7448800030 -0.2049998993 2.4527012983 0.0000000000
7.7622379369 1.2000000000 3.7447729689 -0.2081380671 2.4510178950 0.0000000000
7.7696205413 1.2000000000 3.7447725085 -0.2112385805 2.4497758479 0.0000000000
7.7771627357 1.2000000000 3.7445470458 -0.2145875843 2.4475343957 0.0000000000
7.7846768453 1.2000000000 3.7442616817 -0.2182875363 2.4449129585 0.0000000000
7.7921714873 1.2000000000 3.7439318862 -0.2222031028 2.4420275497 0.0000000000
7.7996469001 1.2000000000 3.7435845327 -0.2263351532 2.4389853155 0.0000000000
7.8070951056 1.2000000000 3.7431861900 -0.2307380428 2.4356307888 0.0000000000
7.8145190390 1.2000000000 3.7427631075 -0.2353735501 2.4320842562 0.0000000000
7.8219118887 1.2000000000 3.7422962968 -0.2402849935 2.4282524359 0.0000000000
7.8292794387 1.2000000000 3.7417924061 -0.2454100477 2.4241868515 0.0000000000
7.8365704298 1.2000000000 3.7412439401 -0.2509101915 2.4197929297 0.0000000000
7.8437376139 1.2000000000 3.7406939367 -0.2567932745 2.4152396832 0.0000000000
7.8509306659 1.2000000000 3.7402031369 -0.2622566846 2.4110911196 0.0000000000
7.8580664445 1.2000000000 3.7394753091 -0.2688168185 2.4055557551 0.0000000000
7.8647911439 1.2000000000 3.7385585089 -0.2774139878 2.3984496865 0.0000000000
7.8715092195 1.2000000000 3.7375894049 -0.2859832391 2.3911455702 0.0000000000
7.8779449580 1.2000000000 3.7365343038 -0.2958681887 2.3829711858 0.0000000000
7.8840558028 1.2000000000 3.7352363988 -0.3066770929 2.3734560041 0.0000000000
7.8884089651 1.2000000000 3.7336185669 -0.3219024142 2.3608945481 0.0000000000
7.8919946930 1.2000000000 3.7320785517 -0.3383792401 2.3481437567 0.0000000000
7.8949521439 1.2000000000 3.7305464177 -0.3556201544 2.3351188553 0.0000000000
7.8972253261 1.2000000000 3.7291328978 -0.3735672906 2.3222859211 0.0000000000
7.8989639110 1.2000000000 3.7277797255 -0.3919147260 2.3095342577 0.0000000000
7.9002769925 1.2000000000 3.7265199892 -0.4105251657 2.2970511367 0.0000000000
7.9013010204 1.2000000000 3.7253253254 -0.4292761192 2.2847721000 0.0000000000
7.9020409303 1.2000000000 3.7241662325 -0.4481238910 2.2725966196 0.0000000000
7.9025690537 1.2000000000 3.7230962311 -0.4670498576 2.2607462273 0.0000000000
7.9029665466 1.2000000000 3.7220826315 -0.4860151592 2.2491057082 0.0000000000
7.9032713987 1.2000000000 3.7211071913 -0.5050039529 2.2376084302 0.0000000000
7.9035050949 1.2000000000 3.7201997483 -0.5240200850 2.2263722051 0.0000000000
7.9036880923 1.2000000000 3.7193228517 -0.5430485507 2.2152532325 0.0000000000
7.9038326859 1.2000000000 3.7185005244 -0.5620944114 2.2043455793 0.0000000000
7.9039494029 1.2000000000 3.7177100000 -0.5811500000 2.1935612460 0.0000000000
7.9039839529 1.2000000000 3.7174500000 -0.5876750000 2.1899112460 0.0000000000
7.9041666426 1.2000000000 3.7158290851 -0.6313720817 2.1659487538 0.0000000000
7.9042955089 1.2000000000 3.7143690019 -0.6751072421 2.1426143567 0.0000000000
7.9044023044 1.2000000000 3.7130193414 -0.7188652706 2.1197125033 0.0000000000
7.9045025038 1.2000000000 3.7116679789 -0.7626227087 2.0968040783 0.0000000000
7.9045986833 1.2000000000 3.7103493441 -0.8063865109 2.0740240182 0.0000000000
7.9046930699 1.2000000000 3.7091318057 -0.8501690199 2.0516408610 0.0000000000
7.9047882986 1.2000000000 3.7079134119 -0.8939512677 2.0292543864 0.0000000000
7.9048837851 1.2000000000 3.7067127859 -0.9377361076 2.0069379467 0.0000000000
7.9049824753 1.2000000000 3.7055426641 -0.9815200259 1.9847438922 0.0000000000
7.9050899728 1.2000000000 3.7043710901 -1.0252418116 1.9625688818 0.0000000000
7.9052205482 1.2000000000 3.7032545683 -1.0682539746 1.9408979293 0.0000000000
7.9055991160 1.2000000000 3.7037416423 -1.0557226692 1.9478587477 0.0000000000
7.9057700489 1.2000000000 3.7049003476 -1.0143715656 1.9690340100 0.0000000000
7.9059843307 1.2000000000 3.7060989803 -0.9705493741 1.9913574176 0.0000000000
7.9063858262 1.2000000000 3.7072808767 -0.9267712462 2.0135962544 0.0000000000
7.9071631267 1.2000000000 3.7084647174 -0.8830049182 2.0358381483 0.0000000000
7.9102350303 1.2000000000 3.7083152504 -0.8802456607 2.0363439832 0.0000000000
7.9117910898 1.2000000000 3.7070265127 -0.9230049345 2.0140853230 0.0000000000
7.9131666907 1.2000000000 3.7057787782 -0.9664763875 1.9917058037 0.0000000000
7.9146210765 1.2000000000 3.7045593959 -1.0101123091 1.9693739060 0.0000000000
7.9161603363 1.2000000000 3.7033616542 -1.0537306114 1.9471356183 0.0000000000
7.9177138111 1.2000000000 3.7021938360 -1.0973497509 1.9250166898 0.0000000000
7.9192246808 1.2000000000 3.7010266349 -1.1409781776 1.9028965145 0.0000000000
7.9206760073 1.2000000000 3.6998521609 -1.1846180067 1.8807426869 0.0000000000
7.9220631007 1.2000000000 3.6986373332 -1.2282639532 1.8584249975 0.0000000000
7.9233845445 1.2000000000 3.6974744416 -1.2719314844 1.8363064189 0.0000000000
7.9246401825 1.2000000000 3.6963479835 -1.3156171229 1.8143263310 0.0000000000
7.9258285496 1.2000000000 3.6951994971 -1.3593109385 1.7922548591 0.0000000000
7.9269581707 1.2000000000 3.6940730497 -1.4030180790 1.7702662132 0.0000000000
7.9280330107 1.2000000000 3.6929336035 -1.4467317541 1.7482229583 0.0000000000
7.9290489025 1.2000000000 3.6917388728 -1.4904449845 1.7259587436 0.0000000000
7.9300086277 1.2000000000 3.6905451965 -1.5341663435 1.7036954946 0.0000000000
7.9309169138 1.2000000000 3.6893888821 -1.5779008071 1.6815764514 0.0000000000
7.9317851131 1.2000000000 3.6882436282 -1.6216422276 1.6594988680 0.0000000000
7.9326157731 1.2000000000 3.6870790138 -1.6653849744 1.6373433116 0.0000000000
7.9333842439 1.2000000000 3.6859202463 -1.7091358059 1.6152079091 0.0000000000
7.9341146536 1.2000000000 3.6846780503 -1.7528764096 1.5927428833 0.0000000000
7.9348150960 1.2000000000 3.6835032918 -1.7966317374 1.5705417182 0.0000000000
7.9354873165 1.2000000000 3.6823181268 -1.8403880764 1.5482985227 0.0000000000
7.9361349589 1.2000000000 3.6811739373 -1.8841535905 1.5262155592 0.0000000000
7.9367584722 1.2000000000 3.6799122268 -1.9279010532 1.5036697320 0.0000000000
7.9373628899 1.2000000000 3.6786937718 -1.9716578504 1.4812931929 0.0000000000
7.9379468316 1.2000000000 3.6774887092 -2.0154186788 1.4589686111 0.0000000000
7.9385160849 1.2000000000 3.6763043907 -2.0591843255 1.4367250788 0.0000000000
7.9390674149 1.2000000000 3.6750141720 -2.1029326372 1.4140648792 0.0000000000
7.9396032600 1.2000000000 3.6738040027 -2.1466964339 1.3917186832 0.0000000000
7.9401236537 1.2000000000 3.6725538630 -2.1904543840 1.3692149445 0.0000000000
7.9406265617 1.2000000000 3.6712802251 -2.2342092094 1.3466184627 0.0000000000
7.9411079140 1.2000000000 3.6700212395 -2.2779683010 1.3240788838 0.0000000000
7.9415610956 1.2000000000 3.6687671671 -2.3217302396 1.3015578185 0.0000000000
7.9419938103 1.2000000000 3.6674842482 -2.3654878912 1.2789230825 0.0000000000
7.9424256837 1.2000000000 3.6661995551 -2.4092455160 1.2562812602 0.0000000000
7.9428597421 1.2000000000 3.6648974039 -2.4529996065 1.2335710189 0.0000000000
7.9432898598 1.2000000000 3.6636417964 -2.4967625949 1.2110433936 0.0000000000
7.9437169720 1.2000000000 3.6623176374 -2.5405131191 1.1882465480 0.0000000000
7.9441422315 1.2000000000 3.6610061794 -2.5842662962 1.1654994450 0.0000000000
7.9445670443 1.2000000000 3.6596443014 -2.6280097756 1.1425545414 0.0000000000
7.9449919139 1.2000000000 3.6583148847 -2.6717593106 1.1197370605 0.0000000000
7.9454171315 1.2000000000 3.6570452649 -2.7155200420 1.0971542889 0.0000000000
7.9458414642 1.2000000000 3.6556438987 -2.7592555546 1.0740546188 0.0000000000
7.9462616400 1.2000000000 3.6543202699 -2.8030067514 1.0512596250 0.0000000000
7.9466717708 1.2000000000 3.6529384881 -2.8467469210 1.0282364300 0.0000000000
7.9470636280 1.2000000000 3.6515864605 -2.8904941025 1.0053294472 0.0000000000
7.9474270975 1.2000000000 3.6502116288 -2.9342384646 0.9823323756 0.0000000000
7.9477520325 1.2000000000 3.6488036372 -2.9779782318 0.9592045021 0.0000000000
7.9480330915 1.2000000000 3.6474488038 -3.0217304556 0.9362842792 0.0000000000
7.9482742959 1.2000000000 3.6460167082 -3.0654686728 0.9130606097 0.0000000000
7.9484910898 1.2000000000 3.6446054340 -3.1092119157 0.8899182159 0.0000000000
7.9487102423 1.2000000000 3.6432670940 -3.1529696000 0.8670617821 0.0000000000
7.9489578434 1.2000000000 3.6417717387 -3.1966942515 0.8435905003 0.0000000000
7.9491517608 1.2000000000 3.6403643022 -3.2404389967 0.8204628561 0.0000000000
7.9493334109 1.2000000000 3.6389571389 -3.2841836673 0.7973363346 0.0000000000
7.9495028455 1.2000000000 3.6374758844 -3.3279135326 0.7739193708 0.0000000000
7.9496918250 1.2000000000 3.6360071227 -3.3716387909 0.7505542204 0.0000000000
7.9498882131 1.2000000000 3.6346411099 -3.4154653010 0.7275595652 0.0000000000
7.9500483464 1.2000000000 3.6335758977 -3.4466879376 0.7108096619 0.0000000000
7.9501027107 1.2000000000 3.6319764698 -3.4923142970 0.6861614066 0.0000000000
7.9501697345 1.2000000000 3.6320805266 -3.4901752940 0.6874332347 0.0000000000
7.9501801211 1.2000000000 3.6336041990 -3.4461697331 0.7111301488 0.0000000000
7.9501863612 1.2000000000 3.6351363573 -3.4025123258 0.7347217449 0.0000000000
7.9501914353 1.2000000000 3.6365097416 -3.3589640606 0.7576345882 0.0000000000
7.9501973690 1.2000000000 3.6379848386 -3.3165509098 0.7805002365 0.0000000000
7.9502130888 1.2000000000 3.6376090528 -3.3266692999 0.7749497375 0.0000000000
7.9502237853 1.2000000000 3.6361114781 -3.3707765895 0.7513165228 0.0000000000
7.9502327213 1.2000000000 3.6347340188 -3.4144577437 0.7283342239 0.0000000000
7.9502420106 1.2000000000 3.6332106864 -3.4581753011 0.7047538711 0.0000000000
7.9502517815 1.2000000000 3.6316639051 -3.5018931427 0.6810796092 0.0000000000
7.9502622686 1.2000000000 3.6302029464 -3.5456295341 0.6577412181 0.0000000000
7.9502737649 1.2000000000 3.6287219972 -3.5893617654 0.6343245288 0.0000000000
7.9502863476 1.2000000000 3.6271897150 -3.6330829436 0.6107069286 0.0000000000
7.9503003034 1.2000000000 3.6256364739 -3.6767995324 0.5870073288 0.0000000000
7.9503165251 1.2000000000 3.6241184465 -3.7205237622 0.5634455270 0.0000000000
7.9503358664 1.2000000000 3.6226614077 -3.7642606704 0.5401226087 0.0000000000
7.9503592996 1.2000000000 3.6210745407 -3.8079696774 0.5162915378 0.0000000000
7.9503886757 1.2000000000 3.6195062601 -3.8516828718 0.4925331378 0.0000000000
7.9504264509 1.2000000000 3.6180041368 -3.8954101727 0.4690337240 0.0000000000
7.9504809645 1.2000000000 3.6164614752 -3.9391298567 0.4453752040 0.0000000000
7.9505874341 1.2000000000 3.6159008002 -3.9554332347 0.4366111530 0.0000000000
7.9505983946 1.2000000000 3.6175500000 -3.9098500000 0.4614412460 0.0000000000
