# logAge Mass logTe Mbol logg C/O
4.1860800861 1.7000000000 3.6685200000 0.5996750000 2.6203989214 0.0000000000
4.1945621902 1.7000000000 3.6685195833 0.5996481963 2.6203865333 0.0000000000
4.2030442959 1.7000000000 3.6685191470 0.5996206615 2.6203737741 0.0000000000
4.2115264033 1.7000000000 3.6685186923 0.5995924411 2.6203606672 0.0000000000
4.2200085122 1.7000000000 3.6685182205 0.5995635805 2.6203472356 0.0000000000
4.2284906226 1.7000000000 3.6685177328 0.5995341250 2.6203335024 0.0000000000
4.2369727344 1.7000000000 3.6685172304 0.5995041199 2.6203194908 0.0000000000
4.2454548477 1.7000000000 3.6685167145 0.5994736108 2.6203052239 0.0000000000
4.2539369624 1.7000000000 3.6685161866 0.5994426429 2.6202907249 0.0000000000
4.2624190785 1.7000000000 3.6685156477 0.5994112616 2.6202760169 0.0000000000
4.2709011959 1.7000000000 3.6685150992 0.5993795124 2.6202611230 0.0000000000
4.2793833145 1.7000000000 3.6685145422 0.5993474405 2.6202460665 0.0000000000
4.2878654344 1.7000000000 3.6685139781 0.5993150914 2.6202308703 0.0000000000
4.2963475555 1.7000000000 3.6685134081 0.5992825105 2.6202155578 0.0000000000
4.3048296778 1.7000000000 3.6685128333 0.5992497431 2.6202001519 0.0000000000
4.3133118012 1.7000000000 3.6685122552 0.5992168345 2.6201846759 0.0000000000
4.3217939257 1.7000000000 3.6685116749 0.5991838303 2.6201691530 0.0000000000
4.3302760512 1.7000000000 3.6685110936 0.5991507757 2.6201536061 0.0000000000
4.3387581777 1.7000000000 3.6685105127 0.5991177161 2.6201380585 0.0000000000
4.3472403052 1.7000000000 3.6685099333 0.5990846970 2.6201225334 0.0000000000
4.3557224336 1.7000000000 3.6685093567 0.5990517636 2.6201070538 0.0000000000
4.3642045629 1.7000000000 3.6685087842 0.5990189614 2.6200916429 0.0000000000
4.3726866931 1.7000000000 3.6685082170 0.5989863357 2.6200763239 0.0000000000
4.3811688241 1.7000000000 3.6685076564 0.5989539320 2.6200611198 0.0000000000
4.3896509558 1.7000000000 3.6685071036 0.5989217956 2.6200460539 0.0000000000
4.3981330883 1.7000000000 3.6685065598 0.5988899718 2.6200311492 0.0000000000
4.4066152215 1.7000000000 3.6685060263 0.5988585061 2.6200164290 0.0000000000
4.4150973553 1.7000000000 3.6685055043 0.5988274439 2.6200019162 0.0000000000
4.4235794897 1.7000000000 3.6685049952 0.5987968304 2.6199876342 0.0000000000
4.4320616248 1.7000000000 3.6685045000 0.5987667112 2.6199736060 0.0000000000
4.4405437603 1.7000000000 3.6685040202 0.5987371315 2.6199598548 0.0000000000
4.4490258964 1.7000000000 3.6685035569 0.5987081368 2.6199464037 0.0000000000
4.4575080329 1.7000000000 3.6685031114 0.5986797723 2.6199332759 0.0000000000
4.4659901699 1.7000000000 3.6685026849 0.5986520836 2.6199204944 0.0000000000
4.4744723072 1.7000000000 3.6685022787 0.5986251160 2.6199080825 0.0000000000
4.4829544449 1.7000000000 3.6685018940 0.5985989148 2.6198960633 0.0000000000
4.4914365828 1.7000000000 3.6685015321 0.5985735255 2.6198844599 0.0000000000
4.4999187211 1.7000000000 3.6685011942 0.5985489933 2.6198732954 0.0000000000
4.5084008595 1.7000000000 3.6685008815 0.5985253638 2.6198625931 0.0000000000
4.5168829982 1.7000000000 3.6685005954 0.5985026822 2.6198523760 0.0000000000
4.5253651370 1.7000000000 3.6685003371 0.5984809940 2.6198426672 0.0000000000
4.5338472759 1.7000000000 3.6685001077 0.5984603445 2.6198334900 0.0000000000
4.5423294149 1.7000000000 3.6684999086 0.5984407791 2.6198248675 0.0000000000
4.5508115539 1.7000000000 3.6684997410 0.5984223432 2.6198168228 0.0000000000
4.5592936930 1.7000000000 3.6684996062 0.5984050822 2.6198093790 0.0000000000
4.5677758319 1.7000000000 3.6684995053 0.5983890414 2.6198025593 0.0000000000
4.5762579708 1.7000000000 3.6684994398 0.5983742662 2.6197963869 0.0000000000
4.5847401096 1.7000000000 3.6684994106 0.5983608020 2.6197908848 0.0000000000
4.5932222482 1.7000000000 3.6684994193 0.5983486941 2.6197860762 0.0000000000
4.6017043866 1.7000000000 3.6684994669 0.5983379881 2.6197819843 0.0000000000
4.6101865247 1.7000000000 3.6684995548 0.5983287291 2.6197786321 0.0000000000
4.6186686626 1.7000000000 3.6684996841 0.5983209626 2.6197760430 0.0000000000
4.6271508002 1.7000000000 3.6684998562 0.5983147341 2.6197742398 0.0000000000
4.6356329374 1.7000000000 3.6685000723 0.5983100888 2.6197732460 0.0000000000
4.6441150742 1.7000000000 3.6685003336 0.5983070721 2.6197730844 0.0000000000
4.6525972105 1.7000000000 3.6685006413 0.5983057294 2.6197737784 0.0000000000
4.6610793464 1.7000000000 3.6685009968 0.5983061062 2.6197753510 0.0000000000
4.6695614818 1.7000000000 3.6685014012 0.5983082477 2.6197778254 0.0000000000
4.6780436166 1.7000000000 3.6685018559 0.5983121993 2.6197812247 0.0000000000
4.6865257509 1.7000000000 3.6685023620 0.5983180065 2.6197855721 0.0000000000
4.6950078845 1.7000000000 3.6685029209 0.5983257146 2.6197908907 0.0000000000
4.7034900174 1.7000000000 3.6685035337 0.5983353690 2.6197972036 0.0000000000
4.7119721497 1.7000000000 3.6685042017 0.5983470150 2.6198045340 0.0000000000
4.7204542811 1.7000000000 3.6685049261 0.5983606981 2.6198129051 0.0000000000
4.7289364118 1.7000000000 3.6685057083 0.5983764636 2.6198223399 0.0000000000
4.7374185417 1.7000000000 3.6685065494 0.5983943569 2.6198328616 0.0000000000
4.7459006707 1.7000000000 3.6685074507 0.5984144234 2.6198444934 0.0000000000
4.7543827988 1.7000000000 3.6685084134 0.5984367084 2.6198572584 0.0000000000
4.7628649260 1.7000000000 3.6685094389 0.5984612573 2.6198711797 0.0000000000
4.7713470522 1.7000000000 3.6685105281 0.5984881134 2.6198862792 0.0000000000
4.7798291773 1.7000000000 3.6685116795 0.5985172640 2.6199025451 0.0000000000
4.7883113015 1.7000000000 3.6685128885 0.5985486375 2.6199199302 0.0000000000
4.7967934246 1.7000000000 3.6685141501 0.5985821591 2.6199383855 0.0000000000
4.8052755467 1.7000000000 3.6685154597 0.5986177544 2.6199578619 0.0000000000
4.8137576678 1.7000000000 3.6685168124 0.5986553488 2.6199783105 0.0000000000
4.8222397878 1.7000000000 3.6685182035 0.5986948676 2.6199996823 0.0000000000
4.8307219067 1.7000000000 3.6685196281 0.5987362362 2.6200219282 0.0000000000
4.8392040246 1.7000000000 3.6685210815 0.5987793802 2.6200449993 0.0000000000
4.8476861414 1.7000000000 3.6685225588 0.5988242248 2.6200688465 0.0000000000
4.8561682571 1.7000000000 3.6685240553 0.5988706956 2.6200934209 0.0000000000
4.8646503717 1.7000000000 3.6685255662 0.5989187178 2.6201186735 0.0000000000
4.8731324852 1.7000000000 3.6685270867 0.5989682170 2.6201445552 0.0000000000
4.8816145976 1.7000000000 3.6685286121 0.5990191185 2.6201710170 0.0000000000
4.8900967088 1.7000000000 3.6685301374 0.5990713478 2.6201980100 0.0000000000
4.8985788189 1.7000000000 3.6685316579 0.5991248302 2.6202254851 0.0000000000
4.9070609279 1.7000000000 3.6685331689 0.5991794912 2.6202533934 0.0000000000
4.9155430357 1.7000000000 3.6685346655 0.5992352562 2.6202816858 0.0000000000
4.9240251423 1.7000000000 3.6685361430 0.5992920505 2.6203103134 0.0000000000
4.9325072478 1.7000000000 3.6685375965 0.5993497997 2.6203392271 0.0000000000
4.9409893520 1.7000000000 3.6685390212 0.5994084291 2.6203683780 0.0000000000
4.9494714551 1.7000000000 3.6685404125 0.5994678638 2.6203977170 0.0000000000
4.9579535571 1.7000000000 3.6685417675 0.5995280108 2.6204271958 0.0000000000
4.9664356580 1.7000000000 3.6685430870 0.5995887457 2.6204567677 0.0000000000
4.9749177582 1.7000000000 3.6685443719 0.5996499412 2.6204863855 0.0000000000
4.9833998578 1.7000000000 3.6685456233 0.5997114699 2.6205160026 0.0000000000
4.9918819569 1.7000000000 3.6685468422 0.5997732044 2.6205455721 0.0000000000
5.0003640557 1.7000000000 3.6685480297 0.5998350175 2.6205750470 0.0000000000
5.0088461544 1.7000000000 3.6685491866 0.5998967818 2.6206043806 0.0000000000
5.0173282532 1.7000000000 3.6685503142 0.5999583699 2.6206335260 0.0000000000
5.0258103523 1.7000000000 3.6685514133 0.6000196546 2.6206624363 0.0000000000
5.0342924518 1.7000000000 3.6685524850 0.6000805083 2.6206910647 0.0000000000
5.0427745519 1.7000000000 3.6685535303 0.6001408039 2.6207193643 0.0000000000
5.0512566528 1.7000000000 3.6685545503 0.6002004140 2.6207472883 0.0000000000
5.0597387547 1.7000000000 3.6685555460 0.6002592112 2.6207747898 0.0000000000
5.0682208576 1.7000000000 3.6685565183 0.6003170681 2.6208018220 0.0000000000
5.0767029619 1.7000000000 3.6685574684 0.6003738575 2.6208283380 0.0000000000
5.0851850677 1.7000000000 3.6685583972 0.6004294520 2.6208542909 0.0000000000
5.0936671751 1.7000000000 3.6685593057 0.6004837243 2.6208796339 0.0000000000
5.1021492843 1.7000000000 3.6685601950 0.6005365469 2.6209043201 0.0000000000
5.1106313955 1.7000000000 3.6685610650 0.6005877904 2.6209282974 0.0000000000
5.1191135087 1.7000000000 3.6685619132 0.6006373204 2.6209515025 0.0000000000
5.1275956237 1.7000000000 3.6685627371 0.6006850021 2.6209738707 0.0000000000
5.1360777405 1.7000000000 3.6685635339 0.6007307008 2.6209953373 0.0000000000
5.1445598592 1.7000000000 3.6685643009 0.6007742815 2.6210158378 0.0000000000
5.1530419796 1.7000000000 3.6685650356 0.6008156094 2.6210353074 0.0000000000
5.1615241018 1.7000000000 3.6685657350 0.6008545497 2.6210536815 0.0000000000
5.1700062256 1.7000000000 3.6685663967 0.6008909676 2.6210708954 0.0000000000
5.1784883511 1.7000000000 3.6685670180 0.6009247281 2.6210868845 0.0000000000
5.1869704782 1.7000000000 3.6685675960 0.6009556966 2.6211015841 0.0000000000
5.1954526069 1.7000000000 3.6685681282 0.6009837381 2.6211149295 0.0000000000
5.2039347372 1.7000000000 3.6685686119 0.6010087178 2.6211268562 0.0000000000
5.2124168689 1.7000000000 3.6685690444 0.6010305008 2.6211372993 0.0000000000
5.2208990021 1.7000000000 3.6685694230 0.6010489524 2.6211461944 0.0000000000
5.2293811367 1.7000000000 3.6685697450 0.6010639377 2.6211534766 0.0000000000
5.2378632727 1.7000000000 3.6685700078 0.6010753219 2.6211590814 0.0000000000
5.2463454099 1.7000000000 3.6685702070 0.6010829773 2.6211629402 0.0000000000
5.2548275481 1.7000000000 3.6685703320 0.6010868029 2.6211649707 0.0000000000
5.2633096867 1.7000000000 3.6685703711 0.6010867032 2.6211650871 0.0000000000
5.2717918254 1.7000000000 3.6685703123 0.6010825832 2.6211632038 0.0000000000
5.2802739636 1.7000000000 3.6685701438 0.6010743474 2.6211592354 0.0000000000
5.2887561010 1.7000000000 3.6685698536 0.6010619007 2.6211530961 0.0000000000
5.2972382371 1.7000000000 3.6685694300 0.6010451478 2.6211447004 0.0000000000
5.3057203715 1.7000000000 3.6685688610 0.6010239934 2.6211339626 0.0000000000
5.3142025037 1.7000000000 3.6685681347 0.6009983423 2.6211207973 0.0000000000
5.3226846333 1.7000000000 3.6685672394 0.6009680991 2.6211051186 0.0000000000
5.3311667599 1.7000000000 3.6685661631 0.6009331688 2.6210868412 0.0000000000
5.3396488831 1.7000000000 3.6685648939 0.6008934559 2.6210658793 0.0000000000
5.3481310023 1.7000000000 3.6685634200 0.6008488653 2.6210421473 0.0000000000
5.3566131173 1.7000000000 3.6685617294 0.6007993016 2.6210155597 0.0000000000
5.3650952274 1.7000000000 3.6685598104 0.6007446697 2.6209860308 0.0000000000
5.3735773323 1.7000000000 3.6685576546 0.6006848872 2.6209534945 0.0000000000
5.3820594313 1.7000000000 3.6685552643 0.6006199115 2.6209179431 0.0000000000
5.3905415239 1.7000000000 3.6685526440 0.6005497072 2.6208793803 0.0000000000
5.3990236092 1.7000000000 3.6685497981 0.6004742391 2.6208378093 0.0000000000
5.4075056868 1.7000000000 3.6685467309 0.6003934718 2.6207932339 0.0000000000
5.4159877560 1.7000000000 3.6685434470 0.6003073700 2.6207456573 0.0000000000
5.4244698161 1.7000000000 3.6685399506 0.6002158984 2.6206950832 0.0000000000
5.4329518665 1.7000000000 3.6685362463 0.6001190217 2.6206415151 0.0000000000
5.4414339065 1.7000000000 3.6685323383 0.6000167046 2.6205849563 0.0000000000
5.4499159356 1.7000000000 3.6685282311 0.5999089117 2.6205254105 0.0000000000
5.4583979530 1.7000000000 3.6685239292 0.5997956078 2.6204628811 0.0000000000
5.4668799581 1.7000000000 3.6685194368 0.5996767576 2.6203973716 0.0000000000
5.4753619503 1.7000000000 3.6685147585 0.5995523257 2.6203288855 0.0000000000
5.4838439290 1.7000000000 3.6685098986 0.5994222768 2.6202574263 0.0000000000
5.4923258934 1.7000000000 3.6685048618 0.5992865804 2.6201830007 0.0000000000
5.5008078430 1.7000000000 3.6684996542 0.5991452239 2.6201056277 0.0000000000
5.5092897772 1.7000000000 3.6684942820 0.5989981988 2.6200253289 0.0000000000
5.5177716951 1.7000000000 3.6684887515 0.5988454968 2.6199421262 0.0000000000
5.5262535963 1.7000000000 3.6684830691 0.5986871094 2.6198560414 0.0000000000
5.5347354801 1.7000000000 3.6684772409 0.5985230282 2.6197670961 0.0000000000
5.5432173458 1.7000000000 3.6684712732 0.5983532448 2.6196753122 0.0000000000
5.5516991927 1.7000000000 3.6684651725 0.5981777508 2.6195807115 0.0000000000
5.5601810203 1.7000000000 3.6684589448 0.5979965377 2.6194833157 0.0000000000
5.5686628278 1.7000000000 3.6684525966 0.5978095973 2.6193831465 0.0000000000
5.5771446146 1.7000000000 3.6684461340 0.5976169210 2.6192802258 0.0000000000
5.5856263802 1.7000000000 3.6684395634 0.5974185004 2.6191745753 0.0000000000
5.5941081237 1.7000000000 3.6684328911 0.5972143272 2.6190662168 0.0000000000
5.6025898447 1.7000000000 3.6684261228 0.5970043939 2.6189551701 0.0000000000
5.6110715424 1.7000000000 3.6684192547 0.5967887086 2.6188414235 0.0000000000
5.6195532164 1.7000000000 3.6684122751 0.5965672926 2.6187249388 0.0000000000
5.6280348662 1.7000000000 3.6684051721 0.5963401675 2.6186056770 0.0000000000
5.6365164912 1.7000000000 3.6683979339 0.5961073551 2.6184835991 0.0000000000
5.6449980908 1.7000000000 3.6683905485 0.5958688769 2.6183586663 0.0000000000
5.6534796647 1.7000000000 3.6683830041 0.5956247545 2.6182308395 0.0000000000
5.6619612121 1.7000000000 3.6683752887 0.5953750096 2.6181000798 0.0000000000
5.6704427327 1.7000000000 3.6683673903 0.5951196639 2.6179663483 0.0000000000
5.6789242258 1.7000000000 3.6683592973 0.5948587389 2.6178296060 0.0000000000
5.6874056910 1.7000000000 3.6683509975 0.5945922563 2.6176898139 0.0000000000
5.6958871278 1.7000000000 3.6683424791 0.5943202378 2.6175469331 0.0000000000
5.7043685355 1.7000000000 3.6683337303 0.5940427050 2.6174009246 0.0000000000
5.7128499136 1.7000000000 3.6683247398 0.5937596798 2.6172517524 0.0000000000
5.7213312619 1.7000000000 3.6683155076 0.5934711905 2.6170994281 0.0000000000
5.7298125799 1.7000000000 3.6683060431 0.5931772699 2.6169440019 0.0000000000
5.7382938675 1.7000000000 3.6682963558 0.5928779514 2.6167855249 0.0000000000
5.7467751242 1.7000000000 3.6682864549 0.5925732680 2.6166240483 0.0000000000
5.7552563498 1.7000000000 3.6682763502 0.5922632529 2.6164596233 0.0000000000
5.7637375441 1.7000000000 3.6682660510 0.5919479393 2.6162923010 0.0000000000
5.7722187066 1.7000000000 3.6682555668 0.5916273603 2.6161221327 0.0000000000
5.7806998372 1.7000000000 3.6682449071 0.5913015491 2.6159491694 0.0000000000
5.7891809355 1.7000000000 3.6682340814 0.5909705389 2.6157734625 0.0000000000
5.7976620013 1.7000000000 3.6682230991 0.5906343628 2.6155950630 0.0000000000
5.8061430342 1.7000000000 3.6682119698 0.5902930540 2.6154140222 0.0000000000
5.8146240339 1.7000000000 3.6682007029 0.5899466456 2.6152303912 0.0000000000
5.8231050002 1.7000000000 3.6681893067 0.5895951608 2.6150442123 0.0000000000
5.8315859321 1.7000000000 3.6681777834 0.5892385737 2.6148554845 0.0000000000
5.8400668291 1.7000000000 3.6681661337 0.5888768440 2.6146641939 0.0000000000
5.8485476901 1.7000000000 3.6681543582 0.5885099312 2.6144703266 0.0000000000
5.8570285143 1.7000000000 3.6681424573 0.5881377951 2.6142738685 0.0000000000
5.8655093009 1.7000000000 3.6681304316 0.5877603951 2.6140748058 0.0000000000
5.8739900491 1.7000000000 3.6681182817 0.5873776909 2.6138731246 0.0000000000
5.8824707580 1.7000000000 3.6681060082 0.5869896421 2.6136688108 0.0000000000
5.8909514268 1.7000000000 3.6680936115 0.5865962083 2.6134618507 0.0000000000
5.8994320547 1.7000000000 3.6680810923 0.5861973491 2.6132522301 0.0000000000
5.9079126407 1.7000000000 3.6680684511 0.5857930241 2.6130399352 0.0000000000
5.9163931842 1.7000000000 3.6680556884 0.5853831928 2.6128249521 0.0000000000
5.9248736841 1.7000000000 3.6680428044 0.5849678178 2.6126072663 0.0000000000
5.9333541402 1.7000000000 3.6680297918 0.5845469115 2.6123868531 0.0000000000
5.9418345524 1.7000000000 3.6680166365 0.5841205296 2.6121636793 0.0000000000
5.9503149206 1.7000000000 3.6680033246 0.5836887292 2.6119377113 0.0000000000
5.9587952448 1.7000000000 3.6679898419 0.5832515673 2.6117089157 0.0000000000
5.9672755249 1.7000000000 3.6679761743 0.5828091010 2.6114772588 0.0000000000
5.9757557609 1.7000000000 3.6679623077 0.5823613873 2.6112427071 0.0000000000
5.9842359528 1.7000000000 3.6679482281 0.5819084834 2.6110052270 0.0000000000
5.9927161003 1.7000000000 3.6679339213 0.5814504464 2.6107647850 0.0000000000
6.0011962037 1.7000000000 3.6679193732 0.5809873332 2.6105213475 0.0000000000
6.0096762627 1.7000000000 3.6679045698 0.5805192009 2.6102748811 0.0000000000
6.0181562773 1.7000000000 3.6678894970 0.5800461067 2.6100253520 0.0000000000
6.0266362474 1.7000000000 3.6678741409 0.5795681064 2.6097727277 0.0000000000
6.0351161727 1.7000000000 3.6678585020 0.5790852053 2.6095170116 0.0000000000
6.0435960519 1.7000000000 3.6678426001 0.5785973390 2.6092582572 0.0000000000
6.0520758838 1.7000000000 3.6678264562 0.5781044382 2.6089965214 0.0000000000
6.0605556674 1.7000000000 3.6678100916 0.5776064335 2.6087318612 0.0000000000
6.0690354014 1.7000000000 3.6677935275 0.5771032556 2.6084643336 0.0000000000
6.0775150848 1.7000000000 3.6677767850 0.5765948350 2.6081939954 0.0000000000
6.0859947163 1.7000000000 3.6677598854 0.5760811025 2.6079209038 0.0000000000
6.0944742947 1.7000000000 3.6677428497 0.5755619885 2.6076451157 0.0000000000
6.1029538190 1.7000000000 3.6677256993 0.5750374239 2.6073666881 0.0000000000
6.1114332879 1.7000000000 3.6677084552 0.5745073392 2.6070856778 0.0000000000
6.1199127004 1.7000000000 3.6676911387 0.5739716650 2.6068021420 0.0000000000
6.1283920552 1.7000000000 3.6676737707 0.5734303334 2.6065161374 0.0000000000
6.1368713518 1.7000000000 3.6676563632 0.5728833435 2.6062277115 0.0000000000
6.1453505909 1.7000000000 3.6676389151 0.5723307922 2.6059368986 0.0000000000
6.1538297729 1.7000000000 3.6676214242 0.5717727839 2.6056437319 0.0000000000
6.1623088985 1.7000000000 3.6676038884 0.5712094232 2.6053482444 0.0000000000
6.1707879682 1.7000000000 3.6675863056 0.5706408144 2.6050504695 0.0000000000
6.1792669826 1.7000000000 3.6675686735 0.5700670621 2.6047504401 0.0000000000
6.1877459423 1.7000000000 3.6675509900 0.5694882707 2.6044481896 0.0000000000
6.1962248479 1.7000000000 3.6675332529 0.5689045447 2.6041437510 0.0000000000
6.2047037000 1.7000000000 3.6675154602 0.5683159884 2.6038371575 0.0000000000
6.2131824991 1.7000000000 3.6674976096 0.5677227065 2.6035284424 0.0000000000
6.2216612459 1.7000000000 3.6674796990 0.5671248034 2.6032176386 0.0000000000
6.2301399409 1.7000000000 3.6674617260 0.5665223846 2.6029047793 0.0000000000
6.2386185853 1.7000000000 3.6674436837 0.5659155876 2.6025898911 0.0000000000
6.2470971808 1.7000000000 3.6674255597 0.5653045851 2.6022729941 0.0000000000
6.2555757293 1.7000000000 3.6674073415 0.5646895515 2.6019541080 0.0000000000
6.2640542326 1.7000000000 3.6673890166 0.5640706615 2.6016332522 0.0000000000
6.2725326924 1.7000000000 3.6673705723 0.5634480895 2.6013104466 0.0000000000
6.2810111106 1.7000000000 3.6673519963 0.5628220102 2.6009857106 0.0000000000
6.2894894889 1.7000000000 3.6673332758 0.5621925979 2.6006590639 0.0000000000
6.2979678293 1.7000000000 3.6673143985 0.5615600274 2.6003305263 0.0000000000
6.3064461333 1.7000000000 3.6672953516 0.5609244730 2.6000001172 0.0000000000
6.3149244030 1.7000000000 3.6672761228 0.5602861095 2.5996678563 0.0000000000
6.3234026400 1.7000000000 3.6672566994 0.5596451111 2.5993337632 0.0000000000
6.3318808462 1.7000000000 3.6672370717 0.5590016582 2.5989978716 0.0000000000
6.3403590248 1.7000000000 3.6672172655 0.5583559966 2.5986603821 0.0000000000
6.3488371793 1.7000000000 3.6671973295 0.5577084165 2.5983216062 0.0000000000
6.3573153138 1.7000000000 3.6671773131 0.5570592085 2.5979818571 0.0000000000
6.3657934318 1.7000000000 3.6671572654 0.5564086631 2.5976414481 0.0000000000
6.3742715373 1.7000000000 3.6671372357 0.5557570711 2.5973006926 0.0000000000
6.3827496339 1.7000000000 3.6671172733 0.5551047232 2.5969599039 0.0000000000
6.3912277256 1.7000000000 3.6670974275 0.5544519100 2.5966193953 0.0000000000
6.3997058160 1.7000000000 3.6670777475 0.5537989222 2.5962794801 0.0000000000
6.4081839090 1.7000000000 3.6670582825 0.5531460504 2.5959404716 0.0000000000
6.4166620083 1.7000000000 3.6670390819 0.5524935853 2.5956026832 0.0000000000
6.4251401187 1.7000000000 3.6670201772 0.5518419153 2.5952663962 0.0000000000
6.4336182487 1.7000000000 3.6670015384 0.5511917662 2.5949317814 0.0000000000
6.4420964073 1.7000000000 3.6669831223 0.5505439373 2.5945989855 0.0000000000
6.4505746036 1.7000000000 3.6669648858 0.5498992277 2.5942681555 0.0000000000
6.4590528469 1.7000000000 3.6669467855 0.5492584366 2.5939394381 0.0000000000
6.4675311461 1.7000000000 3.6669287784 0.5486223631 2.5936129801 0.0000000000
6.4760095105 1.7000000000 3.6669108211 0.5479918063 2.5932889284 0.0000000000
6.4844879491 1.7000000000 3.6668928706 0.5473675654 2.5929674299 0.0000000000
6.4929664711 1.7000000000 3.6668748840 0.5467504365 2.5926486320 0.0000000000
6.5014450821 1.7000000000 3.6668568628 0.5461409449 2.5923327507 0.0000000000
6.5099237819 1.7000000000 3.6668388867 0.5455391370 2.5920201230 0.0000000000
6.5184025696 1.7000000000 3.6668210432 0.5449450100 2.5917110981 0.0000000000
6.5268814443 1.7000000000 3.6668034198 0.5443585613 2.5914060252 0.0000000000
6.5353604052 1.7000000000 3.6667861043 0.5437797881 2.5911052537 0.0000000000
6.5438394512 1.7000000000 3.6667691841 0.5432086877 2.5908091327 0.0000000000
6.5523185817 1.7000000000 3.6667527468 0.5426452574 2.5905180116 0.0000000000
6.5607977989 1.7000000000 3.6667368785 0.5420898601 2.5902323795 0.0000000000
6.5692771283 1.7000000000 3.6667216545 0.5415453175 2.5899536662 0.0000000000
6.5777566043 1.7000000000 3.6667071456 0.5410154651 2.5896836897 0.0000000000
6.5862362615 1.7000000000 3.6666934227 0.5405041419 2.5894242689 0.0000000000
6.5947161311 1.7000000000 3.6666805587 0.5400148839 2.5891771099 0.0000000000
6.6031962129 1.7000000000 3.6666686447 0.5395485080 2.5889429035 0.0000000000
6.6116764904 1.7000000000 3.6666577812 0.5391043946 2.5887218041 0.0000000000
6.6201569468 1.7000000000 3.6666480689 0.5386819110 2.5885139615 0.0000000000
6.6286375654 1.7000000000 3.6666396085 0.5382804246 2.5883195250 0.0000000000
6.6371183312 1.7000000000 3.6666324211 0.5378993396 2.5881383417 0.0000000000
6.6455992358 1.7000000000 3.6666262548 0.5375381883 2.5879692160 0.0000000000
6.6540802721 1.7000000000 3.6666207986 0.5371965302 2.5878107279 0.0000000000
6.6625614332 1.7000000000 3.6666157416 0.5368739248 2.5876614576 0.0000000000
6.6710427119 1.7000000000 3.6666107727 0.5365699318 2.5875199850 0.0000000000
6.6795241016 1.7000000000 3.6666056551 0.5362844597 2.5873853257 0.0000000000
6.6880055990 1.7000000000 3.6666006227 0.5360196410 2.5872592687 0.0000000000
6.6964872019 1.7000000000 3.6665960944 0.5357784811 2.5871446915 0.0000000000
6.7049689081 1.7000000000 3.6665924895 0.5355639875 2.5870444744 0.0000000000
6.7134507153 1.7000000000 3.6665902273 0.5353791676 2.5869614975 0.0000000000
6.7219326199 1.7000000000 3.6665896561 0.5352262921 2.5868980624 0.0000000000
6.7304146070 1.7000000000 3.6665906387 0.5351025936 2.5868525137 0.0000000000
6.7388966569 1.7000000000 3.6665928351 0.5350031968 2.5868215404 0.0000000000
6.7473787503 1.7000000000 3.6665959042 0.5349232190 2.5868018258 0.0000000000
6.7558608675 1.7000000000 3.6665995052 0.5348577779 2.5867900533 0.0000000000
6.7643429911 1.7000000000 3.6666033602 0.5348028920 2.5867835189 0.0000000000
6.7728251161 1.7000000000 3.6666075668 0.5347599485 2.5867831682 0.0000000000
6.7813072419 1.7000000000 3.6666123613 0.5347323139 2.5867912921 0.0000000000
6.7897893679 1.7000000000 3.6666179799 0.5347233578 2.5868101842 0.0000000000
6.7982714933 1.7000000000 3.6666246286 0.5347361087 2.5868418791 0.0000000000
6.8067536147 1.7000000000 3.6666321739 0.5347697930 2.5868855341 0.0000000000
6.8152357268 1.7000000000 3.6666402704 0.5348212608 2.5869385075 0.0000000000
6.8237178243 1.7000000000 3.6666485696 0.5348873261 2.5869981302 0.0000000000
6.8321999028 1.7000000000 3.6666567792 0.5349649970 2.5870620370 0.0000000000
6.8406819623 1.7000000000 3.6666649908 0.5350525976 2.5871299237 0.0000000000
6.8491640046 1.7000000000 3.6666734551 0.5351489990 2.5872023416 0.0000000000
6.8576460317 1.7000000000 3.6666824232 0.5352530719 2.5872798431 0.0000000000
6.8661280458 1.7000000000 3.6666921159 0.5353634653 2.5873627712 0.0000000000
6.8746100499 1.7000000000 3.6667026977 0.5354784126 2.5874510771 0.0000000000
6.8830920469 1.7000000000 3.6667143266 0.5355961018 2.5875446685 0.0000000000
6.8915740397 1.7000000000 3.6667271244 0.5357147942 2.5876433366 0.0000000000
6.9000560297 1.7000000000 3.6667405290 0.5358341230 2.5877446867 0.0000000000
6.9085380172 1.7000000000 3.6667533713 0.5359549402 2.5878443827 0.0000000000
6.9170200024 1.7000000000 3.6667645029 0.5360780564 2.5879381555 0.0000000000
6.9255019891 1.7000000000 3.6667741613 0.5362015250 2.5880261764 0.0000000000
6.9339839853 1.7000000000 3.6667842545 0.5363200753 2.5881139693 0.0000000000
6.9424659989 1.7000000000 3.6667967014 0.5364285222 2.5882071359 0.0000000000
6.9509480278 1.7000000000 3.6668114537 0.5365279811 2.5883059288 0.0000000000
6.9594300599 1.7000000000 3.6668265331 0.5366257476 2.5884053529 0.0000000000
6.9679120846 1.7000000000 3.6668400539 0.5367284976 2.5885005360 0.0000000000
6.9763941038 1.7000000000 3.6668516030 0.5368354537 2.5885895149 0.0000000000
6.9848761261 1.7000000000 3.6668615105 0.5369420904 2.5886717994 0.0000000000
6.9933581550 1.7000000000 3.6668705931 0.5370459597 2.5887496776 0.0000000000
7.0018401820 1.7000000000 3.6668808624 0.5371498439 2.5888323084 0.0000000000
7.0103221968 1.7000000000 3.6668944873 0.5372572644 2.5889297763 0.0000000000
7.0188042013 1.7000000000 3.6669116527 0.5373670469 2.5890423509 0.0000000000
7.0272862182 1.7000000000 3.6669291369 0.5374699556 2.5891534512 0.0000000000
7.0357682641 1.7000000000 3.6669440546 0.5375597460 2.5892490383 0.0000000000
7.0442503167 1.7000000000 3.6669566695 0.5376479129 2.5893347645 0.0000000000
7.0527323462 1.7000000000 3.6669681637 0.5377492878 2.5894212914 0.0000000000
7.0612143571 1.7000000000 3.6669796898 0.5378605658 2.5895119069 0.0000000000
7.0696963733 1.7000000000 3.6669923813 0.5379682118 2.5896057311 0.0000000000
7.0781784065 1.7000000000 3.6670067811 0.5380656900 2.5897023218 0.0000000000
7.0866604378 1.7000000000 3.6670220278 0.5381633877 2.5898023877 0.0000000000
7.0951424565 1.7000000000 3.6670373480 0.5382675624 2.5899053382 0.0000000000
7.1036244851 1.7000000000 3.6670527601 0.5383666690 2.5900066292 0.0000000000
7.1121065301 1.7000000000 3.6670685357 0.5384567595 2.5901057680 0.0000000000
7.1205885480 1.7000000000 3.6670852279 0.5385587931 2.5902133504 0.0000000000
7.1290705195 1.7000000000 3.6671030808 0.5386823215 2.5903341733 0.0000000000
7.1375524787 1.7000000000 3.6671217524 0.5388117548 2.5904606328 0.0000000000
7.1460344599 1.7000000000 3.6671400500 0.5389315894 2.5905817572 0.0000000000
7.1545164823 1.7000000000 3.6671544601 0.5390340266 2.5906803725 0.0000000000
7.1629985367 1.7000000000 3.6671658177 0.5391223424 2.5907611291 0.0000000000
7.1714805799 1.7000000000 3.6671813358 0.5392125900 2.5908593004 0.0000000000
7.1799626074 1.7000000000 3.6672016102 0.5393071312 2.5909782146 0.0000000000
7.1884446289 1.7000000000 3.6672229963 0.5394039972 2.5911025054 0.0000000000
7.1969266212 1.7000000000 3.6672423389 0.5395163342 2.5912248109 0.0000000000
7.2054085770 1.7000000000 3.6672589404 0.5396479539 2.5913438645 0.0000000000
7.2138905493 1.7000000000 3.6672782528 0.5397697387 2.5914698280 0.0000000000
7.2223725682 1.7000000000 3.6672988053 0.5398685092 2.5915915463 0.0000000000
7.2308546170 1.7000000000 3.6673126466 0.5399578134 2.5916826331 0.0000000000
7.2393366610 1.7000000000 3.6673305065 0.5400447902 2.5917888636 0.0000000000
7.2478186813 1.7000000000 3.6673529620 0.5401397606 2.5919166735 0.0000000000
7.2563006855 1.7000000000 3.6673710564 0.5402486115 2.5920325914 0.0000000000
7.2647826949 1.7000000000 3.6673912377 0.5403520345 2.5921546861 0.0000000000
7.2732647112 1.7000000000 3.6674157397 0.5404464693 2.5922904681 0.0000000000
7.2817467172 1.7000000000 3.6674394586 0.5405471654 2.5924256218 0.0000000000
7.2902287044 1.7000000000 3.6674584904 0.5406630070 2.5925480857 0.0000000000
7.2987106899 1.7000000000 3.6674819559 0.5407742438 2.5926864424 0.0000000000
7.3071926882 1.7000000000 3.6675049665 0.5408794828 2.5928205806 0.0000000000
7.3156746953 1.7000000000 3.6675227545 0.5409871189 2.5929347868 0.0000000000
7.3241566818 1.7000000000 3.6675519301 0.5410903474 2.5930927807 0.0000000000
7.3326386005 1.7000000000 3.6675760230 0.5412268273 2.5932437444 0.0000000000
7.3411204671 1.7000000000 3.6676009792 0.5413867045 2.5934075201 0.0000000000
7.3496024340 1.7000000000 3.6676263211 0.5414996372 2.5935540606 0.0000000000
7.3580844799 1.7000000000 3.6676468512 0.5415784594 2.5936677098 0.0000000000
7.3665663603 1.7000000000 3.6676796484 0.5417234445 2.5938568928 0.0000000000
7.3750482931 1.7000000000 3.6677097600 0.5418491248 2.5940276114 0.0000000000
7.3835303461 1.7000000000 3.6677303341 0.5419266666 2.5941409242 0.0000000000
7.3920122459 1.7000000000 3.6677549243 0.5420714575 2.5942972017 0.0000000000
7.4004941349 1.7000000000 3.6677862626 0.5422139914 2.5944795685 0.0000000000
7.4089761389 1.7000000000 3.6678193983 0.5422977491 2.5946456144 0.0000000000
7.4174580076 1.7000000000 3.6678457968 0.5424513526 2.5948126494 0.0000000000
7.4259398723 1.7000000000 3.6678796069 0.5425986048 2.5950067908 0.0000000000
7.4344218958 1.7000000000 3.6679031030 0.5426893395 2.5951370692 0.0000000000
7.4429037717 1.7000000000 3.6679327831 0.5428386603 2.5953155181 0.0000000000
7.4513856424 1.7000000000 3.6679697853 0.5429757236 2.5955183519 0.0000000000
7.4598675872 1.7000000000 3.6680049647 0.5430844846 2.5957025740 0.0000000000
7.4683494183 1.7000000000 3.6680309897 0.5432553288 2.5958750116 0.0000000000
7.4768313542 1.7000000000 3.6680668755 0.5433656295 2.5960626753 0.0000000000
7.4853131902 1.7000000000 3.6680996515 0.5435231568 2.5962567900 0.0000000000
7.4937951449 1.7000000000 3.6681306403 0.5436342704 2.5964251906 0.0000000000
7.5022768940 1.7000000000 3.6681696325 0.5438118022 2.5966521721 0.0000000000
7.5107587125 1.7000000000 3.6682074142 0.5439679259 2.5968657487 0.0000000000
7.5192407393 1.7000000000 3.6682382027 0.5440452648 2.5970198379 0.0000000000
7.5277225191 1.7000000000 3.6682733278 0.5442120170 2.5972270396 0.0000000000
7.5362041222 1.7000000000 3.6683133659 0.5444275895 2.5974734207 0.0000000000
7.5446858967 1.7000000000 3.6683578598 0.5445896589 2.5977162241 0.0000000000
7.5531678743 1.7000000000 3.6683890545 0.5446742191 2.5978748269 0.0000000000
7.5616497439 1.7000000000 3.6684302420 0.5447946174 2.5980877364 0.0000000000
7.5701312764 1.7000000000 3.6684731526 0.5450232956 2.5983508500 0.0000000000
7.5786132812 1.7000000000 3.6685128087 0.5451012773 2.5985406670 0.0000000000
7.5870949484 1.7000000000 3.6685569956 0.5452891148 2.5987925497 0.0000000000
7.5955768833 1.7000000000 3.6685954914 0.5453782201 2.5989821751 0.0000000000
7.6040586178 1.7000000000 3.6686342540 0.5455645961 2.5992117759 0.0000000000
7.6125404927 1.7000000000 3.6686776413 0.5454850159 2.5993534929 0.0000000000
7.6210214423 1.7000000000 3.6687043191 0.5451710142 2.5993346036 0.0000000000
7.6294995308 1.7000000000 3.6687172615 0.5445053337 2.5991201010 0.0000000000
7.6379805027 1.7000000000 3.6687457776 0.5441907600 2.5991083356 0.0000000000
7.6464627673 1.7000000000 3.6687906539 0.5441416075 2.5992681801 0.0000000000
7.6549447129 1.7000000000 3.6688365138 0.5441162897 2.5994414925 0.0000000000
7.6634264209 1.7000000000 3.6688740012 0.5439349338 2.5995188995 0.0000000000
7.6719085244 1.7000000000 3.6689202212 0.5439262214 2.5997002946 0.0000000000
7.6803903481 1.7000000000 3.6689573170 0.5438157790 2.5998045012 0.0000000000
7.6888700640 1.7000000000 3.6689878672 0.5433823431 2.5997533273 0.0000000000
7.6973488630 1.7000000000 3.6690152059 0.5427959396 2.5996281210 0.0000000000
7.7058287247 1.7000000000 3.6690484517 0.5423137977 2.5995682474 0.0000000000
7.7143087768 1.7000000000 3.6690740726 0.5418479203 2.5994843798 0.0000000000
7.7227899772 1.7000000000 3.6691176577 0.5415805814 2.5995517849 0.0000000000
7.7312713659 1.7000000000 3.6691544136 0.5413260565 2.5995969985 0.0000000000
7.7397526496 1.7000000000 3.6691987101 0.5410570080 2.5996665651 0.0000000000
7.7482338356 1.7000000000 3.6692460359 0.5407769802 2.5997438570 0.0000000000
7.7567134226 1.7000000000 3.6692771363 0.5402879120 2.5996726312 0.0000000000
7.7651941384 1.7000000000 3.6693159535 0.5399155324 2.5996789484 0.0000000000
7.7736729156 1.7000000000 3.6693520394 0.5393302421 2.5995891757 0.0000000000
7.7821537654 1.7000000000 3.6693923811 0.5389855443 2.5996126634 0.0000000000
7.7906338536 1.7000000000 3.6694369962 0.5385382123 2.5996121909 0.0000000000
7.7991114555 1.7000000000 3.6694661522 0.5378557923 2.5994558471 0.0000000000
7.8075884808 1.7000000000 3.6694988584 0.5371329877 2.5992975500 0.0000000000
7.8160634554 1.7000000000 3.6695252396 0.5362667922 2.5990565965 0.0000000000
7.8245398263 1.7000000000 3.6695634349 0.5354940968 2.5989002998 0.0000000000
7.8330135269 1.7000000000 3.6695913383 0.5345515044 2.5986348764 0.0000000000
7.8414886779 1.7000000000 3.6696230479 0.5337060656 2.5984235391 0.0000000000
7.8499640881 1.7000000000 3.6696551266 0.5328777991 2.5982205474 0.0000000000
7.8584340188 1.7000000000 3.6696715609 0.5317548622 2.5978371100 0.0000000000
7.8668974328 1.7000000000 3.6696875577 0.5303519085 2.5973399157 0.0000000000
7.8753677026 1.7000000000 3.6697113593 0.5292314296 2.5969869306 0.0000000000
7.8838314502 1.7000000000 3.6697260965 0.5278502893 2.5964934232 0.0000000000
7.8922857257 1.7000000000 3.6697293805 0.5261242737 2.5958161527 0.0000000000
7.9007415195 1.7000000000 3.6697342052 0.5244498416 2.5951656789 0.0000000000
7.9091964861 1.7000000000 3.6697443057 0.5227568836 2.5945288978 0.0000000000
7.9176455378 1.7000000000 3.6697511482 0.5208853093 2.5938076379 0.0000000000
7.9260895577 1.7000000000 3.6697463455 0.5188772843 2.5929852170 0.0000000000
7.9345294290 1.7000000000 3.6697341146 0.5167611457 2.5920898381 0.0000000000
7.9429566939 1.7000000000 3.6697134548 0.5143552850 2.5910448546 0.0000000000
7.9513781984 1.7000000000 3.6696916727 0.5118264268 2.5899461829 0.0000000000
7.9597881564 1.7000000000 3.6696536396 0.5090773108 2.5886944043 0.0000000000
7.9681793394 1.7000000000 3.6696168424 0.5059827535 2.5873093924 0.0000000000
7.9765673121 1.7000000000 3.6695647290 0.5028381798 2.5858431094 0.0000000000
7.9849209974 1.7000000000 3.6695004157 0.4991673505 2.5841175246 0.0000000000
7.9932603088 1.7000000000 3.6694280054 0.4952994979 2.5822807422 0.0000000000
8.0015691572 1.7000000000 3.6693354534 0.4910435912 2.5802081714 0.0000000000
8.0098422980 1.7000000000 3.6692317883 0.4863757783 2.5779263857 0.0000000000
8.0180676484 1.7000000000 3.6691166639 0.4812152134 2.5754016623 0.0000000000
8.0262150840 1.7000000000 3.6689643932 0.4753341455 2.5724401522 0.0000000000
8.0342824544 1.7000000000 3.6687906492 0.4688490119 2.5691511230 0.0000000000
8.0423406263 1.7000000000 3.6686130596 0.4622883452 2.5658164977 0.0000000000
8.0503507877 1.7000000000 3.6684265658 0.4553460022 2.5622935853 0.0000000000
8.0582602220 1.7000000000 3.6682089392 0.4477275136 2.5583756835 0.0000000000
8.0657862784 1.7000000000 3.6679162873 0.4380194628 2.5533218556 0.0000000000
8.0732987484 1.7000000000 3.6676097481 0.4282411678 2.5481843809 0.0000000000
8.0806838041 1.7000000000 3.6672904936 0.4178662171 2.5427573824 0.0000000000
8.0877225447 1.7000000000 3.6669228397 0.4061363903 2.5365948362 0.0000000000
8.0938393571 1.7000000000 3.6664453068 0.3916980052 2.5289093508 0.0000000000
8.0997980400 1.7000000000 3.6659993604 0.3778867310 2.5216010555 0.0000000000
8.1055326450 1.7000000000 3.6654911881 0.3630438311 2.5136312064 0.0000000000
8.1106294234 1.7000000000 3.6649290774 0.3466319381 2.5048180060 0.0000000000
8.1150342452 1.7000000000 3.6643091942 0.3287728139 2.4951948236 0.0000000000
8.1181364162 1.7000000000 3.6636063248 0.3093470838 2.4846130539 0.0000000000
8.1198532787 1.7000000000 3.6628871281 0.2886599632 2.4734614192 0.0000000000
8.1213509686 1.7000000000 3.6621733964 0.2678647597 2.4622884110 0.0000000000
8.1226665901 1.7000000000 3.6614600519 0.2469925166 2.4510861355 0.0000000000
8.1238224360 1.7000000000 3.6607529928 0.2260598091 2.4398848161 0.0000000000
8.1248422249 1.7000000000 3.6600441044 0.2050832583 2.4286586422 0.0000000000
8.1257436885 1.7000000000 3.6593304697 0.1840737826 2.4174003132 0.0000000000
8.1265391526 1.7000000000 3.6586275069 0.1630353268 2.4061730798 0.0000000000
8.1272413981 1.7000000000 3.6579179776 0.1419774465 2.3949118106 0.0000000000
8.1278628076 1.7000000000 3.6572166116 0.1209020233 2.3836761772 0.0000000000
8.1284115310 1.7000000000 3.6565166652 0.0998136860 2.3724410566 0.0000000000
8.1288941458 1.7000000000 3.6558168967 0.0787151476 2.3612025670 0.0000000000
8.1293225239 1.7000000000 3.6551181836 0.0576090480 2.3499652748 0.0000000000
8.1297068456 1.7000000000 3.6544215645 0.0364972124 2.3387340644 0.0000000000
8.1300489532 1.7000000000 3.6537205038 0.0153817725 2.3274836454 0.0000000000
8.1303521802 1.7000000000 3.6530207229 -0.0057376620 2.3162367483 0.0000000000
8.1306204973 1.7000000000 3.6523290423 -0.0268617208 2.3050204022 0.0000000000
8.1308585628 1.7000000000 3.6516297137 -0.0479864769 2.2937731856 0.0000000000
8.1310698368 1.7000000000 3.6509461662 -0.0691162383 2.2825870910 0.0000000000
8.1312580359 1.7000000000 3.6502507017 -0.0902449128 2.2713537631 0.0000000000
8.1314259791 1.7000000000 3.6495530251 -0.1113742019 2.2601113411 0.0000000000
8.1315762293 1.7000000000 3.6488688576 -0.1325071073 2.2489215087 0.0000000000
8.1317111823 1.7000000000 3.6481784724 -0.1536393675 2.2377070640 0.0000000000
8.1318329184 1.7000000000 3.6474827336 -0.1747710289 2.2264714444 0.0000000000
8.1319428755 1.7000000000 3.6467967988 -0.1959051252 2.2152740666 0.0000000000
8.1320427668 1.7000000000 3.6461105611 -0.2170394717 2.2040753769 0.0000000000
8.1321340732 1.7000000000 3.6454209007 -0.2381732450 2.1928632261 0.0000000000
8.1322173628 1.7000000000 3.6447406617 -0.2593092515 2.1816878676 0.0000000000
8.1322941269 1.7000000000 3.6440526541 -0.2804438291 2.1704820062 0.0000000000
8.1323629618 1.7000000000 3.6434131361 -0.3015880534 2.1594662445 0.0000000000
8.1324269898 1.7000000000 3.6427051990 -0.3227185390 2.1481823019 0.0000000000
8.1324843707 1.7000000000 3.6420810751 -0.3438656960 2.1372269435 0.0000000000
8.1325386252 1.7000000000 3.6413900000 -0.3650000000 2.1260089214 0.0000000000
8.1325886570 1.7000000000 3.6407400000 -0.3860000000 2.1150089214 0.0000000000
8.1326888020 1.7000000000 3.6392636679 -0.4315621213 2.0908787443 0.0000000000
8.1327798955 1.7000000000 3.6377938110 -0.4771255017 2.0667739646 0.0000000000
8.1328670802 1.7000000000 3.6363327322 -0.5226916373 2.0427031953 0.0000000000
8.1329552616 1.7000000000 3.6348617645 -0.5682558440 2.0185936419 0.0000000000
8.1330467851 1.7000000000 3.6333852406 -0.6138213154 1.9944613576 0.0000000000
8.1331468028 1.7000000000 3.6319136398 -0.6594215910 1.9703348441 0.0000000000
8.1332710029 1.7000000000 3.6304366981 -0.7052957286 1.9460774224 0.0000000000
8.1337511057 1.7000000000 3.6299578088 -0.7212270413 1.9377893400 0.0000000000
8.1340254337 1.7000000000 3.6314309106 -0.6762014109 1.9616919993 0.0000000000
8.1344913291 1.7000000000 3.6329148319 -0.6307157479 1.9858219496 0.0000000000
8.1352726823 1.7000000000 3.6344104782 -0.5852002455 2.0100107359 0.0000000000
8.1363422316 1.7000000000 3.6359021055 -0.5397181219 2.0341700946 0.0000000000
8.1374977192 1.7000000000 3.6373874411 -0.4942502512 2.0582985853 0.0000000000
8.1386650085 1.7000000000 3.6388710320 -0.4488424055 2.0823960873 0.0000000000
8.1416990399 1.7000000000 3.6402540270 -0.4050898267 2.1054290988 0.0000000000
8.1479491074 1.7000000000 3.6388982922 -0.4474415963 2.0830654518 0.0000000000
8.1519767479 1.7000000000 3.6374662679 -0.4918943758 2.0595562428 0.0000000000
8.1551178753 1.7000000000 3.6360047758 -0.5367795358 2.0357562103 0.0000000000
8.1577368726 1.7000000000 3.6345434564 -0.5818722886 2.0118738316 0.0000000000
8.1599922527 1.7000000000 3.6330768649 -0.6270872206 1.9879214926 0.0000000000
8.1619646235 1.7000000000 3.6315996049 -0.6723827924 1.9638942241 0.0000000000
8.1637241933 1.7000000000 3.6301170519 -0.7177321530 1.9398242679 0.0000000000
8.1653106606 1.7000000000 3.6286358690 -0.7631216812 1.9157437250 0.0000000000
8.1667407769 1.7000000000 3.6271441861 -0.8085415652 1.8916090396 0.0000000000
8.1680379288 1.7000000000 3.6256422738 -0.8539843028 1.8674242956 0.0000000000
8.1692230911 1.7000000000 3.6241362882 -0.8994453268 1.8432159433 0.0000000000
8.1703126355 1.7000000000 3.6226401784 -0.9449233309 1.8190403027 0.0000000000
8.1713215413 1.7000000000 3.6211575513 -0.9904157309 1.7949128343 0.0000000000
8.1722681599 1.7000000000 3.6196993656 -1.0359214353 1.7708778097 0.0000000000
8.1731604862 1.7000000000 3.6181953687 -1.0814247059 1.7466605137 0.0000000000
8.1740010932 1.7000000000 3.6166849365 -1.1269327463 1.7224155687 0.0000000000
8.1747976386 1.7000000000 3.6151636978 -1.1724435498 1.6981262926 0.0000000000
8.1755556930 1.7000000000 3.6136349400 -1.2179568848 1.6738059276 0.0000000000
8.1762795921 1.7000000000 3.6120879031 -1.2634698418 1.6494125969 0.0000000000
8.1769728419 1.7000000000 3.6105511396 -1.3089879510 1.6250582994 0.0000000000
8.1776371712 1.7000000000 3.6090032658 -1.3545064081 1.6006594214 0.0000000000
8.1782696270 1.7000000000 3.6074420149 -1.4000248422 1.5762070439 0.0000000000
8.1788649435 1.7000000000 3.6058720029 -1.4455445273 1.5517191221 0.0000000000
8.1794357024 1.7000000000 3.6043177140 -1.4910695221 1.5272919686 0.0000000000
8.1799989525 1.7000000000 3.6027495705 -1.5365921251 1.5028103532 0.0000000000
8.1805568369 1.7000000000 3.6011790653 -1.5821146604 1.4783193184 0.0000000000
8.1811033333 1.7000000000 3.5995770514 -1.6276312060 1.4537046445 0.0000000000
8.1816378266 1.7000000000 3.5979740403 -1.6731484230 1.4290857134 0.0000000000
8.1821727096 1.7000000000 3.5963624237 -1.7186637093 1.4044331326 0.0000000000
8.1826809936 1.7000000000 3.5947414315 -1.7641788242 1.3797431177 0.0000000000
8.1831772390 1.7000000000 3.5931137898 -1.8096932825 1.3550267675 0.0000000000
8.1836626159 1.7000000000 3.5914723877 -1.8552053916 1.3302563157 0.0000000000
8.1841289466 1.7000000000 3.5898263822 -1.9007177437 1.3054673528 0.0000000000
8.1845664539 1.7000000000 3.5880912389 -1.9462109031 1.2803295159 0.0000000000
8.1849625335 1.7000000000 3.5864552770 -1.9917296239 1.2555781799 0.0000000000
8.1853081815 1.7000000000 3.5847785089 -2.0372416279 1.2306663058 0.0000000000
8.1856002741 1.7000000000 3.5830771317 -2.0827502564 1.2056573455 0.0000000000
8.1858444267 1.7000000000 3.5813661523 -2.1282586564 1.1806100682 0.0000000000
8.1860538589 1.7000000000 3.5794831994 -2.1737246070 1.1548918762 0.0000000000
8.1862386345 1.7000000000 3.5777773973 -2.2192359676 1.1298641235 0.0000000000
8.1864080971 1.7000000000 3.5760472471 -2.2647418146 1.1047411840 0.0000000000
8.1865671774 1.7000000000 3.5741796507 -2.3102137358 1.0790820299 0.0000000000
8.1867177556 1.7000000000 3.5724609139 -2.3557226144 1.0540035313 0.0000000000
8.1868626624 1.7000000000 3.5705695167 -2.4011887213 1.0282514997 0.0000000000
8.1870019984 1.7000000000 3.5687288174 -2.4466678631 1.0026970458 0.0000000000
8.1871363584 1.7000000000 3.5668406873 -2.4921350488 0.9769576510 0.0000000000
8.1872671291 1.7000000000 3.5650115084 -2.5376172157 0.9514480685 0.0000000000
8.1873938643 1.7000000000 3.5630783339 -2.5830726282 0.9255332057 0.0000000000
8.1875245645 1.7000000000 3.5611798701 -2.6285369180 0.8997536344 0.0000000000
8.1876595895 1.7000000000 3.5592229688 -2.6739857465 0.8737464978 0.0000000000
8.1877871334 1.7000000000 3.5573234943 -2.7194499296 0.8479629269 0.0000000000
8.1879138655 1.7000000000 3.5553614992 -2.7648977521 0.8219358174 0.0000000000
8.1880420336 1.7000000000 3.5533579545 -2.8103330403 0.7957475233 0.0000000000
8.1881733662 1.7000000000 3.5513831948 -2.8557765671 0.7696710739 0.0000000000
8.1883100096 1.7000000000 3.5492907311 -2.9011869826 0.7431370526 0.0000000000
8.1884471260 1.7000000000 3.5472438546 -2.9466106799 0.7167800678 0.0000000000
8.1885919794 1.7000000000 3.5452167350 -2.9920398665 0.6904999149 0.0000000000
8.1887414403 1.7000000000 3.5431697709 -3.0374633152 0.6641426790 0.0000000000
8.1888989218 1.7000000000 3.5410722806 -3.0828718173 0.6375893170 0.0000000000
8.1890625821 1.7000000000 3.5389427676 -3.1282711748 0.6109115220 0.0000000000
8.1892300681 1.7000000000 3.5368653824 -3.1736848938 0.5844364933 0.0000000000
8.1894009828 1.7000000000 3.5346528928 -3.2190590515 0.5574368719 0.0000000000
8.1895779635 1.7000000000 3.5325369424 -3.2644580525 0.5308134699 0.0000000000
8.1897583105 1.7000000000 3.5303348492 -3.3098330938 0.5038550805 0.0000000000
8.1899491011 1.7000000000 3.5281035762 -3.3552011993 0.4767827466 0.0000000000
8.1901526311 1.7000000000 3.5258481429 -3.4005607066 0.4496172103 0.0000000000
8.1903004255 1.7000000000 3.5243409077 -3.4307951873 0.4314944772 0.0000000000
8.1903452600 1.7000000000 3.5220881791 -3.4752894319 0.4046858652 0.0000000000
8.1903962122 1.7000000000 3.5237036949 -3.4439615997 0.4236790613 0.0000000000
8.1904044630 1.7000000000 3.5260459681 -3.3983933623 0.4512754488 0.0000000000
8.1904117594 1.7000000000 3.5283872087 -3.3526426981 0.4789406771 0.0000000000
8.1904268263 1.7000000000 3.5296518423 -3.3275886516 0.4940208298 0.0000000000
8.1904366785 1.7000000000 3.5273483504 -3.3730312477 0.4666298238 0.0000000000
8.1904451011 1.7000000000 3.5250004587 -3.4189255974 0.4388805171 0.0000000000
8.1904532235 1.7000000000 3.5226790929 -3.4642673365 0.4114583583 0.0000000000
8.1904616524 1.7000000000 3.5203738630 -3.5096123278 0.3840994423 0.0000000000
8.1904710562 1.7000000000 3.5180627134 -3.5549581538 0.3567165135 0.0000000000
8.1904819160 1.7000000000 3.5157434629 -3.6003016405 0.3293021166 0.0000000000
8.1904946815 1.7000000000 3.5132881480 -3.6455994671 0.3013617265 0.0000000000
8.1905100091 1.7000000000 3.5109127941 -3.6909271693 0.2737292300 0.0000000000
8.1905306859 1.7000000000 3.5084249113 -3.7360940841 0.2457109330 0.0000000000
8.1905693699 1.7000000000 3.5081495683 -3.7413601169 0.2425031479 0.0000000000
8.1905707278 1.7000000000 3.5106723191 -3.6961142497 0.2706924980 0.0000000000
8.1905723246 1.7000000000 3.5129800000 -3.6507750000 0.2980589214 0.0000000000
