# logAge Mass logTe Mbol logg C/O
-0.5054055187 0.8000000000 3.6615600000 -1.8991000000 1.2656899870 0.0000000000
-0.4608067263 0.8000000000 3.6615645852 -1.8989861906 1.2657538516 0.0000000000
-0.4162079327 0.8000000000 3.6615691969 -1.8988707986 1.2658184550 0.0000000000
-0.3716091431 0.8000000000 3.6615738126 -1.8987461536 1.2658867760 0.0000000000
-0.3270103624 0.8000000000 3.6615784101 -1.8986045849 1.2659617935 0.0000000000
-0.2824115955 0.8000000000 3.6615829732 -1.8984391999 1.2660461999 0.0000000000
-0.2378128410 0.8000000000 3.6615875617 -1.8982526346 1.2661391799 0.0000000000
-0.1932140945 0.8000000000 3.6615922763 -1.8980534830 1.2662376990 0.0000000000
-0.1486153596 0.8000000000 3.6615969693 -1.8978395473 1.2663420454 0.0000000000
-0.1040166487 0.8000000000 3.6616012388 -1.8975971864 1.2664560676 0.0000000000
-0.0594179706 0.8000000000 3.6616053769 -1.8973186828 1.2665840213 0.0000000000
-0.0148193271 0.8000000000 3.6616108559 -1.8970071368 1.2667305560 0.0000000000
0.0297792797 0.8000000000 3.6616188626 -1.8966651461 1.2668993788 0.0000000000
0.0743778451 0.8000000000 3.6616295050 -1.8962911607 1.2670915428 0.0000000000
0.1189763611 0.8000000000 3.6616425313 -1.8958818303 1.2673073802 0.0000000000
0.1635748083 0.8000000000 3.6616568761 -1.8954287999 1.2675459713 0.0000000000
0.2081731646 0.8000000000 3.6616713006 -1.8949228846 1.2678060358 0.0000000000
0.2527714120 0.8000000000 3.6616850069 -1.8943594355 1.2680862405 0.0000000000
0.2973695330 0.8000000000 3.6616975651 -1.8937356581 1.2683859841 0.0000000000
0.3419674953 0.8000000000 3.6617108664 -1.8930450198 1.2687154448 0.0000000000
0.3865652551 0.8000000000 3.6617284458 -1.8922782734 1.2690924608 0.0000000000
0.4311627737 0.8000000000 3.6617512274 -1.8914285972 1.2695234576 0.0000000000
0.4757600192 0.8000000000 3.6617770345 -1.8904920404 1.2700013089 0.0000000000
0.5203569276 0.8000000000 3.6618042615 -1.8894596808 1.2705231606 0.0000000000
0.5649533761 0.8000000000 3.6618326928 -1.8883130522 1.2710955374 0.0000000000
0.6095492655 0.8000000000 3.6618628468 -1.8870387737 1.2717258648 0.0000000000
0.6541445898 0.8000000000 3.6618970085 -1.8856420402 1.2724212049 0.0000000000
0.6987392833 0.8000000000 3.6619368647 -1.8841208727 1.2731890966 0.0000000000
0.7433328903 0.8000000000 3.6619793563 -1.8824188899 1.2740398563 0.0000000000
0.7879248668 0.8000000000 3.6620205085 -1.8804691431 1.2749843637 0.0000000000
0.8325149836 0.8000000000 3.6620615481 -1.8782637197 1.2760306915 0.0000000000
0.8771031601 0.8000000000 3.6621062961 -1.8758236406 1.2771857150 0.0000000000
0.9216890705 0.8000000000 3.6621567547 -1.8731408749 1.2784606557 0.0000000000
0.9662721842 0.8000000000 3.6622134017 -1.8701832923 1.2798702769 0.0000000000
1.0108519318 0.8000000000 3.6622765450 -1.8669225936 1.2814271294 0.0000000000
1.0554276997 0.8000000000 3.6623463283 -1.8633363464 1.2831407617 0.0000000000
1.0999986506 0.8000000000 3.6624225488 -1.8593930266 1.2850229717 0.0000000000
1.1445634879 0.8000000000 3.6625043056 -1.8550413988 1.2870906497 0.0000000000
1.1891209143 0.8000000000 3.6625915337 -1.8502363426 1.2893615847 0.0000000000
1.2336698259 0.8000000000 3.6626873365 -1.8449621473 1.2918544740 0.0000000000
1.2782091115 0.8000000000 3.6627954420 -1.8392062550 1.2945892529 0.0000000000
1.3227373753 0.8000000000 3.6629192624 -1.8329377611 1.2975919320 0.0000000000
1.3672528570 0.8000000000 3.6630612655 -1.8261132079 1.3008897657 0.0000000000
1.4117510932 0.8000000000 3.6632153397 -1.8186278346 1.3045002121 0.0000000000
1.4562262510 0.8000000000 3.6633711454 -1.8103475374 1.3084355537 0.0000000000
1.5006771741 0.8000000000 3.6635356679 -1.8012799680 1.3127206715 0.0000000000
1.5451070093 0.8000000000 3.6637319735 -1.7915638633 1.3173923358 0.0000000000
1.5895115993 0.8000000000 3.6639644801 -1.7811613383 1.3224833720 0.0000000000
1.6338754740 0.8000000000 3.6642084155 -1.7697593212 1.3280199207 0.0000000000
1.6781895594 0.8000000000 3.6644543919 -1.7571966427 1.3340288974 0.0000000000
1.7224630630 0.8000000000 3.6647374488 -1.7437481040 1.3405405407 0.0000000000
1.7666935747 0.8000000000 3.6650698711 -1.7294652220 1.3475833826 0.0000000000
1.8108528461 0.8000000000 3.6654110831 -1.7138791819 1.3551826468 0.0000000000
1.8549365485 0.8000000000 3.6657713082 -1.6969971424 1.3633763629 0.0000000000
1.8989548974 0.8000000000 3.6661859946 -1.6790972913 1.3721950489 0.0000000000
1.9428954998 0.8000000000 3.6666414297 -1.6600322951 1.3816427877 0.0000000000
1.9866855545 0.8000000000 3.6670820032 -1.6389371215 1.3918431514 0.0000000000
2.0303256439 0.8000000000 3.6675165743 -1.6159553091 1.4027741606 0.0000000000
2.0738212197 0.8000000000 3.6679545206 -1.5913419479 1.4143712903 0.0000000000
2.1171786913 0.8000000000 3.6684227190 -1.5652409914 1.4266844663 0.0000000000
2.1604188096 0.8000000000 3.6689456641 -1.5379637024 1.4396871626 0.0000000000
2.2035285672 0.8000000000 3.6695113153 -1.5094285414 1.4533638315 0.0000000000
2.2465021743 0.8000000000 3.6701314188 -1.4796455455 1.4677574438 0.0000000000
2.2893153292 0.8000000000 3.6707909341 -1.4484540433 1.4828721059 0.0000000000
2.3319968905 0.8000000000 3.6715082424 -1.4161686192 1.4986555090 0.0000000000
2.3744236987 0.8000000000 3.6722172674 -1.3818495760 1.5152192264 0.0000000000
2.4164296224 0.8000000000 3.6727910997 -1.3444137211 1.5324888975 0.0000000000
2.4583490741 0.8000000000 3.6734756229 -1.3063921241 1.5504356289 0.0000000000
2.5001136378 0.8000000000 3.6742014740 -1.2673193688 1.5689681356 0.0000000000
2.5417216909 0.8000000000 3.6749570759 -1.2272217818 1.5880295779 0.0000000000
2.5831961437 0.8000000000 3.6757812302 -1.1862808527 1.6077025666 0.0000000000
2.6245818366 0.8000000000 3.6766851982 -1.1447935413 1.6279133634 0.0000000000
2.6654968233 0.8000000000 3.6774569758 -1.1004738660 1.6487283440 0.0000000000
2.7061457553 0.8000000000 3.6782006268 -1.0546359034 1.6700381328 0.0000000000
2.7466576105 0.8000000000 3.6789733398 -1.0080520873 1.6917625112 0.0000000000
2.7870812946 0.8000000000 3.6798112638 -0.9609980276 1.7139358310 0.0000000000
2.8274186148 0.8000000000 3.6806979964 -0.9134873543 1.7364870310 0.0000000000
2.8676774699 0.8000000000 3.6816552934 -0.8655692934 1.7594834433 0.0000000000
2.9074797838 0.8000000000 3.6824641229 -0.8153181298 1.7828192268 0.0000000000
2.9470718015 0.8000000000 3.6832545985 -0.7640287498 1.8064968809 0.0000000000
2.9865938227 0.8000000000 3.6840763067 -0.7124061699 1.8304327458 0.0000000000
3.0260747827 0.8000000000 3.6849603748 -0.6605943980 1.8546937269 0.0000000000
3.0655057081 0.8000000000 3.6858833842 -0.6085493103 1.8792037995 0.0000000000
3.1048363719 0.8000000000 3.6868303534 -0.5560328381 1.9039982654 0.0000000000
3.1437535071 0.8000000000 3.6876266679 -0.5016155910 1.9289504223 0.0000000000
3.1825757348 0.8000000000 3.6884281530 -0.4467728605 1.9540934548 0.0000000000
3.2213655951 0.8000000000 3.6892620760 -0.3917904985 1.9794220915 0.0000000000
3.2601572578 0.8000000000 3.6901494354 -0.3368227329 2.0049586355 0.0000000000
3.2988814702 0.8000000000 3.6910474231 -0.2815570661 2.0306568528 0.0000000000
3.3376053517 0.8000000000 3.6919944835 -0.2262956051 2.0565496791 0.0000000000
3.3758824708 0.8000000000 3.6927561109 -0.1691042843 2.0824727168 0.0000000000
3.4141897990 0.8000000000 3.6935632533 -0.1120439625 2.1085254150 0.0000000000
3.4524786753 0.8000000000 3.6943896379 -0.0549074712 2.1346855500 0.0000000000
3.4907450744 0.8000000000 3.6952253389 0.0023218100 2.1609200667 0.0000000000
3.5290647665 0.8000000000 3.6961258085 0.0593216665 2.1873218874 0.0000000000
3.5673157002 0.8000000000 3.6970232352 0.1166082111 2.2138262121 0.0000000000
3.6052103871 0.8000000000 3.6977514634 0.1753729668 2.2402450272 0.0000000000
3.6430991621 0.8000000000 3.6984927414 0.2341597512 2.2667248531 0.0000000000
3.6810617006 0.8000000000 3.6992943228 0.2926424397 2.2933242541 0.0000000000
3.7190089546 0.8000000000 3.7001065366 0.3511865236 2.3199907427 0.0000000000
3.7569497388 0.8000000000 3.7009226801 0.4097570456 2.3466835257 0.0000000000
3.7949140368 0.8000000000 3.7017688247 0.4682296780 2.3734571569 0.0000000000
3.8326130411 0.8000000000 3.7024927127 0.5277746863 2.4001707123 0.0000000000
3.8702732439 0.8000000000 3.7031964749 0.5874753619 2.4268660315 0.0000000000
3.9079361632 0.8000000000 3.7039109394 0.6471645707 2.4535995730 0.0000000000
3.9456617027 0.8000000000 3.7046675760 0.7066025844 2.4804013247 0.0000000000
3.9833296639 0.8000000000 3.7054028167 0.7662703248 2.5072093836 0.0000000000
4.0210560811 0.8000000000 3.7061681277 0.8257043752 2.5340442477 0.0000000000
4.0587625615 0.8000000000 3.7069326840 0.8852174878 2.5609077182 0.0000000000
4.0962652730 0.8000000000 3.7075908534 0.9455376819 2.5876684735 0.0000000000
4.1337573810 0.8000000000 3.7082368376 1.0058999766 2.6143973280 0.0000000000
4.1712748863 0.8000000000 3.7088912388 1.0661626277 2.6411199933 0.0000000000
4.2088203956 0.8000000000 3.7095432588 1.1263166251 2.6677896723 0.0000000000
4.2464133671 0.8000000000 3.7102201962 1.1862834250 2.6944841419 0.0000000000
4.2840594409 0.8000000000 3.7108857776 1.2460425493 2.7210501172 0.0000000000
4.3217630727 0.8000000000 3.7115419130 1.3055748228 2.7474875680 0.0000000000
4.3595562937 0.8000000000 3.7121723992 1.3647514640 2.7736801695 0.0000000000
4.3974225301 0.8000000000 3.7127163838 1.4236410639 2.7994119478 0.0000000000
4.4356482175 0.8000000000 3.7132641517 1.4810596343 2.8245704473 0.0000000000
4.4743449721 0.8000000000 3.7137729414 1.5364694534 2.8487695342 0.0000000000
4.5137896445 0.8000000000 3.7142682273 1.5884724450 2.8715518742 0.0000000000
4.5541798598 0.8000000000 3.7147028545 1.6357152241 2.8921874946 0.0000000000
4.5956717292 0.8000000000 3.7150773777 1.6765425624 2.9100165228 0.0000000000
4.6382571234 0.8000000000 3.7153843221 1.7096038804 2.9244688275 0.0000000000
4.6816735445 0.8000000000 3.7156213534 1.7350623429 2.9356003379 0.0000000000
4.7255778345 0.8000000000 3.7157978588 1.7546449067 2.9441393850 0.0000000000
4.7697271937 0.8000000000 3.7159434495 1.7704311110 2.9510362296 0.0000000000
4.8139755734 0.8000000000 3.7160657570 1.7843814170 2.9571055817 0.0000000000
4.8582343304 0.8000000000 3.7161857860 1.7981216946 2.9630818088 0.0000000000
4.9024399485 0.8000000000 3.7163244355 1.8128943599 2.9695454729 0.0000000000
4.9465187589 0.8000000000 3.7164749680 1.8298869899 2.9769446550 0.0000000000
4.9903774796 0.8000000000 3.7166642688 1.8501481600 2.9858063261 0.0000000000
5.0338384038 0.8000000000 3.7168961421 1.8751839594 2.9967481391 0.0000000000
5.0765453204 0.8000000000 3.7171438228 1.9072876657 3.0105803444 0.0000000000
5.1178787693 0.8000000000 3.7174494171 1.9490906116 3.0285238999 0.0000000000
5.1567118229 0.8000000000 3.7178625635 2.0037568176 3.0520429680 0.0000000000
5.1914171775 0.8000000000 3.7183616902 2.0735865483 3.0819713673 0.0000000000
5.2212019350 0.8000000000 3.7189516272 2.1564467886 3.1174752111 0.0000000000
5.2474664662 0.8000000000 3.7195663157 2.2465289019 3.1559668106 0.0000000000
5.2730795728 0.8000000000 3.7201618141 2.3377919631 3.1948540288 0.0000000000
5.2996234909 0.8000000000 3.7207263682 2.4273754134 3.2329456252 0.0000000000
5.3271549787 0.8000000000 3.7212410436 2.5150774631 3.2700851466 0.0000000000
5.3555975805 0.8000000000 3.7217084353 2.6009472333 3.3063026214 0.0000000000
5.3848618534 0.8000000000 3.7221276738 2.6850757261 3.3416309728 0.0000000000
5.4147721823 0.8000000000 3.7224571347 2.7677736774 3.3760279967 0.0000000000
5.4453813805 0.8000000000 3.7227731487 2.8488597242 3.4097264714 0.0000000000
5.4765836400 0.8000000000 3.7230461833 2.9285207927 3.4426830373 0.0000000000
5.5083179973 0.8000000000 3.7232738071 3.0068591509 3.4749288758 0.0000000000
5.5405438401 0.8000000000 3.7234849745 3.0839331795 3.5066031567 0.0000000000
5.5731754760 0.8000000000 3.7236491244 3.1599342342 3.5376601782 0.0000000000
5.6062158948 0.8000000000 3.7237897367 3.2348234497 3.5681783136 0.0000000000
5.6395624501 0.8000000000 3.7238863260 3.3088602623 3.5981793957 0.0000000000
5.6732376023 0.8000000000 3.7239670395 3.3819621456 3.6277430034 0.0000000000
5.7071475218 0.8000000000 3.7239955450 3.4543824166 3.6568251336 0.0000000000
5.7413357342 0.8000000000 3.7240186665 3.5259808807 3.6855570052 0.0000000000
5.7757028158 0.8000000000 3.7239881103 3.5970415289 3.7138590398 0.0000000000
5.8102697645 0.8000000000 3.7239382727 3.6674942305 3.7418407699 0.0000000000
5.8449904095 0.8000000000 3.7238432359 3.7374720304 3.7694517428 0.0000000000
5.8799100639 0.8000000000 3.7237342330 3.8068288265 3.7967584495 0.0000000000
5.9149482046 0.8000000000 3.7235924605 3.8758101963 3.8237839074 0.0000000000
5.9501767396 0.8000000000 3.7234341851 3.9441831534 3.8504999886 0.0000000000
5.9855412130 0.8000000000 3.7232483864 4.0121153224 3.8769296617 0.0000000000
6.0210780228 0.8000000000 3.7230495760 4.0794831070 3.9030815337 0.0000000000
6.0567647267 0.8000000000 3.7228295071 4.1463530255 3.9289492255 0.0000000000
6.0926293078 0.8000000000 3.7226104373 4.2126259314 3.9545821086 0.0000000000
6.1286590189 0.8000000000 3.7223745640 4.2783358380 3.9799225780 0.0000000000
6.1648865561 0.8000000000 3.7221412668 4.3433628792 4.0050002059 0.0000000000
6.2012959197 0.8000000000 3.7219115082 4.4077518694 4.0298367675 0.0000000000
6.2379226442 0.8000000000 3.7216824214 4.4713659257 4.0543660430 0.0000000000
6.2747839545 0.8000000000 3.7214736100 4.5341269732 4.0786352163 0.0000000000
6.3119373522 0.8000000000 3.7213119951 4.5958036706 4.1026594355 0.0000000000
6.3493821282 0.8000000000 3.7211981992 4.6563689165 4.1264303505 0.0000000000
6.3871960291 0.8000000000 3.7211502798 4.7154840208 4.1498847147 0.0000000000
6.4253733225 0.8000000000 3.7211904971 4.7731188430 4.1730995127 0.0000000000
6.4640383199 0.8000000000 3.7213666712 4.8286819713 4.1960294601 0.0000000000
6.5031376726 0.8000000000 3.7216537267 4.8823091420 4.2186285507 0.0000000000
6.5427803976 0.8000000000 3.7220962959 4.9333696932 4.2408230477 0.0000000000
6.5831265770 0.8000000000 3.7228217194 4.9808411823 4.2627133374 0.0000000000
6.6241304770 0.8000000000 3.7237932514 5.0246237822 4.2841125056 0.0000000000
6.6658054587 0.8000000000 3.7250491349 5.0641829516 4.3049597073 0.0000000000
6.7081837707 0.8000000000 3.7266054631 5.0986502033 4.3249719208 0.0000000000
6.7514673050 0.8000000000 3.7287631622 5.1248445197 4.3440804435 0.0000000000
6.7954789435 0.8000000000 3.7315879483 5.1411843706 4.3619155284 0.0000000000
6.8398723531 0.8000000000 3.7351842468 5.1455793981 4.3780587333 0.0000000000
6.8840374473 0.8000000000 3.7396601338 5.1355317639 4.3919432279 0.0000000000
6.9270869122 0.8000000000 3.7450420725 5.1100201467 4.4032663358 0.0000000000
6.9682482234 0.8000000000 3.7512288377 5.0701499229 4.4120653071 0.0000000000
7.0073898457 0.8000000000 3.7580791721 5.0195960590 4.4192450989 0.0000000000
7.0451739879 0.8000000000 3.7655009065 4.9633515816 4.4264342458 0.0000000000
7.0828594343 0.8000000000 3.7734841175 4.9071747108 4.4358963412 0.0000000000
7.1217688505 0.8000000000 3.7821065741 4.8572260773 4.4504067144 0.0000000000
7.1630135227 0.8000000000 3.7912928100 4.8220322685 4.4730741345 0.0000000000
7.2064266014 0.8000000000 3.8001099163 4.8169503589 4.5063097958 0.0000000000
7.2456321486 0.8000000000 3.8052283613 4.8660567278 4.5464261234 0.0000000000
7.2763207375 0.8000000000 3.8063717121 4.9466480416 4.5832360519 0.0000000000
7.3022734258 0.8000000000 3.8052747038 5.0372484510 4.6150881824 0.0000000000
7.3279707565 0.8000000000 3.8031151104 5.1281979036 4.6428295900 0.0000000000
7.3582368660 0.8000000000 3.8005841511 5.2095310258 4.6652390018 0.0000000000
7.3976910859 0.8000000000 3.7987536368 5.2595420348 4.6779213479 0.0000000000
7.4418585973 0.8000000000 3.7981200000 5.2737750000 4.6810799870 0.0000000000
7.5008689117 0.8000000000 3.7978100000 5.2764000000 4.6808899870 0.0000000000
7.5121948181 0.8000000000 3.7977589909 5.2764719011 4.6807147109 0.0000000000
7.5235203161 0.8000000000 3.7977124274 5.2764004241 4.6804998662 0.0000000000
7.5348454732 0.8000000000 3.7976697940 5.2762108481 4.6802535022 0.0000000000
7.5461703567 0.8000000000 3.7976305751 5.2759284520 4.6799836681 0.0000000000
7.5574950340 0.8000000000 3.7975942551 5.2755785147 4.6796984132 0.0000000000
7.5688195725 0.8000000000 3.7975603184 5.2751863153 4.6794057868 0.0000000000
7.5801440396 0.8000000000 3.7975282495 5.2747771318 4.6791138378 0.0000000000
7.5914684851 0.8000000000 3.7974976177 5.2743700825 4.6788284908 0.0000000000
7.6027928997 0.8000000000 3.7974682797 5.2739634355 4.6785484801 0.0000000000
7.6141172615 0.8000000000 3.7974401531 5.2735510521 4.6782710201 0.0000000000
7.6254415484 0.8000000000 3.7974131552 5.2731267932 4.6779933252 0.0000000000
7.6367657448 0.8000000000 3.7973872218 5.2726858869 4.6777132290 0.0000000000
7.6480898707 0.8000000000 3.7973623925 5.2722314101 4.6774321211 0.0000000000
7.6594139587 0.8000000000 3.7973387443 5.2717692354 4.6771526583 0.0000000000
7.6707380414 0.8000000000 3.7973163539 5.2713052394 4.6768774984 0.0000000000
7.6820621515 0.8000000000 3.7972952980 5.2708452827 4.6766092920 0.0000000000
7.6933863083 0.8000000000 3.7972755975 5.2703928755 4.6763495271 0.0000000000
7.7047105038 0.8000000000 3.7972571593 5.2699466920 4.6760973010 0.0000000000
7.7160347266 0.8000000000 3.7972398763 5.2695048110 4.6758514165 0.0000000000
7.7273589654 0.8000000000 3.7972236412 5.2690653112 4.6756106762 0.0000000000
7.7386832087 0.8000000000 3.7972083469 5.2686262722 4.6753738833 0.0000000000
7.7500074497 0.8000000000 3.7971939115 5.2681865205 4.6751402413 0.0000000000
7.7613316940 0.8000000000 3.7971803264 5.2677470324 4.6749101054 0.0000000000
7.7726559494 0.8000000000 3.7971675957 5.2673091686 4.6746840371 0.0000000000
7.7839802240 0.8000000000 3.7971557236 5.2668742901 4.6744625975 0.0000000000
7.7953045257 0.8000000000 3.7971447145 5.2664437576 4.6742463481 0.0000000000
7.8066288619 0.8000000000 3.7971345690 5.2660188614 4.6740358073 0.0000000000
7.8179532324 0.8000000000 3.7971252195 5.2655995709 4.6738306935 0.0000000000
7.8292776296 0.8000000000 3.7971165384 5.2651846840 4.6736300142 0.0000000000
7.8406020460 0.8000000000 3.7971083957 5.2647729576 4.6734327528 0.0000000000
7.8519264739 0.8000000000 3.7971006615 5.2643631486 4.6732378924 0.0000000000
7.8632509057 0.8000000000 3.7970932059 5.2639540142 4.6730444161 0.0000000000
7.8745753341 0.8000000000 3.7970859060 5.2635443514 4.6728513515 0.0000000000
7.8858997561 0.8000000000 3.7970787622 5.2631336586 4.6726584994 0.0000000000
7.8972241726 0.8000000000 3.7970718795 5.2627220294 4.6724663167 0.0000000000
7.9085485848 0.8000000000 3.7970653660 5.2623095759 4.6722752814 0.0000000000
7.9198729937 0.8000000000 3.7970593300 5.2618964107 4.6720858713 0.0000000000
7.9311974002 0.8000000000 3.7970538797 5.2614826460 4.6718985643 0.0000000000
7.9425218056 0.8000000000 3.7970491232 5.2610683932 4.6717138372 0.0000000000
7.9538462091 0.8000000000 3.7970451267 5.2606535396 4.6715319096 0.0000000000
7.9651706067 0.8000000000 3.7970418621 5.2602374686 4.6713524227 0.0000000000
7.9764949936 0.8000000000 3.7970392885 5.2598194944 4.6711749387 0.0000000000
7.9878193652 0.8000000000 3.7970373650 5.2593989315 4.6709990197 0.0000000000
7.9991437167 0.8000000000 3.7970360508 5.2589750943 4.6708242280 0.0000000000
8.0104680436 0.8000000000 3.7970353049 5.2585472972 4.6706501256 0.0000000000
8.0217923410 0.8000000000 3.7970350865 5.2581148545 4.6704762747 0.0000000000
8.0331166044 0.8000000000 3.7970353546 5.2576770807 4.6703022376 0.0000000000
8.0444408290 0.8000000000 3.7970360683 5.2572332901 4.6701275762 0.0000000000
8.0557650102 0.8000000000 3.7970371868 5.2567827970 4.6699518529 0.0000000000
8.0670891433 0.8000000000 3.7970386691 5.2563249160 4.6697746298 0.0000000000
8.0784132236 0.8000000000 3.7970404742 5.2558589735 4.6695954730 0.0000000000
8.0897372567 0.8000000000 3.7970425360 5.2553857989 4.6694144507 0.0000000000
8.1010612677 0.8000000000 3.7970447403 5.2549091620 4.6692326129 0.0000000000
8.1123852838 0.8000000000 3.7970469668 5.2544331736 4.6690511236 0.0000000000
8.1237093326 0.8000000000 3.7970490954 5.2539619444 4.6688711465 0.0000000000
8.1350334392 0.8000000000 3.7970510192 5.2534992566 4.6686937666 0.0000000000
8.1463575867 0.8000000000 3.7970528768 5.2530427135 4.6685185797 0.0000000000
8.1576817211 0.8000000000 3.7970550258 5.2525844164 4.6683438567 0.0000000000
8.1690057868 0.8000000000 3.7970578312 5.2521162749 4.6681678218 0.0000000000
8.1803297295 0.8000000000 3.7970616504 5.2516303591 4.6679887321 0.0000000000
8.1916535390 0.8000000000 3.7970665258 5.2511251618 4.6678061547 0.0000000000
8.2029772635 0.8000000000 3.7970720859 5.2506076229 4.6676213797 0.0000000000
8.2143009551 0.8000000000 3.7970779310 5.2500852579 4.6674358143 0.0000000000
8.2256246635 0.8000000000 3.7970836951 5.2495652690 4.6672508751 0.0000000000
8.2369484110 0.8000000000 3.7970894354 5.2490509159 4.6670680951 0.0000000000
8.2482722007 0.8000000000 3.7970954987 5.2485427625 4.6668890867 0.0000000000
8.2595960356 0.8000000000 3.7971022293 5.2480413165 4.6667154309 0.0000000000
8.2709199186 0.8000000000 3.7971094402 5.2475468197 4.6665464757 0.0000000000
8.2822438527 0.8000000000 3.7971160855 5.2470590846 4.6663779628 0.0000000000
8.2935678407 0.8000000000 3.7971210501 5.2465778225 4.6662053165 0.0000000000
8.3048918270 0.8000000000 3.7971242337 5.2460955833 4.6660251552 0.0000000000
8.3162156447 0.8000000000 3.7971274794 5.2455911998 4.6658363844 0.0000000000
8.3275391206 0.8000000000 3.7971327890 5.2450427572 4.6656382460 0.0000000000
8.3388622602 0.8000000000 3.7971404394 5.2444511195 4.6654321924 0.0000000000
8.3501852686 0.8000000000 3.7971487773 5.2438426324 4.6652221493 0.0000000000
8.3615083289 0.8000000000 3.7971564327 5.2432408176 4.6650120448 0.0000000000
8.3728314133 0.8000000000 3.7971644837 5.2426426731 4.6648049909 0.0000000000
8.3841544134 0.8000000000 3.7971749169 5.2420349967 4.6646036534 0.0000000000
8.3954772711 0.8000000000 3.7971880651 5.2414109053 4.6644066096 0.0000000000
8.4067999886 0.8000000000 3.7972022888 5.2407710736 4.6642075716 0.0000000000
8.4181225671 0.8000000000 3.7972164003 5.2401161440 4.6640020457 0.0000000000
8.4294449974 0.8000000000 3.7972306254 5.2394455777 4.6637907197 0.0000000000
8.4407672955 0.8000000000 3.7972453247 5.2387613417 4.6635758225 0.0000000000
8.4520895735 0.8000000000 3.7972605711 5.2380748410 4.6633622079 0.0000000000
8.4634118825 0.8000000000 3.7972763498 5.2373914250 4.6631519561 0.0000000000
8.4747339820 0.8000000000 3.7972925574 5.2366873728 4.6629351655 0.0000000000
8.4860557363 0.8000000000 3.7973091581 5.2359492382 4.6627063148 0.0000000000
8.4973774339 0.8000000000 3.7973263336 5.2352054592 4.6624775050 0.0000000000
8.5086991778 0.8000000000 3.7973441429 5.2344664561 4.6622531410 0.0000000000
8.5200207269 0.8000000000 3.7973624339 5.2337091362 4.6620233771 0.0000000000
8.5313419941 0.8000000000 3.7973811738 5.2329258360 4.6617850166 0.0000000000
8.5426630283 0.8000000000 3.7974004106 5.2321219419 4.6615404062 0.0000000000
8.5539839473 0.8000000000 3.7974201755 5.2313079926 4.6612938861 0.0000000000
8.5653047282 0.8000000000 3.7974404343 5.2304822611 4.6610446285 0.0000000000
8.5766252310 0.8000000000 3.7974611924 5.2296330705 4.6607879847 0.0000000000
8.5879454443 0.8000000000 3.7974827911 5.2287602572 4.6605252543 0.0000000000
8.5992654889 0.8000000000 3.7975050760 5.2278739279 4.6602598623 0.0000000000
8.6105854191 0.8000000000 3.7975279569 5.2269786527 4.6599932755 0.0000000000
8.6219050326 0.8000000000 3.7975517785 5.2260588772 4.6597206521 0.0000000000
8.6332243322 0.8000000000 3.7975745014 5.2251149160 4.6594339589 0.0000000000
8.6445432417 0.8000000000 3.7976035967 5.2241434996 4.6591617736 0.0000000000
8.6558618816 0.8000000000 3.7976365561 5.2231532181 4.6588974987 0.0000000000
8.6671804330 0.8000000000 3.7976617323 5.2221552662 4.6585990228 0.0000000000
8.6784985748 0.8000000000 3.7976885594 5.2211289365 4.6582957991 0.0000000000
8.6898163731 0.8000000000 3.7977165488 5.2200793839 4.6579879358 0.0000000000
8.7011337471 0.8000000000 3.7977452979 5.2190017750 4.6576718886 0.0000000000
8.7124506917 0.8000000000 3.7977747149 5.2178963843 4.6573474005 0.0000000000
8.7237671133 0.8000000000 3.7978052787 5.2167583182 4.6570144292 0.0000000000
8.7350834942 0.8000000000 3.7978354733 5.2156174851 4.6566788743 0.0000000000
8.7463989515 0.8000000000 3.7978776038 5.2144232370 4.6563696972 0.0000000000
8.7577143128 0.8000000000 3.7979107661 5.2132214511 4.6560216319 0.0000000000
8.7690298081 0.8000000000 3.7979448418 5.2120279407 4.6556805305 0.0000000000
8.7803436931 0.8000000000 3.7979796572 5.2107423004 4.6553055360 0.0000000000
8.7916573258 0.8000000000 3.7980155338 5.2094432865 4.6549294370 0.0000000000
8.8029706238 0.8000000000 3.7980521654 5.2081263399 4.6545491846 0.0000000000
8.8142832556 0.8000000000 3.7980900199 5.2067742090 4.6541597503 0.0000000000
8.8255947163 0.8000000000 3.7981322710 5.2053631010 4.6537643113 0.0000000000
8.8369066704 0.8000000000 3.7981719994 5.2039765536 4.6533686061 0.0000000000
8.8482169873 0.8000000000 3.7982214191 5.2025109748 4.6529800534 0.0000000000
8.8595269861 0.8000000000 3.7982639187 5.2010285341 4.6525570756 0.0000000000
8.8708354299 0.8000000000 3.7983086080 5.1994738515 4.6521139594 0.0000000000
8.8821435462 0.8000000000 3.7983550655 5.1979049540 4.6516722306 0.0000000000
8.8934520185 0.8000000000 3.7983906103 5.1963508647 4.6511927739 0.0000000000
8.9047590715 0.8000000000 3.7984392344 5.1947364824 4.6507415176 0.0000000000
8.9160642231 0.8000000000 3.7984885993 5.1930394454 4.6502601624 0.0000000000
8.9273682441 0.8000000000 3.7985400812 5.1912972437 4.6497692094 0.0000000000
8.9386714901 0.8000000000 3.7985934413 5.1895234856 4.6492731465 0.0000000000
8.9499726356 0.8000000000 3.7986491881 5.1876684522 4.6487541203 0.0000000000
8.9612745601 0.8000000000 3.7986932855 5.1858412249 4.6481996188 0.0000000000
8.9725734571 0.8000000000 3.7987520155 5.1839036063 4.6476594915 0.0000000000
8.9838716944 0.8000000000 3.7988114324 5.1819420590 4.6471125401 0.0000000000
8.9951676297 0.8000000000 3.7988723690 5.1798995853 4.6465392972 0.0000000000
9.0064623027 0.8000000000 3.7989349448 5.1778146427 4.6459556234 0.0000000000
9.0177553508 0.8000000000 3.7989994687 5.1756755821 4.6453580946 0.0000000000
9.0290461507 0.8000000000 3.7990665748 5.1734637183 4.6447417734 0.0000000000
9.0403358920 0.8000000000 3.7991354530 5.1712186248 4.6441192489 0.0000000000
9.0516227746 0.8000000000 3.7992061614 5.1688858585 4.6434689761 0.0000000000
9.0629075600 0.8000000000 3.7992787588 5.1664909023 4.6428013831 0.0000000000
9.0741904974 0.8000000000 3.7993532989 5.1640424945 4.6421201802 0.0000000000
9.0854712423 0.8000000000 3.7994297831 5.1615321020 4.6414219601 0.0000000000
9.0967486185 0.8000000000 3.7995082603 5.1589290548 4.6406946502 0.0000000000
9.1080234403 0.8000000000 3.7995899412 5.1562588159 4.6399532780 0.0000000000
9.1192957005 0.8000000000 3.7996739406 5.1535224843 4.6391947433 0.0000000000
9.1305653607 0.8000000000 3.7997601625 5.1507197410 4.6384185335 0.0000000000
9.1418306888 0.8000000000 3.7998488855 5.1478109126 4.6376098942 0.0000000000
9.1530926839 0.8000000000 3.7999400662 5.1448228680 4.6367793990 0.0000000000
9.1643512080 0.8000000000 3.8000336253 5.1417547202 4.6359263761 0.0000000000
9.1756061045 0.8000000000 3.8001202806 5.1386035393 4.6350125251 0.0000000000
9.1868574093 0.8000000000 3.8002215162 5.1353756801 4.6341263239 0.0000000000
9.1981036192 0.8000000000 3.8003241703 5.1320386896 4.6332021442 0.0000000000
9.2093456847 0.8000000000 3.8004308094 5.1286164195 4.6322597922 0.0000000000
9.2205827645 0.8000000000 3.8005396488 5.1250937235 4.6312860716 0.0000000000
9.2318145837 0.8000000000 3.8006517308 5.1214684437 4.6302842875 0.0000000000
9.2430420527 0.8000000000 3.8007667548 5.1177605113 4.6292612108 0.0000000000
9.2542629051 0.8000000000 3.8008943078 5.1139318484 4.6282399574 0.0000000000
9.2654769144 0.8000000000 3.8010152445 5.1099787032 4.6271424465 0.0000000000
9.2766852385 0.8000000000 3.8011391914 5.1059267525 4.6260174535 0.0000000000
9.2878874750 0.8000000000 3.8012663226 5.1017713047 4.6248637993 0.0000000000
9.2990815683 0.8000000000 3.8013967029 5.0974816044 4.6236694404 0.0000000000
9.3102673976 0.8000000000 3.8015304566 5.0930598922 4.6224357703 0.0000000000
9.3214449710 0.8000000000 3.8016774261 5.0885123600 4.6212046355 0.0000000000
9.3326147080 0.8000000000 3.8018184142 5.0838446146 4.6199014898 0.0000000000
9.3437744324 0.8000000000 3.8019634812 5.0790300546 4.6185559336 0.0000000000
9.3549237764 0.8000000000 3.8021208861 5.0740699605 4.6172015157 0.0000000000
9.3660620724 0.8000000000 3.8022727633 5.0689559838 4.6157634336 0.0000000000
9.3771883369 0.8000000000 3.8024285127 5.0636818666 4.6142767843 0.0000000000
9.3883037580 0.8000000000 3.8025882417 5.0582674038 4.6127499152 0.0000000000
9.3994055354 0.8000000000 3.8027520001 5.0526813473 4.6111705264 0.0000000000
9.4104933743 0.8000000000 3.8029297114 5.0469278731 4.6095799818 0.0000000000
9.4215669476 0.8000000000 3.8031019558 5.0410039463 4.6078993887 0.0000000000
9.4326252759 0.8000000000 3.8032885007 5.0349074861 4.6062069841 0.0000000000
9.4436648901 0.8000000000 3.8034802303 5.0286034590 4.6044522917 0.0000000000
9.4546880414 0.8000000000 3.8036644450 5.0221200652 4.6025957932 0.0000000000
9.4656934718 0.8000000000 3.8038641082 5.0154545160 4.6007282260 0.0000000000
9.4766749645 0.8000000000 3.8040695555 5.0085476087 4.5987872525 0.0000000000
9.4876357222 0.8000000000 3.8042774564 5.0014383671 4.5967751593 0.0000000000
9.4985757312 0.8000000000 3.8044987867 4.9941351300 4.5947391858 0.0000000000
9.5094918664 0.8000000000 3.8047190742 4.9866116283 4.5926109350 0.0000000000
9.5203806712 0.8000000000 3.8049543052 4.9788475643 4.5904462333 0.0000000000
9.5312424118 0.8000000000 3.8051834272 4.9708486637 4.5881631613 0.0000000000
9.5420743527 0.8000000000 3.8054269036 4.9626038008 4.5858391218 0.0000000000
9.5528763585 0.8000000000 3.8056761254 4.9541181887 4.5834417642 0.0000000000
9.5636411711 0.8000000000 3.8059310595 4.9453426376 4.5809512800 0.0000000000
9.5743721437 0.8000000000 3.8062110753 4.9363167746 4.5784609981 0.0000000000
9.5850649917 0.8000000000 3.8064866703 4.9270117781 4.5758413795 0.0000000000
9.5957151354 0.8000000000 3.8067729173 4.9174076078 4.5731446994 0.0000000000
9.6063242594 0.8000000000 3.8070640720 4.9075248521 4.5703562156 0.0000000000
9.6168857303 0.8000000000 3.8073633495 4.8973296827 4.5674752581 0.0000000000
9.6273988205 0.8000000000 3.8076591333 4.8868259563 4.5644569028 0.0000000000
9.6378624734 0.8000000000 3.8079628068 4.8760196452 4.5613490722 0.0000000000
9.6482706958 0.8000000000 3.8082818761 4.8648862137 4.5581719770 0.0000000000
9.6586180085 0.8000000000 3.8086090425 4.8534051270 4.5548882077 0.0000000000
9.6689036787 0.8000000000 3.8089325333 4.8415822330 4.5514530133 0.0000000000
9.6791231830 0.8000000000 3.8092658014 4.8294077523 4.5479162934 0.0000000000
9.6892739991 0.8000000000 3.8096232173 4.8168835805 4.5443362884 0.0000000000
9.6993375563 0.8000000000 3.8099762454 4.8039266494 4.5405656283 0.0000000000
9.7093375192 0.8000000000 3.8103253039 4.7906642052 4.5366568847 0.0000000000
9.7192492047 0.8000000000 3.8106904226 4.7769966440 4.5326503349 0.0000000000
9.7290751593 0.8000000000 3.8110700000 4.7629500000 4.5285499870 0.0000000000
9.7309275470 0.8000000000 3.8111400000 4.7602500000 4.5277499870 0.0000000000
9.7338203850 0.8000000000 3.8112551241 4.7559630479 4.5264957025 0.0000000000
9.7367127408 0.8000000000 3.8113727057 4.7516744879 4.5252506050 0.0000000000
9.7395919192 0.8000000000 3.8114840140 4.7473296760 4.5239579135 0.0000000000
9.7424624358 0.8000000000 3.8115984357 4.7429498155 4.5226636559 0.0000000000
9.7453244448 0.8000000000 3.8117135889 4.7385354604 4.5213585269 0.0000000000
9.7481761044 0.8000000000 3.8118293023 4.7340793917 4.5200389528 0.0000000000
9.7510193587 0.8000000000 3.8119458830 4.7295901253 4.5187095692 0.0000000000
9.7538513057 0.8000000000 3.8120642771 4.7250567210 4.5173697839 0.0000000000
9.7566759699 0.8000000000 3.8121767632 4.7204943208 4.5159947683 0.0000000000
9.7594933124 0.8000000000 3.8122901064 4.7159036346 4.5146118664 0.0000000000
9.7622998972 0.8000000000 3.8124094379 4.7112728580 4.5132368816 0.0000000000
9.7650927040 0.8000000000 3.8125260197 4.7065898945 4.5118300236 0.0000000000
9.7678807880 0.8000000000 3.8126351961 4.7018882911 4.5103860878 0.0000000000
9.7706561908 0.8000000000 3.8127542503 4.6971413486 4.5089635277 0.0000000000
9.7734190524 0.8000000000 3.8128734822 4.6923490593 4.5075235396 0.0000000000
9.7761772362 0.8000000000 3.8129931515 4.6875400184 4.5060786004 0.0000000000
9.7789109160 0.8000000000 3.8131115717 4.6826441343 4.5045939273 0.0000000000
9.7816327379 0.8000000000 3.8132425871 4.6777140975 4.5031459743 0.0000000000
9.7843668071 0.8000000000 3.8133504610 4.6728185121 4.5016192359 0.0000000000
9.7870768437 0.8000000000 3.8134657349 4.6678408069 4.5000892493 0.0000000000
9.7897771642 0.8000000000 3.8135791260 4.6628298172 4.4985384179 0.0000000000
9.7924628863 0.8000000000 3.8137078927 4.6577721179 4.4970304049 0.0000000000
9.7951366230 0.8000000000 3.8138249950 4.6526732185 4.4954592543 0.0000000000
9.7978017436 0.8000000000 3.8139523546 4.6475476913 4.4939184819 0.0000000000
9.8004545483 0.8000000000 3.8140792664 4.6423822662 4.4923599592 0.0000000000
9.8030926724 0.8000000000 3.8142056337 4.6371699067 4.4907804845 0.0000000000
9.8057159933 0.8000000000 3.8143311421 4.6319109870 4.4891789502 0.0000000000
9.8083331445 0.8000000000 3.8144467627 4.6266316407 4.4875296942 0.0000000000
9.8109338079 0.8000000000 3.8145716702 4.6213027991 4.4858977874 0.0000000000
9.8135241363 0.8000000000 3.8146959208 4.6159424318 4.4842506431 0.0000000000
9.8160991487 0.8000000000 3.8148193695 4.6105360237 4.4825818745 0.0000000000
9.8186594953 0.8000000000 3.8149421887 4.6050861740 4.4808932113 0.0000000000
9.8212068013 0.8000000000 3.8150751941 4.5995998427 4.4792307006 0.0000000000
9.8237417817 0.8000000000 3.8152064084 4.5940777591 4.4775467242 0.0000000000
9.8262588324 0.8000000000 3.8153366183 4.5885044463 4.4758382387 0.0000000000
9.8287663385 0.8000000000 3.8154664380 4.5829051702 4.4741178071 0.0000000000
9.8312592383 0.8000000000 3.8155967343 4.5772644306 4.4723826963 0.0000000000
9.8337356373 0.8000000000 3.8157160949 4.5715768626 4.4705851117 0.0000000000
9.8362024230 0.8000000000 3.8158439629 4.5658645051 4.4688116407 0.0000000000
9.8386544481 0.8000000000 3.8159802539 4.5601137701 4.4670565108 0.0000000000
9.8410885417 0.8000000000 3.8161054178 4.5543140454 4.4652372764 0.0000000000
9.8435089265 0.8000000000 3.8162371555 4.5484794881 4.4634304042 0.0000000000
9.8459169412 0.8000000000 3.8163732745 4.5426137274 4.4616285759 0.0000000000
9.8483116301 0.8000000000 3.8165054006 4.5367133395 4.4597969251 0.0000000000
9.8506920909 0.8000000000 3.8166377843 4.5307771027 4.4579519653 0.0000000000
9.8530557980 0.8000000000 3.8167683304 4.5247989297 4.4560828806 0.0000000000
9.8554066703 0.8000000000 3.8168981470 4.5187890363 4.4541981896 0.0000000000
9.8577317719 0.8000000000 3.8170304547 4.5127171365 4.4522986602 0.0000000000
9.8600470258 0.8000000000 3.8171539706 4.5066206826 4.4503541424 0.0000000000
9.8623421363 0.8000000000 3.8172860277 4.5004778799 4.4484252497 0.0000000000
9.8646244034 0.8000000000 3.8174160432 4.4943049767 4.4464761504 0.0000000000
9.8668890668 0.8000000000 3.8175440850 4.4880913661 4.4445028736 0.0000000000
9.8691353314 0.8000000000 3.8176703832 4.4818359344 4.4425058937 0.0000000000
9.8713638660 0.8000000000 3.8178034018 4.4755418696 4.4405203421 0.0000000000
9.8735747701 0.8000000000 3.8179298275 4.4692082292 4.4384925885 0.0000000000
9.8757720497 0.8000000000 3.8180648466 4.4628461771 4.4364878441 0.0000000000
9.8779458870 0.8000000000 3.8181965528 4.4564335090 4.4344496018 0.0000000000
9.8801068702 0.8000000000 3.8183331347 4.4499944321 4.4324202987 0.0000000000
9.8822480450 0.8000000000 3.8184545539 4.4435121940 4.4303130802 0.0000000000
9.8843695185 0.8000000000 3.8185791549 4.4369900231 4.4282026157 0.0000000000
9.8864807775 0.8000000000 3.8187125906 4.4304481628 4.4261196146 0.0000000000
9.8885671364 0.8000000000 3.8188424709 4.4238561203 4.4240023188 0.0000000000
9.8906381807 0.8000000000 3.8189819427 4.4172352409 4.4219118543 0.0000000000
9.8926893832 0.8000000000 3.8191182484 4.4105754654 4.4197931667 0.0000000000
9.8947258419 0.8000000000 3.8192538127 4.4038874369 4.4176602124 0.0000000000
9.8967428368 0.8000000000 3.8193828771 4.3971618114 4.4154862201 0.0000000000
9.8987419411 0.8000000000 3.8195042059 4.3904019648 4.4132675964 0.0000000000
9.9007243973 0.8000000000 3.8196404870 4.3836132988 4.4110972545 0.0000000000
9.9026884152 0.8000000000 3.8197759318 4.3767910289 4.4089101257 0.0000000000
9.9046364580 0.8000000000 3.8199145331 4.3699406463 4.4067243778 0.0000000000
9.9065636986 0.8000000000 3.8200528876 4.3630535479 4.4045229564 0.0000000000
9.9084714247 0.8000000000 3.8201871269 4.3561321283 4.4022913460 0.0000000000
9.9103671377 0.8000000000 3.8203141790 4.3491891873 4.4000223778 0.0000000000
9.9122405899 0.8000000000 3.8204503715 4.3422096825 4.3977753458 0.0000000000
9.9140983549 0.8000000000 3.8205832997 4.3352036514 4.3955046464 0.0000000000
9.9159371377 0.8000000000 3.8207157976 4.3281663038 4.3932196990 0.0000000000
9.9177558260 0.8000000000 3.8208590406 4.3210977127 4.3909652347 0.0000000000
9.9195590926 0.8000000000 3.8209962483 4.3140037353 4.3886764743 0.0000000000
9.9213487531 0.8000000000 3.8211325283 4.3068881377 4.3863753554 0.0000000000
9.9231163667 0.8000000000 3.8212665372 4.2997379223 4.3840513048 0.0000000000
9.9248677895 0.8000000000 3.8214006762 4.2925628829 4.3817178448 0.0000000000
9.9266046883 0.8000000000 3.8215320720 4.2853654491 4.3793644545 0.0000000000
9.9283165994 0.8000000000 3.8216703438 4.2781315204 4.3770239704 0.0000000000
9.9300202861 0.8000000000 3.8218074350 4.2708853243 4.3746738567 0.0000000000
9.9317015027 0.8000000000 3.8219430986 4.2636062326 4.3723048745 0.0000000000
9.9333688639 0.8000000000 3.8220725631 4.2563065178 4.3699028467 0.0000000000
9.9350146277 0.8000000000 3.8222004419 4.2489760734 4.3674821838 0.0000000000
9.9366501215 0.8000000000 3.8223294731 4.2416313823 4.3650604323 0.0000000000
9.9382708912 0.8000000000 3.8224401953 4.2342644913 4.3625565648 0.0000000000
9.9398605492 0.8000000000 3.8225854650 4.2268591732 4.3601755164 0.0000000000
9.9414459216 0.8000000000 3.8227179109 4.2194466135 4.3577402761 0.0000000000
9.9430131391 0.8000000000 3.8228361368 4.2120083601 4.3552378782 0.0000000000
9.9445615704 0.8000000000 3.8229670365 4.2045468381 4.3527768683 0.0000000000
9.9460968355 0.8000000000 3.8230861716 4.1970671577 4.3502615366 0.0000000000
9.9476140966 0.8000000000 3.8232166385 4.1895657165 4.3477828278 0.0000000000
9.9491186734 0.8000000000 3.8233383785 4.1820474381 4.3452624762 0.0000000000
9.9506027282 0.8000000000 3.8234608124 4.1745037582 4.3427347398 0.0000000000
9.9520714056 0.8000000000 3.8235834643 4.1669413432 4.3402003815 0.0000000000
9.9535303044 0.8000000000 3.8237067500 4.1593671571 4.3376638498 0.0000000000
9.9549685569 0.8000000000 3.8238298262 4.1517683249 4.3351166220 0.0000000000
9.9563954130 0.8000000000 3.8239542961 4.1441562106 4.3325696558 0.0000000000
9.9578057487 0.8000000000 3.8240673067 4.1365237025 4.3299686949 0.0000000000
9.9591994421 0.8000000000 3.8241921504 4.1288733074 4.3274079116 0.0000000000
9.9605800922 0.8000000000 3.8242972237 4.1212062995 4.3247614017 0.0000000000
9.9619474592 0.8000000000 3.8244125919 4.1135253420 4.3221504912 0.0000000000
9.9633005793 0.8000000000 3.8245294556 4.1058287403 4.3195393054 0.0000000000
9.9646362109 0.8000000000 3.8246342659 4.0981120344 4.3168718645 0.0000000000
9.9659606517 0.8000000000 3.8247447631 4.0903837693 4.3142225472 0.0000000000
9.9672692131 0.8000000000 3.8248543055 4.0826385303 4.3115626211 0.0000000000
9.9685638801 0.8000000000 3.8249524806 4.0748777350 4.3088510035 0.0000000000
9.9698451429 0.8000000000 3.8250520698 4.0671031583 4.3061395297 0.0000000000
9.9711134535 0.8000000000 3.8251534490 4.0593154557 4.3034299654 0.0000000000
9.9723685524 0.8000000000 3.8252429470 4.0515135261 4.3006671856 0.0000000000
9.9736097579 0.8000000000 3.8253467404 4.0436987664 4.2979564550 0.0000000000
9.9748391707 0.8000000000 3.8254398378 4.0358715648 4.2951979640 0.0000000000
9.9760618017 0.8000000000 3.8255192933 4.0280368795 4.2923819118 0.0000000000
9.9772578589 0.8000000000 3.8256272779 4.0201786133 4.2896705441 0.0000000000
9.9784474825 0.8000000000 3.8257153714 4.0123127123 4.2868765575 0.0000000000
9.9796283961 0.8000000000 3.8258029100 4.0044385628 4.2840770521 0.0000000000
9.9807939894 0.8000000000 3.8258918692 3.9965502398 4.2812775598 0.0000000000
9.9819470673 0.8000000000 3.8259695510 3.9886497354 4.2784280851 0.0000000000
9.9830887684 0.8000000000 3.8260531486 3.9807392979 4.2755983007 0.0000000000
9.9842198166 0.8000000000 3.8261337632 3.9728191156 4.2727526861 0.0000000000
9.9853401184 0.8000000000 3.8262124592 3.9648892716 4.2698955324 0.0000000000
9.9864470986 0.8000000000 3.8262957531 3.9569480320 4.2670522120 0.0000000000
9.9875439721 0.8000000000 3.8263686356 3.9489973322 4.2641634624 0.0000000000
9.9886308723 0.8000000000 3.8264432326 3.9410381968 4.2612781959 0.0000000000
9.9897067499 0.8000000000 3.8265087388 3.9330692533 4.2583526434 0.0000000000
9.9907700871 0.8000000000 3.8265788207 3.9250900391 4.2554412855 0.0000000000
9.9918291872 0.8000000000 3.8266475008 3.9171072265 4.2525228808 0.0000000000
9.9928745909 0.8000000000 3.8267143984 3.9091130550 4.2495928025 0.0000000000
9.9939149857 0.8000000000 3.8267810042 3.9011147797 4.2466599156 0.0000000000
9.9949178265 0.8000000000 3.8268456753 3.8930864294 4.2437072598 0.0000000000
9.9959166046 0.8000000000 3.8269048294 3.8850547364 4.2407311991 0.0000000000
9.9969068423 0.8000000000 3.8269534542 3.8770160075 4.2377102067 0.0000000000
9.9978876385 0.8000000000 3.8270073447 3.8689702769 4.2347074767 0.0000000000
9.9988619522 0.8000000000 3.8270570989 3.8609194545 4.2316861644 0.0000000000
9.9998279061 0.8000000000 3.8271067240 3.8528623434 4.2286618203 0.0000000000
10.0007873471 0.8000000000 3.8271470022 3.8447999019 4.2255979565 0.0000000000
10.0017380828 0.8000000000 3.8271899665 3.8367311160 4.2225422995 0.0000000000
10.0026832247 0.8000000000 3.8272269891 3.8286580786 4.2194611748 0.0000000000
10.0036209940 0.8000000000 3.8272656206 3.8205797205 4.2163843577 0.0000000000
10.0045524007 0.8000000000 3.8273020941 3.8124967277 4.2132970544 0.0000000000
10.0054788984 0.8000000000 3.8273278223 3.8044098748 4.2101652263 0.0000000000
10.0063992922 0.8000000000 3.8273557996 3.7963187102 4.2070406695 0.0000000000
10.0073103417 0.8000000000 3.8273806217 3.7882208837 4.2039008272 0.0000000000
10.0082185538 0.8000000000 3.8274014602 3.7801210053 4.2007442299 0.0000000000
10.0091178248 0.8000000000 3.8274206075 3.7720148503 4.1975783571 0.0000000000
10.0100128871 0.8000000000 3.8274346652 3.7639057179 4.1943909348 0.0000000000
10.0109015691 0.8000000000 3.8274447401 3.7557921638 4.1911858131 0.0000000000
10.0117816294 0.8000000000 3.8274503895 3.7476727009 4.1879606254 0.0000000000
10.0126547302 0.8000000000 3.8274565527 3.7395485256 4.1847356079 0.0000000000
10.0135456543 0.8000000000 3.8274674789 3.7314365578 4.1815345256 0.0000000000
10.0144374680 0.8000000000 3.8274777877 3.7233251229 4.1783311870 0.0000000000
10.0153154707 0.8000000000 3.8274824919 3.7152042246 4.1751016445 0.0000000000
10.0161823472 0.8000000000 3.8274801201 3.7070758487 4.1718408068 0.0000000000
10.0170387294 0.8000000000 3.8274703948 3.6989406088 4.1685478097 0.0000000000
10.0178813954 0.8000000000 3.8274560148 3.6907964671 4.1652326328 0.0000000000
10.0187151668 0.8000000000 3.8274351619 3.6826466946 4.1618893123 0.0000000000
10.0195368838 0.8000000000 3.8274085083 3.6744893841 4.1585197740 0.0000000000
10.0203455526 0.8000000000 3.8273759042 3.6663240625 4.1551232288 0.0000000000
10.0211440318 0.8000000000 3.8273353005 3.6581527063 4.1516922715 0.0000000000
10.0219301946 0.8000000000 3.8272876254 3.6499741377 4.1482301435 0.0000000000
10.0227055664 0.8000000000 3.8272348635 3.6417893143 4.1447451667 0.0000000000
10.0234679284 0.8000000000 3.8271734968 3.6335972905 4.1412228902 0.0000000000
10.0242215863 0.8000000000 3.8271078426 3.6254004602 4.1376815416 0.0000000000
10.0249638713 0.8000000000 3.8270356659 3.6171974977 4.1341116498 0.0000000000
10.0256961773 0.8000000000 3.8269575683 3.6089892764 4.1305159708 0.0000000000
10.0264191758 0.8000000000 3.8268750202 3.6007761766 4.1269005386 0.0000000000
10.0271311674 0.8000000000 3.8267685034 3.5925591216 4.1231876494 0.0000000000
10.0278265125 0.8000000000 3.8266453214 3.5843342203 4.1194049609 0.0000000000
10.0285130373 0.8000000000 3.8265100992 3.5761058646 4.1155727297 0.0000000000
10.0291907821 0.8000000000 3.8263700023 3.5678733402 4.1117193322 0.0000000000
10.0298640179 0.8000000000 3.8262760833 3.5596346532 4.1080481813 0.0000000000
10.0305316046 0.8000000000 3.8261253933 3.5513980500 4.1041507803 0.0000000000
10.0311876601 0.8000000000 3.8260225107 3.5431515339 4.1004406432 0.0000000000
10.0318358716 0.8000000000 3.8258512957 3.5349078486 4.0964583091 0.0000000000
10.0324685098 0.8000000000 3.8256751523 3.5266573047 4.0924535179 0.0000000000
10.0330974435 0.8000000000 3.8255393146 3.5184003600 4.0886073895 0.0000000000
10.0337207748 0.8000000000 3.8254006519 3.5101411254 4.0847490449 0.0000000000
10.0343337158 0.8000000000 3.8252192741 3.5018820755 4.0807199137 0.0000000000
10.0349343056 0.8000000000 3.8250004194 3.4936230378 4.0765408796 0.0000000000
10.0355226711 0.8000000000 3.8247883900 3.4853573209 4.0723864755 0.0000000000
10.0361030434 0.8000000000 3.8245697077 3.4770892688 4.0682045254 0.0000000000
10.0366758836 0.8000000000 3.8243272030 3.4688218983 4.0639275584 0.0000000000
10.0372426116 0.8000000000 3.8240821552 3.4605524700 4.0596395957 0.0000000000
10.0377980106 0.8000000000 3.8238214219 3.4522812494 4.0552881742 0.0000000000
10.0383440576 0.8000000000 3.8235433165 3.4440095596 4.0508670768 0.0000000000
10.0388838068 0.8000000000 3.8232499285 3.4357385816 4.0463851338 0.0000000000
10.0394161458 0.8000000000 3.8229400678 3.4274684421 4.0418376352 0.0000000000
10.0399395845 0.8000000000 3.8226131929 3.4191988999 4.0372223186 0.0000000000
10.0404547433 0.8000000000 3.8222765140 3.4109284948 4.0325674408 0.0000000000
10.0409630783 0.8000000000 3.8219403124 3.4026552839 4.0279133501 0.0000000000
10.0414657771 0.8000000000 3.8216127767 3.3943777460 4.0232921922 0.0000000000
10.0419624616 0.8000000000 3.8212899616 3.3860968047 4.0186885553 0.0000000000
10.0424521929 0.8000000000 3.8209635745 3.3778142590 4.0140699888 0.0000000000
10.0429340315 0.8000000000 3.8206253173 3.3695319095 4.0094040201 0.0000000000
10.0434070377 0.8000000000 3.8202668919 3.3612515563 4.0046581770 0.0000000000
10.0438702720 0.8000000000 3.8198800000 3.3529750000 3.9997999870 0.0000000000
10.0463684762 0.8000000000 3.8174800000 3.3059250000 3.9713799870 0.0000000000
10.0470248379 0.8000000000 3.8167279084 3.2927081254 3.9630848709 0.0000000000
10.0476612876 0.8000000000 3.8159542096 3.2794924543 3.9547038072 0.0000000000
10.0482781110 0.8000000000 3.8151424863 3.2662854431 3.9461741095 0.0000000000
10.0488756089 0.8000000000 3.8142769798 3.2530943294 3.9374356380 0.0000000000
10.0494543262 0.8000000000 3.8133524245 3.2399228650 3.9284688312 0.0000000000
10.0500148790 0.8000000000 3.8123726716 3.2267715124 3.9192892785 0.0000000000
10.0505572685 0.8000000000 3.8113453514 3.2136381619 3.9099266574 0.0000000000
10.0510818931 0.8000000000 3.8102814194 3.2005185470 3.9004230836 0.0000000000
10.0515901180 0.8000000000 3.8091936505 3.1874070527 3.8908274102 0.0000000000
10.0520827475 0.8000000000 3.8080730375 3.1743092007 3.8811058173 0.0000000000
10.0525603505 0.8000000000 3.8069005474 3.1612361363 3.8711866312 0.0000000000
10.0530239685 0.8000000000 3.8056687561 3.1481942999 3.8610427312 0.0000000000
10.0534741308 0.8000000000 3.8043928857 3.1351757781 3.8507318412 0.0000000000
10.0539108565 0.8000000000 3.8030918214 3.1221699214 3.8403252412 0.0000000000
10.0543342662 0.8000000000 3.8017320819 3.1091993417 3.8296980513 0.0000000000
10.0547450097 0.8000000000 3.8003077959 3.0962690717 3.8188287993 0.0000000000
10.0551443426 0.8000000000 3.7988422637 3.0833656176 3.8078052886 0.0000000000
10.0555338658 0.8000000000 3.7973277442 3.0704955280 3.7965991751 0.0000000000
10.0559134206 0.8000000000 3.7957453173 3.0576750140 3.7851412616 0.0000000000
10.0562817665 0.8000000000 3.7940958909 3.0449052528 3.7734356518 0.0000000000
10.0566386247 0.8000000000 3.7924262006 3.0321495350 3.7616546032 0.0000000000
10.0569844538 0.8000000000 3.7907091796 3.0194320915 3.7496995420 0.0000000000
10.0573205491 0.8000000000 3.7889346217 3.0067617614 3.7375331782 0.0000000000
10.0576481960 0.8000000000 3.7871449297 2.9941033266 3.7253110362 0.0000000000
10.0579660040 0.8000000000 3.7852928881 2.9815003270 3.7128616701 0.0000000000
10.0582756725 0.8000000000 3.7834159309 2.9689181022 3.7003209514 0.0000000000
10.0585789047 0.8000000000 3.7815377207 2.9563366496 3.6877755296 0.0000000000
10.0588738254 0.8000000000 3.7795683442 2.9438415379 3.6748999790 0.0000000000
10.0591628648 0.8000000000 3.7776027948 2.9313413310 3.6620376986 0.0000000000
10.0594475919 0.8000000000 3.7757149807 2.9187656220 3.6494561585 0.0000000000
10.0597281382 0.8000000000 3.7739354434 2.9060914355 3.6372683346 0.0000000000
10.0600044707 0.8000000000 3.7722843261 2.8933086650 3.6255507572 0.0000000000
10.0602745743 0.8000000000 3.7706554634 2.8805067783 3.6139145519 0.0000000000
10.0605370571 0.8000000000 3.7690369611 2.8676962330 3.6023163247 0.0000000000
10.0607912097 0.8000000000 3.7674394937 2.8548678315 3.5907950943 0.0000000000
10.0610364221 0.8000000000 3.7658435548 2.8420372269 3.5792790969 0.0000000000
10.0612721714 0.8000000000 3.7642962884 2.8291683316 3.5679424733 0.0000000000
10.0614979460 0.8000000000 3.7628180769 2.8162475366 3.5568613094 0.0000000000
10.0617137416 0.8000000000 3.7614143813 2.8032738706 3.5460570603 0.0000000000
10.0619199828 0.8000000000 3.7600984140 2.7902416878 3.5355803181 0.0000000000
10.0621160397 0.8000000000 3.7588908544 2.7771435811 3.5255108370 0.0000000000
10.0623026496 0.8000000000 3.7577764322 2.7639925584 3.5157927392 0.0000000000
10.0624811910 0.8000000000 3.7567187726 2.7508119442 3.5062898551 0.0000000000
10.0626516541 0.8000000000 3.7557034466 2.7376099038 3.4969477348 0.0000000000
10.0628163392 0.8000000000 3.7547390385 2.7243834029 3.4877995020 0.0000000000
10.0629770491 0.8000000000 3.7538485394 2.7111242273 3.4789338355 0.0000000000
10.0631314999 0.8000000000 3.7530526668 2.6978273678 3.4704316012 0.0000000000
10.0632800040 0.8000000000 3.7523166679 2.6845081146 3.4621599044 0.0000000000
10.0634236405 0.8000000000 3.7515969033 2.6711833217 3.4539509288 0.0000000000
10.0635627014 0.8000000000 3.7508807020 2.6578569318 3.4457555678 0.0000000000
10.0636976717 0.8000000000 3.7502024037 2.6445179178 3.4377067687 0.0000000000
10.0638286491 0.8000000000 3.7495853468 2.6311600071 3.4298953771 0.0000000000
10.0639556500 0.8000000000 3.7490246716 2.6177864028 3.4223032347 0.0000000000
10.0640796887 0.8000000000 3.7485010561 2.6044031292 3.4148554631 0.0000000000
10.0642010125 0.8000000000 3.7480145283 2.5910111295 3.4075525520 0.0000000000
10.0643195314 0.8000000000 3.7475702451 2.5776097161 3.4004148538 0.0000000000
10.0644358503 0.8000000000 3.7471480213 2.5642036690 3.3933635398 0.0000000000
10.0645505580 0.8000000000 3.7467022217 2.5508025064 3.3862198763 0.0000000000
10.0646636526 0.8000000000 3.7462372082 2.5374052005 3.3790009000 0.0000000000
10.0647747427 0.8000000000 3.7458046091 2.5240010396 3.3719088391 0.0000000000
10.0648841401 0.8000000000 3.7453957791 2.5105920246 3.3649099134 0.0000000000
10.0649919214 0.8000000000 3.7450153437 2.4971778705 3.3580225102 0.0000000000
10.0650981868 0.8000000000 3.7446635392 2.4837586691 3.3512476114 0.0000000000
10.0652033843 0.8000000000 3.7443105927 2.4703395998 3.3444681976 0.0000000000
10.0653071895 0.8000000000 3.7439740451 2.4569178919 3.3377533243 0.0000000000
10.0654096340 0.8000000000 3.7436607044 2.4434925392 3.3311298203 0.0000000000
10.0655111115 0.8000000000 3.7433586510 2.4300655589 3.3245508147 0.0000000000
10.0656116805 0.8000000000 3.7430641712 2.4166374774 3.3180016629 0.0000000000
10.0657110263 0.8000000000 3.7427834106 2.4032075040 3.3115066312 0.0000000000
10.0658094452 0.8000000000 3.7425187278 2.3897754513 3.3050750788 0.0000000000
10.0659072770 0.8000000000 3.7422684953 2.3763416315 3.2987006209 0.0000000000
10.0660040606 0.8000000000 3.7420233050 2.3629071457 3.2923460653 0.0000000000
10.0661004517 0.8000000000 3.7417395652 2.3494775199 3.2858392558 0.0000000000
10.0661963229 0.8000000000 3.7414448932 2.3360491865 3.2792892346 0.0000000000
10.0662911948 0.8000000000 3.7411752803 2.3226176123 3.2728381532 0.0000000000
10.0663850623 0.8000000000 3.7409174653 2.3091845141 3.2664336537 0.0000000000
10.0664783498 0.8000000000 3.7406505335 2.2957525087 3.2599931243 0.0000000000
10.0665713583 0.8000000000 3.7404021330 2.2823182690 3.2536258266 0.0000000000
10.0666638562 0.8000000000 3.7401687552 2.2688823210 3.2473179362 0.0000000000
10.0667555384 0.8000000000 3.7399348953 2.2554463989 3.2410081278 0.0000000000
10.0668466328 0.8000000000 3.7396968474 2.2420108919 3.2346817334 0.0000000000
10.0669372170 0.8000000000 3.7394732734 2.2285738448 3.2284126187 0.0000000000
10.0670270610 0.8000000000 3.7392545874 2.2151362398 3.2221628325 0.0000000000
10.0671162569 0.8000000000 3.7390313791 2.2016990829 3.2158951366 0.0000000000
10.0672049489 0.8000000000 3.7388124859 2.1882614351 3.2096445045 0.0000000000
10.0672930695 0.8000000000 3.7386070991 2.1748224889 3.2034473791 0.0000000000
10.0673803810 0.8000000000 3.7384206076 2.1613817318 3.1973251100 0.0000000000
10.0674670207 0.8000000000 3.7382161735 2.1479425946 3.1911317188 0.0000000000
10.0675533240 0.8000000000 3.7380111677 2.1345035210 3.1849360662 0.0000000000
10.0676387432 0.8000000000 3.7378244664 2.1210627107 3.1788129367 0.0000000000
10.0677237906 0.8000000000 3.7376353500 2.1076221123 3.1726802318 0.0000000000
10.0678080362 0.8000000000 3.7374512625 2.0941810439 3.1665674544 0.0000000000
10.0678916618 0.8000000000 3.7372696597 2.0807397421 3.1604645225 0.0000000000
10.0679744968 0.8000000000 3.7370991138 2.0672974714 3.1544054309 0.0000000000
10.0680571080 0.8000000000 3.7369057156 2.0538572496 3.1482557494 0.0000000000
10.0681391999 0.8000000000 3.7367093525 2.0404171925 3.1420942742 0.0000000000
10.0682206684 0.8000000000 3.7365105782 2.0269773330 3.1359232328 0.0000000000
10.0683014328 0.8000000000 3.7363178283 2.0135368916 3.1297760566 0.0000000000
10.0683814758 0.8000000000 3.7361151291 2.0000973377 3.1235894387 0.0000000000
10.0684610131 0.8000000000 3.7359238270 1.9866567163 3.1174479817 0.0000000000
10.0685399763 0.8000000000 3.7357294812 1.9732163584 3.1112944550 0.0000000000
10.0686180884 0.8000000000 3.7355248351 1.9597768874 3.1051000823 0.0000000000
10.0686958617 0.8000000000 3.7353477487 1.9463350345 3.0990149954 0.0000000000
10.0687726593 0.8000000000 3.7351709249 1.9328930771 3.0929309174 0.0000000000
10.0688492740 0.8000000000 3.7349862751 1.9194517711 3.0868157958 0.0000000000
10.0689248409 0.8000000000 3.7348028117 1.9060103372 3.0807053687 0.0000000000
10.0689999184 0.8000000000 3.7346285581 1.8925681059 3.0746314618 0.0000000000
10.0690744373 0.8000000000 3.7344633134 1.8791251462 3.0685932990 0.0000000000
10.0691482930 0.8000000000 3.7342714346 1.8656843771 3.0624494761 0.0000000000
10.0692213362 0.8000000000 3.7340953575 1.8522422266 3.0563683077 0.0000000000
10.0692936516 0.8000000000 3.7339344289 1.8387988741 3.0503472524 0.0000000000
10.0693655138 0.8000000000 3.7337734316 1.8253555196 3.0443259212 0.0000000000
10.0694367890 0.8000000000 3.7335976287 1.8119133331 3.0382458351 0.0000000000
10.0695068503 0.8000000000 3.7334316658 1.7984702743 3.0322047599 0.0000000000
10.0695768346 0.8000000000 3.7332827780 1.7850259883 3.0262314945 0.0000000000
10.0696459478 0.8000000000 3.7331135822 1.7715831496 3.0201775755 0.0000000000
10.0697144715 0.8000000000 3.7329472792 1.7581400740 3.0141351335 0.0000000000
10.0697820700 0.8000000000 3.7327895817 1.7446963234 3.0081268433 0.0000000000
10.0698494126 0.8000000000 3.7326348899 1.7312523699 3.0021304944 0.0000000000
10.0699161080 0.8000000000 3.7324785823 1.7178084913 2.9961277125 0.0000000000
10.0699820367 0.8000000000 3.7323187599 1.7043648408 2.9901109629 0.0000000000
10.0700474534 0.8000000000 3.7321710461 1.6909203166 2.9841422981 0.0000000000
10.0701122661 0.8000000000 3.7320161885 1.6774762787 2.9781452525 0.0000000000
10.0701767119 0.8000000000 3.7318398092 1.6640338857 2.9720627780 0.0000000000
10.0702403843 0.8000000000 3.7316469992 1.6505928783 2.9659151351 0.0000000000
10.0703036486 0.8000000000 3.7314630018 1.6371510811 2.9598024266 0.0000000000
10.0703661271 0.8000000000 3.7312796152 1.6237092069 2.9536921307 0.0000000000
10.0704281127 0.8000000000 3.7311065973 1.6102664725 2.9476229652 0.0000000000
10.0704893732 0.8000000000 3.7309258226 1.5968243551 2.9415230193 0.0000000000
10.0705502181 0.8000000000 3.7307374725 1.5833828616 2.9353930217 0.0000000000
10.0706104416 0.8000000000 3.7305833327 1.5699386683 2.9293987850 0.0000000000
10.0706697783 0.8000000000 3.7304072707 1.5564960965 2.9233175082 0.0000000000
10.0707291017 0.8000000000 3.7302299102 1.5430536357 2.9172310822 0.0000000000
10.0707873220 0.8000000000 3.7300517753 1.5296111896 2.9111415639 0.0000000000
10.0708452947 0.8000000000 3.7298971544 1.5161669807 2.9051453970 0.0000000000
10.0709025674 0.8000000000 3.7297287432 1.5027237456 2.8990944580 0.0000000000
10.0709593171 0.8000000000 3.7295516774 1.4892811874 2.8930091716 0.0000000000
10.0710157310 0.8000000000 3.7293766398 1.4758384689 2.8869319336 0.0000000000
10.0710713345 0.8000000000 3.7292244528 1.4623939704 2.8809453863 0.0000000000
10.0711263005 0.8000000000 3.7290605371 1.4489503701 2.8749122834 0.0000000000
10.0711810399 0.8000000000 3.7288850543 1.4355076175 2.8688332512 0.0000000000
10.0712351261 0.8000000000 3.7287355466 1.4220629534 2.8628573548 0.0000000000
10.0712887130 0.8000000000 3.7285616792 1.4086200461 2.8567847222 0.0000000000
10.0713418261 0.8000000000 3.7283925985 1.3951767621 2.8507310858 0.0000000000
10.0713942575 0.8000000000 3.7282230569 1.3817335276 2.8446756255 0.0000000000
10.0714464065 0.8000000000 3.7280679352 1.3682891747 2.8386773978 0.0000000000
10.0714980089 0.8000000000 3.7279224892 1.3548441115 2.8327175883 0.0000000000
10.0715491816 0.8000000000 3.7277477967 1.3414012306 2.8266416661 0.0000000000
10.0715995840 0.8000000000 3.7275915168 1.3279569274 2.8206388251 0.0000000000
10.0716498893 0.8000000000 3.7274533182 1.3145114010 2.8147078203 0.0000000000
10.0716993504 0.8000000000 3.7272934204 1.3010673230 2.8086905977 0.0000000000
10.0717486756 0.8000000000 3.7271416600 1.2876226475 2.8027056859 0.0000000000
10.0717972105 0.8000000000 3.7269898770 1.2741779623 2.7967206799 0.0000000000
10.0718456742 0.8000000000 3.7267965965 1.2607365901 2.7905710090 0.0000000000
10.0718934657 0.8000000000 3.7266050325 1.2472950504 2.7844281372 0.0000000000
10.0719407914 0.8000000000 3.7264305735 1.2338521200 2.7783531292 0.0000000000
10.0719876387 0.8000000000 3.7262527563 1.2204093825 2.7722647652 0.0000000000
10.0720339474 0.8000000000 3.7260635544 1.2069676432 2.7661312617 0.0000000000
10.0720796872 0.8000000000 3.7258905057 1.1935245068 2.7600618126 0.0000000000
10.0721250304 0.8000000000 3.7257107413 1.1800819042 2.7539657138 0.0000000000
10.0721698018 0.8000000000 3.7255278538 1.1666395506 2.7478572225 0.0000000000
10.0722141621 0.8000000000 3.7253427265 1.1531973765 2.7417398437 0.0000000000
10.0722579300 0.8000000000 3.7251846874 1.1397530577 2.7357299597 0.0000000000
10.0723013516 0.8000000000 3.7250016503 1.1263107196 2.7296208762 0.0000000000
10.0723443264 0.8000000000 3.7248200209 1.1128682465 2.7235173692 0.0000000000
10.0723867884 0.8000000000 3.7246452661 1.0994252186 2.7174411389 0.0000000000
10.0724288151 0.8000000000 3.7244896157 1.0859806864 2.7114407243 0.0000000000
10.0724705371 0.8000000000 3.7243092547 1.0725380831 2.7053422389 0.0000000000
10.0725116919 0.8000000000 3.7241244491 1.0590958438 2.6992261211 0.0000000000
10.0725522419 0.8000000000 3.7239634499 1.0456516817 2.6932044591 0.0000000000
10.0725925389 0.8000000000 3.7237920394 1.0322082955 2.6871414629 0.0000000000
10.0726325224 0.8000000000 3.7236145631 1.0187654421 2.6810544161 0.0000000000
10.0726719888 0.8000000000 3.7234384004 1.0053224596 2.6749725724 0.0000000000
10.0727109066 0.8000000000 3.7232817643 0.9918779204 2.6689682122 0.0000000000
10.0727494310 0.8000000000 3.7231114492 0.9784344360 2.6629095581 0.0000000000
10.0727877128 0.8000000000 3.7229338451 0.9649915520 2.6568219881 0.0000000000
10.0728254507 0.8000000000 3.7227790335 0.9515468998 2.6508248810 0.0000000000
10.0728627024 0.8000000000 3.7226252512 0.9381021430 2.6448318491 0.0000000000
10.0728997523 0.8000000000 3.7224726866 0.9246573158 2.6388436598 0.0000000000
10.0729362446 0.8000000000 3.7223049784 0.9112136446 2.6327953585 0.0000000000
10.0729725311 0.8000000000 3.7221422522 0.8977695188 2.6267668035 0.0000000000
10.0730083660 0.8000000000 3.7219831425 0.8843250934 2.6207525944 0.0000000000
10.0730438355 0.8000000000 3.7217804691 0.8708844195 2.6145656311 0.0000000000
10.0730790088 0.8000000000 3.7215873988 0.8574427976 2.6084167012 0.0000000000
10.0731137563 0.8000000000 3.7213956129 0.8440010423 2.6022728556 0.0000000000
10.0731482443 0.8000000000 3.7211985830 0.8305597682 2.5961082262 0.0000000000
10.0731822525 0.8000000000 3.7210158878 0.8171172177 2.5900004252 0.0000000000
10.0732160234 0.8000000000 3.7208276290 0.8036751647 2.5838705689 0.0000000000
10.0732494239 0.8000000000 3.7206345065 0.7902335355 2.5777214270 0.0000000000
10.0732824750 0.8000000000 3.7204435185 0.7767917054 2.5715807434 0.0000000000
10.0733151153 0.8000000000 3.7202717019 0.7633482574 2.5655160977 0.0000000000
10.0733475606 0.8000000000 3.7200551420 0.7499088674 2.5592741018 0.0000000000
10.0733797722 0.8000000000 3.7198506771 0.7364682615 2.5530799999 0.0000000000
10.0734115133 0.8000000000 3.7196769552 0.7230249467 2.5470077865 0.0000000000
10.0734429598 0.8000000000 3.7195113296 0.7095809856 2.5409676997 0.0000000000
10.0734740580 0.8000000000 3.7193156783 0.6961395554 2.5348085222 0.0000000000
10.0735049102 0.8000000000 3.7191303963 0.6826971536 2.5286904338 0.0000000000
10.0735353194 0.8000000000 3.7189597334 0.6692535584 2.5226303438 0.0000000000
10.0735654699 0.8000000000 3.7187932648 0.6558096083 2.5165868894 0.0000000000
10.0735954940 0.8000000000 3.7186080670 0.6423672381 2.5104691502 0.0000000000
10.0736250133 0.8000000000 3.7184238430 0.6289247649 2.5043552651 0.0000000000
10.0736543084 0.8000000000 3.7182649566 0.6154802841 2.4983419271 0.0000000000
10.0736832881 0.8000000000 3.7180958218 0.6020365339 2.4922878879 0.0000000000
10.0737119317 0.8000000000 3.7179062164 0.5885945142 2.4861526582 0.0000000000
10.0737405155 0.8000000000 3.7177525830 0.5751496588 2.4801601827 0.0000000000
10.0737685243 0.8000000000 3.7175876683 0.5617056109 2.4741229044 0.0000000000
10.0737962231 0.8000000000 3.7174178356 0.5482619120 2.4680660941 0.0000000000
10.0738237763 0.8000000000 3.7172443954 0.5348185226 2.4619949775 0.0000000000
10.0738509031 0.8000000000 3.7170760340 0.5213747495 2.4559440229 0.0000000000
10.0738778541 0.8000000000 3.7168765992 0.5079338881 2.4497699390 0.0000000000
10.0739044858 0.8000000000 3.7166609685 0.4944943426 2.4435315979 0.0000000000
10.0739309161 0.8000000000 3.7164538643 0.4810539218 2.4373270128 0.0000000000
10.0739570401 0.8000000000 3.7162331567 0.4676148964 2.4310685725 0.0000000000
10.0739828718 0.8000000000 3.7160294299 0.4541741266 2.4248773571 0.0000000000
10.0740084251 0.8000000000 3.7158480630 0.4407313855 2.4187747933 0.0000000000
10.0740337245 0.8000000000 3.7156514087 0.4272899812 2.4126116142 0.0000000000
10.0740587938 0.8000000000 3.7154397680 0.4138500104 2.4063890631 0.0000000000
10.0740835741 0.8000000000 3.7152434724 0.4004085742 2.4002273064 0.0000000000
10.0741080522 0.8000000000 3.7150710529 0.3869651055 2.3941602406 0.0000000000
10.0741323553 0.8000000000 3.7148650847 0.3735245242 2.3879601355 0.0000000000
10.0741564072 0.8000000000 3.7146601311 0.3600838578 2.3817640546 0.0000000000
10.0741801511 0.8000000000 3.7144741194 0.3466414795 2.3756430565 0.0000000000
10.0742036914 0.8000000000 3.7143026436 0.3331978673 2.3695797083 0.0000000000
10.0742269926 0.8000000000 3.7141012634 0.3197568217 2.3633977694 0.0000000000
10.0742500860 0.8000000000 3.7139026256 0.3063155408 2.3572267058 0.0000000000
10.0742728833 0.8000000000 3.7137319356 0.2928718328 2.3511664627 0.0000000000
10.0742954662 0.8000000000 3.7135577580 0.2794284037 2.3450923805 0.0000000000
10.0743178929 0.8000000000 3.7133525670 0.2659877564 2.3388953574 0.0000000000
10.0743400376 0.8000000000 3.7131634398 0.2525456578 2.3327620095 0.0000000000
10.0743619533 0.8000000000 3.7129883238 0.2391022863 2.3266841967 0.0000000000
10.0743836484 0.8000000000 3.7128007852 0.2256600318 2.3205571406 0.0000000000
10.0744051767 0.8000000000 3.7126118351 0.2122180658 2.3144245535 0.0000000000
10.0744264008 0.8000000000 3.7124453831 0.1987740760 2.3083811500 0.0000000000
10.0744474847 0.8000000000 3.7122762262 0.1853302903 2.3023270078 0.0000000000
10.0744683398 0.8000000000 3.7120968368 0.1718872713 2.2962322426 0.0000000000
10.0744890047 0.8000000000 3.7119045022 0.1584454474 2.2900861746 0.0000000000
10.0745094873 0.8000000000 3.7116889753 0.1450057488 2.2838481876 0.0000000000
10.0745297825 0.8000000000 3.7114726238 0.1315661878 2.2776069571 0.0000000000
10.0745498843 0.8000000000 3.7112739215 0.1181250508 2.2714356933 0.0000000000
10.0745698018 0.8000000000 3.7110644492 0.1046848112 2.2652217082 0.0000000000
10.0745895383 0.8000000000 3.7108445228 0.0912456092 2.2589663217 0.0000000000
10.0746091019 0.8000000000 3.7106342155 0.0778054625 2.2527490340 0.0000000000
10.0746284438 0.8000000000 3.7104545446 0.0643625464 2.2466531839 0.0000000000
10.0746476444 0.8000000000 3.7102427218 0.0509225906 2.2404299106 0.0000000000
10.0746666580 0.8000000000 3.7100257985 0.0374831512 2.2341864414 0.0000000000
10.0746854663 0.8000000000 3.7098268852 0.0240421215 2.2280143764 0.0000000000
10.0747041204 0.8000000000 3.7096436392 0.0105995203 2.2219043519 0.0000000000
10.0747225619 0.8000000000 3.7094345994 -0.0028407258 2.2156920942 0.0000000000
10.0747408512 0.8000000000 3.7092227938 -0.0162807885 2.2094688467 0.0000000000
10.0747588740 0.8000000000 3.7090279276 -0.0297223954 2.2033127394 0.0000000000
10.0747767383 0.8000000000 3.7088392178 -0.0431645573 2.1971810354 0.0000000000
10.0747944397 0.8000000000 3.7086284844 -0.0566045878 2.1909620896 0.0000000000
10.0748119641 0.8000000000 3.7084355421 -0.0700463530 2.1848136142 0.0000000000
10.0748292818 0.8000000000 3.7082552018 -0.0834892438 2.1787150966 0.0000000000
10.0748463897 0.8000000000 3.7080829558 -0.0969328591 2.1726486666 0.0000000000
10.0748633963 0.8000000000 3.7078712078 -0.1103727378 2.1664257229 0.0000000000
10.0748801686 0.8000000000 3.7076980119 -0.1238162931 2.1603555175 0.0000000000
10.0748967672 0.8000000000 3.7075234556 -0.1372597416 2.1542799126 0.0000000000
10.0749132225 0.8000000000 3.7073590583 -0.1507039393 2.1482446444 0.0000000000
10.0749295095 0.8000000000 3.7071684093 -0.1641459391 2.1421052487 0.0000000000
10.0749456449 0.8000000000 3.7069934870 -0.1775892121 2.1360282500 0.0000000000
10.0749616482 0.8000000000 3.7067669299 -0.1910278151 2.1297465807 0.0000000000
10.0749774611 0.8000000000 3.7065335110 -0.2044655308 2.1234378188 0.0000000000
10.0749931474 0.8000000000 3.7063174849 -0.2179051194 2.1171978788 0.0000000000
10.0750086439 0.8000000000 3.7060866886 -0.2313432744 2.1108994317 0.0000000000
10.0750240351 0.8000000000 3.7058636447 -0.2447821636 2.1046317004 0.0000000000
10.0750392301 0.8000000000 3.7056565046 -0.2582225964 2.0984269668 0.0000000000
10.0750542740 0.8000000000 3.7054397743 -0.2716620763 2.0921842538 0.0000000000
10.0750691810 0.8000000000 3.7052078058 -0.2850997930 2.0858812930 0.0000000000
10.0750839348 0.8000000000 3.7049907532 -0.2985392442 2.0796373020 0.0000000000
10.0750985427 0.8000000000 3.7048028464 -0.3119814994 2.0735087730 0.0000000000
10.0751130309 0.8000000000 3.7045923621 -0.3254213838 2.0672908819 0.0000000000
10.0751273664 0.8000000000 3.7043553477 -0.3388583171 2.0609680511 0.0000000000
10.0751415465 0.8000000000 3.7041593950 -0.3522998367 2.0548076321 0.0000000000
10.0751555722 0.8000000000 3.7039804199 -0.3657428077 2.0487145435 0.0000000000
10.0751695020 0.8000000000 3.7037672800 -0.3791826004 2.0424860668 0.0000000000
10.0751833665 0.8000000000 3.7035516792 -0.3926222506 2.0362478036 0.0000000000
10.0751970837 0.8000000000 3.7033659915 -0.4060646634 2.0301280876 0.0000000000
10.0752106775 0.8000000000 3.7031895685 -0.4195078301 2.0240451288 0.0000000000
10.0752240703 0.8000000000 3.7029669609 -0.4329467766 2.0177791199 0.0000000000
10.0752372692 0.8000000000 3.7027857647 -0.4463893982 2.0116772866 0.0000000000
10.0752503329 0.8000000000 3.7026080982 -0.4598324452 2.0055894018 0.0000000000
10.0752632099 0.8000000000 3.7024225414 -0.4732748950 1.9994701948 0.0000000000
10.0752759515 0.8000000000 3.7022402856 -0.4867175435 1.9933641119 0.0000000000
10.0752884896 0.8000000000 3.7020584195 -0.5001602716 1.9872595564 0.0000000000
10.0753009234 0.8000000000 3.7018533221 -0.5136007302 1.9810629831 0.0000000000
10.0753132289 0.8000000000 3.7016136399 -0.5270377449 1.9747294484 0.0000000000
10.0753253915 0.8000000000 3.7013846866 -0.5404760269 1.9684383228 0.0000000000
10.0753374644 0.8000000000 3.7011424889 -0.5539127426 1.9620948455 0.0000000000
10.0753494234 0.8000000000 3.7008824325 -0.5673474419 1.9556807404 0.0000000000
10.0753612829 0.8000000000 3.7006526883 -0.5807849037 1.9493867789 0.0000000000
10.0753730367 0.8000000000 3.7004424790 -0.5942250297 1.9431698912 0.0000000000
10.0753847348 0.8000000000 3.7002004814 -0.6076618531 1.9368271714 0.0000000000
10.0753962971 0.8000000000 3.6999831041 -0.6211012765 1.9305818928 0.0000000000
10.0754077725 0.8000000000 3.6997838065 -0.6345424192 1.9244082454 0.0000000000
10.0754191657 0.8000000000 3.6995645520 -0.6479814538 1.9181556136 0.0000000000
10.0754304717 0.8000000000 3.6993269125 -0.6614186958 1.9118301586 0.0000000000
10.0754417009 0.8000000000 3.6991198891 -0.6748590987 1.9056259038 0.0000000000
10.0754528874 0.8000000000 3.6989251368 -0.6883007239 1.8994702448 0.0000000000
10.0754640145 0.8000000000 3.6987187771 -0.7017411792 1.8932686235 0.0000000000
10.0754750805 0.8000000000 3.6984842848 -0.7151787214 1.8869556376 0.0000000000
10.0754861125 0.8000000000 3.6982923955 -0.7286204564 1.8808113864 0.0000000000
10.0754971136 0.8000000000 3.6981086342 -0.7420630342 1.8746993100 0.0000000000
10.0755081345 0.8000000000 3.6979033539 -0.7555033541 1.8685020610 0.0000000000
10.0755191633 0.8000000000 3.6977065670 -0.7689447312 1.8623383625 0.0000000000
10.0755302395 0.8000000000 3.6975309261 -0.7823878628 1.8562585463 0.0000000000
10.0755414223 0.8000000000 3.6973467118 -0.7958302733 1.8501447250 0.0000000000
10.0755527379 0.8000000000 3.6971542936 -0.8092715971 1.8439985225 0.0000000000
10.0755642897 0.8000000000 3.6969779193 -0.8227146530 1.8379158029 0.0000000000
10.0755761784 0.8000000000 3.6967208457 -0.8361496524 1.8315135086 0.0000000000
10.0755885418 0.8000000000 3.6964508240 -0.8495830596 1.8250600593 0.0000000000
10.0756016586 0.8000000000 3.6962352024 -0.8630223392 1.8188218607 0.0000000000
10.0756160494 0.8000000000 3.6960103567 -0.8764608026 1.8125470927 0.0000000000
10.0756329707 0.8000000000 3.6957711666 -0.8898972376 1.8062157582 0.0000000000
10.0756577286 0.8000000000 3.6955883087 -0.9031760078 1.8001728185 0.0000000000
10.0757102965 0.8000000000 3.6959530162 -0.8933522579 1.8055611488 0.0000000000
10.0757246375 0.8000000000 3.6958216119 -0.9024191658 1.8014087682 0.0000000000
10.0757323067 0.8000000000 3.6956013536 -0.9158637189 1.7951499140 0.0000000000
10.0757406080 0.8000000000 3.6953523970 -0.9292999037 1.7887796135 0.0000000000
10.0757488284 0.8000000000 3.6950918288 -0.9427345611 1.7823634777 0.0000000000
10.0757570089 0.8000000000 3.6948874914 -0.9561752906 1.7761698364 0.0000000000
10.0757651690 0.8000000000 3.6946839529 -0.9696161078 1.7699793554 0.0000000000
10.0757733012 0.8000000000 3.6944289516 -0.9830505695 1.7635855657 0.0000000000
10.0757813470 0.8000000000 3.6941917784 -0.9964878454 1.7572619624 0.0000000000
10.0757893610 0.8000000000 3.6940011600 -1.0099298646 1.7511226812 0.0000000000
10.0757973180 0.8000000000 3.6937871892 -1.0233696614 1.7448908791 0.0000000000
10.0758052297 0.8000000000 3.6935312283 -1.0368047606 1.7384929959 0.0000000000
10.0758130559 0.8000000000 3.6933438148 -1.0502469362 1.7323664719 0.0000000000
10.0758208373 0.8000000000 3.6931333493 -1.0636869445 1.7261486063 0.0000000000
10.0758285670 0.8000000000 3.6929413605 -1.0771287365 1.7200039342 0.0000000000
10.0758362339 0.8000000000 3.6927165771 -1.0905671045 1.7137294537 0.0000000000
10.0758438315 0.8000000000 3.6925289324 -1.1040092518 1.7076020159 0.0000000000
10.0758513758 0.8000000000 3.6923299767 -1.1174504037 1.7014297323 0.0000000000
10.0758588642 0.8000000000 3.6921297908 -1.1308914046 1.6952525884 0.0000000000
10.0758662928 0.8000000000 3.6919263689 -1.1443317663 1.6890627559 0.0000000000
10.0758736595 0.8000000000 3.6916614613 -1.1577657053 1.6826295500 0.0000000000
10.0758809812 0.8000000000 3.6913934884 -1.1711992554 1.6761842384 0.0000000000
10.0758882068 0.8000000000 3.6911643939 -1.1846372999 1.6698926428 0.0000000000
10.0758953856 0.8000000000 3.6909110864 -1.1980727022 1.6635052517 0.0000000000
10.0759024944 0.8000000000 3.6906494707 -1.2115070786 1.6570850383 0.0000000000
10.0759095379 0.8000000000 3.6903879120 -1.2249408105 1.6506653108 0.0000000000
10.0759165031 0.8000000000 3.6901794097 -1.2383809189 1.6444552583 0.0000000000
10.0759234180 0.8000000000 3.6899227772 -1.2518158375 1.6380547609 0.0000000000
10.0759302631 0.8000000000 3.6896618806 -1.2652503204 1.6316373813 0.0000000000
10.0759370426 0.8000000000 3.6894441634 -1.2786890957 1.6253910022 0.0000000000
10.0759437473 0.8000000000 3.6892287024 -1.2921285028 1.6191533954 0.0000000000
10.0759504085 0.8000000000 3.6889562271 -1.3055610684 1.6126904682 0.0000000000
10.0759570115 0.8000000000 3.6887122200 -1.3189972451 1.6063399689 0.0000000000
10.0759635285 0.8000000000 3.6885184328 -1.3324387566 1.6001882154 0.0000000000
10.0759699919 0.8000000000 3.6883225444 -1.3458800655 1.5940281384 0.0000000000
10.0759764034 0.8000000000 3.6880752470 -1.3593158710 1.5876646266 0.0000000000
10.0759827506 0.8000000000 3.6878779630 -1.3727570239 1.5814990296 0.0000000000
10.0759890354 0.8000000000 3.6876748682 -1.3861976330 1.5753104067 0.0000000000
10.0759952510 0.8000000000 3.6874931190 -1.3996403856 1.5692063088 0.0000000000
10.0760014143 0.8000000000 3.6872779837 -1.4130797785 1.5629700104 0.0000000000
10.0760075233 0.8000000000 3.6871029403 -1.4265232429 1.5568924510 0.0000000000
10.0760135828 0.8000000000 3.6868802404 -1.4399618545 1.5506262069 0.0000000000
10.0760195946 0.8000000000 3.6866094279 -1.4533954118 1.5441695340 0.0000000000
10.0760255418 0.8000000000 3.6863483530 -1.4668299070 1.5377514361 0.0000000000
10.0760314370 0.8000000000 3.6860833058 -1.4802639979 1.5313176109 0.0000000000
10.0760372808 0.8000000000 3.6858053077 -1.4936966092 1.5248325741 0.0000000000
10.0760430725 0.8000000000 3.6855536132 -1.5071320268 1.5184516292 0.0000000000
10.0760488087 0.8000000000 3.6852907212 -1.5205661834 1.5120263985 0.0000000000
10.0760544864 0.8000000000 3.6850134507 -1.5339986448 1.5055443320 0.0000000000
10.0760601136 0.8000000000 3.6847265306 -1.5474271414 1.4990252528 0.0000000000
10.0760656838 0.8000000000 3.6845142681 -1.5608669130 1.4928002943 0.0000000000
10.0760712129 0.8000000000 3.6842843731 -1.5743046858 1.4865056049 0.0000000000
10.0760766905 0.8000000000 3.6840016021 -1.5877364375 1.4800018205 0.0000000000
10.0760821108 0.8000000000 3.6838023282 -1.6011773257 1.4738283697 0.0000000000
10.0760874843 0.8000000000 3.6835996626 -1.6146183888 1.4676412818 0.0000000000
10.0760928190 0.8000000000 3.6833606397 -1.6280545351 1.4613107319 0.0000000000
10.0760980965 0.8000000000 3.6831124784 -1.6414902548 1.4549437988 0.0000000000
10.0761033261 0.8000000000 3.6829176176 -1.6549318083 1.4487877340 0.0000000000
10.0761085036 0.8000000000 3.6827211605 -1.6683732268 1.4426253383 0.0000000000
10.0761136425 0.8000000000 3.6825027097 -1.6818119448 1.4363760478 0.0000000000
10.0761187367 0.8000000000 3.6823108078 -1.6952535742 1.4302317884 0.0000000000
10.0761237924 0.8000000000 3.6821289951 -1.7086959188 1.4241275997 0.0000000000
10.0761288072 0.8000000000 3.6819233053 -1.7221354305 1.4179290360 0.0000000000
10.0761337767 0.8000000000 3.6816380860 -1.7355663938 1.4114157736 0.0000000000
10.0761387065 0.8000000000 3.6813563170 -1.7489978581 1.4049161116 0.0000000000
10.0761435971 0.8000000000 3.6810536535 -1.7624265740 1.3983339712 0.0000000000
10.0761484363 0.8000000000 3.6807690414 -1.7758575762 1.3918231223 0.0000000000
10.0761532420 0.8000000000 3.6805271743 -1.7892939900 1.3854810882 0.0000000000
10.0761579942 0.8000000000 3.6802175731 -1.8027212336 1.3788717861 0.0000000000
10.0761626988 0.8000000000 3.6799237129 -1.8161509783 1.3723244474 0.0000000000
10.0761673621 0.8000000000 3.6796918898 -1.8295879808 1.3660223538 0.0000000000
10.0761719693 0.8000000000 3.6794794244 -1.8430276097 1.3597966406 0.0000000000
10.0761765512 0.8000000000 3.6792122653 -1.8564609666 1.3533546614 0.0000000000
10.0761810818 0.8000000000 3.6789462965 -1.8698939914 1.3469175762 0.0000000000
10.0761855747 0.8000000000 3.6787280243 -1.8833313102 1.3406695599 0.0000000000
10.0761900099 0.8000000000 3.6785184975 -1.8967710924 1.3344555399 0.0000000000
10.0761944247 0.8000000000 3.6782272064 -1.9102007187 1.3279185250 0.0000000000
10.0761987804 0.8000000000 3.6780261794 -1.9236407552 1.3217384025 0.0000000000
10.0762030977 0.8000000000 3.6778298580 -1.9370815325 1.3155768059 0.0000000000
10.0762073761 0.8000000000 3.6776316296 -1.9505221068 1.3094076627 0.0000000000
10.0762116195 0.8000000000 3.6774117323 -1.9639596417 1.3031530594 0.0000000000
10.0762158206 0.8000000000 3.6772344301 -1.9774020274 1.2970668963 0.0000000000
10.0762199778 0.8000000000 3.6770600854 -1.9908446667 1.2909924621 0.0000000000
10.0762241083 0.8000000000 3.6767845216 -2.0042759589 1.2845176900 0.0000000000
10.0762281972 0.8000000000 3.6764916086 -2.0177051447 1.2779743637 0.0000000000
10.0762322516 0.8000000000 3.6761861957 -2.0311331670 1.2713815028 0.0000000000
10.0762362634 0.8000000000 3.6758686172 -2.0445593494 1.2647407162 0.0000000000
10.0762402451 0.8000000000 3.6755862747 -2.0579870980 1.2582402467 0.0000000000
10.0762441967 0.8000000000 3.6753096408 -2.0714189161 1.2517609837 0.0000000000
10.0762481053 0.8000000000 3.6749975144 -2.0848459607 1.2451416604 0.0000000000
10.0762519752 0.8000000000 3.6747164586 -2.0982772056 1.2386449393 0.0000000000
10.0762558066 0.8000000000 3.6744990218 -2.1117157656 1.2323997678 0.0000000000
10.0762596151 0.8000000000 3.6742405240 -2.1251496083 1.2259922395 0.0000000000
10.0762633848 0.8000000000 3.6739069329 -2.1385723847 1.2192887647 0.0000000000
10.0762671145 0.8000000000 3.6736980968 -2.1520110566 1.2130779517 0.0000000000
10.0762708089 0.8000000000 3.6734931824 -2.1654507196 1.2068824289 0.0000000000
10.0762744749 0.8000000000 3.6732413157 -2.1788843150 1.2005015239 0.0000000000
10.0762781069 0.8000000000 3.6729841777 -2.1923180120 1.1940994929 0.0000000000
10.0762817070 0.8000000000 3.6727877707 -2.2057584836 1.1879376763 0.0000000000
10.0762852713 0.8000000000 3.6725895646 -2.2191987794 1.1817687338 0.0000000000
10.0762888033 0.8000000000 3.6723697097 -2.2326367817 1.1755141132 0.0000000000
10.0762923128 0.8000000000 3.6721661341 -2.2460765488 1.1693239039 0.0000000000
10.0762957874 0.8000000000 3.6719622844 -2.2595157812 1.1631328120 0.0000000000
10.0762992381 0.8000000000 3.6716401928 -2.2729417084 1.1564740749 0.0000000000
10.0763026551 0.8000000000 3.6713405529 -2.2863704011 1.1499040379 0.0000000000
10.0763060472 0.8000000000 3.6709985110 -2.2997928701 1.1431668828 0.0000000000
10.0763094073 0.8000000000 3.6706553434 -2.3132151329 1.1364253076 0.0000000000
10.0763127418 0.8000000000 3.6703168425 -2.3266350803 1.1297033248 0.0000000000
10.0763160475 0.8000000000 3.6700825413 -2.3400713595 1.1233916084 0.0000000000
10.0763193167 0.8000000000 3.6697600566 -2.3534976731 1.1167311440 0.0000000000
10.0763225663 0.8000000000 3.6694306130 -2.3669230393 1.1100432234 0.0000000000
10.0763257806 0.8000000000 3.6692099121 -2.3803608818 1.1037852827 0.0000000000
10.0763289681 0.8000000000 3.6689846790 -2.3937981879 1.0975094279 0.0000000000
10.0763321267 0.8000000000 3.6686875887 -2.4072270561 1.0909495192 0.0000000000
10.0763352574 0.8000000000 3.6684328888 -2.4206609068 1.0845571795 0.0000000000
10.0763383557 0.8000000000 3.6682314619 -2.4341011135 1.0783753892 0.0000000000
10.0763414263 0.8000000000 3.6680162560 -2.4475396760 1.0721391404 0.0000000000
10.0763444777 0.8000000000 3.6677415748 -2.4609710237 1.0656678766 0.0000000000
10.0763474951 0.8000000000 3.6675546418 -2.4744131479 1.0595432950 0.0000000000
10.0763504856 0.8000000000 3.6673557016 -2.4878538038 1.0533712718 0.0000000000
10.0763534514 0.8000000000 3.6671563617 -2.5012944967 1.0471976350 0.0000000000
10.0763563913 0.8000000000 3.6669079174 -2.5147289919 1.0408300598 0.0000000000
10.0763593097 0.8000000000 3.6665616988 -2.5281510019 1.0340763814 0.0000000000
10.0763622045 0.8000000000 3.6662016978 -2.5415710300 1.0272683664 0.0000000000
10.0763650676 0.8000000000 3.6658994124 -2.5549984554 1.0206882546 0.0000000000
10.0763679118 0.8000000000 3.6656099180 -2.5684274523 1.0141586782 0.0000000000
10.0763707300 0.8000000000 3.6652768063 -2.5818506023 1.0074569712 0.0000000000
10.0763735240 0.8000000000 3.6649293958 -2.5952705266 1.0006993597 0.0000000000
10.0763762841 0.8000000000 3.6647020563 -2.6087080037 0.9944150108 0.0000000000
10.0763790243 0.8000000000 3.6644334789 -2.6221397014 0.9879680220 0.0000000000
10.0763817514 0.8000000000 3.6640869128 -2.6355607476 0.9812133389 0.0000000000
10.0763844412 0.8000000000 3.6638379797 -2.6489951938 0.9748438282 0.0000000000
10.0763871106 0.8000000000 3.6636162561 -2.6624335171 0.9685816046 0.0000000000
10.0763897611 0.8000000000 3.6633608243 -2.6758671164 0.9621864377 0.0000000000
10.0763923824 0.8000000000 3.6630746997 -2.6892963993 0.9556702261 0.0000000000
10.0763949819 0.8000000000 3.6628734642 -2.7027350624 0.9494898188 0.0000000000
10.0763975657 0.8000000000 3.6626500224 -2.7161735658 0.9432206503 0.0000000000
10.0764001245 0.8000000000 3.6624150768 -2.7296104038 0.9369061329 0.0000000000
10.0764026592 0.8000000000 3.6621896357 -2.7430479784 0.9306293386 0.0000000000
10.0764051784 0.8000000000 3.6619629111 -2.7564854157 0.9243474651 0.0000000000
10.0764076755 0.8000000000 3.6616064101 -2.7699038258 0.9175540972 0.0000000000
10.0764101532 0.8000000000 3.6612913690 -2.7833285142 0.9109240572 0.0000000000
10.0764126123 0.8000000000 3.6609490570 -2.7967489518 0.9041866341 0.0000000000
10.0764150479 0.8000000000 3.6606032520 -2.8101688501 0.8974354550 0.0000000000
10.0764174643 0.8000000000 3.6602506154 -2.8235877039 0.8906573670 0.0000000000
10.0764198613 0.8000000000 3.6600137007 -2.8370247639 0.8843348842 0.0000000000
10.0764222373 0.8000000000 3.6596856862 -2.8504474864 0.8776537371 0.0000000000
10.0764245978 0.8000000000 3.6593349462 -2.8638663387 0.8708832361 0.0000000000
10.0764269341 0.8000000000 3.6590921379 -2.8773019232 0.8645377693 0.0000000000
10.0764292553 0.8000000000 3.6588541653 -2.8907393549 0.8582109061 0.0000000000
10.0764315613 0.8000000000 3.6585673144 -2.9041678688 0.8516920970 0.0000000000
10.0764338451 0.8000000000 3.6582904993 -2.9175982277 0.8452126930 0.0000000000
10.0764361120 0.8000000000 3.6580842083 -2.9310381762 0.8390115497 0.0000000000
10.0764383647 0.8000000000 3.6578541570 -2.9444759784 0.8327162238 0.0000000000
10.0764405974 0.8000000000 3.6575928713 -2.9579083947 0.8262981143 0.0000000000
10.0764428126 0.8000000000 3.6573573830 -2.9713455591 0.8199812952 0.0000000000
10.0764450102 0.8000000000 3.6571288104 -2.9847833004 0.8136919085 0.0000000000
10.0764471925 0.8000000000 3.6568378336 -2.9982107402 0.8071570254 0.0000000000
10.0764493585 0.8000000000 3.6564954134 -3.0116309974 0.8004192417 0.0000000000
10.0764515049 0.8000000000 3.6561392247 -3.0250480209 0.7936276774 0.0000000000
10.0764536358 0.8000000000 3.6557604296 -3.0384609542 0.7867473237 0.0000000000
10.0764557518 0.8000000000 3.6554277682 -3.0518819121 0.7800482948 0.0000000000
10.0764578469 0.8000000000 3.6551708672 -3.0653157054 0.7736471738 0.0000000000
10.0764599278 0.8000000000 3.6548122182 -3.0787324304 0.7668458877 0.0000000000
10.0764619953 0.8000000000 3.6544383576 -3.0921466077 0.7599847744 0.0000000000
10.0764640415 0.8000000000 3.6541952797 -3.1055825714 0.7536380774 0.0000000000
10.0764660757 0.8000000000 3.6539583299 -3.1190190329 0.7473156936 0.0000000000
10.0764680958 0.8000000000 3.6536292979 -3.1324411531 0.7406307172 0.0000000000
10.0764701028 0.8000000000 3.6533576826 -3.1458719728 0.7341719283 0.0000000000
10.0764720928 0.8000000000 3.6531310306 -3.1593092877 0.7278903945 0.0000000000
10.0764740725 0.8000000000 3.6529094454 -3.1727471518 0.7216289080 0.0000000000
10.0764760360 0.8000000000 3.6526172998 -3.1861753379 0.7150890509 0.0000000000
10.0764779899 0.8000000000 3.6524035709 -3.1996140454 0.7088586525 0.0000000000
10.0764799346 0.8000000000 3.6521820273 -3.2130517585 0.7025973926 0.0000000000
10.0764818682 0.8000000000 3.6519232145 -3.2264840392 0.6961892293 0.0000000000
10.0764837972 0.8000000000 3.6515619360 -3.2399018107 0.6893770068 0.0000000000
10.0764857185 0.8000000000 3.6511967582 -3.2533190207 0.6825494115 0.0000000000
10.0764876395 0.8000000000 3.6508221919 -3.2667341204 0.6756851066 0.0000000000
10.0764895576 0.8000000000 3.6505126832 -3.2801606143 0.6690764741 0.0000000000
10.0764914865 0.8000000000 3.6502151599 -3.2935892044 0.6625149449 0.0000000000
10.0764934329 0.8000000000 3.6498484750 -3.3070078288 0.6556807556 0.0000000000
10.0764954087 0.8000000000 3.6494993332 -3.3204279258 0.6489161496 0.0000000000
10.0764974684 0.8000000000 3.6492676696 -3.3338648349 0.6426147313 0.0000000000
10.0764999205 0.8000000000 3.6490200000 -3.3473000000 0.6362499870 0.0000000000
