# logAge Mass logTe Mbol logg C/O
-0.5054055187 1.3500000000 3.6612500000 -2.9653500000 1.0651937685 0.0000000000
-0.4636911591 1.3500000000 3.6612510271 -2.9651907820 1.0652615639 0.0000000000
-0.4219767983 1.3500000000 3.6612572760 -2.9650293047 1.0653511508 0.0000000000
-0.3802624445 1.3500000000 3.6612662017 -2.9648567831 1.0654558621 0.0000000000
-0.3385481060 1.3500000000 3.6612752588 -2.9646644319 1.0655690309 0.0000000000
-0.2968337911 1.3500000000 3.6612819435 -2.9644435883 1.0656841070 0.0000000000
-0.2551195028 1.3500000000 3.6612859376 -2.9641920389 1.0658007032 0.0000000000
-0.2134052365 1.3500000000 3.6612901485 -2.9639170890 1.0659275270 0.0000000000
-0.1716909910 1.3500000000 3.6612970687 -2.9636232597 1.0660727393 0.0000000000
-0.1299767801 1.3500000000 3.6613067083 -2.9633020119 1.0662397970 0.0000000000
-0.0882626199 1.3500000000 3.6613184859 -2.9629426034 1.0664306708 0.0000000000
-0.0465485179 1.3500000000 3.6613316043 -2.9625424325 1.0666432127 0.0000000000
-0.0048344769 1.3500000000 3.6613451441 -2.9621035422 1.0668729280 0.0000000000
0.0368794910 1.3500000000 3.6613583455 -2.9616234354 1.0671177762 0.0000000000
0.0785933609 1.3500000000 3.6613706688 -2.9610933250 1.0673791139 0.0000000000
0.1203071083 1.3500000000 3.6613822874 -2.9605055671 1.0676606913 0.0000000000
0.1620207148 1.3500000000 3.6613957254 -2.9598579067 1.0679735076 0.0000000000
0.2037341608 1.3500000000 3.6614136733 -2.9591486268 1.0683290108 0.0000000000
0.2454474073 1.3500000000 3.6614357912 -2.9583705179 1.0687287261 0.0000000000
0.2871604050 1.3500000000 3.6614601314 -2.9575134597 1.0691689102 0.0000000000
0.3288731024 1.3500000000 3.6614856309 -2.9565691010 1.0696486515 0.0000000000
0.3705854457 1.3500000000 3.6615123661 -2.9555313644 1.0701706872 0.0000000000
0.4122973683 1.3500000000 3.6615407513 -2.9543926225 1.0707397247 0.0000000000
0.4540087660 1.3500000000 3.6615720177 -2.9531400053 1.0713658370 0.0000000000
0.4957195244 1.3500000000 3.6616073827 -2.9517599007 1.0720593392 0.0000000000
0.5374295065 1.3500000000 3.6616466383 -2.9502409273 1.0728239506 0.0000000000
0.5791385646 1.3500000000 3.6616889132 -2.9485728895 1.0736602656 0.0000000000
0.6208465704 1.3500000000 3.6617347492 -2.9467480114 1.0745735609 0.0000000000
0.6625534184 1.3500000000 3.6617863469 -2.9447613264 1.0755746257 0.0000000000
0.7042588420 1.3500000000 3.6618446679 -2.9425939169 1.0766748732 0.0000000000
0.7459621138 1.3500000000 3.6619068910 -2.9401868339 1.0778865991 0.0000000000
0.7876624512 1.3500000000 3.6619699905 -2.9374790704 1.0792221023 0.0000000000
0.8293592652 1.3500000000 3.6620344377 -2.9344474742 1.0806925298 0.0000000000
0.8710520516 1.3500000000 3.6621022706 -2.9310860329 1.0823084376 0.0000000000
0.9127401913 1.3500000000 3.6621745453 -2.9273831634 1.0840786841 0.0000000000
0.9544229405 1.3500000000 3.6622512429 -2.9233211202 1.0860102922 0.0000000000
0.9960994841 1.3500000000 3.6623330418 -2.9188793681 1.0881141884 0.0000000000
1.0377688375 1.3500000000 3.6624225899 -2.9140308679 1.0904117808 0.0000000000
1.0794298429 1.3500000000 3.6625223758 -2.9087447649 1.0929253657 0.0000000000
1.1210803232 1.3500000000 3.6626315449 -2.9029708969 1.0956715891 0.0000000000
1.1627177599 1.3500000000 3.6627480748 -2.8966537298 1.0986645759 0.0000000000
1.2043418769 1.3500000000 3.6628761601 -2.8898065269 1.1019157980 0.0000000000
1.2459546854 1.3500000000 3.6630263432 -2.8825127497 1.1054340414 0.0000000000
1.2875543298 1.3500000000 3.6632008932 -2.8747535654 1.1092359153 0.0000000000
1.3291291047 1.3500000000 3.6633808388 -2.8662484607 1.1133577393 0.0000000000
1.3706685492 1.3500000000 3.6635503739 -2.8567486727 1.1178357952 0.0000000000
1.4121805242 1.3500000000 3.6637364174 -2.8464834309 1.1226860659 0.0000000000
1.4536792638 1.3500000000 3.6639810475 -2.8358524167 1.1279169918 0.0000000000
1.4951528700 1.3500000000 3.6642723229 -2.8246706773 1.1335547890 0.0000000000
1.5365647845 1.3500000000 3.6645471522 -2.8121986054 1.1396429350 0.0000000000
1.5779183832 1.3500000000 3.6648207524 -2.7985174911 1.1462097816 0.0000000000
1.6192546986 1.3500000000 3.6651829078 -2.7844963383 1.1532668642 0.0000000000
1.6605449362 1.3500000000 3.6655942920 -2.7697186205 1.1608234885 0.0000000000
1.7017411992 1.3500000000 3.6659772151 -2.7533693773 1.1688948782 0.0000000000
1.7428924296 1.3500000000 3.6664262825 -2.7362941732 1.1775212292 0.0000000000
1.7839517990 1.3500000000 3.6669059444 -2.7179419866 1.1867807514 0.0000000000
1.8248249026 1.3500000000 3.6673111351 -2.6971150369 1.1967322940 0.0000000000
1.8655444873 1.3500000000 3.6676991004 -2.6744973551 1.2073312279 0.0000000000
1.9062034661 1.3500000000 3.6681658013 -2.6512110978 1.2185125345 0.0000000000
1.9466879738 1.3500000000 3.6686038956 -2.6261035612 1.2303079264 0.0000000000
1.9871308112 1.3500000000 3.6691481692 -2.6005858841 1.2426920916 0.0000000000
2.0274247430 1.3500000000 3.6697053848 -2.5736385212 1.2556998993 0.0000000000
2.0676440164 1.3500000000 3.6703428389 -2.5460170904 1.2692982878 0.0000000000
2.1077123956 1.3500000000 3.6710045719 -2.5170602690 1.2835279484 0.0000000000
2.1477270056 1.3500000000 3.6717630260 -2.4876420131 1.2983290671 0.0000000000
2.1873413347 1.3500000000 3.6723891335 -2.4550271144 1.3138794566 0.0000000000
2.2267051535 1.3500000000 3.6729906357 -2.4205475498 1.3300772912 0.0000000000
2.2659337420 1.3500000000 3.6736318597 -2.3851226768 1.3468121365 0.0000000000
2.3050451477 1.3500000000 3.6743412400 -2.3489086544 1.3641352668 0.0000000000
2.3440397187 1.3500000000 3.6751017519 -2.3119166310 1.3819741238 0.0000000000
2.3829087218 1.3500000000 3.6758989611 -2.2741146227 1.4002837637 0.0000000000
2.4217109924 1.3500000000 3.6767752379 -2.2358999847 1.4190747264 0.0000000000
2.4600918242 1.3500000000 3.6775276592 -2.1951000700 1.4384043772 0.0000000000
2.4982250522 1.3500000000 3.6782642461 -2.1528639107 1.4582451887 0.0000000000
2.5362163129 1.3500000000 3.6790232607 -2.1098451646 1.4784887455 0.0000000000
2.5741221543 1.3500000000 3.6798239403 -2.0663688707 1.4990819813 0.0000000000
2.6120209738 1.3500000000 3.6807232023 -2.0228562214 1.5200840893 0.0000000000
2.6500085621 1.3500000000 3.6817743760 -1.9798465596 1.5414926487 0.0000000000
2.6873357386 1.3500000000 3.6825546104 -1.9333400733 1.5632161809 0.0000000000
2.7244761475 1.3500000000 3.6833100690 -1.8858998143 1.5852141187 0.0000000000
2.7616019827 1.3500000000 3.6841474924 -1.8383969063 1.6075649755 0.0000000000
2.7987087637 1.3500000000 3.6850350205 -1.7908064338 1.6301512771 0.0000000000
2.8358214973 1.3500000000 3.6859946478 -1.7432529647 1.6530111739 0.0000000000
2.8728857563 1.3500000000 3.6870050295 -1.6954749169 1.6761639196 0.0000000000
2.9093641417 1.3500000000 3.6877650783 -1.6449251421 1.6994240250 0.0000000000
2.9458278572 1.3500000000 3.6885864214 -1.5943183149 1.7229521282 0.0000000000
2.9823032906 1.3500000000 3.6894555580 -1.5437691368 1.7466483458 0.0000000000
3.0188035448 1.3500000000 3.6903862800 -1.4933403071 1.7705427656 0.0000000000
3.0553330536 1.3500000000 3.6913783744 -1.4430479025 1.7946281050 0.0000000000
3.0915987602 1.3500000000 3.6922844512 -1.3915773301 1.8188406414 0.0000000000
3.1275485758 1.3500000000 3.6930688711 -1.3387168233 1.8431225235 0.0000000000
3.1635155626 1.3500000000 3.6938965914 -1.2859364293 1.8675455625 0.0000000000
3.1995809547 1.3500000000 3.6948064438 -1.2335832279 1.8921262526 0.0000000000
3.2356548243 1.3500000000 3.6957527227 -1.1812702249 1.9168365691 0.0000000000
3.2717437678 1.3500000000 3.6967312638 -1.1290263854 1.9416482694 0.0000000000
3.3074659718 1.3500000000 3.6975652489 -1.0752192794 1.9665070524 0.0000000000
3.3430912556 1.3500000000 3.6983672901 -1.0210039420 1.9914013520 0.0000000000
3.3787638146 1.3500000000 3.6992191166 -0.9669882703 2.0164149269 0.0000000000
3.4144654183 1.3500000000 3.7000871562 -0.9130942966 2.0414446748 0.0000000000
3.4502464030 1.3500000000 3.7010301587 -0.8595391273 2.0666387526 0.0000000000
3.4860601360 1.3500000000 3.7020169460 -0.8061282410 2.0919502563 0.0000000000
3.5214046006 1.3500000000 3.7027662587 -0.7507698398 2.1170908674 0.0000000000
3.5567880321 1.3500000000 3.7035600098 -0.6955738707 2.1423442592 0.0000000000
3.5922411070 1.3500000000 3.7043821985 -0.6406617408 2.1675978660 0.0000000000
3.6277702236 1.3500000000 3.7052706155 -0.5860638580 2.1929906874 0.0000000000
3.6633745622 1.3500000000 3.7062080860 -0.5317765414 2.2184554958 0.0000000000
3.6989095966 1.3500000000 3.7071223130 -0.4772051723 2.2439409514 0.0000000000
3.7340666317 1.3500000000 3.7078508773 -0.4211060622 2.2692948528 0.0000000000
3.7693057426 1.3500000000 3.7086212682 -0.3653329714 2.2946856527 0.0000000000
3.8046428347 1.3500000000 3.7094416325 -0.3099534012 2.3201189379 0.0000000000
3.8400323554 1.3500000000 3.7103018625 -0.2547869891 2.3456264229 0.0000000000
3.8754239043 1.3500000000 3.7111752026 -0.1996301798 2.3711825068 0.0000000000
3.9108104404 1.3500000000 3.7120492009 -0.1444541520 2.3967489114 0.0000000000
3.9458920184 1.3500000000 3.7127628893 -0.0880593617 2.4221615812 0.0000000000
3.9810453991 1.3500000000 3.7135180188 -0.0319488189 2.4476263163 0.0000000000
4.0162728639 1.3500000000 3.7143031767 0.0238680007 2.4730936755 0.0000000000
4.0515422275 1.3500000000 3.7151127855 0.0795165343 2.4985915242 0.0000000000
4.0868569444 1.3500000000 3.7159325940 0.1349845618 2.5240579691 0.0000000000
4.1222087431 1.3500000000 3.7167778174 0.1903035029 2.5495664391 0.0000000000
4.1573964334 1.3500000000 3.7175015813 0.2462818218 2.5748528225 0.0000000000
4.1925825321 1.3500000000 3.7182000713 0.3022692163 2.6000417404 0.0000000000
4.2279142408 1.3500000000 3.7189126663 0.3576790993 2.6250560735 0.0000000000
4.2634418659 1.3500000000 3.7196515885 0.4122985419 2.6498595394 0.0000000000
4.2992081771 1.3500000000 3.7203850319 0.4659347249 2.6742477860 0.0000000000
4.3353023402 1.3500000000 3.7211133012 0.5181788196 2.6980585010 0.0000000000
4.3718813238 1.3500000000 3.7218158112 0.5682685347 2.7209044270 0.0000000000
4.4090106924 1.3500000000 3.7224031050 0.6157712613 2.7422546931 0.0000000000
4.4469339645 1.3500000000 3.7229178807 0.6591718436 2.7616740289 0.0000000000
4.4858317177 1.3500000000 3.7233601501 0.6967967993 2.7784930886 0.0000000000
4.5256644985 1.3500000000 3.7237309507 0.7277018441 2.7923383087 0.0000000000
4.5662088304 1.3500000000 3.7240303720 0.7522027931 2.8033363738 0.0000000000
4.6072021218 1.3500000000 3.7242689409 0.7714918548 2.8120062740 0.0000000000
4.6484264856 1.3500000000 3.7244699536 0.7874234247 2.8191829528 0.0000000000
4.6897420864 1.3500000000 3.7246401556 0.8018025911 2.8256154275 0.0000000000
4.7310783763 1.3500000000 3.7248185015 0.8158116816 2.8319324471 0.0000000000
4.7723607806 1.3500000000 3.7250053933 0.8307712531 2.8386638431 0.0000000000
4.8135170222 1.3500000000 3.7252140429 0.8477862886 2.8463044556 0.0000000000
4.8544635033 1.3500000000 3.7254833274 0.8677278956 2.8553582363 0.0000000000
4.8950200211 1.3500000000 3.7257969707 0.8921252960 2.8663717697 0.0000000000
4.9349098884 1.3500000000 3.7261922897 0.9226190619 2.8801505522 0.0000000000
4.9736038704 1.3500000000 3.7266872603 0.9615009061 2.8976831723 0.0000000000
5.0101151765 1.3500000000 3.7272890665 1.0117770362 2.9202008490 0.0000000000
5.0431435025 1.3500000000 3.7279662883 1.0753198517 2.9483268622 0.0000000000
5.0721865395 1.3500000000 3.7288003418 1.1500585416 2.9815585524 0.0000000000
5.0981600690 1.3500000000 3.7297096360 1.2316110592 3.0178167363 0.0000000000
5.1233553813 1.3500000000 3.7306541317 1.3146919666 3.0548270821 0.0000000000
5.1492523314 1.3500000000 3.7315925760 1.3964095275 3.0912678833 0.0000000000
5.1758598758 1.3500000000 3.7324311794 1.4766978898 3.1267376422 0.0000000000
5.2031777334 1.3500000000 3.7332023011 1.5554835927 3.1613364099 0.0000000000
5.2312281693 1.3500000000 3.7339511767 1.6326448825 3.1951964282 0.0000000000
5.2599482338 1.3500000000 3.7346850973 1.7082534100 3.2283755218 0.0000000000
5.2892702023 1.3500000000 3.7354197485 1.7824032209 3.2609740508 0.0000000000
5.3191191106 1.3500000000 3.7361159444 1.8552308495 3.2928898859 0.0000000000
5.3495122742 1.3500000000 3.7368154496 1.9266366342 3.3242502207 0.0000000000
5.3802061905 1.3500000000 3.7374099725 1.9972415832 3.3548702920 0.0000000000
5.4113354922 1.3500000000 3.7379870339 2.0666449162 3.3849398705 0.0000000000
5.4428764490 1.3500000000 3.7385437048 2.1348781766 3.4144598583 0.0000000000
5.4748571030 1.3500000000 3.7391193096 2.2018191255 3.4435386572 0.0000000000
5.5072195253 1.3500000000 3.7396753965 2.2676045623 3.4720771796 0.0000000000
5.5399763198 1.3500000000 3.7402415359 2.3321571998 3.5001627920 0.0000000000
5.5731039587 1.3500000000 3.7408112609 2.3955166022 3.5277854531 0.0000000000
5.6066159279 1.3500000000 3.7413878281 2.4575986615 3.5549245456 0.0000000000
5.6405080255 1.3500000000 3.7419910769 2.5183769837 3.5816488695 0.0000000000
5.6746404224 1.3500000000 3.7425349883 2.5783111848 3.6077981958 0.0000000000
5.7092033374 1.3500000000 3.7431115172 2.6366811433 3.6334522945 0.0000000000
5.7441792466 1.3500000000 3.7437268900 2.6934898059 3.6586372507 0.0000000000
5.7796431424 1.3500000000 3.7444201762 2.7483681699 3.6833617413 0.0000000000
5.8155984559 1.3500000000 3.7451704976 2.8012047911 3.7074976755 0.0000000000
5.8521073229 1.3500000000 3.7460130117 2.8516028884 3.7310269706 0.0000000000
5.8892358662 1.3500000000 3.7469884005 2.8990699624 3.7539153553 0.0000000000
5.9268617443 1.3500000000 3.7479874934 2.9440161061 3.7758901845 0.0000000000
5.9652544011 1.3500000000 3.7491940850 2.9846653610 3.7969762528 0.0000000000
6.0045120756 1.3500000000 3.7506603481 3.0196974414 3.8168541375 0.0000000000
6.0446311938 1.3500000000 3.7524050107 3.0478648938 3.8350997688 0.0000000000
6.0855443331 1.3500000000 3.7544609979 3.0672849013 3.8510917207 0.0000000000
6.1270791364 1.3500000000 3.7570742245 3.0731849043 3.8639046283 0.0000000000
6.1684167815 1.3500000000 3.7601931735 3.0628725031 3.8722554638 0.0000000000
6.2080631293 1.3500000000 3.7639205739 3.0322990461 3.8749356825 0.0000000000
6.2443740169 1.3500000000 3.7681063939 2.9823445426 3.8716971612 0.0000000000
6.2766934364 1.3500000000 3.7726147640 2.9175204882 3.8638010200 0.0000000000
6.3056042025 1.3500000000 3.7773751249 2.8433268830 3.8531650212 0.0000000000
6.3333400788 1.3500000000 3.7825891832 2.7665335413 3.8433039179 0.0000000000
6.3626303566 1.3500000000 3.7886354954 2.6938914116 3.8384323147 0.0000000000
6.3944518937 1.3500000000 3.7960689516 2.6291387708 3.8422650830 0.0000000000
6.4282105483 1.3500000000 3.8051074823 2.5722565065 3.8556663005 0.0000000000
6.4629568756 1.3500000000 3.8163553978 2.5219212853 3.8805238738 0.0000000000
6.4978512059 1.3500000000 3.8302669873 2.4766445755 3.9180595481 0.0000000000
6.5320183005 1.3500000000 3.8476773582 2.4357741776 3.9713528723 0.0000000000
6.5646283157 1.3500000000 3.8692913867 2.3996897308 4.0433752076 0.0000000000
6.5968176973 1.3500000000 3.8924578947 2.3673783349 4.1231166814 0.0000000000
6.6295695830 1.3500000000 3.9158883005 2.3402694532 4.2059947517 0.0000000000
6.6639207313 1.3500000000 3.9388238808 2.3275261738 4.2926397614 0.0000000000
6.6994803927 1.3500000000 3.9581357301 2.3494921374 4.3786735437 0.0000000000
6.7323771262 1.3500000000 3.9705093128 2.4050097563 4.4503749223 0.0000000000
6.7629539209 1.3500000000 3.9773849607 2.4737617854 4.5053783255 0.0000000000
6.7937622986 1.3500000000 3.9811667558 2.5434044145 4.5483625574 0.0000000000
6.8261425631 1.3500000000 3.9827364151 2.6089842867 4.5808731435 0.0000000000
6.8608263038 1.3500000000 3.9826961761 2.6668494546 4.6038582548 0.0000000000
6.8978833917 1.3500000000 3.9815494047 2.7145109221 4.6183357562 0.0000000000
6.9375540839 1.3500000000 3.9801800000 2.7462000000 4.6255337685 0.0000000000
6.9974506810 1.3500000000 3.9790700000 2.7636750000 4.6280837685 0.0000000000
7.0089364798 1.3500000000 3.9789654753 2.7646708868 4.6280640244 0.0000000000
7.0204241071 1.3500000000 3.9788809117 2.7653577383 4.6280005107 0.0000000000
7.0319132066 1.3500000000 3.9788137700 2.7657821645 4.6279017143 0.0000000000
7.0434034222 1.3500000000 3.9787615108 2.7659907753 4.6277761218 0.0000000000
7.0548943975 1.3500000000 3.9787215949 2.7660301806 4.6276322201 0.0000000000
7.0663857764 1.3500000000 3.9786914829 2.7659469902 4.6274784960 0.0000000000
7.0778772028 1.3500000000 3.9786686356 2.7657878120 4.6273234358 0.0000000000
7.0893684007 1.3500000000 3.9786509209 2.7655906806 4.6271737244 0.0000000000
7.1008593573 1.3500000000 3.9786375373 2.7653655964 4.6270301563 0.0000000000
7.1123501133 1.3500000000 3.9786279550 2.7651168388 4.6268923238 0.0000000000
7.1238407092 1.3500000000 3.9786216440 2.7648486869 4.6267598192 0.0000000000
7.1353311858 1.3500000000 3.9786180746 2.7645654199 4.6266322347 0.0000000000
7.1468215838 1.3500000000 3.9786167168 2.7642713171 4.6265091626 0.0000000000
7.1583119437 1.3500000000 3.9786170409 2.7639706577 4.6263901952 0.0000000000
7.1698023065 1.3500000000 3.9786185170 2.7636677209 4.6262749249 0.0000000000
7.1812927124 1.3500000000 3.9786206181 2.7633667684 4.6261629481 0.0000000000
7.1927831831 1.3500000000 3.9786230816 2.7630704197 4.6260542628 0.0000000000
7.2042737065 1.3500000000 3.9786261209 2.7627783405 4.6259495884 0.0000000000
7.2157642669 1.3500000000 3.9786299991 2.7624898876 4.6258497201 0.0000000000
7.2272548484 1.3500000000 3.9786349793 2.7622044177 4.6257554528 0.0000000000
7.2387454355 1.3500000000 3.9786413237 2.7619212879 4.6256675784 0.0000000000
7.2502360171 1.3500000000 3.9786491066 2.7616398691 4.6255861426 0.0000000000
7.2617265925 1.3500000000 3.9786579712 2.7613595649 4.6255094795 0.0000000000
7.2732171629 1.3500000000 3.9786675006 2.7610797833 4.6254356842 0.0000000000
7.2847077293 1.3500000000 3.9786772777 2.7607999323 4.6253628520 0.0000000000
7.2961982926 1.3500000000 3.9786868854 2.7605194199 4.6252890781 0.0000000000
7.3076888537 1.3500000000 3.9786959390 2.7602376778 4.6252125957 0.0000000000
7.3191794122 1.3500000000 3.9787044308 2.7599544137 4.6251332571 0.0000000000
7.3306699667 1.3500000000 3.9787125978 2.7596695148 4.6250519657 0.0000000000
7.3421605158 1.3500000000 3.9787206814 2.7593828713 4.6249696424 0.0000000000
7.3536510581 1.3500000000 3.9787289227 2.7590943732 4.6248872087 0.0000000000
7.3651415923 1.3500000000 3.9787375632 2.7588039108 4.6248055854 0.0000000000
7.3766321170 1.3500000000 3.9787468261 2.7585113570 4.6247256155 0.0000000000
7.3881226307 1.3500000000 3.9787567682 2.7582164229 4.6246474104 0.0000000000
7.3996131318 1.3500000000 3.9787673555 2.7579187318 4.6245706832 0.0000000000
7.4111036189 1.3500000000 3.9787785531 2.7576179061 4.6244951433 0.0000000000
7.4225940904 1.3500000000 3.9787903260 2.7573135682 4.6244204998 0.0000000000
7.4340845448 1.3500000000 3.9788026393 2.7570053404 4.6243464620 0.0000000000
7.4455749805 1.3500000000 3.9788154570 2.7566928440 4.6242727342 0.0000000000
7.4570653955 1.3500000000 3.9788287042 2.7563756619 4.6241988501 0.0000000000
7.4685557876 1.3500000000 3.9788422584 2.7560533297 4.6241241339 0.0000000000
7.4800461540 1.3500000000 3.9788559941 2.7557253804 4.6240478971 0.0000000000
7.4915364925 1.3500000000 3.9788697860 2.7553913467 4.6239694510 0.0000000000
7.5030268004 1.3500000000 3.9788835085 2.7550507614 4.6238881070 0.0000000000
7.5145170754 1.3500000000 3.9788970362 2.7547031573 4.6238031763 0.0000000000
7.5260073148 1.3500000000 3.9789102815 2.7543480749 4.6237141243 0.0000000000
7.5374975153 1.3500000000 3.9789234554 2.7539851152 4.6236216363 0.0000000000
7.5489876732 1.3500000000 3.9789369120 2.7536139081 4.6235269797 0.0000000000
7.5604777847 1.3500000000 3.9789510058 2.7532340836 4.6234314249 0.0000000000
7.5719678462 1.3500000000 3.9789660914 2.7528452717 4.6233362429 0.0000000000
7.5834578539 1.3500000000 3.9789825237 2.7524471025 4.6232427041 0.0000000000
7.5949478043 1.3500000000 3.9790006308 2.7520392273 4.6231519826 0.0000000000
7.6064376966 1.3500000000 3.9790203058 2.7516216506 4.6230636518 0.0000000000
7.6179275321 1.3500000000 3.9790410836 2.7511946667 4.6229759694 0.0000000000
7.6294173124 1.3500000000 3.9790624886 2.7507585789 4.6228871545 0.0000000000
7.6409070389 1.3500000000 3.9790840454 2.7503136900 4.6227954260 0.0000000000
7.6523967132 1.3500000000 3.9791052809 2.7498603005 4.6226990124 0.0000000000
7.6638863339 1.3500000000 3.9791260417 2.7493983918 4.6225972919 0.0000000000
7.6753758946 1.3500000000 3.9791467922 2.7489273271 4.6224918682 0.0000000000
7.6868653881 1.3500000000 3.9791680678 2.7484463994 4.6223845993 0.0000000000
7.6983548072 1.3500000000 3.9791904036 2.7479549014 4.6222773435 0.0000000000
7.7098441452 1.3500000000 3.9792143052 2.7474521607 4.6221718535 0.0000000000
7.7213333996 1.3500000000 3.9792398133 2.7469380450 4.6220682397 0.0000000000
7.7328225718 1.3500000000 3.9792666012 2.7464128497 4.6219653133 0.0000000000
7.7443116629 1.3500000000 3.9792943322 2.7458768818 4.6218618500 0.0000000000
7.7558006740 1.3500000000 3.9793226765 2.7453304214 4.6217566429 0.0000000000
7.7672895990 1.3500000000 3.9793515185 2.7447729311 4.6216490149 0.0000000000
7.7787784230 1.3500000000 3.9793809899 2.7442029305 4.6215389003 0.0000000000
7.7902671309 1.3500000000 3.9794112360 2.7436188870 4.6214262672 0.0000000000
7.8017557093 1.3500000000 3.9794423890 2.7430194786 4.6213111161 0.0000000000
7.8132441624 1.3500000000 3.9794744552 2.7424054433 4.6211937667 0.0000000000
7.8247325045 1.3500000000 3.9795073692 2.7417786846 4.6210747190 0.0000000000
7.8362207494 1.3500000000 3.9795410667 2.7411410867 4.6209544698 0.0000000000
7.8477088927 1.3500000000 3.9795756085 2.7404924912 4.6208331988 0.0000000000
7.8591969001 1.3500000000 3.9796112528 2.7398295107 4.6207105838 0.0000000000
7.8706847351 1.3500000000 3.9796482730 2.7391484804 4.6205862525 0.0000000000
7.8821723722 1.3500000000 3.9796865706 2.7384470901 4.6204588869 0.0000000000
7.8936598103 1.3500000000 3.9797252624 2.7377258875 4.6203251729 0.0000000000
7.9051470514 1.3500000000 3.9797633806 2.7369858128 4.6201816159 0.0000000000
7.9166341212 1.3500000000 3.9798007417 2.7362293625 4.6200284802 0.0000000000
7.9281210800 1.3500000000 3.9798383122 2.7354613150 4.6198715431 0.0000000000
7.9396079613 1.3500000000 3.9798773028 2.7346844075 4.6197167428 0.0000000000
7.9510944879 1.3500000000 3.9799205330 2.7338779698 4.6195670885 0.0000000000
7.9625801980 1.3500000000 3.9799717676 2.7330074059 4.6194238014 0.0000000000
7.9740648489 1.3500000000 3.9800315197 2.7320552617 4.6192819521 0.0000000000
7.9855486754 1.3500000000 3.9800932808 2.7310413583 4.6191234352 0.0000000000
7.9970320166 1.3500000000 3.9801508941 2.7299929126 4.6189345100 0.0000000000
8.0085154497 1.3500000000 3.9802052866 2.7289515136 4.6187355202 0.0000000000
8.0199995537 1.3500000000 3.9802595211 2.7279579395 4.6185550286 0.0000000000
8.0314841436 1.3500000000 3.9803135318 2.7269983085 4.6183872189 0.0000000000
8.0429686331 1.3500000000 3.9803657809 2.7260301999 4.6182089721 0.0000000000
8.0544526155 1.3500000000 3.9804173214 2.7250259053 4.6180134162 0.0000000000
8.0659358552 1.3500000000 3.9804705379 2.7239708031 4.6178042412 0.0000000000
8.0774186253 1.3500000000 3.9805256932 2.7228840179 4.6175901484 0.0000000000
8.0889013137 1.3500000000 3.9805821724 2.7217923057 4.6173793803 0.0000000000
8.1003835997 1.3500000000 3.9806403749 2.7206756011 4.6171655086 0.0000000000
8.1118651381 1.3500000000 3.9807003339 2.7195120699 4.6169399321 0.0000000000
8.1233460564 1.3500000000 3.9807606383 2.7183108421 4.6167006586 0.0000000000
8.1348264956 1.3500000000 3.9808241105 2.7170825782 4.6164632420 0.0000000000
8.1463065114 1.3500000000 3.9808954600 2.7158324443 4.6162485863 0.0000000000
8.1577860002 1.3500000000 3.9809668177 2.7145523822 4.6160219923 0.0000000000
8.1692648091 1.3500000000 3.9810344695 2.7132335402 4.6157650627 0.0000000000
8.1807428660 1.3500000000 3.9811045927 2.7118753132 4.6155022646 0.0000000000
8.1922204742 1.3500000000 3.9811771925 2.7104941226 4.6152401874 0.0000000000
8.2036974229 1.3500000000 3.9812515022 2.7090799507 4.6149717576 0.0000000000
8.2151731865 1.3500000000 3.9813279704 2.7076074083 4.6146886134 0.0000000000
8.2266480134 1.3500000000 3.9814065814 2.7060906754 4.6143963643 0.0000000000
8.2381222730 1.3500000000 3.9814873899 2.7045479987 4.6141025275 0.0000000000
8.2495957665 1.3500000000 3.9815704716 2.7029710231 4.6138040643 0.0000000000
8.2610682381 1.3500000000 3.9816558934 2.7013487895 4.6134968580 0.0000000000
8.2725395929 1.3500000000 3.9817437117 2.6996788574 4.6131801583 0.0000000000
8.2840092949 1.3500000000 3.9818339980 2.6979401528 4.6128458216 0.0000000000
8.2954782673 1.3500000000 3.9819269048 2.6961724984 4.6125103871 0.0000000000
8.3069466717 1.3500000000 3.9820220907 2.6943826142 4.6121751769 0.0000000000
8.3184132156 1.3500000000 3.9821213912 2.6925212611 4.6118278378 0.0000000000
8.3298783267 1.3500000000 3.9822129002 2.6906028949 4.6114265271 0.0000000000
8.3413418061 1.3500000000 3.9823150420 2.6886280220 4.6110451454 0.0000000000
8.3528044742 1.3500000000 3.9824219465 2.6866252435 4.6106716519 0.0000000000
8.3642647660 1.3500000000 3.9825317177 2.6845402897 4.6102767551 0.0000000000
8.3757240980 1.3500000000 3.9826341127 2.6824203996 4.6098383792 0.0000000000
8.3871807884 1.3500000000 3.9827510042 2.6802172882 4.6094247006 0.0000000000
8.3986363844 1.3500000000 3.9828713846 2.6779803297 4.6090114389 0.0000000000
8.4100898813 1.3500000000 3.9829857081 2.6756751221 4.6085466499 0.0000000000
8.4215411449 1.3500000000 3.9831097397 2.6733047132 4.6080946126 0.0000000000
8.4329900828 1.3500000000 3.9832368211 2.6708660622 4.6076274778 0.0000000000
8.4444366134 1.3500000000 3.9833640754 2.6683578566 4.6071332126 0.0000000000
8.4558805437 1.3500000000 3.9834912024 2.6657765162 4.6066091845 0.0000000000
8.4673206996 1.3500000000 3.9836287423 2.6630965262 4.6060873481 0.0000000000
8.4787535338 1.3500000000 3.9837687753 2.6602277220 4.6054999586 0.0000000000
8.4901834268 1.3500000000 3.9839050409 2.6572838944 4.6048674899 0.0000000000
8.5015961208 1.3500000000 3.9840903927 2.6539735995 4.6042847789 0.0000000000
8.5130033943 1.3500000000 3.9842593807 2.6505387125 4.6035867763 0.0000000000
8.5244223456 1.3500000000 3.9844092743 2.6473453170 4.6029089927 0.0000000000
8.5358345837 1.3500000000 3.9845715955 2.6440096312 4.6022240028 0.0000000000
8.5472435491 1.3500000000 3.9847301147 2.6406038709 4.6014957756 0.0000000000
8.5586475901 1.3500000000 3.9848975177 2.6370990000 4.6007634394 0.0000000000
8.5700468295 1.3500000000 3.9850701360 2.6334989048 4.6000138745 0.0000000000
8.5814402218 1.3500000000 3.9852412598 2.6297837915 4.5992123244 0.0000000000
8.5928073725 1.3500000000 3.9854668838 2.6256242470 4.5984510024 0.0000000000
8.6041795095 1.3500000000 3.9856572833 2.6215339431 4.5975764788 0.0000000000
8.6155539003 1.3500000000 3.9858450284 2.6174773550 4.5967048240 0.0000000000
8.6269225994 1.3500000000 3.9860368422 2.6133232078 4.5958104204 0.0000000000
8.6382842391 1.3500000000 3.9862312648 2.6090503883 4.5948789831 0.0000000000
8.6496381359 1.3500000000 3.9864378016 2.6046542470 4.5939466736 0.0000000000
8.6609852763 1.3500000000 3.9866356197 2.6001452480 4.5929343466 0.0000000000
8.6722836076 1.3500000000 3.9869091819 2.5949560235 4.5919529053 0.0000000000
8.6836124396 1.3500000000 3.9871252425 2.5901753604 4.5909048828 0.0000000000
8.6949308091 1.3500000000 3.9873493360 2.5852447531 4.5898290137 0.0000000000
8.7062386790 1.3500000000 3.9875687608 2.5801644348 4.5886745856 0.0000000000
8.7175349923 1.3500000000 3.9878042962 2.5749303527 4.5875230943 0.0000000000
8.7288208331 1.3500000000 3.9880463894 2.5695586753 4.5863427962 0.0000000000
8.7400942984 1.3500000000 3.9882879501 2.5640267538 4.5850962703 0.0000000000
8.7513542719 1.3500000000 3.9885355836 2.5583275470 4.5838071216 0.0000000000
8.7626014978 1.3500000000 3.9887908335 2.5524749597 4.5824870863 0.0000000000
8.7738318306 1.3500000000 3.9890538510 2.5464252469 4.5811192714 0.0000000000
8.7850484914 1.3500000000 3.9893247490 2.5402215598 4.5797213885 0.0000000000
8.7962489904 1.3500000000 3.9895953726 2.5338381275 4.5782505099 0.0000000000
8.8073826706 1.3500000000 3.9899328768 2.5267991794 4.5767849476 0.0000000000
8.8184964948 1.3500000000 3.9902769935 2.5195630241 4.5752669521 0.0000000000
8.8296395204 1.3500000000 3.9905677086 2.5125838504 4.5736381430 0.0000000000
8.8407598411 1.3500000000 3.9908704608 2.5053852885 4.5719697271 0.0000000000
8.8518587669 1.3500000000 3.9911777673 2.4979841501 4.5702384979 0.0000000000
8.8629325626 1.3500000000 3.9914944503 2.4903537845 4.5684530834 0.0000000000
8.8739792679 1.3500000000 3.9918229540 2.4824851060 4.5666196267 0.0000000000
8.8849898004 1.3500000000 3.9921470536 2.4743066619 4.5646446478 0.0000000000
8.8958666378 1.3500000000 3.9925381483 2.4651126495 4.5625314216 0.0000000000
8.9067713630 1.3500000000 3.9928753792 2.4560930614 4.5602725100 0.0000000000
8.9176385686 1.3500000000 3.9932227982 2.4467968566 4.5579437041 0.0000000000
8.9284653514 1.3500000000 3.9935728737 2.4372111907 4.5555097397 0.0000000000
8.9391845566 1.3500000000 3.9939945107 2.4269414403 4.5530883872 0.0000000000
8.9499270355 1.3500000000 3.9943738525 2.4167867188 4.5505438661 0.0000000000
8.9605506245 1.3500000000 3.9948214115 2.4059215372 4.5479880293 0.0000000000
8.9711912102 1.3500000000 3.9952216618 2.3951220186 4.5452692230 0.0000000000
8.9817799035 1.3500000000 3.9956342903 2.3840109939 4.5424753271 0.0000000000
8.9923078450 1.3500000000 3.9960632669 2.3725486790 4.5396063078 0.0000000000
9.0027787420 1.3500000000 3.9965039393 2.3607673157 4.5366564521 0.0000000000
9.0130986419 1.3500000000 3.9970394371 2.3482337182 4.5337850040 0.0000000000
9.0234300252 1.3500000000 3.9975198657 2.3357171994 4.5307001109 0.0000000000
9.0335943659 1.3500000000 3.9980958539 2.3224215649 4.5276858102 0.0000000000
9.0437654579 1.3500000000 3.9986363099 2.3091225583 4.5245280315 0.0000000000
9.0537383359 1.3500000000 3.9992296933 2.2949850539 4.5212465633 0.0000000000
9.0635571202 1.3500000000 3.9997944952 2.2801319539 4.5175645308 0.0000000000
9.0732969985 1.3500000000 4.0003749473 2.2649591200 4.5138172056 0.0000000000
9.0828280059 1.3500000000 4.0010499764 2.2490334523 4.5101470550 0.0000000000
9.0922322715 1.3500000000 4.0017708499 2.2326575726 4.5064801972 0.0000000000
9.1016131670 1.3500000000 4.0024495463 2.2161553882 4.5025941090 0.0000000000
9.1107672405 1.3500000000 4.0032262185 2.1989427025 4.4988157236 0.0000000000
9.1197103870 1.3500000000 4.0041049248 2.1810910677 4.4951898947 0.0000000000
9.1286458816 1.3500000000 4.0049261532 2.1631470258 4.4912971916 0.0000000000
9.1374342711 1.3500000000 4.0057964345 2.1447697581 4.4874274096 0.0000000000
9.1457829885 1.3500000000 4.0068437460 2.1252704691 4.4838169400 0.0000000000
9.1540852717 1.3500000000 4.0076889999 2.1055269064 4.4793005306 0.0000000000
9.1621995438 1.3500000000 4.0085224811 2.0852942720 4.4745414018 0.0000000000
9.1700323488 1.3500000000 4.0094142352 2.0644274760 4.4697616998 0.0000000000
9.1777215669 1.3500000000 4.0102902647 2.0432261366 4.4647852819 0.0000000000
9.1852759799 1.3500000000 4.0111053546 2.0217107465 4.4594394856 0.0000000000
9.1928258249 1.3500000000 4.0118237060 2.0001292571 4.4536802953 0.0000000000
9.2002766289 1.3500000000 4.0124538186 1.9783162799 4.4474755550 0.0000000000
9.2075283203 1.3500000000 4.0130100000 1.9561000000 4.4408137685 0.0000000000
9.2085532163 1.3500000000 4.0130700000 1.9530000000 4.4398137685 0.0000000000
9.2094574039 1.3500000000 4.0131065616 1.9502174094 4.4388469787 0.0000000000
9.2103425144 1.3500000000 4.0131301907 1.9473958755 4.4378128814 0.0000000000
9.2112304614 1.3500000000 4.0131524561 1.9445798409 4.4367755292 0.0000000000
9.2121128497 1.3500000000 4.0131702919 1.9417526509 4.4357159964 0.0000000000
9.2130002875 1.3500000000 4.0131880574 1.9389353487 4.4346601376 0.0000000000
9.2138817431 1.3500000000 4.0132060993 1.9361063177 4.4336006930 0.0000000000
9.2147607392 1.3500000000 4.0132166641 1.9332724945 4.4325094226 0.0000000000
9.2156524997 1.3500000000 4.0132286984 1.9304624179 4.4314335291 0.0000000000
9.2165009149 1.3500000000 4.0132212976 1.9275719067 4.4302477214 0.0000000000
9.2173683047 1.3500000000 4.0132102626 1.9247158542 4.4290611604 0.0000000000
9.2182520856 1.3500000000 4.0132135750 1.9218905305 4.4279442806 0.0000000000
9.2191240934 1.3500000000 4.0132211902 1.9190432365 4.4268358238 0.0000000000
9.2199853369 1.3500000000 4.0132236028 1.9161751053 4.4256982219 0.0000000000
9.2208472371 1.3500000000 4.0132176316 1.9133082046 4.4245275767 0.0000000000
9.2217213048 1.3500000000 4.0132014740 1.9104648826 4.4233256177 0.0000000000
9.2226010695 1.3500000000 4.0131824251 1.9076326316 4.4221165215 0.0000000000
9.2234784482 1.3500000000 4.0131634373 1.9047957632 4.4209058229 0.0000000000
9.2243528182 1.3500000000 4.0131453946 1.9019530450 4.4196965650 0.0000000000
9.2252326061 1.3500000000 4.0131146997 1.8991215622 4.4184411922 0.0000000000
9.2261086835 1.3500000000 4.0130799401 1.8962832115 4.4171668134 0.0000000000
9.2269811822 1.3500000000 4.0130533056 1.8934374564 4.4159219735 0.0000000000
9.2278562506 1.3500000000 4.0130129757 1.8905974727 4.4146246604 0.0000000000
9.2287338173 1.3500000000 4.0129707552 1.8877625903 4.4133218255 0.0000000000
9.2296094517 1.3500000000 4.0129249422 1.8849243463 4.4120032757 0.0000000000
9.2304795961 1.3500000000 4.0128739277 1.8820761594 4.4106599432 0.0000000000
9.2313540924 1.3500000000 4.0128214168 1.8792364526 4.4093140168 0.0000000000
9.2322273895 1.3500000000 4.0127615014 1.8763953051 4.4079378962 0.0000000000
9.2331014872 1.3500000000 4.0127010192 1.8735557336 4.4065601386 0.0000000000
9.2339698028 1.3500000000 4.0126412514 1.8707050104 4.4051807784 0.0000000000
9.2348425979 1.3500000000 4.0125691660 1.8678647117 4.4037563170 0.0000000000
9.2357152895 1.3500000000 4.0124976755 1.8650239966 4.4023340690 0.0000000000
9.2365504388 1.3500000000 4.0124283993 1.8621141433 4.4008930232 0.0000000000
9.2374152717 1.3500000000 4.0123515430 1.8592593372 4.3994436755 0.0000000000
9.2382833459 1.3500000000 4.0122675936 1.8564119787 4.3979689346 0.0000000000
9.2391545544 1.3500000000 4.0121762776 1.8535721958 4.3964677574 0.0000000000
9.2400185315 1.3500000000 4.0120895245 1.8507175730 4.3949788955 0.0000000000
9.2408848278 1.3500000000 4.0119839868 1.8478713564 4.3934182582 0.0000000000
9.2417533469 1.3500000000 4.0118871832 1.8450274860 4.3918934955 0.0000000000
9.2426189359 1.3500000000 4.0117798240 1.8421802738 4.3903251739 0.0000000000
9.2434832093 1.3500000000 4.0116726939 1.8393305084 4.3887567473 0.0000000000
9.2443478675 1.3500000000 4.0115522156 1.8364849645 4.3871366166 0.0000000000
9.2452094925 1.3500000000 4.0114371251 1.8336323008 4.3855351893 0.0000000000
9.2460734310 1.3500000000 4.0113164192 1.8307854241 4.3839136150 0.0000000000
9.2469339463 1.3500000000 4.0111854384 1.8279347876 4.3822494369 0.0000000000
9.2477952907 1.3500000000 4.0110514381 1.8250870843 4.3805743545 0.0000000000
9.2486513605 1.3500000000 4.0109087156 1.8222317614 4.3788613354 0.0000000000
9.2495082148 1.3500000000 4.0107775461 1.8193742836 4.3771936664 0.0000000000
9.2503668159 1.3500000000 4.0106324870 1.8165244222 4.3754734856 0.0000000000
9.2512241451 1.3500000000 4.0104861711 1.8136728642 4.3737475986 0.0000000000
9.2520558332 1.3500000000 4.0103429147 1.8107732098 4.3720147113 0.0000000000
9.2529056180 1.3500000000 4.0101386226 1.8079300628 4.3700602841 0.0000000000
9.2537276790 1.3500000000 4.0099266215 1.8050393654 4.3680560006 0.0000000000
9.2545457518 1.3500000000 4.0097138494 1.8021419590 4.3660459496 0.0000000000
9.2553647089 1.3500000000 4.0094896689 1.7992514204 4.3639930120 0.0000000000
9.2561800971 1.3500000000 4.0092649713 1.7963548298 4.3619355854 0.0000000000
9.2569964878 1.3500000000 4.0090385468 1.7934608147 4.3598722817 0.0000000000
9.2578102914 1.3500000000 4.0088013569 1.7905677538 4.3577662977 0.0000000000
9.2586229436 1.3500000000 4.0085636907 1.7876729191 4.3556576990 0.0000000000
9.2594363623 1.3500000000 4.0083245106 1.7847802128 4.3535438960 0.0000000000
9.2602448916 1.3500000000 4.0080743355 1.7818846987 4.3513849901 0.0000000000
9.2610507364 1.3500000000 4.0078212936 1.7789860115 4.3492133477 0.0000000000
9.2618573562 1.3500000000 4.0075662130 1.7760897623 4.3470345253 0.0000000000
9.2626599900 1.3500000000 4.0073015923 1.7731920731 4.3448169668 0.0000000000
9.2634657382 1.3500000000 4.0070410404 1.7702974038 4.3426168915 0.0000000000
9.2642513606 1.3500000000 4.0067815973 1.7673679661 4.3404073442 0.0000000000
9.2650437468 1.3500000000 4.0065083464 1.7644576593 4.3381502180 0.0000000000
9.2658431369 1.3500000000 4.0062287867 1.7615631280 4.3358741664 0.0000000000
9.2666378398 1.3500000000 4.0059491477 1.7586608393 4.3335946950 0.0000000000
9.2674264463 1.3500000000 4.0056597330 1.7557538561 4.3312742430 0.0000000000
9.2682180517 1.3500000000 4.0053678219 1.7528535137 4.3289464615 0.0000000000
9.2690077699 1.3500000000 4.0050748805 1.7499505857 4.3266135247 0.0000000000
9.2697921016 1.3500000000 4.0047823694 1.7470382504 4.3242785464 0.0000000000
9.2705772293 1.3500000000 4.0044877255 1.7441286377 4.3219361255 0.0000000000
9.2713563919 1.3500000000 4.0041839096 1.7412150069 4.3195554096 0.0000000000
9.2721361862 1.3500000000 4.0038784055 1.7383035686 4.3171688181 0.0000000000
9.2729105174 1.3500000000 4.0035723777 1.7353833331 4.3147766124 0.0000000000
9.2736876738 1.3500000000 4.0032649188 1.7324687222 4.3123809325 0.0000000000
9.2744560326 1.3500000000 4.0029550832 1.7295411476 4.3099705603 0.0000000000
9.2752257141 1.3500000000 4.0026416691 1.7266181204 4.3075476930 0.0000000000
9.2759817064 1.3500000000 4.0023321742 1.7236701984 4.3051305447 0.0000000000
9.2767425190 1.3500000000 4.0020161591 1.7207345076 4.3026922080 0.0000000000
9.2775030367 1.3500000000 4.0017001529 1.7177982729 4.3002536891 0.0000000000
9.2782606498 1.3500000000 4.0013835436 1.7148577545 4.2978110448 0.0000000000
9.2790146842 1.3500000000 4.0010624121 1.7119145643 4.2953492428 0.0000000000
9.2797614557 1.3500000000 4.0007402708 1.7089606174 4.2928790988 0.0000000000
9.2805097982 1.3500000000 4.0004165244 1.7060101471 4.2904039249 0.0000000000
9.2812479730 1.3500000000 4.0001074180 1.7030341337 4.2879770938 0.0000000000
9.2819876442 1.3500000000 3.9997937534 1.7000631101 4.2855340262 0.0000000000
9.2827233704 1.3500000000 3.9994689009 1.6970937183 4.2830468594 0.0000000000
9.2834572438 1.3500000000 3.9991539991 1.6941146004 4.2805956050 0.0000000000
9.2841869933 1.3500000000 3.9988487501 1.6911231676 4.2781780361 0.0000000000
9.2849137426 1.3500000000 3.9984739022 1.6881787327 4.2755008705 0.0000000000
9.2855949542 1.3500000000 3.9980878024 1.6851739017 4.2727545386 0.0000000000
9.2862686255 1.3500000000 3.9977021480 1.6821580740 4.2700055900 0.0000000000
9.2869393808 1.3500000000 3.9973187043 1.6791364668 4.2672631725 0.0000000000
9.2876063176 1.3500000000 3.9969385948 1.6761069662 4.2645309344 0.0000000000
9.2882682112 1.3500000000 3.9965657259 1.6730652521 4.2618227728 0.0000000000
9.2889254240 1.3500000000 3.9961944927 1.6700158539 4.2591180809 0.0000000000
9.2895801101 1.3500000000 3.9958318106 1.6669564457 4.2564435892 0.0000000000
9.2902318512 1.3500000000 3.9954762425 1.6638881125 4.2537939837 0.0000000000
9.2908715810 1.3500000000 3.9951346551 1.6607939797 4.2511899806 0.0000000000
9.2915100774 1.3500000000 3.9948001342 1.6576934713 4.2486116940 0.0000000000
9.2921411771 1.3500000000 3.9944778561 1.6545758187 4.2460755204 0.0000000000
9.2927696626 1.3500000000 3.9941642193 1.6514490601 4.2435702697 0.0000000000
9.2933873016 1.3500000000 3.9938635990 1.6483008086 4.2411084878 0.0000000000
9.2940031342 1.3500000000 3.9935853056 1.6451377180 4.2387300783 0.0000000000
9.2946037377 1.3500000000 3.9933166442 1.6419512185 4.2363808325 0.0000000000
9.2952012674 1.3500000000 3.9930761834 1.6387471666 4.2341373689 0.0000000000
9.2957902033 1.3500000000 3.9928502232 1.6355264917 4.2319452581 0.0000000000
9.2963691827 1.3500000000 3.9926574042 1.6322814032 4.2298759466 0.0000000000
9.2969373579 1.3500000000 3.9924893921 1.6290158214 4.2278976653 0.0000000000
9.2974950997 1.3500000000 3.9923491606 1.6257309862 4.2260228056 0.0000000000
9.2980396010 1.3500000000 3.9922426595 1.6224242523 4.2242741076 0.0000000000
9.2985773290 1.3500000000 3.9921642637 1.6191059453 4.2226332013 0.0000000000
9.2990921357 1.3500000000 3.9921272262 1.6157600783 4.2211467046 0.0000000000
9.2995954421 1.3500000000 3.9921217359 1.6124018074 4.2197814349 0.0000000000
9.3000841417 1.3500000000 3.9921732856 1.6090327111 4.2186399953 0.0000000000
9.3005553353 1.3500000000 3.9922561677 1.6056525811 4.2176194716 0.0000000000
9.3010094307 1.3500000000 3.9923758953 1.6022652547 4.2167434515 0.0000000000
9.3014473412 1.3500000000 3.9925476144 1.5988779896 4.2160754218 0.0000000000
9.3018500903 1.3500000000 3.9927597989 1.5954780496 4.2155641840 0.0000000000
9.3022357550 1.3500000000 3.9930318483 1.5920918425 4.2152978986 0.0000000000
9.3026016311 1.3500000000 3.9933391514 1.5887113517 4.2151749147 0.0000000000
9.3029427816 1.3500000000 3.9936931945 1.5853429883 4.2152437420 0.0000000000
9.3032641959 1.3500000000 3.9940903603 1.5819930205 4.2154924179 0.0000000000
9.3035668412 1.3500000000 3.9945209008 1.5786572860 4.2158802863 0.0000000000
9.3038515709 1.3500000000 3.9949894736 1.5753448084 4.2164295861 0.0000000000
9.3041122019 1.3500000000 3.9954864647 1.5720453401 4.2170977633 0.0000000000
9.3043600556 1.3500000000 3.9960080615 1.5687641068 4.2178716574 0.0000000000
9.3045862377 1.3500000000 3.9965565397 1.5655000137 4.2187599329 0.0000000000
9.3047977728 1.3500000000 3.9971247978 1.5622507915 4.2197332763 0.0000000000
9.3049961119 1.3500000000 3.9977121977 1.5590177396 4.2207896553 0.0000000000
9.3051805790 1.3500000000 3.9983129535 1.5557952651 4.2219036886 0.0000000000
9.3053522859 1.3500000000 3.9989289091 1.5525857951 4.2230837229 0.0000000000
9.3055084215 1.3500000000 3.9995543192 1.5493822708 4.2243039538 0.0000000000
9.3056532782 1.3500000000 4.0001918078 1.5461908916 4.2255773564 0.0000000000
9.3057901397 1.3500000000 4.0008348256 1.5430043357 4.2268748051 0.0000000000
9.3059118967 1.3500000000 4.0014790144 1.5398151148 4.2281758719 0.0000000000
9.3060276268 1.3500000000 4.0021346834 1.5366396396 4.2295283579 0.0000000000
9.3061357842 1.3500000000 4.0027903352 1.5334622501 4.2308800095 0.0000000000
9.3062366318 1.3500000000 4.0034542285 1.5302939870 4.2322682773 0.0000000000
9.3063314993 1.3500000000 4.0041154755 1.5271217805 4.2336443826 0.0000000000
9.3064182812 1.3500000000 4.0047627375 1.5239299227 4.2349566877 0.0000000000
9.3064985520 1.3500000000 4.0054094568 1.5207357620 4.2362659007 0.0000000000
9.3065741788 1.3500000000 4.0060566957 1.5175420521 4.2375773723 0.0000000000
9.3066455138 1.3500000000 4.0067059972 1.5143502599 4.2388978612 0.0000000000
9.3067126692 1.3500000000 4.0073527681 1.5111548205 4.2402067693 0.0000000000
9.3067746609 1.3500000000 4.0079786181 1.5079329525 4.2414214221 0.0000000000
9.3068320915 1.3500000000 4.0086036168 1.5047095556 4.2426320578 0.0000000000
9.3068864963 1.3500000000 4.0092267288 1.5014831431 4.2438339411 0.0000000000
9.3069382078 1.3500000000 4.0098383704 1.4982433430 4.2449845875 0.0000000000
9.3069867937 1.3500000000 4.0104460323 1.4949978532 4.2461170391 0.0000000000
9.3070319327 1.3500000000 4.0110376054 1.4917327463 4.2471772888 0.0000000000
9.3070742238 1.3500000000 4.0116223519 1.4884597263 4.2482070668 0.0000000000
9.3071145474 1.3500000000 4.0122020117 1.4851810151 4.2492142215 0.0000000000
9.3071522942 1.3500000000 4.0127789804 1.4818998938 4.2502096476 0.0000000000
9.3071879584 1.3500000000 4.0133329454 1.4785935364 4.2511029649 0.0000000000
9.3072211764 1.3500000000 4.0138793126 1.4752792587 4.2519627225 0.0000000000
9.3072525078 1.3500000000 4.0144151269 1.4719536775 4.2527757470 0.0000000000
9.3072823860 1.3500000000 4.0149424462 1.4686194147 4.2535513190 0.0000000000
9.3073107028 1.3500000000 4.0154588872 1.4652752675 4.2542794242 0.0000000000
9.3073376849 1.3500000000 4.0159683992 1.4619242566 4.2549770681 0.0000000000
9.3073634511 1.3500000000 4.0164656177 1.4585620951 4.2556210775 0.0000000000
9.3073880206 1.3500000000 4.0169593268 1.4551958696 4.2562494234 0.0000000000
9.3074113614 1.3500000000 4.0174359639 1.4518142851 4.2568033381 0.0000000000
9.3074336760 1.3500000000 4.0179028261 1.4484243134 4.2573147981 0.0000000000
9.3074551986 1.3500000000 4.0183590944 1.4450255760 4.2577803765 0.0000000000
9.3074756375 1.3500000000 4.0187990695 1.4416128625 4.2581751913 0.0000000000
9.3074954040 1.3500000000 4.0192307618 1.4381936099 4.2585342594 0.0000000000
9.3075143397 1.3500000000 4.0196569078 1.4347707196 4.2588696876 0.0000000000
9.3075325204 1.3500000000 4.0200612328 1.4313307887 4.2591110151 0.0000000000
9.3075500556 1.3500000000 4.0204515603 1.4278803383 4.2592921451 0.0000000000
9.3075671510 1.3500000000 4.0208289339 1.4244206022 4.2594177448 0.0000000000
9.3075836542 1.3500000000 4.0211815587 1.4209446419 4.2594378599 0.0000000000
9.3075995069 1.3500000000 4.0215247607 1.4174627752 4.2594179215 0.0000000000
9.3076148749 1.3500000000 4.0218428609 1.4139660536 4.2592916335 0.0000000000
9.3076299458 1.3500000000 4.0221489247 1.4104627504 4.2591145676 0.0000000000
9.3076446935 1.3500000000 4.0224320915 1.4069472392 4.2588410301 0.0000000000
9.3076592844 1.3500000000 4.0226975811 1.4034231325 4.2584933458 0.0000000000
9.3076739874 1.3500000000 4.0229311956 1.3998850198 4.2580125587 0.0000000000
9.3076887195 1.3500000000 4.0231396709 1.3963371206 4.2574273002 0.0000000000
9.3077038306 1.3500000000 4.0232989946 1.3927736991 4.2566392266 0.0000000000
9.3077195869 1.3500000000 4.0234157010 1.3892001400 4.2556766284 0.0000000000
9.3077365686 1.3500000000 4.0234511085 1.3856153424 4.2543843393 0.0000000000
9.3077559710 1.3500000000 4.0233346756 1.3820438427 4.2524900082 0.0000000000
9.3077807120 1.3500000000 4.0228699228 1.3786697393 4.2492813554 0.0000000000
9.3078102981 1.3500000000 4.0217689491 1.3764516299 4.2439902169 0.0000000000
9.3078358347 1.3500000000 4.0203675384 1.3757069594 4.2380867057 0.0000000000
9.3078572869 1.3500000000 4.0189381890 1.3753972003 4.2322454044 0.0000000000
9.3078764649 1.3500000000 4.0175359138 1.3746501322 4.2263374767 0.0000000000
9.3078939384 1.3500000000 4.0162330190 1.3731492394 4.2205255402 0.0000000000
9.3079095308 1.3500000000 4.0150779476 1.3710109318 4.2150499316 0.0000000000
9.3079235401 1.3500000000 4.0140678509 1.3684602633 4.2099892773 0.0000000000
9.3079364377 1.3500000000 4.0131704338 1.3656550019 4.2052775046 0.0000000000
9.3079486240 1.3500000000 4.0123554771 1.3627025463 4.2008366956 0.0000000000
9.3079603235 1.3500000000 4.0116053104 1.3596428899 4.1966121662 0.0000000000
9.3079717424 1.3500000000 4.0109035787 1.3565089610 4.1925516677 0.0000000000
9.3079830865 1.3500000000 4.0102339269 1.3533336883 4.1886029514 0.0000000000
9.3079945621 1.3500000000 4.0095800000 1.3501500000 4.1847137685 0.0000000000
9.3080756916 1.3500000000 4.0056400000 1.3293500000 4.1606337685 0.0000000000
9.3081233536 1.3500000000 4.0037445258 1.3197100576 4.1491958949 0.0000000000
9.3081818528 1.3500000000 4.0017093801 1.3102501062 4.1372713315 0.0000000000
9.3082555515 1.3500000000 3.9995086743 1.3010256160 4.1247787121 0.0000000000
9.3083502208 1.3500000000 3.9971371311 1.2920710997 4.1117107326 0.0000000000
9.3084737602 1.3500000000 3.9945889026 1.2834276047 4.0980604207 0.0000000000
9.3086352951 1.3500000000 3.9918886458 1.2750815653 4.0839209778 0.0000000000
9.3088424395 1.3500000000 3.9890805452 1.2669672497 4.0694428490 0.0000000000
9.3090982379 1.3500000000 3.9862032895 1.2590144356 4.0547527008 0.0000000000
9.3093982772 1.3500000000 3.9833068953 1.2511149589 4.0400073331 0.0000000000
9.3097312775 1.3500000000 3.9804054269 1.2432352895 4.0252495920 0.0000000000
9.3100847541 1.3500000000 3.9775126682 1.2353412457 4.0105209397 0.0000000000
9.3104475067 1.3500000000 3.9746158874 1.2274589815 3.9957809105 0.0000000000
9.3108120531 1.3500000000 3.9716879859 1.2196495711 3.9809455405 0.0000000000
9.3111727782 1.3500000000 3.9687188292 1.2119367514 3.9659837860 0.0000000000
9.3115248035 1.3500000000 3.9656948721 1.2043560425 3.9508556740 0.0000000000
9.3118671900 1.3500000000 3.9626192940 1.1969027511 3.9355720450 0.0000000000
9.3121983728 1.3500000000 3.9594726674 1.1896349172 3.9200784051 0.0000000000
9.3125169336 1.3500000000 3.9562579910 1.1825510887 3.9043861681 0.0000000000
9.3128225029 1.3500000000 3.9529762824 1.1756590345 3.8885025118 0.0000000000
9.3131154521 1.3500000000 3.9496215886 1.1689864020 3.8724146838 0.0000000000
9.3133955880 1.3500000000 3.9462025307 1.1625176848 3.8561509651 0.0000000000
9.3136639255 1.3500000000 3.9427240342 1.1562469667 3.8397286919 0.0000000000
9.3139209285 1.3500000000 3.9391907453 1.1501676475 3.8231638086 0.0000000000
9.3141667316 1.3500000000 3.9356042459 1.1442832939 3.8064640696 0.0000000000
9.3144027038 1.3500000000 3.9319672423 1.1385935036 3.7896401391 0.0000000000
9.3146292410 1.3500000000 3.9282816962 1.1330997126 3.7727004384 0.0000000000
9.3148459699 1.3500000000 3.9245537352 1.1277854841 3.7556629029 0.0000000000
9.3150535151 1.3500000000 3.9207833100 1.1226592923 3.7385307252 0.0000000000
9.3152532489 1.3500000000 3.9169679432 1.1177434319 3.7213029141 0.0000000000
9.3154443517 1.3500000000 3.9131185126 1.1129946971 3.7040056975 0.0000000000
9.3156279053 1.3500000000 3.9092272535 1.1084610643 3.6866272080 0.0000000000
9.3158038577 1.3500000000 3.9053057167 1.1040924733 3.6691936248 0.0000000000
9.3159725566 1.3500000000 3.9013483028 1.0999287946 3.6516984976 0.0000000000
9.3161343357 1.3500000000 3.8973526627 1.0959979543 3.6341436010 0.0000000000
9.3162890179 1.3500000000 3.8933270623 1.0922615296 3.6165466297 0.0000000000
9.3164377831 1.3500000000 3.8892710773 1.0887345677 3.5989119047 0.0000000000
9.3165804449 1.3500000000 3.8851852186 1.0854282520 3.5812459435 0.0000000000
9.3167170703 1.3500000000 3.8810757683 1.0823095948 3.5635606797 0.0000000000
9.3168485383 1.3500000000 3.8769439184 1.0793785014 3.5458608428 0.0000000000
9.3169750806 1.3500000000 3.8727846817 1.0766996399 3.5281523514 0.0000000000
9.3170967252 1.3500000000 3.8686109900 1.0741644378 3.5104435037 0.0000000000
9.3172143479 1.3500000000 3.8644265500 1.0717399706 3.4927359566 0.0000000000
9.3173282000 1.3500000000 3.8602258254 1.0694974851 3.4750360640 0.0000000000
9.3174384029 1.3500000000 3.8560153467 1.0673719967 3.4573439540 0.0000000000
9.3175450689 1.3500000000 3.8517923098 1.0654064035 3.4396655691 0.0000000000
9.3176486481 1.3500000000 3.8475597802 1.0635719732 3.4220016787 0.0000000000
9.3177491533 1.3500000000 3.8433180111 1.0618748338 3.4043557462 0.0000000000
9.3178473341 1.3500000000 3.8390662423 1.0603413912 3.3867352940 0.0000000000
9.3179426985 1.3500000000 3.8348090627 1.0589027958 3.3691311375 0.0000000000
9.3180363417 1.3500000000 3.8305442144 1.0576147623 3.3515565311 0.0000000000
9.3181293152 1.3500000000 3.8262739312 1.0564438059 3.3340070155 0.0000000000
9.3182236559 1.3500000000 3.8219994137 1.0553733839 3.3164807770 0.0000000000
9.3183215385 1.3500000000 3.8177206532 1.0544180680 3.2989836086 0.0000000000
9.3184213755 1.3500000000 3.8134376813 1.0535899442 3.2815204716 0.0000000000
9.3185262361 1.3500000000 3.8091503730 1.0529236776 3.2641047317 0.0000000000
9.3186404793 1.3500000000 3.8048587996 1.0524693480 3.2467567062 0.0000000000
9.3187631915 1.3500000000 3.8005644965 1.0522643032 3.2294974757 0.0000000000
9.3188993942 1.3500000000 3.7962708586 1.0524807139 3.2124094883 0.0000000000
9.3190394071 1.3500000000 3.7919866735 1.0532251428 3.1955705194 0.0000000000
9.3191884935 1.3500000000 3.7877352318 1.0547183870 3.1791620506 0.0000000000
9.3193430532 1.3500000000 3.7835413398 1.0570179468 3.1633063063 0.0000000000
9.3195050787 1.3500000000 3.7794666273 1.0603952211 3.1483583660 0.0000000000
9.3196655112 1.3500000000 3.7755497272 1.0647900949 3.1344487151 0.0000000000
9.3198296968 1.3500000000 3.7718882407 1.0703989774 3.1220463223 0.0000000000
9.3199930672 1.3500000000 3.7685102630 1.0770071288 3.1111776719 0.0000000000
9.3201651349 1.3500000000 3.7655188479 1.0847106703 3.1022934284 0.0000000000
9.3203348000 1.3500000000 3.7626224025 1.0926340016 3.0938769792 0.0000000000
9.3205176614 1.3500000000 3.7596879548 1.1004711584 3.0852740512 0.0000000000
9.3207425564 1.3500000000 3.7564000397 1.1073253637 3.0748640727 0.0000000000
9.3210705596 1.3500000000 3.7523424106 1.1080914651 3.0589399970 0.0000000000
9.3213365630 1.3500000000 3.7496050378 1.0999321937 3.0447267973 0.0000000000
9.3215241906 1.3500000000 3.7480823239 1.0898944682 3.0346208515 0.0000000000
9.3216800723 1.3500000000 3.7470170207 1.0795003340 3.0262019847 0.0000000000
9.3218186787 1.3500000000 3.7460302250 1.0690486048 3.0180741104 0.0000000000
9.3219443497 1.3500000000 3.7451784790 1.0585266730 3.0104583536 0.0000000000
9.3220601013 1.3500000000 3.7445048317 1.0479190297 3.0035207073 0.0000000000
9.3221693395 1.3500000000 3.7439265870 1.0372787213 2.9969516050 0.0000000000
9.3222741088 1.3500000000 3.7434137050 1.0266161023 2.9906350292 0.0000000000
9.3223753924 1.3500000000 3.7429264946 1.0159457130 2.9844180320 0.0000000000
9.3224730145 1.3500000000 3.7425128549 1.0052566322 2.9784878411 0.0000000000
9.3225682162 1.3500000000 3.7421361785 0.9945579953 2.9727016806 0.0000000000
9.3226624247 1.3500000000 3.7417302465 0.9838663206 2.9668012826 0.0000000000
9.3227550721 1.3500000000 3.7413203992 0.9731754249 2.9608855353 0.0000000000
9.3228459596 1.3500000000 3.7409312784 0.9624797046 2.9550507638 0.0000000000
9.3229353725 1.3500000000 3.7405676518 0.9517782409 2.9493156721 0.0000000000
9.3230238256 1.3500000000 3.7402123172 0.9410748688 2.9436129847 0.0000000000
9.3231111106 1.3500000000 3.7398777671 0.9303674623 2.9379918218 0.0000000000
9.3231970322 1.3500000000 3.7395797214 0.9196531460 2.9325139124 0.0000000000
9.3232823931 1.3500000000 3.7392984604 0.9089359254 2.9271019804 0.0000000000
9.3233673383 1.3500000000 3.7390164948 0.8982188627 2.9216872927 0.0000000000
9.3234515059 1.3500000000 3.7387323533 0.8875020391 2.9162639973 0.0000000000
9.3235348777 1.3500000000 3.7384780975 0.8767806948 2.9109584366 0.0000000000
9.3236176234 1.3500000000 3.7382498662 0.8660554438 2.9057554106 0.0000000000
9.3236999760 1.3500000000 3.7380164843 0.8553309473 2.9005320848 0.0000000000
9.3237820258 1.3500000000 3.7377818723 0.8446066182 2.8953039050 0.0000000000
9.3238634532 1.3500000000 3.7375526258 0.8338815138 2.8900968772 0.0000000000
9.3239440697 1.3500000000 3.7373347603 0.8231548942 2.8849347676 0.0000000000
9.3240243668 1.3500000000 3.7371318359 0.8124263962 2.8798316707 0.0000000000
9.3241046484 1.3500000000 3.7369117188 0.8017001281 2.8746606947 0.0000000000
9.3241846910 1.3500000000 3.7366707512 0.7909765222 2.8694073823 0.0000000000
9.3242640732 1.3500000000 3.7364352032 0.7802521850 2.8641754555 0.0000000000
9.3243429088 1.3500000000 3.7362072188 0.7695268116 2.8589733682 0.0000000000
9.3244214153 1.3500000000 3.7359832595 0.7588008608 2.8537871507 0.0000000000
9.3244996460 1.3500000000 3.7357695402 0.7480736230 2.8486413786 0.0000000000
9.3245775298 1.3500000000 3.7355704704 0.7373445919 2.8435534869 0.0000000000
9.3246552359 1.3500000000 3.7353567846 0.7266173239 2.8384078363 0.0000000000
9.3247329616 1.3500000000 3.7351442536 0.7158899128 2.8332667481 0.0000000000
9.3248101638 1.3500000000 3.7349386733 0.7051616022 2.8281531027 0.0000000000
9.3248866393 1.3500000000 3.7347410473 0.6944323628 2.8230709030 0.0000000000
9.3249631451 1.3500000000 3.7345622366 0.6837010393 2.8180631307 0.0000000000
9.3250393770 1.3500000000 3.7343681610 0.6729713821 2.8129949653 0.0000000000
9.3251152692 1.3500000000 3.7341634568 0.6622428914 2.8078847525 0.0000000000
9.3251910659 1.3500000000 3.7339763734 0.6515124710 2.8028442505 0.0000000000
9.3252665014 1.3500000000 3.7338074351 0.6407800749 2.7978755389 0.0000000000
9.3253416034 1.3500000000 3.7336339969 0.6300481582 2.7928890194 0.0000000000
9.3254170745 1.3500000000 3.7334529747 0.6193170195 2.7878724752 0.0000000000
9.3254924008 1.3500000000 3.7332797942 0.6085850763 2.7828869759 0.0000000000
9.3255670399 1.3500000000 3.7331203997 0.5978517636 2.7779560727 0.0000000000
9.3256419279 1.3500000000 3.7329564312 0.5871188935 2.7730070508 0.0000000000
9.3257163210 1.3500000000 3.7327908702 0.5763861553 2.7680517112 0.0000000000
9.3257914227 1.3500000000 3.7326205819 0.5656539053 2.7630776582 0.0000000000
9.3258656575 1.3500000000 3.7324701258 0.5549197762 2.7581821821 0.0000000000
9.3259392467 1.3500000000 3.7323208029 0.5441855107 2.7532911845 0.0000000000
9.3260138387 1.3500000000 3.7321677987 0.5334516210 2.7483856118 0.0000000000
9.3260868684 1.3500000000 3.7320083203 0.5227182363 2.7434543441 0.0000000000
9.3261606524 1.3500000000 3.7318145976 0.5119884249 2.7383875288 0.0000000000
9.3262343861 1.3500000000 3.7316418598 0.5012563613 2.7334037523 0.0000000000
9.3263070047 1.3500000000 3.7314594798 0.4905252509 2.7283817882 0.0000000000
9.3263797264 1.3500000000 3.7312726180 0.4797946195 2.7233420882 0.0000000000
9.3264519482 1.3500000000 3.7310938156 0.4690631441 2.7183342887 0.0000000000
9.3265235876 1.3500000000 3.7309252835 0.4583305806 2.7133671347 0.0000000000
9.3265946935 1.3500000000 3.7307463505 0.4475990391 2.7083587861 0.0000000000
9.3266658412 1.3500000000 3.7305711871 0.4368671165 2.7033653635 0.0000000000
9.3267369559 1.3500000000 3.7304037894 0.4261344175 2.6984026931 0.0000000000
9.3268076473 1.3500000000 3.7302475689 0.4154006497 2.6934843039 0.0000000000
9.3268774025 1.3500000000 3.7300805121 0.4046678482 2.6885229562 0.0000000000
9.3269473003 1.3500000000 3.7299001818 0.3939364535 2.6835090770 0.0000000000
9.3270164369 1.3500000000 3.7297173860 0.3832052522 2.6784854135 0.0000000000
9.3270853425 1.3500000000 3.7295682762 0.3724707800 2.6735951854 0.0000000000
9.3271544982 1.3500000000 3.7294200310 0.3617362406 2.6687083885 0.0000000000
9.3272239793 1.3500000000 3.7292545769 0.3510032976 2.6637533951 0.0000000000
9.3272933956 1.3500000000 3.7290757916 0.3402716469 2.6587455936 0.0000000000
9.3273623805 1.3500000000 3.7289236914 0.3295374700 2.6538435221 0.0000000000
9.3274306989 1.3500000000 3.7287675215 0.3188036111 2.6489252988 0.0000000000
9.3274992992 1.3500000000 3.7286251425 0.3080685294 2.6440617502 0.0000000000
9.3275671385 1.3500000000 3.7284561150 0.2973358770 2.6390925791 0.0000000000
9.3276359878 1.3500000000 3.7282961171 0.2866023751 2.6341591869 0.0000000000
9.3277038461 1.3500000000 3.7281514443 0.2758674995 2.6292865453 0.0000000000
9.3277707704 1.3500000000 3.7280010477 0.2651330707 2.6243911874 0.0000000000
9.3278374942 1.3500000000 3.7278598864 0.2543978529 2.6195324554 0.0000000000
9.3279051231 1.3500000000 3.7277031781 0.2436639983 2.6146120804 0.0000000000
9.3279712952 1.3500000000 3.7275498249 0.2329298131 2.6097049933 0.0000000000
9.3280374499 1.3500000000 3.7274088704 0.2221945509 2.6048470704 0.0000000000
9.3281036835 1.3500000000 3.7272610727 0.2114598556 2.5999620017 0.0000000000
9.3281690463 1.3500000000 3.7271172950 0.2007247981 2.5950928678 0.0000000000
9.3282348262 1.3500000000 3.7269708808 0.1899900169 2.5902132984 0.0000000000
9.3283006488 1.3500000000 3.7267871673 0.1792587458 2.5851859360 0.0000000000
9.3283659812 1.3500000000 3.7266158131 0.1685262052 2.5802075030 0.0000000000
9.3284304691 1.3500000000 3.7264312196 0.1577950217 2.5751766556 0.0000000000
9.3284954551 1.3500000000 3.7262598812 0.1470624780 2.5701982847 0.0000000000
9.3285587489 1.3500000000 3.7260892615 0.1363297967 2.5652227332 0.0000000000
9.3286225911 1.3500000000 3.7259195897 0.1255970488 2.5602509466 0.0000000000
9.3286856075 1.3500000000 3.7257408971 0.1148651668 2.5552434237 0.0000000000
9.3287489681 1.3500000000 3.7255724498 0.1041322798 2.5502764795 0.0000000000
9.3288116697 1.3500000000 3.7254180637 0.0933980435 2.5453652406 0.0000000000
9.3288737825 1.3500000000 3.7252448626 0.0826656036 2.5403794602 0.0000000000
9.3289352739 1.3500000000 3.7250713991 0.0719331378 2.5353926200 0.0000000000
9.3289959490 1.3500000000 3.7248908558 0.0612013781 2.5303777430 0.0000000000
9.3290563984 1.3500000000 3.7247225271 0.0504684480 2.5254112560 0.0000000000
9.3291164970 1.3500000000 3.7245831070 0.0397328216 2.5205593251 0.0000000000
9.3291769970 1.3500000000 3.7244255135 0.0289987820 2.5156353352 0.0000000000
9.3292374810 1.3500000000 3.7242463444 0.0182668651 2.5106258921 0.0000000000
9.3292977000 1.3500000000 3.7240659889 0.0075351317 2.5056117768 0.0000000000
9.3293580671 1.3500000000 3.7239172954 -0.0031997206 2.5007230620 0.0000000000
9.3294179186 1.3500000000 3.7237701431 -0.0139347035 2.4958404596 0.0000000000
9.3294780376 1.3500000000 3.7236122976 -0.0246686639 2.4909154934 0.0000000000
9.3295384396 1.3500000000 3.7234360112 -0.0354008776 2.4859174622 0.0000000000
9.3295983010 1.3500000000 3.7232807553 -0.0461351352 2.4810027356 0.0000000000
9.3296577896 1.3500000000 3.7231313278 -0.0568699108 2.4761111155 0.0000000000
9.3297164614 1.3500000000 3.7229902972 -0.0676054461 2.4712527787 0.0000000000
9.3297743169 1.3500000000 3.7228271304 -0.0783390477 2.4663066709 0.0000000000
9.3298316895 1.3500000000 3.7226684239 -0.0890729768 2.4613782734 0.0000000000
9.3298886361 1.3500000000 3.7225255206 -0.0998084137 2.4565124853 0.0000000000
9.3299467880 1.3500000000 3.7223882550 -0.1105442120 2.4516691039 0.0000000000
9.3300040670 1.3500000000 3.7222350208 -0.1212787317 2.4467623589 0.0000000000
9.3300606277 1.3500000000 3.7220905510 -0.1320140480 2.4418903531 0.0000000000
9.3301171827 1.3500000000 3.7219310171 -0.1427479537 2.4369586554 0.0000000000
9.3301722749 1.3500000000 3.7217416838 -0.1534789788 2.4319089122 0.0000000000
9.3302274628 1.3500000000 3.7215644115 -0.1642112387 2.4269069191 0.0000000000
9.3302817637 1.3500000000 3.7213737008 -0.1749421354 2.4218517174 0.0000000000
9.3303361688 1.3500000000 3.7212104074 -0.1856758105 2.4169050740 0.0000000000
9.3303897945 1.3500000000 3.7210190171 -0.1964066270 2.4118471861 0.0000000000
9.3304436946 1.3500000000 3.7208366928 -0.2071384109 2.4068251755 0.0000000000
9.3304971986 1.3500000000 3.7206620403 -0.2178710269 2.4018335191 0.0000000000
9.3305505523 1.3500000000 3.7204900686 -0.2286039064 2.3968524801 0.0000000000
9.3306033685 1.3500000000 3.7203343612 -0.2393383600 2.3919358694 0.0000000000
9.3306564991 1.3500000000 3.7201428562 -0.2500691043 2.3868775515 0.0000000000
9.3307086295 1.3500000000 3.7199629381 -0.2608012222 2.3818650319 0.0000000000
9.3307602363 1.3500000000 3.7197883989 -0.2715338754 2.3768738140 0.0000000000
9.3308118477 1.3500000000 3.7196365855 -0.2822686662 2.3719726440 0.0000000000
9.3308629184 1.3500000000 3.7194844998 -0.2930034966 2.3670703691 0.0000000000
9.3309138769 1.3500000000 3.7192989096 -0.3037349528 2.3620354259 0.0000000000
9.3309649814 1.3500000000 3.7190973203 -0.3144646173 2.3569372027 0.0000000000
9.3310157774 1.3500000000 3.7189406907 -0.3251990091 2.3520169277 0.0000000000
9.3310659880 1.3500000000 3.7187906833 -0.3359340522 2.3471228810 0.0000000000
9.3311165223 1.3500000000 3.7186315760 -0.3466682299 2.3421927806 0.0000000000
9.3311672087 1.3500000000 3.7184396476 -0.3573990576 2.3371327357 0.0000000000
9.3312175065 1.3500000000 3.7182785685 -0.3681330863 2.3321948079 0.0000000000
9.3312684502 1.3500000000 3.7181311153 -0.3788682708 2.3273109214 0.0000000000
9.3313188863 1.3500000000 3.7179736015 -0.3896026347 2.3223871208 0.0000000000
9.3313682914 1.3500000000 3.7178296682 -0.4003381772 2.3175171703 0.0000000000
9.3314168856 1.3500000000 3.7176530621 -0.4110707302 2.3125177249 0.0000000000
9.3314650156 1.3500000000 3.7175137693 -0.4218067342 2.3076661522 0.0000000000
9.3315134336 1.3500000000 3.7173680752 -0.4325421096 2.3027892256 0.0000000000
9.3315627288 1.3500000000 3.7172218444 -0.4432774815 2.2979101536 0.0000000000
9.3316140701 1.3500000000 3.7170737655 -0.4540126341 2.2930237768 0.0000000000
9.3316651115 1.3500000000 3.7169127656 -0.4647464969 2.2880862321 0.0000000000
9.3317144066 1.3500000000 3.7167293149 -0.4754782783 2.2830597169 0.0000000000
9.3317626451 1.3500000000 3.7165315860 -0.4862084702 2.2779767244 0.0000000000
9.3318095096 1.3500000000 3.7163413284 -0.4969395909 2.2729232457 0.0000000000
9.3318553487 1.3500000000 3.7161730206 -0.5076729076 2.2679566878 0.0000000000
9.3319011139 1.3500000000 3.7159789320 -0.5184036131 2.2628880512 0.0000000000
9.3319463866 1.3500000000 3.7157885156 -0.5291347644 2.2578339250 0.0000000000
9.3319913120 1.3500000000 3.7155925924 -0.5398653003 2.2527580180 0.0000000000
9.3320355311 1.3500000000 3.7154116608 -0.5505973246 2.2477414819 0.0000000000
9.3320791920 1.3500000000 3.7152584549 -0.5613322208 2.2428346996 0.0000000000
9.3321224094 1.3500000000 3.7150743954 -0.5720640356 2.2378057357 0.0000000000
9.3321651796 1.3500000000 3.7148886132 -0.5827957544 2.2327699195 0.0000000000
9.3322072272 1.3500000000 3.7146872833 -0.5935256639 2.2276726361 0.0000000000
9.3322479574 1.3500000000 3.7145307521 -0.6042603524 2.2227526360 0.0000000000
9.3322873324 1.3500000000 3.7143720829 -0.6149948427 2.2178241629 0.0000000000
9.3323261441 1.3500000000 3.7141885280 -0.6257269201 2.2127971124 0.0000000000
9.3323651050 1.3500000000 3.7139868744 -0.6364569680 2.2076984791 0.0000000000
9.3324037032 1.3500000000 3.7138201339 -0.6471905576 2.2027380809 0.0000000000
9.3324423288 1.3500000000 3.7136595576 -0.6579248833 2.1978020457 0.0000000000
9.3324810360 1.3500000000 3.7134975094 -0.6686590697 2.1928601782 0.0000000000
9.3325197420 1.3500000000 3.7133304803 -0.6793925716 2.1878986611 0.0000000000
9.3325583566 1.3500000000 3.7131499521 -0.6901247318 2.1828836844 0.0000000000
9.3325969771 1.3500000000 3.7130047828 -0.7008604229 2.1780087307 0.0000000000
9.3326358075 1.3500000000 3.7128508469 -0.7115953668 2.1730990092 0.0000000000
9.3326757380 1.3500000000 3.7127044682 -0.7223309345 2.1682192675 0.0000000000
9.3327165705 1.3500000000 3.7125231990 -0.7330630896 2.1632013287 0.0000000000
9.3327570623 1.3500000000 3.7123743775 -0.7437984395 2.1583119027 0.0000000000
9.3327973633 1.3500000000 3.7122315669 -0.7545343509 2.1534462959 0.0000000000
9.3328374911 1.3500000000 3.7120890481 -0.7652702974 2.1485818420 0.0000000000
9.3328775491 1.3500000000 3.7119188665 -0.7760034857 2.1436078403 0.0000000000
9.3329173005 1.3500000000 3.7117331575 -0.7867352937 2.1385722811 0.0000000000
9.3329567492 1.3500000000 3.7115384316 -0.7974660413 2.1335010785 0.0000000000
9.3329959898 1.3500000000 3.7113402429 -0.8081964266 2.1284161694 0.0000000000
9.3330348807 1.3500000000 3.7111466029 -0.8189273556 2.1233492380 0.0000000000
9.3330734137 1.3500000000 3.7109686854 -0.8296598557 2.1183445676 0.0000000000
9.3331116116 1.3500000000 3.7107923970 -0.8403926050 2.1133463147 0.0000000000
9.3331496693 1.3500000000 3.7106009278 -0.8511238357 2.1082879456 0.0000000000
9.3331873740 1.3500000000 3.7103952226 -0.8618533478 2.1031733198 0.0000000000
9.3332248037 1.3500000000 3.7101948833 -0.8725833538 2.0980799601 0.0000000000
9.3332618604 1.3500000000 3.7100371673 -0.8833180547 2.0931552159 0.0000000000
9.3332986751 1.3500000000 3.7098606034 -0.8940507978 2.0881558628 0.0000000000
9.3333351841 1.3500000000 3.7096515185 -0.9047799163 2.0830278761 0.0000000000
9.3333713744 1.3500000000 3.7094444028 -0.9155092888 2.0779076643 0.0000000000
9.3334070133 1.3500000000 3.7092735191 -0.9262426440 2.0729307872 0.0000000000
9.3334425507 1.3500000000 3.7091089802 -0.9369762475 2.0679791903 0.0000000000
9.3334776954 1.3500000000 3.7089330480 -0.9477089944 2.0629823629 0.0000000000
9.3335126256 1.3500000000 3.7087473471 -0.9584408261 2.0579468263 0.0000000000
9.3335472656 1.3500000000 3.7085720445 -0.9691737641 2.0529524409 0.0000000000
9.3335817244 1.3500000000 3.7084266379 -0.9799094622 2.0480765350 0.0000000000
9.3336158648 1.3500000000 3.7082668557 -0.9906439288 2.0431436197 0.0000000000
9.3336497920 1.3500000000 3.7081105400 -1.0013787039 2.0382244469 0.0000000000
9.3336834023 1.3500000000 3.7079158770 -1.0121091087 2.0331536332 0.0000000000
9.3337166855 1.3500000000 3.7077679643 -1.0228446672 2.0282677589 0.0000000000
9.3337496767 1.3500000000 3.7076178437 -1.0335799614 2.0233731589 0.0000000000
9.3337824872 1.3500000000 3.7074804608 -1.0443164189 2.0185290442 0.0000000000
9.3338152206 1.3500000000 3.7073175089 -1.0550502925 2.0135836869 0.0000000000
9.3338476503 1.3500000000 3.7071701467 -1.0657859024 2.0086999942 0.0000000000
9.3338799369 1.3500000000 3.7070214011 -1.0765213750 2.0038108231 0.0000000000
9.3339122034 1.3500000000 3.7068251498 -1.0872517833 1.9987336542 0.0000000000
9.3339442371 1.3500000000 3.7066170395 -1.0979810481 1.9936095074 0.0000000000
9.3339760681 1.3500000000 3.7064327528 -1.1087129298 1.9885796080 0.0000000000
9.3340077344 1.3500000000 3.7062298412 -1.1194428411 1.9834759969 0.0000000000
9.3340391828 1.3500000000 3.7060308865 -1.1301732698 1.9783880067 0.0000000000
9.3340706776 1.3500000000 3.7058283346 -1.1409032706 1.9732857988 0.0000000000
9.3341021303 1.3500000000 3.7056231923 -1.1516329482 1.9681733583 0.0000000000
9.3341333771 1.3500000000 3.7054560193 -1.1623667080 1.9632111624 0.0000000000
9.3341646732 1.3500000000 3.7052588910 -1.1730974236 1.9581303632 0.0000000000
9.3341960538 1.3500000000 3.7050480167 -1.1838263900 1.9529952794 0.0000000000
9.3342273684 1.3500000000 3.7048359621 -1.1945552401 1.9478555206 0.0000000000
9.3342586949 1.3500000000 3.7046724013 -1.2052893670 1.9429076268 0.0000000000
9.3342901333 1.3500000000 3.7045144970 -1.2160241325 1.9379821035 0.0000000000
9.3343219167 1.3500000000 3.7042763366 -1.2267488931 1.9327395576 0.0000000000
9.3343539002 1.3500000000 3.7040662847 -1.2374779099 1.9276077431 0.0000000000
9.3343862612 1.3500000000 3.7039073702 -1.2482121765 1.9226783787 0.0000000000
9.3344190893 1.3500000000 3.7037571041 -1.2589473913 1.9177832284 0.0000000000
9.3344526887 1.3500000000 3.7036047756 -1.2696823665 1.9128799243 0.0000000000
9.3344873159 1.3500000000 3.7034138164 -1.2804136817 1.9078235614 0.0000000000
9.3345232501 1.3500000000 3.7032397594 -1.2911465448 1.9028341882 0.0000000000
9.3345613041 1.3500000000 3.7030729053 -1.3018796711 1.8978735212 0.0000000000
9.3346026814 1.3500000000 3.7029211337 -1.3126146201 1.8929724552 0.0000000000
9.3346503268 1.3500000000 3.7027722444 -1.3233492268 1.8880830553 0.0000000000
9.3347154328 1.3500000000 3.7026085572 -1.3340811214 1.8831355487 0.0000000000
9.3348517676 1.3500000000 3.7027064276 -1.3311953521 1.8846813380 0.0000000000
9.3348910830 1.3500000000 3.7028979181 -1.3204645807 1.8897396086 0.0000000000
9.3349178653 1.3500000000 3.7030716079 -1.3097312991 1.8947276806 0.0000000000
9.3349391872 1.3500000000 3.7032428826 -1.2989977340 1.8997062054 0.0000000000
9.3349575538 1.3500000000 3.7034084590 -1.2882635206 1.9046621963 0.0000000000
9.3349739433 1.3500000000 3.7036285998 -1.2775354937 1.9098339701 0.0000000000
9.3349889344 1.3500000000 3.7038256073 -1.2668045946 1.9149143597 0.0000000000
9.3350029800 1.3500000000 3.7039858315 -1.2560698207 1.9198491662 0.0000000000
9.3350163122 1.3500000000 3.7041561944 -1.2453360542 1.9248241245 0.0000000000
9.3350292350 1.3500000000 3.7043635453 -1.2346064763 1.9299453593 0.0000000000
9.3350418310 1.3500000000 3.7046023060 -1.2238808295 1.9351906607 0.0000000000
9.3350542464 1.3500000000 3.7048260178 -1.2131533036 1.9403765183 0.0000000000
9.3350666331 1.3500000000 3.7050033744 -1.2024202227 1.9453791769 0.0000000000
9.3350793055 1.3500000000 3.7052057301 -1.1916901130 1.9504806436 0.0000000000
9.3350925745 1.3500000000 3.7054448647 -1.1809645368 1.9557274126 0.0000000000
9.3351073700 1.3500000000 3.7056737086 -1.1702363418 1.9609340660 0.0000000000
9.3351392769 1.3500000000 3.7058755021 -1.1609939316 1.9654382041 0.0000000000
9.3351559467 1.3500000000 3.7056612508 -1.1719854988 1.9601845724 0.0000000000
9.3351712993 1.3500000000 3.7054475409 -1.1826958966 1.9550455735 0.0000000000
9.3351950601 1.3500000000 3.7052223847 -1.1934236389 1.9498538516 0.0000000000
9.3352195730 1.3500000000 3.7050438253 -1.2041561946 1.9448465918 0.0000000000
9.3352440607 1.3500000000 3.7048806125 -1.2148904665 1.9399000318 0.0000000000
9.3352687564 1.3500000000 3.7046563971 -1.2256180369 1.9347121423 0.0000000000
9.3352935297 1.3500000000 3.7044287585 -1.2363448228 1.9295108733 0.0000000000
9.3353183851 1.3500000000 3.7042538453 -1.2470777081 1.9245180665 0.0000000000
9.3353432690 1.3500000000 3.7040948828 -1.2578123438 1.9195883621 0.0000000000
9.3353681732 1.3500000000 3.7039378428 -1.2685471793 1.9146662678 0.0000000000
9.3353930918 1.3500000000 3.7037497475 -1.2792789417 1.9096211818 0.0000000000
9.3354179493 1.3500000000 3.7035523901 -1.2900097229 1.9045394397 0.0000000000
9.3354426777 1.3500000000 3.7034034605 -1.3007454243 1.8996494409 0.0000000000
9.3354674517 1.3500000000 3.7032407906 -1.3114797731 1.8947050215 0.0000000000
9.3354920879 1.3500000000 3.7030873037 -1.3222150596 1.8897969593 0.0000000000
9.3355166906 1.3500000000 3.7029023322 -1.3329470372 1.8847642825 0.0000000000
9.3355411518 1.3500000000 3.7027439142 -1.3436815486 1.8798368058 0.0000000000
9.3355655049 1.3500000000 3.7025949729 -1.3544171265 1.8749468095 0.0000000000
9.3355897698 1.3500000000 3.7024491052 -1.3651529103 1.8700690252 0.0000000000
9.3356138419 1.3500000000 3.7023009789 -1.3758885386 1.8651822687 0.0000000000
9.3356379063 1.3500000000 3.7021403928 -1.3866228049 1.8602462176 0.0000000000
9.3356617771 1.3500000000 3.7020019637 -1.3973591976 1.8553979442 0.0000000000
9.3356856488 1.3500000000 3.7017889247 -1.4080879441 1.8502542898 0.0000000000
9.3357093575 1.3500000000 3.7015750994 -1.4188166712 1.8451074974 0.0000000000
9.3357329578 1.3500000000 3.7013738068 -1.4295467978 1.8400102765 0.0000000000
9.3357563694 1.3500000000 3.7011763702 -1.4402773387 1.8349283140 0.0000000000
9.3357797536 1.3500000000 3.7009566387 -1.4510052898 1.8297582074 0.0000000000
9.3358029860 1.3500000000 3.7007163879 -1.4617303206 1.8245071919 0.0000000000
9.3358259983 1.3500000000 3.7004746901 -1.4724549796 1.8192505371 0.0000000000
9.3358489147 1.3500000000 3.7003150554 -1.4831896037 1.8143181485 0.0000000000
9.3358716680 1.3500000000 3.7001235544 -1.4939206226 1.8092597371 0.0000000000
9.3358943689 1.3500000000 3.6999187514 -1.5046503374 1.8041486393 0.0000000000
9.3359168728 1.3500000000 3.6996830357 -1.5153762198 1.7989154233 0.0000000000
9.3359392518 1.3500000000 3.6995015051 -1.5261085790 1.7938963573 0.0000000000
9.3359614559 1.3500000000 3.6993135322 -1.5368393437 1.7888521597 0.0000000000
9.3359835990 1.3500000000 3.6991439695 -1.5475728095 1.7838805229 0.0000000000
9.3360056115 1.3500000000 3.6989357598 -1.5583021655 1.7787559415 0.0000000000
9.3360273801 1.3500000000 3.6987455738 -1.5690334799 1.7737026719 0.0000000000
9.3360491418 1.3500000000 3.6985958640 -1.5797688751 1.7688096743 0.0000000000
9.3360706570 1.3500000000 3.6984379862 -1.5905035275 1.7638843024 0.0000000000
9.3360921126 1.3500000000 3.6982623580 -1.6012359828 1.7588888073 0.0000000000
9.3361134251 1.3500000000 3.6980455209 -1.6119637688 1.7537303445 0.0000000000
9.3361345318 1.3500000000 3.6979013435 -1.6226997445 1.7488592449 0.0000000000
9.3361555092 1.3500000000 3.6977570720 -1.6334357316 1.7439877637 0.0000000000
9.3361764530 1.3500000000 3.6976112249 -1.6441715794 1.7391100362 0.0000000000
9.3361972171 1.3500000000 3.6974471906 -1.6549056293 1.7341602790 0.0000000000
9.3362177898 1.3500000000 3.6972879187 -1.6656401400 1.7292293874 0.0000000000
9.3362383547 1.3500000000 3.6971388789 -1.6763757148 1.7243389984 0.0000000000
9.3362586762 1.3500000000 3.6969860706 -1.6871108851 1.7194336969 0.0000000000
9.3362790558 1.3500000000 3.6967644082 -1.6978385910 1.7142559649 0.0000000000
9.3362992166 1.3500000000 3.6965589785 -1.7085679370 1.7091425078 0.0000000000
9.3363192727 1.3500000000 3.6963385557 -1.7192960164 1.7039695847 0.0000000000
9.3363392324 1.3500000000 3.6961195081 -1.7300242084 1.6988021177 0.0000000000
9.3363590640 1.3500000000 3.6958925108 -1.7407513006 1.6936032914 0.0000000000
9.3363787214 1.3500000000 3.6956798920 -1.7514797343 1.6884614428 0.0000000000
9.3363982797 1.3500000000 3.6954806997 -1.7622095443 1.6833727496 0.0000000000
9.3364177595 1.3500000000 3.6952597390 -1.7729374350 1.6781977506 0.0000000000
9.3364371102 1.3500000000 3.6950319291 -1.7836645641 1.6729956594 0.0000000000
9.3364563010 1.3500000000 3.6947943255 -1.7943901099 1.6677550266 0.0000000000
9.3364753491 1.3500000000 3.6946313231 -1.8051244200 1.6628092928 0.0000000000
9.3364942557 1.3500000000 3.6944603612 -1.8158578368 1.6578320787 0.0000000000
9.3365131747 1.3500000000 3.6942250654 -1.8265820902 1.6526011941 0.0000000000
9.3365317810 1.3500000000 3.6940034168 -1.8373099879 1.6474234406 0.0000000000
9.3365503286 1.3500000000 3.6938371764 -1.8480440288 1.6424648627 0.0000000000
9.3365687660 1.3500000000 3.6936774362 -1.8587788347 1.6375319795 0.0000000000
9.3365869856 1.3500000000 3.6935248302 -1.8695140732 1.6326274599 0.0000000000
9.3366051927 1.3500000000 3.6933260880 -1.8802443191 1.6275403929 0.0000000000
9.3366232215 1.3500000000 3.6931375813 -1.8909757757 1.6224937836 0.0000000000
9.3366411560 1.3500000000 3.6929715576 -1.9017094863 1.6175362045 0.0000000000
9.3366589104 1.3500000000 3.6928140960 -1.9124443123 1.6126124275 0.0000000000
9.3366765571 1.3500000000 3.6926679408 -1.9231799508 1.6077335513 0.0000000000
9.3366941215 1.3500000000 3.6924784987 -1.9339113999 1.6026832035 0.0000000000
9.3367114719 1.3500000000 3.6923345734 -1.9446471611 1.5978131979 0.0000000000
9.3367287660 1.3500000000 3.6921875986 -1.9553826432 1.5929311057 0.0000000000
9.3367459398 1.3500000000 3.6920414840 -1.9661181987 1.5880524250 0.0000000000
9.3367630463 1.3500000000 3.6918418327 -1.9768478819 1.5829619467 0.0000000000
9.3367800001 1.3500000000 3.6916168144 -1.9875748314 1.5777710937 0.0000000000
9.3367968628 1.3500000000 3.6913969991 -1.9983024766 1.5726007741 0.0000000000
9.3368135554 1.3500000000 3.6911535337 -2.0090270974 1.5673370643 0.0000000000
9.3368302147 1.3500000000 3.6909135752 -2.0197520402 1.5620872530 0.0000000000
9.3368466657 1.3500000000 3.6907117690 -2.0304814957 1.5569882462 0.0000000000
9.3368630515 1.3500000000 3.6905076167 -2.0412112033 1.5518797541 0.0000000000
9.3368793532 1.3500000000 3.6902315811 -2.0519294439 1.5464883154 0.0000000000
9.3368955078 1.3500000000 3.6899887293 -2.0626538481 1.5412271464 0.0000000000
9.3369115159 1.3500000000 3.6897705321 -2.0733816741 1.5360632272 0.0000000000
9.3369274518 1.3500000000 3.6896060182 -2.0841155608 1.5311116169 0.0000000000
9.3369432473 1.3500000000 3.6894316674 -2.0948485749 1.5261210081 0.0000000000
9.3369589577 1.3500000000 3.6892111769 -2.1055761403 1.5209480200 0.0000000000
9.3369745454 1.3500000000 3.6889882332 -2.1163033024 1.5157653802 0.0000000000
9.3369900303 1.3500000000 3.6888122245 -2.1270342449 1.5107689687 0.0000000000
9.3370053637 1.3500000000 3.6886517707 -2.1377683813 1.5058334989 0.0000000000
9.3370206222 1.3500000000 3.6884757347 -2.1485011653 1.5008362411 0.0000000000
9.3370358397 1.3500000000 3.6882554758 -2.1592288022 1.4956641507 0.0000000000
9.3370508757 1.3500000000 3.6880879202 -2.1699618388 1.4907007140 0.0000000000
9.3370658198 1.3500000000 3.6879279875 -2.1806959605 1.4857673344 0.0000000000
9.3370806654 1.3500000000 3.6877762718 -2.1914307608 1.4808665515 0.0000000000
9.3370953946 1.3500000000 3.6876191560 -2.2021650560 1.4759443701 0.0000000000
9.3371100207 1.3500000000 3.6874320521 -2.2128961352 1.4709035230 0.0000000000
9.3371245555 1.3500000000 3.6872892288 -2.2236317546 1.4660379819 0.0000000000
9.3371389950 1.3500000000 3.6871443863 -2.2343671719 1.4611644448 0.0000000000
9.3371533580 1.3500000000 3.6869851416 -2.2451011426 1.4562338779 0.0000000000
9.3371676245 1.3500000000 3.6867449505 -2.2558259746 1.4509831807 0.0000000000
9.3371818412 1.3500000000 3.6864890508 -2.2665484238 1.4456706022 0.0000000000
9.3371959166 1.3500000000 3.6862339007 -2.2772711033 1.4403609298 0.0000000000
9.3372099372 1.3500000000 3.6859619926 -2.2879900051 1.4349857369 0.0000000000
9.3372238529 1.3500000000 3.6857053255 -2.2987123485 1.4296701310 0.0000000000
9.3372376396 1.3500000000 3.6855254189 -2.3094444016 1.4246576835 0.0000000000
9.3372513594 1.3500000000 3.6853021901 -2.3201715932 1.4194738917 0.0000000000
9.3372649882 1.3500000000 3.6850693547 -2.3308978087 1.4142520637 0.0000000000
9.3372785466 1.3500000000 3.6848315737 -2.3416233303 1.4090107312 0.0000000000
9.3372919508 1.3500000000 3.6846459223 -2.3523547487 1.4039755582 0.0000000000
9.3373052965 1.3500000000 3.6844538848 -2.3630846850 1.3989154337 0.0000000000
9.3373185756 1.3500000000 3.6842511302 -2.3738142056 1.3938126070 0.0000000000
9.3373317666 1.3500000000 3.6840164224 -2.3845398353 1.3885835241 0.0000000000
9.3373448553 1.3500000000 3.6838208158 -2.3952700434 1.3835090142 0.0000000000
9.3373578397 1.3500000000 3.6836527836 -2.4060030930 1.3785436657 0.0000000000
9.3373707567 1.3500000000 3.6834924501 -2.4167368274 1.3736088379 0.0000000000
9.3373835745 1.3500000000 3.6832907523 -2.4274663553 1.3685102357 0.0000000000
9.3373963051 1.3500000000 3.6830664271 -2.4381925493 1.3633224572 0.0000000000
9.3374089377 1.3500000000 3.6829080541 -2.4489266262 1.3583953344 0.0000000000
9.3374214980 1.3500000000 3.6827501451 -2.4596608434 1.3534700113 0.0000000000
9.3374339719 1.3500000000 3.6825959177 -2.4703954779 1.3485592482 0.0000000000
9.3374463612 1.3500000000 3.6824215606 -2.4811278490 1.3435688712 0.0000000000
9.3374586384 1.3500000000 3.6822553124 -2.4918611298 1.3386105661 0.0000000000
9.3374709068 1.3500000000 3.6820978935 -2.5025953593 1.3336871987 0.0000000000
9.3374830613 1.3500000000 3.6818965573 -2.5133245901 1.3285901618 0.0000000000
9.3374951150 1.3500000000 3.6816166634 -2.5240433457 1.3231830839 0.0000000000
9.3375070956 1.3500000000 3.6813902038 -2.5347695969 1.3179867451 0.0000000000
9.3375190170 1.3500000000 3.6811348095 -2.5454924961 1.3126760082 0.0000000000
9.3375308267 1.3500000000 3.6808889808 -2.5562165207 1.3074030835 0.0000000000
9.3375425971 1.3500000000 3.6806308142 -2.5669390310 1.3020814129 0.0000000000
9.3375542391 1.3500000000 3.6804100771 -2.5776658774 1.2969077259 0.0000000000
9.3375658068 1.3500000000 3.6801990244 -2.5883912798 1.2917733540 0.0000000000
9.3375773175 1.3500000000 3.6799538257 -2.5991150010 1.2865030707 0.0000000000
9.3375887269 1.3500000000 3.6797074661 -2.6098387359 1.2812281384 0.0000000000
9.3376000790 1.3500000000 3.6794794243 -2.6205645869 1.2760256311 0.0000000000
9.3376113284 1.3500000000 3.6792989011 -2.6312962510 1.2710108724 0.0000000000
9.3376225072 1.3500000000 3.6791276614 -2.6420290892 1.2660327783 0.0000000000
9.3376336191 1.3500000000 3.6788958771 -2.6527543108 1.2608155526 0.0000000000
9.3376446654 1.3500000000 3.6786493091 -2.6634776582 1.2555399416 0.0000000000
9.3376556042 1.3500000000 3.6784731611 -2.6742098798 1.2505424609 0.0000000000
9.3376664803 1.3500000000 3.6782967843 -2.6849421388 1.2455440500 0.0000000000
9.3376772946 1.3500000000 3.6781303599 -2.6956756520 1.2405849474 0.0000000000
9.3376880487 1.3500000000 3.6779129120 -2.7064024858 1.2354244221 0.0000000000
9.3376986912 1.3500000000 3.6777326476 -2.7171341852 1.2304106848 0.0000000000
9.3377092980 1.3500000000 3.6775800758 -2.7278697016 1.2255061912 0.0000000000
9.3377198183 1.3500000000 3.6774170878 -2.7386038456 1.2205605816 0.0000000000
9.3377302636 1.3500000000 3.6772634184 -2.7493392650 1.2156517359 0.0000000000
9.3377406667 1.3500000000 3.6770986160 -2.7600732424 1.2106989355 0.0000000000
9.3377510041 1.3500000000 3.6769074795 -2.7708036395 1.2056422308 0.0000000000
9.3377612931 1.3500000000 3.6766450513 -2.7815243461 1.2003042354 0.0000000000
9.3377714940 1.3500000000 3.6763591713 -2.7922416547 1.1948737919 0.0000000000
9.3377816428 1.3500000000 3.6760991346 -2.8029625534 1.1895452854 0.0000000000
9.3377917026 1.3500000000 3.6758814981 -2.8136893562 1.1843840184 0.0000000000
9.3378017272 1.3500000000 3.6756219800 -2.8244102006 1.1790576084 0.0000000000
9.3378117127 1.3500000000 3.6753278794 -2.8351246309 1.1735954337 0.0000000000
9.3378216181 1.3500000000 3.6750685151 -2.8458453835 1.1682696753 0.0000000000
9.3378314488 1.3500000000 3.6748803091 -2.8565765248 1.1632243951 0.0000000000
9.3378412383 1.3500000000 3.6746831822 -2.8673063270 1.1581439663 0.0000000000
9.3378509546 1.3500000000 3.6744251215 -2.8780270882 1.1528234191 0.0000000000
9.3378606412 1.3500000000 3.6741728906 -2.8887487878 1.1475258157 0.0000000000
9.3378702346 1.3500000000 3.6739818673 -2.8994795543 1.1424694158 0.0000000000
9.3378798097 1.3500000000 3.6738098191 -2.9102132409 1.1374877487 0.0000000000
9.3378893058 1.3500000000 3.6736273095 -2.9209453815 1.1324648538 0.0000000000
9.3378987621 1.3500000000 3.6733839297 -2.9316682844 1.1272021734 0.0000000000
9.3379081694 1.3500000000 3.6731845299 -2.9423971941 1.1221130105 0.0000000000
9.3379175357 1.3500000000 3.6730224189 -2.9531314654 1.1171708580 0.0000000000
9.3379268528 1.3500000000 3.6728506081 -2.9638649024 1.1121902401 0.0000000000
9.3379361298 1.3500000000 3.6726756811 -2.9745980595 1.1071972691 0.0000000000
9.3379453559 1.3500000000 3.6724632959 -2.9853256836 1.1020566785 0.0000000000
9.3379545360 1.3500000000 3.6723102628 -2.9960605604 1.0971505956 0.0000000000
9.3379636951 1.3500000000 3.6721482598 -3.0067946305 1.0922089554 0.0000000000
9.3379728095 1.3500000000 3.6719653533 -3.0175261587 1.0871847184 0.0000000000
9.3379819125 1.3500000000 3.6716801108 -3.0282417811 1.0817574993 0.0000000000
9.3379909820 1.3500000000 3.6714239508 -3.0389625290 1.0764445600 0.0000000000
9.3380000121 1.3500000000 3.6711510311 -3.0496804362 1.0710657184 0.0000000000
9.3380090474 1.3500000000 3.6708671710 -3.0603963556 1.0656439104 0.0000000000
9.3380180779 1.3500000000 3.6705590351 -3.0711065429 1.0601272918 0.0000000000
9.3380271020 1.3500000000 3.6703393187 -3.0818334040 1.0549576816 0.0000000000
9.3380361953 1.3500000000 3.6701039421 -3.0925573394 1.0497266010 0.0000000000
9.3380453476 1.3500000000 3.6698157940 -3.1032723704 1.0442879962 0.0000000000
9.3380546521 1.3500000000 3.6695433221 -3.1139907522 1.0389107562 0.0000000000
9.3380642800 1.3500000000 3.6693335620 -3.1247173777 1.0337810655 0.0000000000
9.3380753232 1.3500000000 3.6691600000 -3.1354500000 1.0287937685 0.0000000000
