# logAge Mass logTe Mbol logg C/O
4.1860800861 0.7800000000 3.7536800000 0.3730250000 2.5320246027 0.0000000000
4.1939203744 0.7800000000 3.7536649625 0.3727005333 2.5318346658 0.0000000000
4.2017605837 0.7800000000 3.7536495246 0.3723612774 2.5316372122 0.0000000000
4.2096007168 0.7800000000 3.7536337029 0.3720076835 2.5314324877 0.0000000000
4.2174407763 0.7800000000 3.7536175135 0.3716402028 2.5312207380 0.0000000000
4.2252807648 0.7800000000 3.7536009729 0.3712592864 2.5310022088 0.0000000000
4.2331206851 0.7800000000 3.7535840973 0.3708653854 2.5307771461 0.0000000000
4.2409605399 0.7800000000 3.7535669031 0.3704589510 2.5305457955 0.0000000000
4.2488003317 0.7800000000 3.7535494066 0.3700404344 2.5303084027 0.0000000000
4.2566400632 0.7800000000 3.7535316241 0.3696102866 2.5300652137 0.0000000000
4.2644797372 0.7800000000 3.7535135719 0.3691689590 2.5298164740 0.0000000000
4.2723193562 0.7800000000 3.7534952665 0.3687169025 2.5295624296 0.0000000000
4.2801589230 0.7800000000 3.7534767240 0.3682545683 2.5293033262 0.0000000000
4.2879984402 0.7800000000 3.7534579609 0.3677824076 2.5290394095 0.0000000000
4.2958379105 0.7800000000 3.7534389935 0.3673008716 2.5287709253 0.0000000000
4.3036773366 0.7800000000 3.7534198381 0.3668104114 2.5284981195 0.0000000000
4.3115167210 0.7800000000 3.7534005109 0.3663114781 2.5282212377 0.0000000000
4.3193560666 0.7800000000 3.7533810285 0.3658045228 2.5279405257 0.0000000000
4.3271953759 0.7800000000 3.7533614070 0.3652899969 2.5276562293 0.0000000000
4.3350346516 0.7800000000 3.7533416628 0.3647683513 2.5273685942 0.0000000000
4.3428738965 0.7800000000 3.7533218122 0.3642400372 2.5270778664 0.0000000000
4.3507131131 0.7800000000 3.7533018716 0.3637055058 2.5267842914 0.0000000000
4.3585523041 0.7800000000 3.7532818573 0.3631652082 2.5264881151 0.0000000000
4.3663914722 0.7800000000 3.7532617856 0.3626195956 2.5261895832 0.0000000000
4.3742306201 0.7800000000 3.7532416728 0.3620691192 2.5258889416 0.0000000000
4.3820697504 0.7800000000 3.7532215353 0.3615142300 2.5255864359 0.0000000000
4.3899088658 0.7800000000 3.7532013894 0.3609553792 2.5252823120 0.0000000000
4.3977479690 0.7800000000 3.7531812514 0.3603930180 2.5249768156 0.0000000000
4.4055870626 0.7800000000 3.7531611377 0.3598275975 2.5246701925 0.0000000000
4.4134261493 0.7800000000 3.7531410646 0.3592595689 2.5243626885 0.0000000000
4.4212652318 0.7800000000 3.7531210483 0.3586893833 2.5240545493 0.0000000000
4.4291043127 0.7800000000 3.7531011053 0.3581174919 2.5237460207 0.0000000000
4.4369433947 0.7800000000 3.7530812519 0.3575443458 2.5234373485 0.0000000000
4.4447824805 0.7800000000 3.7530615043 0.3569703961 2.5231287784 0.0000000000
4.4526215728 0.7800000000 3.7530418790 0.3563960941 2.5228205563 0.0000000000
4.4604606741 0.7800000000 3.7530223922 0.3558218908 2.5225129278 0.0000000000
4.4682997872 0.7800000000 3.7530030603 0.3552482374 2.5222061387 0.0000000000
4.4761389148 0.7800000000 3.7529838996 0.3546755851 2.5219004349 0.0000000000
4.4839780595 0.7800000000 3.7529649264 0.3541043849 2.5215960621 0.0000000000
4.4918172239 0.7800000000 3.7529461570 0.3535350882 2.5212932661 0.0000000000
4.4996564108 0.7800000000 3.7529276079 0.3529681459 2.5209922925 0.0000000000
4.5074956228 0.7800000000 3.7529092952 0.3524040093 2.5206933873 0.0000000000
4.5153348626 0.7800000000 3.7528912354 0.3518431295 2.5203967961 0.0000000000
4.5231741329 0.7800000000 3.7528734448 0.3512859577 2.5201027648 0.0000000000
4.5310134363 0.7800000000 3.7528559396 0.3507329449 2.5198115391 0.0000000000
4.5388527754 0.7800000000 3.7528387363 0.3501845424 2.5195233648 0.0000000000
4.5466921530 0.7800000000 3.7528218511 0.3496412012 2.5192384876 0.0000000000
4.5545315718 0.7800000000 3.7528053004 0.3491033727 2.5189571533 0.0000000000
4.5623710343 0.7800000000 3.7527891005 0.3485715078 2.5186796078 0.0000000000
4.5702105433 0.7800000000 3.7527732677 0.3480460577 2.5184060966 0.0000000000
4.5780501014 0.7800000000 3.7527578184 0.3475274737 2.5181368657 0.0000000000
4.5858897113 0.7800000000 3.7527427689 0.3470162067 2.5178721608 0.0000000000
4.5937293756 0.7800000000 3.7527281354 0.3465127081 2.5176122277 0.0000000000
4.6015690971 0.7800000000 3.7527139345 0.3460174289 2.5173573121 0.0000000000
4.6094088784 0.7800000000 3.7527001823 0.3455308203 2.5171076598 0.0000000000
4.6172487222 0.7800000000 3.7526868951 0.3450533334 2.5168635166 0.0000000000
4.6250886310 0.7800000000 3.7526740894 0.3445854194 2.5166251282 0.0000000000
4.6329286077 0.7800000000 3.7526617815 0.3441275294 2.5163927405 0.0000000000
4.6407686549 0.7800000000 3.7526499876 0.3436801146 2.5161665991 0.0000000000
4.6486087751 0.7800000000 3.7526387242 0.3432436261 2.5159469499 0.0000000000
4.6564489712 0.7800000000 3.7526280075 0.3428185151 2.5157340386 0.0000000000
4.6642892458 0.7800000000 3.7526178538 0.3424052328 2.5155281110 0.0000000000
4.6721296015 0.7800000000 3.7526082795 0.3420042302 2.5153294128 0.0000000000
4.6799700410 0.7800000000 3.7525993010 0.3416159585 2.5151381899 0.0000000000
4.6878105669 0.7800000000 3.7525909345 0.3412408689 2.5149546880 0.0000000000
4.6956511821 0.7800000000 3.7525831963 0.3408794125 2.5147791529 0.0000000000
4.7034918890 0.7800000000 3.7525761029 0.3405320404 2.5146118303 0.0000000000
4.7113326904 0.7800000000 3.7525696704 0.3401992039 2.5144529660 0.0000000000
4.7191735889 0.7800000000 3.7525639154 0.3398813541 2.5143028058 0.0000000000
4.7270145873 0.7800000000 3.7525588540 0.3395789420 2.5141615955 0.0000000000
4.7348556881 0.7800000000 3.7525545026 0.3392924189 2.5140295807 0.0000000000
4.7426968941 0.7800000000 3.7525508776 0.3390222360 2.5139070074 0.0000000000
4.7505382073 0.7800000000 3.7525479928 0.3387687998 2.5137940938 0.0000000000
4.7583796243 0.7800000000 3.7525458390 0.3385320911 2.5136907953 0.0000000000
4.7662211386 0.7800000000 3.7525443942 0.3383118537 2.5135969211 0.0000000000
4.7740627435 0.7800000000 3.7525436362 0.3381078287 2.5135122789 0.0000000000
4.7819044324 0.7800000000 3.7525435427 0.3379197573 2.5134366762 0.0000000000
4.7897461989 0.7800000000 3.7525440914 0.3377473807 2.5133699207 0.0000000000
4.7975880363 0.7800000000 3.7525452603 0.3375904400 2.5133118199 0.0000000000
4.8054299381 0.7800000000 3.7525470270 0.3374486766 2.5132621814 0.0000000000
4.8132718976 0.7800000000 3.7525493694 0.3373218315 2.5132208129 0.0000000000
4.8211139084 0.7800000000 3.7525522652 0.3372096459 2.5131875219 0.0000000000
4.8289559637 0.7800000000 3.7525556922 0.3371118610 2.5131621161 0.0000000000
4.8367980571 0.7800000000 3.7525596283 0.3370282181 2.5131444030 0.0000000000
4.8446401820 0.7800000000 3.7525640511 0.3369584582 2.5131341902 0.0000000000
4.8524823317 0.7800000000 3.7525689384 0.3369023226 2.5131312855 0.0000000000
4.8603244998 0.7800000000 3.7525742682 0.3368595524 2.5131354963 0.0000000000
4.8681666796 0.7800000000 3.7525800180 0.3368298889 2.5131466302 0.0000000000
4.8760088645 0.7800000000 3.7525861657 0.3368130732 2.5131644950 0.0000000000
4.8838510480 0.7800000000 3.7525926892 0.3368088466 2.5131888981 0.0000000000
4.8916932236 0.7800000000 3.7525995661 0.3368169501 2.5132196472 0.0000000000
4.8995353846 0.7800000000 3.7526067743 0.3368371250 2.5132565498 0.0000000000
4.9073775244 0.7800000000 3.7526142915 0.3368691124 2.5132994136 0.0000000000
4.9152196365 0.7800000000 3.7526220956 0.3369126528 2.5133480460 0.0000000000
4.9230617170 0.7800000000 3.7526301672 0.3369673989 2.5134022311 0.0000000000
4.9309037668 0.7800000000 3.7526384927 0.3370328408 2.5134617096 0.0000000000
4.9387457873 0.7800000000 3.7526470587 0.3371084504 2.5135262177 0.0000000000
4.9465877801 0.7800000000 3.7526558522 0.3371936999 2.5135954913 0.0000000000
4.9544297467 0.7800000000 3.7526648598 0.3372880614 2.5136692665 0.0000000000
4.9622716884 0.7800000000 3.7526740685 0.3373910070 2.5137472794 0.0000000000
4.9701136068 0.7800000000 3.7526834649 0.3375020087 2.5138292659 0.0000000000
4.9779555033 0.7800000000 3.7526930360 0.3376205387 2.5139149622 0.0000000000
4.9857973795 0.7800000000 3.7527027685 0.3377460691 2.5140041043 0.0000000000
4.9936392367 0.7800000000 3.7527126492 0.3378780720 2.5140964283 0.0000000000
5.0014810765 0.7800000000 3.7527226649 0.3380160194 2.5141916701 0.0000000000
5.0093229004 0.7800000000 3.7527328024 0.3381593834 2.5142895658 0.0000000000
5.0171647097 0.7800000000 3.7527430486 0.3383076362 2.5143898516 0.0000000000
5.0250065061 0.7800000000 3.7527533902 0.3384602499 2.5144922634 0.0000000000
5.0328482908 0.7800000000 3.7527638140 0.3386166965 2.5145965372 0.0000000000
5.0406900656 0.7800000000 3.7527743068 0.3387764482 2.5147024092 0.0000000000
5.0485318317 0.7800000000 3.7527848555 0.3389389769 2.5148096153 0.0000000000
5.0563735906 0.7800000000 3.7527954467 0.3391037550 2.5149178917 0.0000000000
5.0642153440 0.7800000000 3.7528060674 0.3392702626 2.5150269772 0.0000000000
5.0720570927 0.7800000000 3.7528167023 0.3394381204 2.5151366599 0.0000000000
5.0798988379 0.7800000000 3.7528273349 0.3396070650 2.5152467683 0.0000000000
5.0877405803 0.7800000000 3.7528379488 0.3397768367 2.5153571325 0.0000000000
5.0955823209 0.7800000000 3.7528485273 0.3399471758 2.5154675823 0.0000000000
5.1034240605 0.7800000000 3.7528590540 0.3401178225 2.5155779476 0.0000000000
5.1112658001 0.7800000000 3.7528695122 0.3402885172 2.5156880583 0.0000000000
5.1191075405 0.7800000000 3.7528798854 0.3404590001 2.5157977444 0.0000000000
5.1269492825 0.7800000000 3.7528901571 0.3406290114 2.5159068356 0.0000000000
5.1347910272 0.7800000000 3.7529003107 0.3407982916 2.5160151620 0.0000000000
5.1426327754 0.7800000000 3.7529103296 0.3409665807 2.5161225533 0.0000000000
5.1504745279 0.7800000000 3.7529201973 0.3411336192 2.5162288396 0.0000000000
5.1583162857 0.7800000000 3.7529298973 0.3412991472 2.5163338507 0.0000000000
5.1661580497 0.7800000000 3.7529394130 0.3414629051 2.5164374166 0.0000000000
5.1739998207 0.7800000000 3.7529487278 0.3416246331 2.5165393670 0.0000000000
5.1818415996 0.7800000000 3.7529578252 0.3417840715 2.5166395320 0.0000000000
5.1896833874 0.7800000000 3.7529666886 0.3419409606 2.5167377414 0.0000000000
5.1975251848 0.7800000000 3.7529753025 0.3420950495 2.5168338326 0.0000000000
5.2053669921 0.7800000000 3.7529836652 0.3422462090 2.5169277469 0.0000000000
5.2132088092 0.7800000000 3.7529917848 0.3423943996 2.5170195016 0.0000000000
5.2210506359 0.7800000000 3.7529996699 0.3425395834 2.5171091156 0.0000000000
5.2288924720 0.7800000000 3.7530073290 0.3426817229 2.5171966080 0.0000000000
5.2367343173 0.7800000000 3.7530147708 0.3428207803 2.5172819979 0.0000000000
5.2445761716 0.7800000000 3.7530220036 0.3429567180 2.5173653043 0.0000000000
5.2524180348 0.7800000000 3.7530290361 0.3430894983 2.5174465462 0.0000000000
5.2602599067 0.7800000000 3.7530358767 0.3432190834 2.5175257427 0.0000000000
5.2681017870 0.7800000000 3.7530425339 0.3433454357 2.5176029128 0.0000000000
5.2759436757 0.7800000000 3.7530490164 0.3434685176 2.5176780755 0.0000000000
5.2837855725 0.7800000000 3.7530553327 0.3435882913 2.5177512498 0.0000000000
5.2916274773 0.7800000000 3.7530614912 0.3437047191 2.5178224549 0.0000000000
5.2994693898 0.7800000000 3.7530675004 0.3438177633 2.5178917098 0.0000000000
5.3073113100 0.7800000000 3.7530733690 0.3439273864 2.5179590334 0.0000000000
5.3151532376 0.7800000000 3.7530791055 0.3440335505 2.5180244448 0.0000000000
5.3229951723 0.7800000000 3.7530847173 0.3441362331 2.5180879651 0.0000000000
5.3308371140 0.7800000000 3.7530902055 0.3442355096 2.5181496286 0.0000000000
5.3386790623 0.7800000000 3.7530955686 0.3443314940 2.5182094748 0.0000000000
5.3465210168 0.7800000000 3.7531008051 0.3444243006 2.5182675434 0.0000000000
5.3543629772 0.7800000000 3.7531059134 0.3445140439 2.5183238739 0.0000000000
5.3622049432 0.7800000000 3.7531108920 0.3446008380 2.5183785060 0.0000000000
5.3700469143 0.7800000000 3.7531157394 0.3446847973 2.5184314791 0.0000000000
5.3778888903 0.7800000000 3.7531204539 0.3447660360 2.5184828329 0.0000000000
5.3857308709 0.7800000000 3.7531250342 0.3448446684 2.5185326069 0.0000000000
5.3935728556 0.7800000000 3.7531294786 0.3449208089 2.5185808407 0.0000000000
5.4014148441 0.7800000000 3.7531337857 0.3449945717 2.5186275740 0.0000000000
5.4092568362 0.7800000000 3.7531379538 0.3450660711 2.5186728463 0.0000000000
5.4170988313 0.7800000000 3.7531419814 0.3451354215 2.5187166971 0.0000000000
5.4249408293 0.7800000000 3.7531458671 0.3452027370 2.5187591660 0.0000000000
5.4327828298 0.7800000000 3.7531496093 0.3452681320 2.5188002927 0.0000000000
5.4406248323 0.7800000000 3.7531532072 0.3453317103 2.5188401157 0.0000000000
5.4484668370 0.7800000000 3.7531566645 0.3453935170 2.5188786674 0.0000000000
5.4563088436 0.7800000000 3.7531599862 0.3454535775 2.5189159785 0.0000000000
5.4641508521 0.7800000000 3.7531631775 0.3455119170 2.5189520795 0.0000000000
5.4719928626 0.7800000000 3.7531662435 0.3455685607 2.5189870010 0.0000000000
5.4798348748 0.7800000000 3.7531691893 0.3456235338 2.5190207734 0.0000000000
5.4876768889 0.7800000000 3.7531720200 0.3456768616 2.5190534273 0.0000000000
5.4955189047 0.7800000000 3.7531747407 0.3457285693 2.5190849934 0.0000000000
5.5033609222 0.7800000000 3.7531773566 0.3457786821 2.5191155020 0.0000000000
5.5112029413 0.7800000000 3.7531798727 0.3458272253 2.5191449837 0.0000000000
5.5190449619 0.7800000000 3.7531822942 0.3458742241 2.5191734692 0.0000000000
5.5268869842 0.7800000000 3.7531846262 0.3459197036 2.5192009889 0.0000000000
5.5347290079 0.7800000000 3.7531868737 0.3459636892 2.5192275733 0.0000000000
5.5425710330 0.7800000000 3.7531890420 0.3460062061 2.5192532530 0.0000000000
5.5504130595 0.7800000000 3.7531911358 0.3460472789 2.5192780575 0.0000000000
5.5582550874 0.7800000000 3.7531931560 0.3460869208 2.5193019950 0.0000000000
5.5660971165 0.7800000000 3.7531950996 0.3461251353 2.5193250553 0.0000000000
5.5739391469 0.7800000000 3.7531969636 0.3461619253 2.5193472272 0.0000000000
5.5817811784 0.7800000000 3.7531987449 0.3461972938 2.5193685000 0.0000000000
5.5896232110 0.7800000000 3.7532004406 0.3462312436 2.5193888625 0.0000000000
5.5974652447 0.7800000000 3.7532020475 0.3462637779 2.5194083039 0.0000000000
5.6053072794 0.7800000000 3.7532035626 0.3462948996 2.5194268131 0.0000000000
5.6131493151 0.7800000000 3.7532049830 0.3463246115 2.5194443792 0.0000000000
5.6209913517 0.7800000000 3.7532063054 0.3463529168 2.5194609911 0.0000000000
5.6288333891 0.7800000000 3.7532075270 0.3463798184 2.5194766380 0.0000000000
5.6366754274 0.7800000000 3.7532086446 0.3464053192 2.5194913089 0.0000000000
5.6445174663 0.7800000000 3.7532096553 0.3464294222 2.5195049927 0.0000000000
5.6523595060 0.7800000000 3.7532105559 0.3464521304 2.5195176785 0.0000000000
5.6602015463 0.7800000000 3.7532113435 0.3464734467 2.5195293553 0.0000000000
5.6680435872 0.7800000000 3.7532120150 0.3464933742 2.5195400122 0.0000000000
5.6758856287 0.7800000000 3.7532125673 0.3465119157 2.5195496381 0.0000000000
5.6837276706 0.7800000000 3.7532129974 0.3465290743 2.5195582221 0.0000000000
5.6915697129 0.7800000000 3.7532133024 0.3465448529 2.5195657533 0.0000000000
5.6994117557 0.7800000000 3.7532134790 0.3465592545 2.5195722206 0.0000000000
5.7072537987 0.7800000000 3.7532135244 0.3465722821 2.5195776131 0.0000000000
5.7150958420 0.7800000000 3.7532134354 0.3465839385 2.5195819198 0.0000000000
5.7229378855 0.7800000000 3.7532132091 0.3465942269 2.5195851297 0.0000000000
5.7307799292 0.7800000000 3.7532128423 0.3466031502 2.5195872319 0.0000000000
5.7386219730 0.7800000000 3.7532123320 0.3466107112 2.5195882153 0.0000000000
5.7464640169 0.7800000000 3.7532116753 0.3466169131 2.5195880691 0.0000000000
5.7543060607 0.7800000000 3.7532108690 0.3466217588 2.5195867821 0.0000000000
5.7621481046 0.7800000000 3.7532099101 0.3466252511 2.5195843436 0.0000000000
5.7699901483 0.7800000000 3.7532088003 0.3466273956 2.5195807619 0.0000000000
5.7778321919 0.7800000000 3.7532075554 0.3466282045 2.5195761061 0.0000000000
5.7856742354 0.7800000000 3.7532061943 0.3466276919 2.5195704566 0.0000000000
5.7935162788 0.7800000000 3.7532047356 0.3466258715 2.5195638939 0.0000000000
5.8013583220 0.7800000000 3.7532031982 0.3466227573 2.5195564984 0.0000000000
5.8092003651 0.7800000000 3.7532016006 0.3466183631 2.5195483505 0.0000000000
5.8170424081 0.7800000000 3.7531999618 0.3466127028 2.5195395308 0.0000000000
5.8248844509 0.7800000000 3.7531983002 0.3466057902 2.5195301197 0.0000000000
5.8327264935 0.7800000000 3.7531966348 0.3465976393 2.5195201978 0.0000000000
5.8405685360 0.7800000000 3.7531949843 0.3465882638 2.5195098453 0.0000000000
5.8484105783 0.7800000000 3.7531933673 0.3465776778 2.5194991429 0.0000000000
5.8562526204 0.7800000000 3.7531918026 0.3465658950 2.5194881709 0.0000000000
5.8640946623 0.7800000000 3.7531903089 0.3465529293 2.5194770099 0.0000000000
5.8719367040 0.7800000000 3.7531889009 0.3465387887 2.5194657219 0.0000000000
5.8797787454 0.7800000000 3.7531875624 0.3465234362 2.5194542269 0.0000000000
5.8876207864 0.7800000000 3.7531862627 0.3465068135 2.5194423788 0.0000000000
5.8954628269 0.7800000000 3.7531849708 0.3464888625 2.5194300308 0.0000000000
5.9033048669 0.7800000000 3.7531836560 0.3464695247 2.5194170365 0.0000000000
5.9111469062 0.7800000000 3.7531822874 0.3464487419 2.5194032491 0.0000000000
5.9189889448 0.7800000000 3.7531808342 0.3464264559 2.5193885220 0.0000000000
5.9268309825 0.7800000000 3.7531792657 0.3464026082 2.5193727087 0.0000000000
5.9346730192 0.7800000000 3.7531775509 0.3463771407 2.5193556625 0.0000000000
5.9425150548 0.7800000000 3.7531756590 0.3463499951 2.5193372369 0.0000000000
5.9503570893 0.7800000000 3.7531735593 0.3463211131 2.5193172851 0.0000000000
5.9581991226 0.7800000000 3.7531712208 0.3462904363 2.5192956606 0.0000000000
5.9660411545 0.7800000000 3.7531686146 0.3462579103 2.5192722250 0.0000000000
5.9738831850 0.7800000000 3.7531657469 0.3462235618 2.5192470150 0.0000000000
5.9817252143 0.7800000000 3.7531626583 0.3461874947 2.5192202338 0.0000000000
5.9895672424 0.7800000000 3.7531593906 0.3461498160 2.5191920916 0.0000000000
5.9974092693 0.7800000000 3.7531559856 0.3461106327 2.5191627982 0.0000000000
6.0052512951 0.7800000000 3.7531524851 0.3460700519 2.5191325637 0.0000000000
6.0130933200 0.7800000000 3.7531489308 0.3460281804 2.5191015981 0.0000000000
6.0209353440 0.7800000000 3.7531453647 0.3459851254 2.5190701115 0.0000000000
6.0287773671 0.7800000000 3.7531418284 0.3459409939 2.5190383137 0.0000000000
6.0366193894 0.7800000000 3.7531383638 0.3458958929 2.5190064149 0.0000000000
6.0444614111 0.7800000000 3.7531350127 0.3458499293 2.5189746250 0.0000000000
6.0523034322 0.7800000000 3.7531318168 0.3458032102 2.5189431541 0.0000000000
6.0601454527 0.7800000000 3.7531288172 0.3457558404 2.5189122079 0.0000000000
6.0679874726 0.7800000000 3.7531260233 0.3457078385 2.5188818315 0.0000000000
6.0758294919 0.7800000000 3.7531234038 0.3456591123 2.5188518629 0.0000000000
6.0836715103 0.7800000000 3.7531209247 0.3456095622 2.5188221263 0.0000000000
6.0915135277 0.7800000000 3.7531185520 0.3455590885 2.5187924460 0.0000000000
6.0993555439 0.7800000000 3.7531162517 0.3455075916 2.5187626463 0.0000000000
6.1071975589 0.7800000000 3.7531139900 0.3454549719 2.5187325513 0.0000000000
6.1150395725 0.7800000000 3.7531117327 0.3454011299 2.5187019854 0.0000000000
6.1228815844 0.7800000000 3.7531094460 0.3453459658 2.5186707729 0.0000000000
6.1307235947 0.7800000000 3.7531070958 0.3452893802 2.5186387379 0.0000000000
6.1385656030 0.7800000000 3.7531046482 0.3452312734 2.5186057047 0.0000000000
6.1464076094 0.7800000000 3.7531020692 0.3451715457 2.5185714976 0.0000000000
6.1542496135 0.7800000000 3.7530993249 0.3451100980 2.5185359414 0.0000000000
6.1620916155 0.7800000000 3.7530963952 0.3450468842 2.5184989373 0.0000000000
6.1699336152 0.7800000000 3.7530932875 0.3449819646 2.5184605387 0.0000000000
6.1777756127 0.7800000000 3.7530900125 0.3449154117 2.5184208172 0.0000000000
6.1856176082 0.7800000000 3.7530865806 0.3448472985 2.5183798444 0.0000000000
6.1934596015 0.7800000000 3.7530830025 0.3447776976 2.5183376919 0.0000000000
6.2013015929 0.7800000000 3.7530792890 0.3447066819 2.5182944314 0.0000000000
6.2091435823 0.7800000000 3.7530754505 0.3446343240 2.5182501343 0.0000000000
6.2169855697 0.7800000000 3.7530714977 0.3445606969 2.5182048723 0.0000000000
6.2248275553 0.7800000000 3.7530674413 0.3444858731 2.5181587170 0.0000000000
6.2326695391 0.7800000000 3.7530632918 0.3444099255 2.5181117400 0.0000000000
6.2405115211 0.7800000000 3.7530590599 0.3443329269 2.5180640131 0.0000000000
6.2483535014 0.7800000000 3.7530547634 0.3442549470 2.5180156352 0.0000000000
6.2561954801 0.7800000000 3.7530504351 0.3441760497 2.5179667628 0.0000000000
6.2640374574 0.7800000000 3.7530461094 0.3440962979 2.5179175596 0.0000000000
6.2718794333 0.7800000000 3.7530418212 0.3440157546 2.5178681895 0.0000000000
6.2797214082 0.7800000000 3.7530376050 0.3439344829 2.5178188160 0.0000000000
6.2875633819 0.7800000000 3.7530334955 0.3438525456 2.5177696029 0.0000000000
6.2954053548 0.7800000000 3.7530295272 0.3437700059 2.5177207139 0.0000000000
6.3032473268 0.7800000000 3.7530257349 0.3436869267 2.5176723128 0.0000000000
6.3110892983 0.7800000000 3.7530221531 0.3436033709 2.5176245633 0.0000000000
6.3189312692 0.7800000000 3.7530188155 0.3435193984 2.5175776239 0.0000000000
6.3267732394 0.7800000000 3.7530157083 0.3434349143 2.5175314015 0.0000000000
6.3346152082 0.7800000000 3.7530127499 0.3433496025 2.5174854432 0.0000000000
6.3424571749 0.7800000000 3.7530098535 0.3432631300 2.5174392687 0.0000000000
6.3502991388 0.7800000000 3.7530069323 0.3431751638 2.5173923974 0.0000000000
6.3581410993 0.7800000000 3.7530038995 0.3430853709 2.5173443489 0.0000000000
6.3659830555 0.7800000000 3.7530006682 0.3429934182 2.5172946427 0.0000000000
6.3738250070 0.7800000000 3.7529971738 0.3428990388 2.5172429134 0.0000000000
6.3816669542 0.7800000000 3.7529935136 0.3428024497 2.5171896370 0.0000000000
6.3895088979 0.7800000000 3.7529898570 0.3427040830 2.5171356640 0.0000000000
6.3973508392 0.7800000000 3.7529863738 0.3426043721 2.5170818468 0.0000000000
6.4051927788 0.7800000000 3.7529832337 0.3425037501 2.5170290374 0.0000000000
6.4130347178 0.7800000000 3.7529806063 0.3424026502 2.5169780880 0.0000000000
6.4208766568 0.7800000000 3.7529786292 0.3423014377 2.5169296946 0.0000000000
6.4287185952 0.7800000000 3.7529771357 0.3421998396 2.5168830814 0.0000000000
6.4365605313 0.7800000000 3.7529757924 0.3420972323 2.5168366653 0.0000000000
6.4444024637 0.7800000000 3.7529742642 0.3419929887 2.5167888549 0.0000000000
6.4522443908 0.7800000000 3.7529722158 0.3418864819 2.5167380588 0.0000000000
6.4600863111 0.7800000000 3.7529693134 0.3417770868 2.5166826911 0.0000000000
6.4679282240 0.7800000000 3.7529654465 0.3416645885 2.5166222242 0.0000000000
6.4757701313 0.7800000000 3.7529609940 0.3415496685 2.5165584462 0.0000000000
6.4836120350 0.7800000000 3.7529563995 0.3414331273 2.5164934516 0.0000000000
6.4914539370 0.7800000000 3.7529521065 0.3413157652 2.5164293348 0.0000000000
6.4992958393 0.7800000000 3.7529485481 0.3411983555 2.5163681372 0.0000000000
6.5071377417 0.7800000000 3.7529458302 0.3410808300 2.5163102554 0.0000000000
6.5149796412 0.7800000000 3.7529436764 0.3409621366 2.5162541629 0.0000000000
6.5228215350 0.7800000000 3.7529417886 0.3408411677 2.5161982242 0.0000000000
6.5306634200 0.7800000000 3.7529398688 0.3407168154 2.5161408040 0.0000000000
6.5385052944 0.7800000000 3.7529376962 0.3405883899 2.5160807435 0.0000000000
6.5463471599 0.7800000000 3.7529353056 0.3404565776 2.5160184563 0.0000000000
6.5541890193 0.7800000000 3.7529327842 0.3403223483 2.5159546790 0.0000000000
6.5620308751 0.7800000000 3.7529302192 0.3401866718 2.5158901482 0.0000000000
6.5698727296 0.7800000000 3.7529276906 0.3400503795 2.5158255170 0.0000000000
6.5777145830 0.7800000000 3.7529252420 0.3399135858 2.5157610050 0.0000000000
6.5855564348 0.7800000000 3.7529229049 0.3397761740 2.5156966920 0.0000000000
6.5933982846 0.7800000000 3.7529207110 0.3396380272 2.5156326576 0.0000000000
6.6012401321 0.7800000000 3.7529186919 0.3394990283 2.5155689816 0.0000000000
6.6090819769 0.7800000000 3.7529168792 0.3393590606 2.5155057437 0.0000000000
6.6169238184 0.7800000000 3.7529153045 0.3392180071 2.5154430235 0.0000000000
6.6247656563 0.7800000000 3.7529139994 0.3390757509 2.5153809007 0.0000000000
6.6326074902 0.7800000000 3.7529129956 0.3389321749 2.5153194551 0.0000000000
6.6404493197 0.7800000000 3.7529123246 0.3387871624 2.5152587663 0.0000000000
6.6482911443 0.7800000000 3.7529120182 0.3386405964 2.5151989139 0.0000000000
6.6561329637 0.7800000000 3.7529121078 0.3384923600 2.5151399778 0.0000000000
6.6639747773 0.7800000000 3.7529126251 0.3383423362 2.5150820375 0.0000000000
6.6718165849 0.7800000000 3.7529136017 0.3381904081 2.5150251728 0.0000000000
6.6796583860 0.7800000000 3.7529150693 0.3380364588 2.5149694634 0.0000000000
6.6875001802 0.7800000000 3.7529170594 0.3378803714 2.5149149889 0.0000000000
6.6953419670 0.7800000000 3.7529196037 0.3377220290 2.5148618291 0.0000000000
6.7031837463 0.7800000000 3.7529227038 0.3375613897 2.5148099739 0.0000000000
6.7110255195 0.7800000000 3.7529261792 0.3373988691 2.5147588673 0.0000000000
6.7188672884 0.7800000000 3.7529297810 0.3372350543 2.5147077485 0.0000000000
6.7267090556 0.7800000000 3.7529332844 0.3370707180 2.5146560274 0.0000000000
6.7345508266 0.7800000000 3.7529365811 0.3369075243 2.5146039368 0.0000000000
6.7423926078 0.7800000000 3.7529395980 0.3367474046 2.5145519566 0.0000000000
6.7502344045 0.7800000000 3.7529424012 0.3365920001 2.5145010075 0.0000000000
6.7580762152 0.7800000000 3.7529459142 0.3364411649 2.5144547255 0.0000000000
6.7659180358 0.7800000000 3.7529513823 0.3362940696 2.5144177599 0.0000000000
6.7737598612 0.7800000000 3.7529592488 0.3361492733 2.5143913073 0.0000000000
6.7816016844 0.7800000000 3.7529682256 0.3360040181 2.5143691121 0.0000000000
6.7894434983 0.7800000000 3.7529769859 0.3358555968 2.5143447850 0.0000000000
6.7972852992 0.7800000000 3.7529855733 0.3357029286 2.5143180675 0.0000000000
6.8051270853 0.7800000000 3.7529946057 0.3355457582 2.5142913290 0.0000000000
6.8129688634 0.7800000000 3.7530038838 0.3353861606 2.5142646021 0.0000000000
6.8208106485 0.7800000000 3.7530124058 0.3352285003 2.5142356259 0.0000000000
6.8286524466 0.7800000000 3.7530203920 0.3350746843 2.5142060445 0.0000000000
6.8364942468 0.7800000000 3.7530302075 0.3349222570 2.5141843354 0.0000000000
6.8443360431 0.7800000000 3.7530434080 0.3347701068 2.5141762774 0.0000000000
6.8521778553 0.7800000000 3.7530576899 0.3346238302 2.5141748942 0.0000000000
6.8600197031 0.7800000000 3.7530706114 0.3344890984 2.5141726876 0.0000000000
6.8678615673 0.7800000000 3.7530849540 0.3343613937 2.5141789762 0.0000000000
6.8757034155 0.7800000000 3.7531048512 0.3342325041 2.5142070090 0.0000000000
6.8835452478 0.7800000000 3.7531265710 0.3340991861 2.5142405610 0.0000000000
6.8913870801 0.7800000000 3.7531435095 0.3339617100 2.5142533246 0.0000000000
6.8992289156 0.7800000000 3.7531599838 0.3338251125 2.5142645831 0.0000000000
6.9070707544 0.7800000000 3.7531821693 0.3336949163 2.5143012465 0.0000000000
6.9149126067 0.7800000000 3.7532052211 0.3335706089 2.5143437307 0.0000000000
6.9227544743 0.7800000000 3.7532258924 0.3334499263 2.5143781428 0.0000000000
6.9305963362 0.7800000000 3.7532495652 0.3333302948 2.5144249814 0.0000000000
6.9384381968 0.7800000000 3.7532780028 0.3332165440 2.5144932314 0.0000000000
6.9462800958 0.7800000000 3.7533067805 0.3331223557 2.5145706668 0.0000000000
6.9541220148 0.7800000000 3.7533355502 0.3330382860 2.5146521177 0.0000000000
6.9619639010 0.7800000000 3.7533669559 0.3329420855 2.5147392605 0.0000000000
6.9698057865 0.7800000000 3.7533998863 0.3328491104 2.5148337921 0.0000000000
6.9776476921 0.7800000000 3.7534330874 0.3327677082 2.5149340355 0.0000000000
6.9854895712 0.7800000000 3.7534678974 0.3326747394 2.5150360879 0.0000000000
6.9933314283 0.7800000000 3.7535080941 0.3325850747 2.5151610091 0.0000000000
7.0011732956 0.7800000000 3.7535537880 0.3325196168 2.5153176012 0.0000000000
7.0090152036 0.7800000000 3.7535952494 0.3324693165 2.5154633269 0.0000000000
7.0168571216 0.7800000000 3.7536347684 0.3324186987 2.5156011558 0.0000000000
7.0246989993 0.7800000000 3.7536811511 0.3323642972 2.5157649259 0.0000000000
7.0325408549 0.7800000000 3.7537340483 0.3323368720 2.5159655447 0.0000000000
7.0403827235 0.7800000000 3.7537855590 0.3323152357 2.5161629331 0.0000000000
7.0482246136 0.7800000000 3.7538317941 0.3322733726 2.5163311280 0.0000000000
7.0560664889 0.7800000000 3.7538809654 0.3322362575 2.5165129674 0.0000000000
7.0639083211 0.7800000000 3.7539375610 0.3322074062 2.5167278090 0.0000000000
7.0717501273 0.7800000000 3.7539982896 0.3322026003 2.5169688011 0.0000000000
7.0795919255 0.7800000000 3.7540597818 0.3322249196 2.5172236976 0.0000000000
7.0874336966 0.7800000000 3.7541247953 0.3322442678 2.5174914908 0.0000000000
7.0952754580 0.7800000000 3.7541906712 0.3322658240 2.5177636170 0.0000000000
7.1031172295 0.7800000000 3.7542543157 0.3323023757 2.5180328159 0.0000000000
7.1109589474 0.7800000000 3.7543237493 0.3323433100 2.5183269240 0.0000000000
7.1188005932 0.7800000000 3.7544005838 0.3323892668 2.5186526445 0.0000000000
7.1266422176 0.7800000000 3.7544770125 0.3324570798 2.5189854845 0.0000000000
7.1344837846 0.7800000000 3.7545559484 0.3325451846 2.5193364701 0.0000000000
7.1423252059 0.7800000000 3.7546444741 0.3326547226 2.5197343883 0.0000000000
7.1501665597 0.7800000000 3.7547357255 0.3327792680 2.5201492120 0.0000000000
7.1580080520 0.7800000000 3.7548178397 0.3328894533 2.5205217427 0.0000000000
7.1658495287 0.7800000000 3.7549097812 0.3329386705 2.5209091958 0.0000000000
7.1736909287 0.7800000000 3.7550037818 0.3330264531 2.5213203111 0.0000000000
7.1815322214 0.7800000000 3.7550932222 0.3331819753 2.5217402818 0.0000000000
7.1893733442 0.7800000000 3.7551876430 0.3333665801 2.5221918069 0.0000000000
7.1972142896 0.7800000000 3.7552904699 0.3335733651 2.5226858285 0.0000000000
7.2050555941 0.7800000000 3.7553841919 0.3336979807 2.5231105626 0.0000000000
7.2128967909 0.7800000000 3.7554855486 0.3338336378 2.5235702521 0.0000000000
7.2207375379 0.7800000000 3.7556035240 0.3340358431 2.5241230358 0.0000000000
7.2285780642 0.7800000000 3.7557215308 0.3342840802 2.5246943580 0.0000000000
7.2364180316 0.7800000000 3.7558539145 0.3345903828 2.5253464137 0.0000000000
7.2442583777 0.7800000000 3.7559806939 0.3348464832 2.5259559718 0.0000000000
7.2520987940 0.7800000000 3.7561046714 0.3350990594 2.5265529118 0.0000000000
7.2599388655 0.7800000000 3.7562361240 0.3353882196 2.5271943866 0.0000000000
7.2677782880 0.7800000000 3.7563810899 0.3357431726 2.5279162312 0.0000000000
7.2756177067 0.7800000000 3.7565314100 0.3360840663 2.5286538694 0.0000000000
7.2834576678 0.7800000000 3.7566720281 0.3363669894 2.5293295109 0.0000000000
7.2912975318 0.7800000000 3.7568181834 0.3366513356 2.5300278705 0.0000000000
7.2991361940 0.7800000000 3.7569904253 0.3370375677 2.5308713310 0.0000000000
7.3069763605 0.7800000000 3.7571155073 0.3372934432 2.5314740093 0.0000000000
7.3148159124 0.7800000000 3.7572802498 0.3375655429 2.5322418190 0.0000000000
7.3226547495 0.7800000000 3.7574437019 0.3379457354 2.5330477043 0.0000000000
7.3304936467 0.7800000000 3.7576081303 0.3383176562 2.5338541863 0.0000000000
7.3383327820 0.7800000000 3.7577714456 0.3386620095 2.5346451889 0.0000000000
7.3461713953 0.7800000000 3.7579504237 0.3390270127 2.5355071026 0.0000000000
7.3540103261 0.7800000000 3.7581222132 0.3393722246 2.5363323454 0.0000000000
7.3618491636 0.7800000000 3.7582964454 0.3397245033 2.5371701856 0.0000000000
7.3696877568 0.7800000000 3.7584786483 0.3400853922 2.5380433529 0.0000000000
7.3775264267 0.7800000000 3.7586672206 0.3404135920 2.5389289219 0.0000000000
7.3853653644 0.7800000000 3.7588375396 0.3407619663 2.5397495475 0.0000000000
7.3932028475 0.7800000000 3.7590456821 0.3411763581 2.5407478743 0.0000000000
7.4010413235 0.7800000000 3.7592134646 0.3415861259 2.5415829113 0.0000000000
7.4088795372 0.7800000000 3.7594161387 0.3419299399 2.5425311333 0.0000000000
7.4167180257 0.7800000000 3.7596103904 0.3422651701 2.5434422323 0.0000000000
7.4245571162 0.7800000000 3.7597750296 0.3426063371 2.5442372561 0.0000000000
7.4323945794 0.7800000000 3.7599945606 0.3429852375 2.5452669401 0.0000000000
7.4402337732 0.7800000000 3.7601590791 0.3433063885 2.5460534743 0.0000000000
7.4480713569 0.7800000000 3.7603794766 0.3436740764 2.5470821396 0.0000000000
7.4559108782 0.7800000000 3.7605453956 0.3439202440 2.5478442828 0.0000000000
7.4637487797 0.7800000000 3.7607441953 0.3442971697 2.5487902517 0.0000000000
7.4715874878 0.7800000000 3.7609407096 0.3445616598 2.5496821050 0.0000000000
7.4794258005 0.7800000000 3.7611310829 0.3449122733 2.5505838434 0.0000000000
7.4872654173 0.7800000000 3.7612925325 0.3451122681 2.5513096399 0.0000000000
7.4951022798 0.7800000000 3.7615097767 0.3455734532 2.5523630909 0.0000000000
7.5029408556 0.7800000000 3.7616990495 0.3459029502 2.5532519808 0.0000000000
7.5107805866 0.7800000000 3.7618664480 0.3461262628 2.5540108998 0.0000000000
7.5186207800 0.7800000000 3.7620261091 0.3462742736 2.5547087484 0.0000000000
7.5264622515 0.7800000000 3.7621217836 0.3462840466 2.5550953556 0.0000000000
7.5343002688 0.7800000000 3.7623426485 0.3464824774 2.5560581878 0.0000000000
7.5421391913 0.7800000000 3.7625223577 0.3467879291 2.5568992052 0.0000000000
7.5499798484 0.7800000000 3.7627029618 0.3468889132 2.5576620150 0.0000000000
7.5578211527 0.7800000000 3.7627253985 0.3467234221 2.5576855653 0.0000000000
7.5656613433 0.7800000000 3.7628099369 0.3464132669 2.5578996569 0.0000000000
7.5734994026 0.7800000000 3.7630193606 0.3466391028 2.5588276862 0.0000000000
7.5813408592 0.7800000000 3.7631233087 0.3465341997 2.5592015173 0.0000000000
7.5891819576 0.7800000000 3.7632033478 0.3463106991 2.5594322736 0.0000000000
7.5970207512 0.7800000000 3.7632044653 0.3458878298 2.5592675957 0.0000000000
7.6048587071 0.7800000000 3.7633167227 0.3455273900 2.5595724494 0.0000000000
7.6126994324 0.7800000000 3.7633723916 0.3452148096 2.5596700930 0.0000000000
7.6205385041 0.7800000000 3.7634216551 0.3446390406 2.5596368391 0.0000000000
7.6283761108 0.7800000000 3.7634128370 0.3439889988 2.5593415503 0.0000000000
7.6362066816 0.7800000000 3.7633456809 0.3429967911 2.5586760428 0.0000000000
7.6440441463 0.7800000000 3.7633289336 0.3423870470 2.5583651559 0.0000000000
7.6518785158 0.7800000000 3.7632625886 0.3415464562 2.5577635396 0.0000000000
7.6597023303 0.7800000000 3.7630886381 0.3403301786 2.5565812267 0.0000000000
7.6675220728 0.7800000000 3.7630134539 0.3389526967 2.5557294970 0.0000000000
7.6753487974 0.7800000000 3.7628773917 0.3377998683 2.5547241167 0.0000000000
7.6831640811 0.7800000000 3.7626731847 0.3362681156 2.5532945878 0.0000000000
7.6909721482 0.7800000000 3.7624564044 0.3345299328 2.5517321933 0.0000000000
7.6987672645 0.7800000000 3.7621526658 0.3325612592 2.5497297695 0.0000000000
7.7065317644 0.7800000000 3.7620863153 0.3306584656 2.5487032502 0.0000000000
7.7143055665 0.7800000000 3.7616841993 0.3283211307 2.5461598523 0.0000000000
7.7220591908 0.7800000000 3.7612638663 0.3255810473 2.5433824869 0.0000000000
7.7297980030 0.7800000000 3.7608162218 0.3226161186 2.5404059374 0.0000000000
7.7375260419 0.7800000000 3.7603562643 0.3194913852 2.5373162139 0.0000000000
7.7452393617 0.7800000000 3.7598799114 0.3161617486 2.5340789479 0.0000000000
7.7529358534 0.7800000000 3.7593772993 0.3126199036 2.5306517612 0.0000000000
7.7606144907 0.7800000000 3.7588484480 0.3088667521 2.5270350956 0.0000000000
7.7682787949 0.7800000000 3.7583130634 0.3049388503 2.5233223964 0.0000000000
7.7759124901 0.7800000000 3.7577290081 0.3006969262 2.5192894056 0.0000000000
7.7835227898 0.7800000000 3.7571507529 0.2961946708 2.5151754824 0.0000000000
7.7910968089 0.7800000000 3.7565254984 0.2913606061 2.5107408386 0.0000000000
7.7986429006 0.7800000000 3.7559038030 0.2862583161 2.5062131411 0.0000000000
7.8059713078 0.7800000000 3.7550724012 0.2798852984 2.5003383267 0.0000000000
7.8135284128 0.7800000000 3.7546627000 0.2754354603 2.4969195868 0.0000000000
7.8209651444 0.7800000000 3.7540044345 0.2694655403 2.4918985567 0.0000000000
7.8283916543 0.7800000000 3.7533408809 0.2634419367 2.4868349012 0.0000000000
7.8357433044 0.7800000000 3.7527073889 0.2573669658 2.4818709446 0.0000000000
7.8403915609 0.7800000000 3.7536620064 0.2646213906 2.4885911843 0.0000000000
7.8467053361 0.7800000000 3.7523543544 0.2534315038 2.4788846219 0.0000000000
7.8528885959 0.7800000000 3.7510965220 0.2417928107 2.4691978148 0.0000000000
7.8590072572 0.7800000000 3.7498818387 0.2299160768 2.4595883884 0.0000000000
7.8650133193 0.7800000000 3.7486979646 0.2176680890 2.4499536968 0.0000000000
7.8705945579 0.7800000000 3.7475005435 0.2042283791 2.4397881284 0.0000000000
7.8761461678 0.7800000000 3.7463609451 0.1906841953 2.4298120612 0.0000000000
7.8814410912 0.7800000000 3.7452023775 0.1765181023 2.4195113536 0.0000000000
7.8864489809 0.7800000000 3.7440411740 0.1617158238 2.4089456282 0.0000000000
7.8906562655 0.7800000000 3.7427978558 0.1455455937 2.3975042635 0.0000000000
7.8939729133 0.7800000000 3.7415306187 0.1280687334 2.3854445710 0.0000000000
7.8968780961 0.7800000000 3.7402718961 0.1101352599 2.3732362912 0.0000000000
7.8993954554 0.7800000000 3.7390331395 0.0918302161 2.3609592470 0.0000000000
7.9015466248 0.7800000000 3.7377939503 0.0732353188 2.3485645313 0.0000000000
7.9033756553 0.7800000000 3.7365849557 0.0544134070 2.3361997885 0.0000000000
7.9049168905 0.7800000000 3.7354027988 0.0354201880 2.3238738730 0.0000000000
7.9062146695 0.7800000000 3.7342396342 0.0163062137 2.3115756250 0.0000000000
7.9072929274 0.7800000000 3.7331054768 -0.0029039498 2.2993549300 0.0000000000
7.9082061685 0.7800000000 3.7319784300 -0.0221704110 2.2871401584 0.0000000000
7.9089775878 0.7800000000 3.7308837157 -0.0414872530 2.2750345643 0.0000000000
7.9095999744 0.7800000000 3.7297825081 -0.0608354087 2.2628904715 0.0000000000
7.9101026811 0.7800000000 3.7287320540 -0.0802228744 2.2509336688 0.0000000000
7.9105185237 0.7800000000 3.7276913152 -0.0996265838 2.2390092299 0.0000000000
7.9108632564 0.7800000000 3.7267049613 -0.1190567511 2.2272917475 0.0000000000
7.9111520868 0.7800000000 3.7256953072 -0.1384849515 2.2154818509 0.0000000000
7.9113950874 0.7800000000 3.7247614965 -0.1579410402 2.2039641727 0.0000000000
7.9116007253 0.7800000000 3.7238005861 -0.1773915961 2.1923403088 0.0000000000
7.9117749942 0.7800000000 3.7228900518 -0.1968591075 2.1809111670 0.0000000000
7.9119237324 0.7800000000 3.7219661801 -0.2163240010 2.1694297227 0.0000000000
7.9120516227 0.7800000000 3.7210972694 -0.2358056108 2.1581614358 0.0000000000
7.9121625170 0.7800000000 3.7202346120 -0.2552893966 2.1469172921 0.0000000000
7.9122596332 0.7800000000 3.7193811346 -0.2747763286 2.1357086098 0.0000000000
7.9123448254 0.7800000000 3.7185700000 -0.2942750000 2.1246646027 0.0000000000
7.9123853673 0.7800000000 3.7181500000 -0.3044250000 2.1189246027 0.0000000000
7.9129421226 0.7800000000 3.7105968436 -0.5121347388 2.0056280816 0.0000000000
7.9134988779 0.7800000000 3.7031078741 -0.7524662193 1.8795396112 0.0000000000
7.9140556331 0.7800000000 3.7022838852 -0.7885936876 1.8617926685 0.0000000000
7.9146123884 0.7800000000 3.7060781644 -0.6650703705 1.9263791119 0.0000000000
7.9151691437 0.7800000000 3.7073734312 -0.6224044951 1.9486265294 0.0000000000
7.9157258989 0.7800000000 3.7081372771 -0.5967678676 1.9619365639 0.0000000000
7.9162826542 0.7800000000 3.7084192640 -0.5863961572 1.9672131957 0.0000000000
7.9168394095 0.7800000000 3.7084530942 -0.5836860602 1.9684325556 0.0000000000
7.9173961647 0.7800000000 3.7083555816 -0.5855437682 1.9672994218 0.0000000000
7.9179529200 0.7800000000 3.7081470049 -0.5909600347 1.9642986083 0.0000000000
7.9185096752 0.7800000000 3.7078856500 -0.5981006875 1.9603969277 0.0000000000
7.9190664305 0.7800000000 3.7075993156 -0.6060574791 1.9560688736 0.0000000000
7.9196231858 0.7800000000 3.7072878625 -0.6153141259 1.9511204022 0.0000000000
7.9201799410 0.7800000000 3.7069724114 -0.6247776584 1.9460731849 0.0000000000
7.9207366963 0.7800000000 3.7066501459 -0.6346663921 1.9408286294 0.0000000000
7.9212934516 0.7800000000 3.7063235592 -0.6448247569 1.9354589368 0.0000000000
7.9218502068 0.7800000000 3.7059969725 -0.6549831216 1.9300892442 0.0000000000
7.9224069621 0.7800000000 3.7056268341 -0.6663942900 1.9240442230 0.0000000000
7.9229637174 0.7800000000 3.7052557455 -0.6778327890 1.9179844692 0.0000000000
7.9235204726 0.7800000000 3.7048675195 -0.6898055064 1.9116424781 0.0000000000
7.9240772279 0.7800000000 3.7044638753 -0.7022588477 1.9050465648 0.0000000000
7.9246339832 0.7800000000 3.7040478052 -0.7151474413 1.8982268468 0.0000000000
7.9251907384 0.7800000000 3.7036082756 -0.7288577654 1.8909845991 0.0000000000
7.9257474937 0.7800000000 3.7031515772 -0.7431345023 1.8834471105 0.0000000000
7.9263042490 0.7800000000 3.7026621563 -0.7584907690 1.8753469204 0.0000000000
7.9268610042 0.7800000000 3.7021484182 -0.7746027510 1.8668471751 0.0000000000
7.9274177595 0.7800000000 3.7016127361 -0.7913966930 1.8579868699 0.0000000000
7.9279745148 0.7800000000 3.7010625507 -0.8087924516 1.8488278247 0.0000000000
7.9285312700 0.7800000000 3.7005219157 -0.8261458949 1.8397239076 0.0000000000
7.9290880253 0.7800000000 3.6999969486 -0.8433473185 1.8307434696 0.0000000000
7.9296447806 0.7800000000 3.6994798863 -0.8597626091 1.8221091041 0.0000000000
7.9302015358 0.7800000000 3.6989792619 -0.8756463870 1.8137530956 0.0000000000
7.9307582911 0.7800000000 3.6984933864 -0.8910670091 1.8056413446 0.0000000000
7.9313150464 0.7800000000 3.6980479025 -0.9056844503 1.7980124324 0.0000000000
7.9318718016 0.7800000000 3.6976095536 -0.9201312521 1.7904803163 0.0000000000
7.9324285569 0.7800000000 3.6971819688 -0.9343206242 1.7830942282 0.0000000000
7.9329853122 0.7800000000 3.6967550322 -0.9485224282 1.7757057601 0.0000000000
7.9335420674 0.7800000000 3.6963283849 -0.9627297822 1.7683162295 0.0000000000
7.9340988227 0.7800000000 3.6958904923 -0.9772366180 1.7607619248 0.0000000000
7.9346555779 0.7800000000 3.6954500567 -0.9918588098 1.7531513057 0.0000000000
7.9352123332 0.7800000000 3.6950015932 -1.0069143725 1.7453352263 0.0000000000
7.9357690885 0.7800000000 3.6945512716 -1.0222261315 1.7374092363 0.0000000000
7.9363258437 0.7800000000 3.6940987800 -1.0378370888 1.7293548873 0.0000000000
7.9368825990 0.7800000000 3.6936279162 -1.0538078983 1.7210831080 0.0000000000
7.9374393543 0.7800000000 3.6931536086 -1.0699652055 1.7127229548 0.0000000000
7.9379961095 0.7800000000 3.6926833383 -1.0865051893 1.7042258803 0.0000000000
7.9385528648 0.7800000000 3.6922086796 -1.1033515974 1.6955886823 0.0000000000
7.9391096201 0.7800000000 3.6917248058 -1.1204371705 1.6868189576 0.0000000000
7.9396663753 0.7800000000 3.6911997748 -1.1379779796 1.6777025099 0.0000000000
7.9402231306 0.7800000000 3.6906446633 -1.1558999001 1.6683132960 0.0000000000
7.9407798859 0.7800000000 3.6900780337 -1.1741521821 1.6587458648 0.0000000000
7.9413366411 0.7800000000 3.6895197819 -1.1928391189 1.6490380827 0.0000000000
7.9418933964 0.7800000000 3.6889518015 -1.2120219767 1.6390930179 0.0000000000
7.9424501517 0.7800000000 3.6883773801 -1.2315978622 1.6289649783 0.0000000000
7.9430069069 0.7800000000 3.6877944165 -1.2515983677 1.6186329215 0.0000000000
7.9435636622 0.7800000000 3.6871983235 -1.2720642268 1.6080622059 0.0000000000
7.9441204175 0.7800000000 3.6865917297 -1.2931277652 1.5972104155 0.0000000000
7.9446771727 0.7800000000 3.6859713466 -1.3146896742 1.5861041194 0.0000000000
7.9452339280 0.7800000000 3.6853355640 -1.3367664113 1.5747302941 0.0000000000
7.9457906833 0.7800000000 3.6846682290 -1.3593929662 1.5630103324 0.0000000000
7.9463474385 0.7800000000 3.6839635681 -1.3825525805 1.5509278430 0.0000000000
7.9469041938 0.7800000000 3.6832520418 -1.4061785380 1.5386313546 0.0000000000
7.9474609491 0.7800000000 3.6825606694 -1.4303402875 1.5262011653 0.0000000000
7.9480177043 0.7800000000 3.6818430314 -1.4551508807 1.5134063759 0.0000000000
7.9485744596 0.7800000000 3.6810879844 -1.4806615808 1.5001819079 0.0000000000
7.9491312148 0.7800000000 3.6803135830 -1.5069422369 1.4865720401 0.0000000000
7.9496879701 0.7800000000 3.6795337153 -1.5340004853 1.4726292698 0.0000000000
7.9502447254 0.7800000000 3.6787075076 -1.5618653860 1.4581784789 0.0000000000
7.9508014806 0.7800000000 3.6778147057 -1.5905186398 1.4431459696 0.0000000000
7.9513582359 0.7800000000 3.6769453336 -1.6200039460 1.4278743587 0.0000000000
7.9519149912 0.7800000000 3.6760419619 -1.6503169804 1.4121356581 0.0000000000
7.9524717464 0.7800000000 3.6751514475 -1.6806939933 1.3964227952 0.0000000000
7.9530285017 0.7800000000 3.6741683640 -1.7125640259 1.3797424485 0.0000000000
7.9535852570 0.7800000000 3.6731608021 -1.7457188405 1.3624502748 0.0000000000
7.9541420122 0.7800000000 3.6721570072 -1.7797441438 1.3448249740 0.0000000000
7.9546987675 0.7800000000 3.6710990236 -1.8144937509 1.3266931969 0.0000000000
7.9552555228 0.7800000000 3.6700291107 -1.8499756770 1.3082207748 0.0000000000
7.9558122780 0.7800000000 3.6689005763 -1.8859818474 1.2893041688 0.0000000000
7.9563690333 0.7800000000 3.6677811963 -1.9229017173 1.2700587011 0.0000000000
7.9569257886 0.7800000000 3.6666297575 -1.9602690438 1.2505060153 0.0000000000
7.9574825438 0.7800000000 3.6654457968 -1.9982954125 1.2305596247 0.0000000000
7.9580392991 0.7800000000 3.6642346256 -2.0367992940 1.2103133874 0.0000000000
7.9585960544 0.7800000000 3.6630492023 -2.0757879120 1.1899762471 0.0000000000
7.9591528096 0.7800000000 3.6617866068 -2.1151957276 1.1691627390 0.0000000000
7.9597095649 0.7800000000 3.6605599973 -2.1550810986 1.1483021524 0.0000000000
7.9602663202 0.7800000000 3.6592778804 -2.1957609663 1.1269017377 0.0000000000
7.9608230754 0.7800000000 3.6579280454 -2.2380967707 1.1045680759 0.0000000000
7.9613798307 0.7800000000 3.6564925031 -2.2839578947 1.0804814571 0.0000000000
7.9619365860 0.7800000000 3.6549559338 -2.3310743407 1.0554886014 0.0000000000
7.9624933412 0.7800000000 3.6534476745 -2.3789730741 1.0302960710 0.0000000000
7.9630500965 0.7800000000 3.6517595445 -2.4299409110 1.0031564164 0.0000000000
7.9636068518 0.7800000000 3.6499631619 -2.4862622702 0.9734423421 0.0000000000
7.9641636070 0.7800000000 3.6478055295 -2.5510739615 0.9388871360 0.0000000000
7.9647203623 0.7800000000 3.6452788043 -2.6280939399 0.8979722441 0.0000000000
7.9652771175 0.7800000000 3.6424824817 -2.7133770016 0.8526737289 0.0000000000
7.9658338728 0.7800000000 3.6396123205 -2.7984157420 0.8071775879 0.0000000000
7.9663906281 0.7800000000 3.6364561279 -2.8911471210 0.7574602658 0.0000000000
7.9669473833 0.7800000000 3.6330018677 -2.9937014609 0.7026214893 0.0000000000
7.9675041386 0.7800000000 3.6184700000 -3.4034250000 0.4806046027 0.0000000000
