# logAge Mass logTe Mbol logg C/O
-0.4173843203 1.1000000000 3.5557000000 -1.6482750000 1.0808826852 0.0000000000
-0.3724623480 1.1000000000 3.5557046810 -1.6481925880 1.0809343738 0.0000000000
-0.3275403735 1.1000000000 3.5557092251 -1.6481137324 1.0809840925 0.0000000000
-0.2826184000 1.1000000000 3.5557137516 -1.6480308177 1.0810353644 0.0000000000
-0.2376964310 1.1000000000 3.5557183797 -1.6479362280 1.0810917128 0.0000000000
-0.1927744692 1.1000000000 3.5557231944 -1.6478231241 1.0811562130 0.0000000000
-0.1478525137 1.1000000000 3.5557278711 -1.6476939304 1.0812265973 0.0000000000
-0.1029305613 1.1000000000 3.5557318734 -1.6475567475 1.0812974796 0.0000000000
-0.0580086143 1.1000000000 3.5557360251 -1.6474098956 1.0813728274 0.0000000000
-0.0130866806 1.1000000000 3.5557425114 -1.6472417606 1.0814660265 0.0000000000
0.0318352372 1.1000000000 3.5557517941 -1.6470486236 1.0815804122 0.0000000000
0.0767571449 1.1000000000 3.5557615347 -1.6468398551 1.0817028817 0.0000000000
0.1216790436 1.1000000000 3.5557703843 -1.6466192630 1.0818265170 0.0000000000
0.1666009203 1.1000000000 3.5557800354 -1.6463741374 1.0819631718 0.0000000000
0.2115227629 1.1000000000 3.5557922645 -1.6460927910 1.0821246268 0.0000000000
0.2564445698 1.1000000000 3.5558073615 -1.6457774730 1.0823111420 0.0000000000
0.3013663410 1.1000000000 3.5558250731 -1.6454325520 1.0825199569 0.0000000000
0.3462880672 1.1000000000 3.5558440147 -1.6450537982 1.0827472246 0.0000000000
0.3912097354 1.1000000000 3.5558625263 -1.6446337078 1.0829893074 0.0000000000
0.4361313295 1.1000000000 3.5558808714 -1.6441663755 1.0832496205 0.0000000000
0.4810528311 1.1000000000 3.5559005151 -1.6436469461 1.0835359670 0.0000000000
0.5259742228 1.1000000000 3.5559231522 -1.6430717147 1.0838566080 0.0000000000
0.5708954881 1.1000000000 3.5559506372 -1.6424379515 1.0842200534 0.0000000000
0.6158165941 1.1000000000 3.5559828732 -1.6417382819 1.0846288652 0.0000000000
0.6607374852 1.1000000000 3.5560169677 -1.6409586404 1.0850770999 0.0000000000
0.7056581126 1.1000000000 3.5560520187 -1.6400890061 1.0855651576 0.0000000000
0.7505784476 1.1000000000 3.5560919901 -1.6391294180 1.0861088784 0.0000000000
0.7954984447 1.1000000000 3.5561399701 -1.6380770123 1.0867217606 0.0000000000
0.8404179935 1.1000000000 3.5561937217 -1.6369141046 1.0874019301 0.0000000000
0.8853369714 1.1000000000 3.5562505922 -1.6356213814 1.0881465012 0.0000000000
0.9302552712 1.1000000000 3.5563121225 -1.6341885505 1.0889657549 0.0000000000
0.9751727787 1.1000000000 3.5563809533 -1.6326073027 1.0898735772 0.0000000000
1.0200892701 1.1000000000 3.5564563076 -1.6308584073 1.0908745527 0.0000000000
1.0650044682 1.1000000000 3.5565358623 -1.6289175757 1.0919691040 0.0000000000
1.1099182102 1.1000000000 3.5566226458 -1.6267756405 1.0931730121 0.0000000000
1.1548304125 1.1000000000 3.5567239452 -1.6244347303 1.0945145738 0.0000000000
1.1997404257 1.1000000000 3.5568397467 -1.6218495183 1.0960118646 0.0000000000
1.2446468885 1.1000000000 3.5569607400 -1.6189149778 1.0976696539 0.0000000000
1.2895488405 1.1000000000 3.5570828225 -1.6155716223 1.0994953264 0.0000000000
1.3344461772 1.1000000000 3.5572130276 -1.6118547016 1.1015029148 0.0000000000
1.3793385835 1.1000000000 3.5573579683 -1.6077872504 1.1037096581 0.0000000000
1.4242248172 1.1000000000 3.5575191975 -1.6033232363 1.1061401806 0.0000000000
1.4691034650 1.1000000000 3.5576973941 -1.5984073926 1.1088193046 0.0000000000
1.5139731257 1.1000000000 3.5578935969 -1.5930023991 1.1117661133 0.0000000000
1.5588322756 1.1000000000 3.5581089147 -1.5870738928 1.1149987868 0.0000000000
1.6036783840 1.1000000000 3.5583441464 -1.5805678451 1.1185421327 0.0000000000
1.6485086135 1.1000000000 3.5586004584 -1.5734264826 1.1224239258 0.0000000000
1.6933225884 1.1000000000 3.5588862704 -1.5656716809 1.1266690945 0.0000000000
1.7381215426 1.1000000000 3.5592148211 -1.5573784585 1.1313005860 0.0000000000
1.7829006298 1.1000000000 3.5595838185 -1.5484567790 1.1363452476 0.0000000000
1.8276481653 1.1000000000 3.5599734949 -1.5386307469 1.1418343660 0.0000000000
1.8723590490 1.1000000000 3.5603817224 -1.5278056366 1.1477973203 0.0000000000
1.9170403274 1.1000000000 3.5608388472 -1.5162207945 1.1542597561 0.0000000000
1.9616903976 1.1000000000 3.5613604169 -1.5039294330 1.1612625795 0.0000000000
2.0062801325 1.1000000000 3.5619115974 -1.4903725980 1.1688900356 0.0000000000
2.0507856022 1.1000000000 3.5624664553 -1.4751614773 1.1771939154 0.0000000000
2.0952029370 1.1000000000 3.5630340476 -1.4584329010 1.1861557151 0.0000000000
2.1395562093 1.1000000000 3.5636660079 -1.4406808237 1.1957843873 0.0000000000
2.1838488763 1.1000000000 3.5643801509 -1.4220339611 1.2060997044 0.0000000000
2.2280285554 1.1000000000 3.5651070037 -1.4017853385 1.2171065647 0.0000000000
2.2721472642 1.1000000000 3.5659438514 -1.3807453511 1.2288699502 0.0000000000
2.3161698158 1.1000000000 3.5668505122 -1.3584877514 1.2413996335 0.0000000000
2.3599668869 1.1000000000 3.5677089718 -1.3336221988 1.2547796927 0.0000000000
2.4036247891 1.1000000000 3.5686242889 -1.3072576845 1.2689867669 0.0000000000
2.4471542288 1.1000000000 3.5695899740 -1.2796222005 1.2839037011 0.0000000000
2.4905866890 1.1000000000 3.5706747485 -1.2510703558 1.2996635368 0.0000000000
2.5338806680 1.1000000000 3.5718110074 -1.2212464913 1.3161381182 0.0000000000
2.5768914633 1.1000000000 3.5729182761 -1.1889629925 1.3334805926 0.0000000000
2.6197073851 1.1000000000 3.5740597691 -1.1550984105 1.3515923975 0.0000000000
2.6624012120 1.1000000000 3.5752853343 -1.1203033339 1.3704126888 0.0000000000
2.7049812356 1.1000000000 3.5766099512 -1.0846696565 1.3899646274 0.0000000000
2.7472169595 1.1000000000 3.5778559141 -1.0465463969 1.4101977828 0.0000000000
2.7891970821 1.1000000000 3.5790909641 -1.0066940891 1.4310789060 0.0000000000
2.8310983201 1.1000000000 3.5804423783 -0.9663516725 1.4526215294 0.0000000000
2.8729505435 1.1000000000 3.5819260623 -0.9257145240 1.4748111246 0.0000000000
2.9143816428 1.1000000000 3.5832797114 -0.8824484441 1.4975321532 0.0000000000
2.9556198986 1.1000000000 3.5846487429 -0.8380445791 1.5207698250 0.0000000000
2.9968270533 1.1000000000 3.5861372394 -0.7934837480 1.5445481434 0.0000000000
3.0377963400 1.1000000000 3.5876079941 -0.7475863245 1.5687901316 0.0000000000
3.0784445549 1.1000000000 3.5890055531 -0.6999050301 1.5934528855 0.0000000000
3.1190426124 1.1000000000 3.5904837867 -0.6519737437 1.6185383346 0.0000000000
3.1595998688 1.1000000000 3.5920362312 -0.6038409217 1.6440012412 0.0000000000
3.1997965547 1.1000000000 3.5934975822 -0.5538412140 1.6698465282 0.0000000000
3.2398913274 1.1000000000 3.5949758073 -0.5033308321 1.6959635815 0.0000000000
3.2799860895 1.1000000000 3.5965431072 -0.4528365489 1.7224304943 0.0000000000
3.3197324320 1.1000000000 3.5979909537 -0.4006359146 1.7491021343 0.0000000000
3.3593686176 1.1000000000 3.5994534484 -0.3479097029 1.7760425976 0.0000000000
3.3990238515 1.1000000000 3.6009877335 -0.2952860553 1.8032291972 0.0000000000
3.4385206754 1.1000000000 3.6024950432 -0.2419287458 1.8306013596 0.0000000000
3.4777446314 1.1000000000 3.6039040299 -0.1873004917 1.8580886079 0.0000000000
3.5170201325 1.1000000000 3.6053894822 -0.1329181223 1.8857833651 0.0000000000
3.5563166375 1.1000000000 3.6069456948 -0.0786416168 1.9137188176 0.0000000000
3.5952444273 1.1000000000 3.6083377055 -0.0227037520 1.9416620063 0.0000000000
3.6342266923 1.1000000000 3.6097952088 0.0329874993 1.9697685200 0.0000000000
3.6731959882 1.1000000000 3.6112790632 0.0887308702 1.9980012861 0.0000000000
3.7120460063 1.1000000000 3.6127337501 0.1449952663 2.0263257922 0.0000000000
3.7506941920 1.1000000000 3.6141055871 0.2021365361 2.0546696478 0.0000000000
3.7893871414 1.1000000000 3.6155202421 0.2590815992 2.0831062931 0.0000000000
3.8281805270 1.1000000000 3.6170220780 0.3155827340 2.1117140907 0.0000000000
3.8665915260 1.1000000000 3.6183234532 0.3737250110 2.1401765025 0.0000000000
3.9050445202 1.1000000000 3.6196658649 0.4316876739 2.1687312143 0.0000000000
3.9435757775 1.1000000000 3.6210713894 0.4893149993 2.1974042426 0.0000000000
3.9820343821 1.1000000000 3.6224470562 0.5472442285 2.2260786015 0.0000000000
4.0202688191 1.1000000000 3.6237081455 0.6061148776 2.2546712183 0.0000000000
4.0585832770 1.1000000000 3.6250261528 0.6646509414 2.2833576731 0.0000000000
4.0969584334 1.1000000000 3.6263868835 0.7229321876 2.3121130940 0.0000000000
4.1351717088 1.1000000000 3.6276620858 0.7818825078 2.3407940314 0.0000000000
4.1732823983 1.1000000000 3.6288770628 0.8412584935 2.3694043338 0.0000000000
4.2114738179 1.1000000000 3.6301490903 0.9003019766 2.3981098370 0.0000000000
4.2496909853 1.1000000000 3.6314285741 0.9592401497 2.4268030414 0.0000000000
4.2877635338 1.1000000000 3.6326278946 1.0187691675 2.4554119305 0.0000000000
4.3257801964 1.1000000000 3.6337936596 1.0785269171 2.4839780905 0.0000000000
4.3638564928 1.1000000000 3.6349871930 1.1380435101 2.5125588613 0.0000000000
4.4019362262 1.1000000000 3.6361711071 1.1975475466 2.5410961323 0.0000000000
4.4400093228 1.1000000000 3.6373335165 1.2570801245 2.5695588010 0.0000000000
4.4779857253 1.1000000000 3.6384109486 1.3170080583 2.5978397030 0.0000000000
4.5160286808 1.1000000000 3.6394773679 1.3766726651 2.6259712228 0.0000000000
4.5542212731 1.1000000000 3.6405648844 1.4357338544 2.6539457644 0.0000000000
4.5926212062 1.1000000000 3.6416428597 1.4939502975 2.6815442429 0.0000000000
4.6311681125 1.1000000000 3.6426168098 1.5515678669 2.7084870711 0.0000000000
4.6701099151 1.1000000000 3.6435254579 1.6075031043 2.7344957584 0.0000000000
4.7097204800 1.1000000000 3.6443963079 1.6604205353 2.7591461311 0.0000000000
4.7502054551 1.1000000000 3.6451788507 1.7090272264 2.7817189786 0.0000000000
4.7917202980 1.1000000000 3.6458815264 1.7518575357 2.8016618050 0.0000000000
4.8342468286 1.1000000000 3.6464552830 1.7879739480 2.8184033964 0.0000000000
4.8775595820 1.1000000000 3.6469465972 1.8177137438 2.8322645715 0.0000000000
4.9212910935 1.1000000000 3.6473225489 1.8433727173 2.8440319675 0.0000000000
4.9651764747 1.1000000000 3.6476671340 1.8673457915 2.8549995377 0.0000000000
5.0089878779 1.1000000000 3.6480247844 1.8921490810 2.8663514552 0.0000000000
5.0524671534 1.1000000000 3.6484241016 1.9203587582 2.8792325950 0.0000000000
5.0952491580 1.1000000000 3.6489167469 1.9545589105 2.8948832371 0.0000000000
5.1367251580 1.1000000000 3.6495278193 1.9975958799 2.9145423143 0.0000000000
5.1759062910 1.1000000000 3.6502926612 2.0523772832 2.9395142432 0.0000000000
5.2117981526 1.1000000000 3.6512143279 2.1197587687 2.9701535042 0.0000000000
5.2444487559 1.1000000000 3.6522329533 2.1968028572 3.0050456412 0.0000000000
5.2755239886 1.1000000000 3.6531819396 2.2778663428 3.0412669807 0.0000000000
5.3068507077 1.1000000000 3.6541096826 2.3583224515 3.0771603961 0.0000000000
5.3387395121 1.1000000000 3.6549638095 2.4373916199 3.1122045711 0.0000000000
5.3711657132 1.1000000000 3.6557813150 2.5150859805 3.1465523374 0.0000000000
5.4040550945 1.1000000000 3.6565412831 2.5915575271 3.1801808285 0.0000000000
5.4373223732 1.1000000000 3.6572337323 2.6670054098 3.2131297783 0.0000000000
5.4708908013 1.1000000000 3.6578381287 2.7416193919 3.2453929566 0.0000000000
5.5047915567 1.1000000000 3.6584043323 2.8152903633 3.2771261597 0.0000000000
5.5389878038 1.1000000000 3.6589217152 2.8881052478 3.3083216452 0.0000000000
5.5734147884 1.1000000000 3.6593849691 2.9602394593 3.3390283453 0.0000000000
5.6080939047 1.1000000000 3.6598047096 3.0316169649 3.3692583095 0.0000000000
5.6429468943 1.1000000000 3.6601728824 3.1024648726 3.3990701637 0.0000000000
5.6779864757 1.1000000000 3.6605012633 3.1727366451 3.4284923965 0.0000000000
5.7131662508 1.1000000000 3.6607703217 3.2425708795 3.4575023236 0.0000000000
5.7484756303 1.1000000000 3.6610029062 3.3119959978 3.4862027092 0.0000000000
5.7839026253 1.1000000000 3.6611776757 3.3810465120 3.5145219927 0.0000000000
5.8194219867 1.1000000000 3.6613043449 3.4498005454 3.5425302830 0.0000000000
5.8550267859 1.1000000000 3.6613853775 3.5182782411 3.5702454915 0.0000000000
5.8907029274 1.1000000000 3.6614211749 3.5865237913 3.5976869012 0.0000000000
5.9264449886 1.1000000000 3.6614015747 3.6545537785 3.6248204954 0.0000000000
5.9622572399 1.1000000000 3.6613469634 3.7223522520 3.6517214396 0.0000000000
5.9981013214 1.1000000000 3.6612364443 3.7900451086 3.6783565058 0.0000000000
6.0339891805 1.1000000000 3.6610846443 3.8575922687 3.7047681699 0.0000000000
6.0699206688 1.1000000000 3.6608861311 3.9249936093 3.7309346532 0.0000000000
6.1058592815 1.1000000000 3.6606372703 3.9923702420 3.7568898630 0.0000000000
6.1418290197 1.1000000000 3.6603441650 4.0596419075 3.7826261080 0.0000000000
6.1778109022 1.1000000000 3.6600017641 4.1268714911 3.8081483379 0.0000000000
6.2138183641 1.1000000000 3.6596186890 4.1940140059 3.8334730437 0.0000000000
6.2498388231 1.1000000000 3.6591944359 4.2611113444 3.8586149664 0.0000000000
6.2859279062 1.1000000000 3.6587444788 4.3279766058 3.8835612428 0.0000000000
6.3220662216 1.1000000000 3.6582500054 4.3946735494 3.9082621266 0.0000000000
6.3582927487 1.1000000000 3.6577389182 4.4610699624 3.9327763431 0.0000000000
6.3946386383 1.1000000000 3.6572177369 4.5270569284 3.9570864041 0.0000000000
6.4311031277 1.1000000000 3.6566867645 4.5926333022 3.9811930641 0.0000000000
6.4677503143 1.1000000000 3.6561685109 4.6575702171 4.0050948156 0.0000000000
6.5046099739 1.1000000000 3.6556628941 4.7217516600 4.0287449255 0.0000000000
6.5417506320 1.1000000000 3.6552134732 4.7849151665 4.0522126445 0.0000000000
6.5792006297 1.1000000000 3.6548319493 4.8469288023 4.0754920031 0.0000000000
6.6170302858 1.1000000000 3.6545337029 4.9074871002 4.0985223370 0.0000000000
6.6552747257 1.1000000000 3.6543488006 4.9663968370 4.1213466224 0.0000000000
6.6940225480 1.1000000000 3.6543197381 5.0232141819 4.1439573101 0.0000000000
6.7333359562 1.1000000000 3.6544752741 5.0775450423 4.1663117984 0.0000000000
6.7733115243 1.1000000000 3.6548713693 5.1287569222 4.1883809314 0.0000000000
6.8140299004 1.1000000000 3.6555671678 5.1761436477 4.2101188156 0.0000000000
6.8555823113 1.1000000000 3.6566449170 5.2187096343 4.2314562070 0.0000000000
6.8980483910 1.1000000000 3.6582149953 5.2550691184 4.2522803138 0.0000000000
6.9414590791 1.1000000000 3.6604412580 5.2832987840 4.2724772307 0.0000000000
6.9857139693 1.1000000000 3.6635112469 5.3006233364 4.2916870074 0.0000000000
7.0303955308 1.1000000000 3.6676362324 5.3036004391 4.3093777906 0.0000000000
7.0745584228 1.1000000000 3.6729838816 5.2888972816 4.3248871241 0.0000000000
7.1168266846 1.1000000000 3.6795378551 5.2550088373 4.3375476407 0.0000000000
7.1559840311 1.1000000000 3.6870357854 5.2035058475 4.3469381659 0.0000000000
7.1913950500 1.1000000000 3.6951676160 5.1376064506 4.3531057293 0.0000000000
7.2229814034 1.1000000000 3.7036463080 5.0606977028 4.3562569983 0.0000000000
7.2512124007 1.1000000000 3.7122546929 4.9760777592 4.3568425605 0.0000000000
7.2767858922 1.1000000000 3.7208478214 4.8863044929 4.3553057680 0.0000000000
7.3002739949 1.1000000000 3.7293850474 4.7929936804 4.3521303468 0.0000000000
7.3222137412 1.1000000000 3.7378344819 4.6973022704 4.3476515208 0.0000000000
7.3432203299 1.1000000000 3.7462550169 4.6002925231 4.3425297618 0.0000000000
7.3644612597 1.1000000000 3.7547968389 4.5036746742 4.3380499104 0.0000000000
7.3907786220 1.1000000000 3.7643016627 4.4165242618 4.3412090406 0.0000000000
7.4292515123 1.1000000000 3.7723646986 4.4364478432 4.3814306167 0.0000000000
7.4553075279 1.1000000000 3.7734632816 4.5276684603 4.4223131959 0.0000000000
7.4778746347 1.1000000000 3.7721917287 4.6247132579 4.4560449032 0.0000000000
7.5038046577 1.1000000000 3.7696900000 4.7159500000 4.4825326852 0.0000000000
7.5225535953 1.1000000000 3.7683500000 4.7520000000 4.4915926852 0.0000000000
7.5320833130 1.1000000000 3.7679340844 4.7613895132 4.4936848281 0.0000000000
7.5421070122 1.1000000000 3.7676781743 4.7663246555 4.4946352446 0.0000000000
7.5523365521 1.1000000000 3.7675549078 4.7678579279 4.4947554876 0.0000000000
7.5625631873 1.1000000000 3.7675355052 4.7670257627 4.4943450109 0.0000000000
7.5727570681 1.1000000000 3.7675881704 4.7648208585 4.4936737102 0.0000000000
7.5829213512 1.1000000000 3.7676871728 4.7619492734 4.4929210856 0.0000000000
7.5930701070 1.1000000000 3.7678150975 4.7587576334 4.4921561287 0.0000000000
7.6032148052 1.1000000000 3.7679591487 4.7554928151 4.4914264060 0.0000000000
7.6133606569 1.1000000000 3.7681142474 4.7522570899 4.4907525109 0.0000000000
7.6235118132 1.1000000000 3.7682763663 4.7491297814 4.4901500630 0.0000000000
7.6336688475 1.1000000000 3.7684433774 4.7461227138 4.4896152801 0.0000000000
7.6438303021 1.1000000000 3.7686142307 4.7432093992 4.4891333676 0.0000000000
7.6539948060 1.1000000000 3.7687879343 4.7403650073 4.4886904253 0.0000000000
7.6641619929 1.1000000000 3.7689639122 4.7375838993 4.4882818937 0.0000000000
7.6743320354 1.1000000000 3.7691418115 4.7348707288 4.4879082229 0.0000000000
7.6845051113 1.1000000000 3.7693212753 4.7322302563 4.4875698889 0.0000000000
7.6946814070 1.1000000000 3.7695013947 4.7296680128 4.4872654691 0.0000000000
7.7048611245 1.1000000000 3.7696802868 4.7271908886 4.4869901879 0.0000000000
7.7150444673 1.1000000000 3.7698559694 4.7248059131 4.4867389281 0.0000000000
7.7252316379 1.1000000000 3.7700264675 4.7225201442 4.4865066128 0.0000000000
7.7354227910 1.1000000000 3.7701902395 4.7203423342 4.4862905769 0.0000000000
7.7456180063 1.1000000000 3.7703464123 4.7182838480 4.4860918735 0.0000000000
7.7558173577 1.1000000000 3.7704941697 4.7163562736 4.4859118735 0.0000000000
7.7660209186 1.1000000000 3.7706326957 4.7145711991 4.4857519478 0.0000000000
7.7762286961 1.1000000000 3.7707612981 4.7129379646 4.4856130635 0.0000000000
7.7864403009 1.1000000000 3.7708800196 4.7114525730 4.4854937926 0.0000000000
7.7966551981 1.1000000000 3.7709891727 4.7101061281 4.4853918272 0.0000000000
7.8068728528 1.1000000000 3.7710890706 4.7088897258 4.4853048581 0.0000000000
7.8170927299 1.1000000000 3.7711800265 4.7077944622 4.4852305760 0.0000000000
7.8273143279 1.1000000000 3.7712623965 4.7068108214 4.4851665996 0.0000000000
7.8375373348 1.1000000000 3.7713367820 4.7059258121 4.4851101381 0.0000000000
7.8477615055 1.1000000000 3.7714038710 4.7051252186 4.4850582564 0.0000000000
7.8579865950 1.1000000000 3.7714643512 4.7043948234 4.4850080194 0.0000000000
7.8682123582 1.1000000000 3.7715189107 4.7037204093 4.4849564917 0.0000000000
7.8784385523 1.1000000000 3.7715682346 4.7030878652 4.4849007696 0.0000000000
7.8886650243 1.1000000000 3.7716128885 4.7024877066 4.4848393217 0.0000000000
7.8988917446 1.1000000000 3.7716532748 4.7019167616 4.4847724889 0.0000000000
7.9091186921 1.1000000000 3.7716897842 4.7013723121 4.4847007469 0.0000000000
7.9193458460 1.1000000000 3.7717228075 4.7008516402 4.4846245711 0.0000000000
7.9295731853 1.1000000000 3.7717527352 4.7003520276 4.4845444371 0.0000000000
7.9398006888 1.1000000000 3.7717799560 4.6998707293 4.4844608010 0.0000000000
7.9500283193 1.1000000000 3.7718047610 4.6994037843 4.4843732430 0.0000000000
7.9602560183 1.1000000000 3.7718273068 4.6989455515 4.4842801330 0.0000000000
7.9704837254 1.1000000000 3.7718477401 4.6984902669 4.4841797523 0.0000000000
7.9807113805 1.1000000000 3.7718662076 4.6980321665 4.4840703821 0.0000000000
7.9909389235 1.1000000000 3.7718828550 4.6975655232 4.4839503143 0.0000000000
8.0011663918 1.1000000000 3.7718975183 4.6970950354 4.4838207723 0.0000000000
8.0113940529 1.1000000000 3.7719093013 4.6966500643 4.4836899161 0.0000000000
8.0216222077 1.1000000000 3.7719172020 4.6962635376 4.4835669082 0.0000000000
8.0318511569 1.1000000000 3.7719202183 4.6959683827 4.4834609113 0.0000000000
8.0420811039 1.1000000000 3.7719178482 4.6957865925 4.4833787150 0.0000000000
8.0523111994 1.1000000000 3.7719149950 4.6956220025 4.4833014663 0.0000000000
8.0625399509 1.1000000000 3.7719198637 4.6953062676 4.4831946472 0.0000000000
8.0727658567 1.1000000000 3.7719407067 4.6946700091 4.4830235156 0.0000000000
8.0829877010 1.1000000000 3.7719838867 4.6935823933 4.4827611892 0.0000000000
8.0932068948 1.1000000000 3.7720383968 4.6922669065 4.4824530350 0.0000000000
8.1034262636 1.1000000000 3.7720838797 4.6911377751 4.4821833142 0.0000000000
8.1136486391 1.1000000000 3.7720999527 4.6906097286 4.4820363876 0.0000000000
8.1238754056 1.1000000000 3.7720789710 4.6908347404 4.4820424654 0.0000000000
8.1341047738 1.1000000000 3.7720412238 4.6913885654 4.4821130067 0.0000000000
8.1443345332 1.1000000000 3.7720107060 4.6917705225 4.4821437184 0.0000000000
8.1545628460 1.1000000000 3.7720062175 4.6915894710 4.4820533436 0.0000000000
8.1647895466 1.1000000000 3.7720232258 4.6909462570 4.4818640913 0.0000000000
8.1750149388 1.1000000000 3.7720506509 4.6900797929 4.4816272060 0.0000000000
8.1852394977 1.1000000000 3.7720784005 4.6892057885 4.4813886024 0.0000000000
8.1954643379 1.1000000000 3.7721000769 4.6884531679 4.4811742599 0.0000000000
8.2056907239 1.1000000000 3.7721101465 4.6879305663 4.4810054975 0.0000000000
8.2159193150 1.1000000000 3.7721066878 4.6876779839 4.4808906298 0.0000000000
8.2261486945 1.1000000000 3.7721001795 4.6874998162 4.4807933296 0.0000000000
8.2363770451 1.1000000000 3.7721034047 4.6871562469 4.4806688028 0.0000000000
8.2466037621 1.1000000000 3.7721195368 4.6865784904 4.4805022285 0.0000000000
8.2568295659 1.1000000000 3.7721412471 4.6858846676 4.4803115407 0.0000000000
8.2670552213 1.1000000000 3.7721617027 4.6851895727 4.4801153250 0.0000000000
8.2772814164 1.1000000000 3.7721775412 4.6845647605 4.4799287540 0.0000000000
8.2875086702 1.1000000000 3.7721870797 4.6840567337 4.4797636975 0.0000000000
8.2977363447 1.1000000000 3.7721957986 4.6835915487 4.4796124992 0.0000000000
8.3079633592 1.1000000000 3.7722116184 4.6830498451 4.4794590967 0.0000000000
8.3181896151 1.1000000000 3.7722328782 4.6824228284 4.4792933294 0.0000000000
8.3284156346 1.1000000000 3.7722521666 4.6817712488 4.4791098509 0.0000000000
8.3386418267 1.1000000000 3.7722667826 4.6811389456 4.4789153939 0.0000000000
8.3488684489 1.1000000000 3.7722775458 4.6805508289 4.4787231999 0.0000000000
8.3590951052 1.1000000000 3.7722885507 4.6799661723 4.4785333568 0.0000000000
8.3693212038 1.1000000000 3.7723043697 4.6793248473 4.4783401027 0.0000000000
8.3795470385 1.1000000000 3.7723225103 4.6786566249 4.4781453763 0.0000000000
8.3897730060 1.1000000000 3.7723400352 4.6780018953 4.4779535841 0.0000000000
8.3999989706 1.1000000000 3.7723590962 4.6773472891 4.4777679855 0.0000000000
8.4102248037 1.1000000000 3.7723776548 4.6766797144 4.4775751903 0.0000000000
8.4204504774 1.1000000000 3.7723902919 4.6759961881 4.4773523280 0.0000000000
8.4306759482 1.1000000000 3.7724053808 4.6752943829 4.4771319616 0.0000000000
8.4409012285 1.1000000000 3.7724262575 4.6745762339 4.4769282086 0.0000000000
8.4511264368 1.1000000000 3.7724406881 4.6738508171 4.4766957643 0.0000000000
8.4613516498 1.1000000000 3.7724567141 4.6731259189 4.4764699091 0.0000000000
8.4715767356 1.1000000000 3.7724789158 4.6723909561 4.4762647307 0.0000000000
8.4818014065 1.1000000000 3.7724948735 4.6716199016 4.4760201396 0.0000000000
8.4920259204 1.1000000000 3.7725076943 4.6708353146 4.4757575883 0.0000000000
8.5022504846 1.1000000000 3.7725263502 4.6700557257 4.4755203764 0.0000000000
8.5124749085 1.1000000000 3.7725502372 4.6692656564 4.4752998967 0.0000000000
8.5226988386 1.1000000000 3.7725666429 4.6684354694 4.4750334445 0.0000000000
8.5329227188 1.1000000000 3.7725830742 4.6676013261 4.4747655122 0.0000000000
8.5431464342 1.1000000000 3.7725989150 4.6667547163 4.4744902316 0.0000000000
8.5533698332 1.1000000000 3.7726207894 4.6658853039 4.4742299644 0.0000000000
8.5635929043 1.1000000000 3.7726460137 4.6649928045 4.4739738617 0.0000000000
8.5738157898 1.1000000000 3.7726632649 4.6640857277 4.4736800358 0.0000000000
8.5840385977 1.1000000000 3.7726818725 4.6631735895 4.4733896108 0.0000000000
8.5942607443 1.1000000000 3.7727015981 4.6622162377 4.4730855728 0.0000000000
8.6044829039 1.1000000000 3.7727310453 4.6612613754 4.4728214164 0.0000000000
8.6147047172 1.1000000000 3.7727507319 4.6602820514 4.4725084332 0.0000000000
8.6249261605 1.1000000000 3.7727719976 4.6592791345 4.4721923295 0.0000000000
8.6351471935 1.1000000000 3.7728032045 4.6582519679 4.4719062902 0.0000000000
8.6453678229 1.1000000000 3.7728234504 4.6571983234 4.4715658159 0.0000000000
8.6555881711 1.1000000000 3.7728491027 4.6561285306 4.4712405083 0.0000000000
8.6658082726 1.1000000000 3.7728801375 4.6550452327 4.4709313284 0.0000000000
8.6760274827 1.1000000000 3.7729007800 4.6539086289 4.4705592567 0.0000000000
8.6862466323 1.1000000000 3.7729341117 4.6527708646 4.4702374779 0.0000000000
8.6964654899 1.1000000000 3.7729601620 4.6516155704 4.4698795613 0.0000000000
8.7066832962 1.1000000000 3.7729874730 4.6504037405 4.4695040732 0.0000000000
8.7169011036 1.1000000000 3.7730215120 4.6491930985 4.4691559726 0.0000000000
8.7271183010 1.1000000000 3.7730469873 4.6479492650 4.4687603403 0.0000000000
8.7373349053 1.1000000000 3.7730751620 4.6466757916 4.4683636496 0.0000000000
8.7475508543 1.1000000000 3.7731120538 4.6453712714 4.4679894091 0.0000000000
8.7577661736 1.1000000000 3.7731392348 4.6440347246 4.4675635143 0.0000000000
8.7679807536 1.1000000000 3.7731671822 4.6426634438 4.4671267915 0.0000000000
8.7781951590 1.1000000000 3.7732067336 4.6412859087 4.4667339829 0.0000000000
8.7884083362 1.1000000000 3.7732375293 4.6398512148 4.4662832883 0.0000000000
8.7986206437 1.1000000000 3.7732689548 4.6383784453 4.4658198826 0.0000000000
8.8088327012 1.1000000000 3.7733060058 4.6368960491 4.4653751281 0.0000000000
8.8190439421 1.1000000000 3.7733429459 4.6353785575 4.4649158919 0.0000000000
8.8292535004 1.1000000000 3.7733764103 4.6337912710 4.4644148349 0.0000000000
8.8394628700 1.1000000000 3.7734095261 4.6321966811 4.4639094621 0.0000000000
8.8496711720 1.1000000000 3.7734565502 4.6305620339 4.4634436996 0.0000000000
8.8598784262 1.1000000000 3.7734914169 4.6288848615 4.4629122975 0.0000000000
8.8700844612 1.1000000000 3.7735280543 4.6271622299 4.4623697945 0.0000000000
8.8802894928 1.1000000000 3.7735647863 4.6254031514 4.4618130911 0.0000000000
8.8904937886 1.1000000000 3.7736148444 4.6236193893 4.4612998184 0.0000000000
8.9006960676 1.1000000000 3.7736537620 4.6217632796 4.4607130451 0.0000000000
8.9108974303 1.1000000000 3.7736941671 4.6198764258 4.4601199239 0.0000000000
8.9210977912 1.1000000000 3.7737356035 4.6179557353 4.4595173931 0.0000000000
8.9312959634 1.1000000000 3.7737780296 4.6159639920 4.4588904003 0.0000000000
8.9414934509 1.1000000000 3.7738221463 4.6139507098 4.4582615544 0.0000000000
8.9516885837 1.1000000000 3.7738758798 4.6118657550 4.4576425064 0.0000000000
8.9618823339 1.1000000000 3.7739218101 4.6097379450 4.4569751035 0.0000000000
8.9720745274 1.1000000000 3.7739686310 4.6075638294 4.4562927409 0.0000000000
8.9822649347 1.1000000000 3.7740158481 4.6053382420 4.4555913746 0.0000000000
8.9924529799 1.1000000000 3.7740761544 4.6030480329 4.4549165158 0.0000000000
9.0026386689 1.1000000000 3.7741260481 4.6006918092 4.4541736014 0.0000000000
9.0128232981 1.1000000000 3.7741776797 4.5983070817 4.4534262365 0.0000000000
9.0230056713 1.1000000000 3.7742308729 4.5958629952 4.4526613750 0.0000000000
9.0331844189 1.1000000000 3.7742957452 4.5933284065 4.4519070284 0.0000000000
9.0433617716 1.1000000000 3.7743503825 4.5907571847 4.4510970890 0.0000000000
9.0535355609 1.1000000000 3.7744073505 4.5881000413 4.4502621036 0.0000000000
9.0637074041 1.1000000000 3.7744657494 4.5853965157 4.4494142889 0.0000000000
9.0738764358 1.1000000000 3.7745256134 4.5826278822 4.4485462917 0.0000000000
9.0840423869 1.1000000000 3.7745869800 4.5797896262 4.4476564556 0.0000000000
9.0942051017 1.1000000000 3.7746498934 4.5768800457 4.4467442772 0.0000000000
9.1043644475 1.1000000000 3.7747034828 4.5738969512 4.4457653970 0.0000000000
9.1145188606 1.1000000000 3.7747705140 4.5708124173 4.4447997079 0.0000000000
9.1246709338 1.1000000000 3.7748381447 4.5676798867 4.4438172187 0.0000000000
9.1348189714 1.1000000000 3.7748980504 4.5644659302 4.4427712587 0.0000000000
9.1449627885 1.1000000000 3.7749689284 4.5611709022 4.4417367596 0.0000000000
9.1551022641 1.1000000000 3.7750322706 4.5577926892 4.4406388432 0.0000000000
9.1652371733 1.1000000000 3.7751067341 4.5543309966 4.4395520202 0.0000000000
9.1753656678 1.1000000000 3.7751739248 4.5507533991 4.4383897440 0.0000000000
9.1854904914 1.1000000000 3.7752524471 4.5471125232 4.4372474827 0.0000000000
9.1956085684 1.1000000000 3.7753223947 4.5433557406 4.4360245602 0.0000000000
9.2057222882 1.1000000000 3.7754057046 4.5395274538 4.4348264849 0.0000000000
9.2158286958 1.1000000000 3.7754810487 4.5355798369 4.4335488147 0.0000000000
9.2259303695 1.1000000000 3.7755575385 4.5315570657 4.4322456656 0.0000000000
9.2360237108 1.1000000000 3.7756369837 4.5274060487 4.4309030395 0.0000000000
9.2461100969 1.1000000000 3.7757188408 4.5231513462 4.4295285868 0.0000000000
9.2561891153 1.1000000000 3.7757959428 4.5187885481 4.4280918756 0.0000000000
9.2662604838 1.1000000000 3.7758793599 4.5143174397 4.4266371008 0.0000000000
9.2763240589 1.1000000000 3.7759557957 4.5097371685 4.4251107352 0.0000000000
9.2863785728 1.1000000000 3.7760490716 4.5050358952 4.4236033297 0.0000000000
9.2964242572 1.1000000000 3.7761329123 4.5002170126 4.4220111394 0.0000000000
9.3064600250 1.1000000000 3.7762187512 4.4952708160 4.4203760162 0.0000000000
9.3164833503 1.1000000000 3.7763134680 4.4901706754 4.4187148272 0.0000000000
9.3264985611 1.1000000000 3.7763988419 4.4849711339 4.4169765061 0.0000000000
9.3365019720 1.1000000000 3.7764868937 4.4796317509 4.4151929602 0.0000000000
9.3464938214 1.1000000000 3.7765819319 4.4741593885 4.4133841683 0.0000000000
9.3564729851 1.1000000000 3.7766724948 4.4685438030 4.4115001855 0.0000000000
9.3664389747 1.1000000000 3.7767578172 4.4627833517 4.4095372948 0.0000000000
9.3763909599 1.1000000000 3.7768523189 4.4568744459 4.4075517391 0.0000000000
9.3863259877 1.1000000000 3.7769443342 4.4507898450 4.4054859601 0.0000000000
9.3962482957 1.1000000000 3.7770353268 4.4445766418 4.4033646491 0.0000000000
9.4061542491 1.1000000000 3.7771238431 4.4382021946 4.4011689355 0.0000000000
9.4160431621 1.1000000000 3.7772140823 4.4316645755 4.3989148447 0.0000000000
9.4259143850 1.1000000000 3.7772942168 4.4249608520 4.3965538929 0.0000000000
9.4357644035 1.1000000000 3.7773892645 4.4180667266 4.3941764336 0.0000000000
9.4455953619 1.1000000000 3.7774751268 4.4110037541 4.3916946939 0.0000000000
9.4554054038 1.1000000000 3.7775631307 4.4037612668 4.3891497148 0.0000000000
9.4651940649 1.1000000000 3.7776521473 4.3963402934 4.3865373916 0.0000000000
9.4749622210 1.1000000000 3.7777251196 4.3887507371 4.3837934584 0.0000000000
9.4847028148 1.1000000000 3.7778092582 4.3809435945 4.3810071558 0.0000000000
9.4944211988 1.1000000000 3.7778872813 4.3729646919 4.3781276871 0.0000000000
9.5041023475 1.1000000000 3.7779639264 4.3647086722 4.3751318598 0.0000000000
9.5137619263 1.1000000000 3.7780449656 4.3562963341 4.3720910811 0.0000000000
9.5233962988 1.1000000000 3.7781141144 4.3477041277 4.3689307937 0.0000000000
9.5329949680 1.1000000000 3.7781758887 4.3388655756 4.3656424702 0.0000000000
9.5425634916 1.1000000000 3.7782400000 4.3298250000 4.3622826852 0.0000000000
9.5454611111 1.1000000000 3.7782600000 4.3270250000 4.3612426852 0.0000000000
9.5472264562 1.1000000000 3.7782753270 4.3253259446 4.3606243710 0.0000000000
9.5489888382 1.1000000000 3.7782823156 4.3236074490 4.3599649270 0.0000000000
9.5507490830 1.1000000000 3.7782953994 4.3218755643 4.3593245084 0.0000000000
9.5525111503 1.1000000000 3.7783081111 4.3201552342 4.3586872234 0.0000000000
9.5542685250 1.1000000000 3.7783148186 4.3184049482 4.3580139387 0.0000000000
9.5560264855 1.1000000000 3.7783312656 4.3166588012 4.3573812678 0.0000000000
9.5577809682 1.1000000000 3.7783401459 4.3148905231 4.3567094780 0.0000000000
9.5595376672 1.1000000000 3.7783496352 4.3131360905 4.3560456623 0.0000000000
9.5612897432 1.1000000000 3.7783593439 4.3113530224 4.3553712697 0.0000000000
9.5630435118 1.1000000000 3.7783679692 4.3095803263 4.3546966924 0.0000000000
9.5647954070 1.1000000000 3.7783846117 4.3077965434 4.3540497492 0.0000000000
9.5665442715 1.1000000000 3.7783928311 4.3059937732 4.3533615187 0.0000000000
9.5682943455 1.1000000000 3.7784021451 4.3041984863 4.3526806603 0.0000000000
9.5700405308 1.1000000000 3.7784081289 4.3023795165 4.3519770075 0.0000000000
9.5717891871 1.1000000000 3.7784166502 4.3005755497 4.3512895058 0.0000000000
9.5735365157 1.1000000000 3.7784238188 4.2987635165 4.3505933670 0.0000000000
9.5752785903 1.1000000000 3.7784300225 4.2969200542 4.3498807969 0.0000000000
9.5770172616 1.1000000000 3.7784399664 4.2950567782 4.3491752618 0.0000000000
9.5787570350 1.1000000000 3.7784471435 4.2931998678 4.3484612061 0.0000000000
9.5804965157 1.1000000000 3.7784532999 4.2913412141 4.3477423705 0.0000000000
9.5822345333 1.1000000000 3.7784603959 4.2894740432 4.3470238859 0.0000000000
9.5839714502 1.1000000000 3.7784675137 4.2876004770 4.3463029308 0.0000000000
9.5857064779 1.1000000000 3.7784731682 4.2857160091 4.3455717617 0.0000000000
9.5874403967 1.1000000000 3.7784781408 4.2838251301 4.3448353003 0.0000000000
9.5891749921 1.1000000000 3.7784847201 4.2819381105 4.3441068097 0.0000000000
9.5909074849 1.1000000000 3.7784915852 4.2800391951 4.3433747039 0.0000000000
9.5926354345 1.1000000000 3.7784968524 4.2781144862 4.3426258894 0.0000000000
9.5943624484 1.1000000000 3.7785018639 4.2761844355 4.3418739148 0.0000000000
9.5960900253 1.1000000000 3.7785072866 4.2742576198 4.3411248795 0.0000000000
9.5978156756 1.1000000000 3.7785122955 4.2723201098 4.3403699109 0.0000000000
9.5995386557 1.1000000000 3.7785165981 4.2703677272 4.3396061684 0.0000000000
9.6012604025 1.1000000000 3.7785205907 4.2684084969 4.3388384465 0.0000000000
9.6029818999 1.1000000000 3.7785245110 4.2664479285 4.3380699007 0.0000000000
9.6047026927 1.1000000000 3.7785281032 4.2644835320 4.3372985107 0.0000000000
9.6064221036 1.1000000000 3.7785310404 4.2625115849 4.3365214808 0.0000000000
9.6081397564 1.1000000000 3.7785333333 4.2605300459 4.3357380366 0.0000000000
9.6098556798 1.1000000000 3.7785354457 4.2585391376 4.3349501231 0.0000000000
9.6115699309 1.1000000000 3.7785378739 4.2565392416 4.3341598774 0.0000000000
9.6132825675 1.1000000000 3.7785411053 4.2545307418 4.3333694031 0.0000000000
9.6149936801 1.1000000000 3.7785450114 4.2525141688 4.3325783983 0.0000000000
9.6167034133 1.1000000000 3.7785484413 4.2504902972 4.3317825693 0.0000000000
9.6184119167 1.1000000000 3.7785501507 4.2484599221 4.3309772567 0.0000000000
9.6201192471 1.1000000000 3.7785494852 4.2464233656 4.3301599724 0.0000000000
9.6218252573 1.1000000000 3.7785470920 4.2443799066 4.3293330156 0.0000000000
9.6235297728 1.1000000000 3.7785437915 4.2423286848 4.3284993250 0.0000000000
9.6252326193 1.1000000000 3.7785404044 4.2402688398 4.3276618389 0.0000000000
9.6269336862 1.1000000000 3.7785376079 4.2381998378 4.3268230520 0.0000000000
9.6286332430 1.1000000000 3.7785352273 4.2361230809 4.3259828266 0.0000000000
9.6303316984 1.1000000000 3.7785327747 4.2340406831 4.3251400571 0.0000000000
9.6320294616 1.1000000000 3.7785297621 4.2319547588 4.3242936370 0.0000000000
9.6337267299 1.1000000000 3.7785259198 4.2298663408 4.3234429005 0.0000000000
9.6354230129 1.1000000000 3.7785216877 4.2277729456 4.3225886142 0.0000000000
9.6371176990 1.1000000000 3.7785175640 4.2256714754 4.3217315313 0.0000000000
9.6388104595 1.1000000000 3.7785127404 4.2235603289 4.3208677781 0.0000000000
9.6405012239 1.1000000000 3.7785055384 4.2214392591 4.3199905422 0.0000000000
9.6421905977 1.1000000000 3.7784967112 4.2193113222 4.3191040590 0.0000000000
9.6438803141 1.1000000000 3.7784886572 4.2171850437 4.3182213315 0.0000000000
9.6455691049 1.1000000000 3.7784798834 4.2150542195 4.3173339067 0.0000000000
9.6472537259 1.1000000000 3.7784678435 4.2129029766 4.3164252497 0.0000000000
9.6489426548 1.1000000000 3.7784601189 4.2107727838 4.3155422743 0.0000000000
9.6506272624 1.1000000000 3.7784475671 4.2086214725 4.3146315424 0.0000000000
9.6523147423 1.1000000000 3.7784387197 4.2064841420 4.3137412209 0.0000000000
9.6539999412 1.1000000000 3.7784244778 4.2043359143 4.3128249620 0.0000000000
9.6556855050 1.1000000000 3.7784120524 4.2021893705 4.3119166428 0.0000000000
9.6573708998 1.1000000000 3.7783930305 4.2000422721 4.3109817159 0.0000000000
9.6590501046 1.1000000000 3.7783733332 4.1978648313 4.3100319507 0.0000000000
9.6607417531 1.1000000000 3.7783555638 4.1957501196 4.3091149883 0.0000000000
9.6624180408 1.1000000000 3.7783317449 4.1935589735 4.3081432544 0.0000000000
9.6641031567 1.1000000000 3.7783132016 4.1914104858 4.3072096858 0.0000000000
9.6657837992 1.1000000000 3.7782921522 4.1892405419 4.3062575105 0.0000000000
9.6674660600 1.1000000000 3.7782659585 4.1870786151 4.3052879651 0.0000000000
9.6691490289 1.1000000000 3.7782459893 4.1849196965 4.3043445210 0.0000000000
9.6708295699 1.1000000000 3.7782229112 4.1827491704 4.3033839983 0.0000000000
9.6725141764 1.1000000000 3.7781933680 4.1805992066 4.3024058398 0.0000000000
9.6741997299 1.1000000000 3.7781615013 4.1784537764 4.3014202010 0.0000000000
9.6758833385 1.1000000000 3.7781413479 4.1762982643 4.3004773824 0.0000000000
9.6775654405 1.1000000000 3.7781090174 4.1741362227 4.2994832436 0.0000000000
9.6792478803 1.1000000000 3.7780756548 4.1719756926 4.2984855813 0.0000000000
9.6809338995 1.1000000000 3.7780445232 4.1698331002 4.2975040179 0.0000000000
9.6826197163 1.1000000000 3.7780102336 4.1676891940 4.2965092970 0.0000000000
9.6843096939 1.1000000000 3.7779674257 4.1655682799 4.2954897000 0.0000000000
9.6859918654 1.1000000000 3.7779326752 4.1634073658 4.2944863323 0.0000000000
9.6876815742 1.1000000000 3.7778891249 4.1612841555 4.2934628470 0.0000000000
9.6893647755 1.1000000000 3.7778541291 4.1591283898 4.2924605575 0.0000000000
9.6910530214 1.1000000000 3.7778090430 4.1569986568 4.2914283198 0.0000000000
9.6927359948 1.1000000000 3.7777598796 4.1548431462 4.2903694621 0.0000000000
9.6944244563 1.1000000000 3.7777117357 4.1527144293 4.2893253996 0.0000000000
9.6961102352 1.1000000000 3.7776621309 4.1505729213 4.2882703773 0.0000000000
9.6977937498 1.1000000000 3.7776164990 4.1484193581 4.2872264243 0.0000000000
9.6994773294 1.1000000000 3.7775616260 4.1462683678 4.2861465361 0.0000000000
9.7011597617 1.1000000000 3.7775152218 4.1441098458 4.2850975107 0.0000000000
9.7028375706 1.1000000000 3.7774564874 4.1419317144 4.2839913205 0.0000000000
9.7045125394 1.1000000000 3.7774045740 4.1397390126 4.2829065863 0.0000000000
9.7061810601 1.1000000000 3.7773504470 4.1375156056 4.2818007154 0.0000000000
9.7078496360 1.1000000000 3.7773019014 4.1352923427 4.2807172280 0.0000000000
9.7095082185 1.1000000000 3.7772499249 4.1330218797 4.2796011368 0.0000000000
9.7111611465 1.1000000000 3.7771961752 4.1307272081 4.2784682692 0.0000000000
9.7128101973 1.1000000000 3.7771366001 4.1284166325 4.2773057384 0.0000000000
9.7144472387 1.1000000000 3.7770924062 4.1260499351 4.2761822839 0.0000000000
9.7160796113 1.1000000000 3.7770438416 4.1236636879 4.2750335268 0.0000000000
9.7176981982 1.1000000000 3.7769899047 4.1212210774 4.2738407349 0.0000000000
9.7193110132 1.1000000000 3.7769460614 4.1187533901 4.2726782868 0.0000000000
9.7209113536 1.1000000000 3.7768949446 4.1162355711 4.2714666920 0.0000000000
9.7225045563 1.1000000000 3.7768461940 4.1136890284 4.2702530724 0.0000000000
9.7240838351 1.1000000000 3.7768040919 4.1110879950 4.2690442509 0.0000000000
9.7256576486 1.1000000000 3.7767558397 4.1084674494 4.2678030236 0.0000000000
9.7271898921 1.1000000000 3.7767253497 4.1056953792 4.2665722354 0.0000000000
9.7287115981 1.1000000000 3.7766912670 4.1028873409 4.2653126895 0.0000000000
9.7302240140 1.1000000000 3.7766612061 4.1000477471 4.2640566082 0.0000000000
9.7317355623 1.1000000000 3.7766238793 4.0972081528 4.2627714633 0.0000000000
9.7332258751 1.1000000000 3.7765978162 4.0942956067 4.2615021927 0.0000000000
9.7347155711 1.1000000000 3.7765674195 4.0913819304 4.2602151354 0.0000000000
9.7361956067 1.1000000000 3.7765367828 4.0884376966 4.2589148950 0.0000000000
9.7376721170 1.1000000000 3.7765058438 4.0854823048 4.2576089822 0.0000000000
9.7391370824 1.1000000000 3.7764747849 4.0824913819 4.2562883773 0.0000000000
9.7405956529 1.1000000000 3.7764435123 4.0794809605 4.2549591183 0.0000000000
9.7420510726 1.1000000000 3.7764119720 4.0764610583 4.2536249965 0.0000000000
9.7434999764 1.1000000000 3.7763801854 4.0734216873 4.2522821019 0.0000000000
9.7449536782 1.1000000000 3.7763590853 4.0703959099 4.2509873904 0.0000000000
9.7464078635 1.1000000000 3.7763379357 4.0673716389 4.2496930836 0.0000000000
9.7478543430 1.1000000000 3.7763159862 4.0643243558 4.2483863724 0.0000000000
9.7492988355 1.1000000000 3.7762947416 4.0612712683 4.2470801587 0.0000000000
9.7507359212 1.1000000000 3.7762703646 4.0581965075 4.2457527467 0.0000000000
9.7521701649 1.1000000000 3.7762460015 4.0551134505 4.2444220715 0.0000000000
9.7536027752 1.1000000000 3.7762216416 4.0520255939 4.2430894890 0.0000000000
9.7550266884 1.1000000000 3.7761943543 4.0489129261 4.2417352730 0.0000000000
9.7564463850 1.1000000000 3.7761715239 4.0457879767 4.2403939715 0.0000000000
9.7578732342 1.1000000000 3.7761420606 4.0426839729 4.2390345169 0.0000000000
9.7592831721 1.1000000000 3.7761153235 4.0395319396 4.2376667549 0.0000000000
9.7606914143 1.1000000000 3.7760882134 4.0363749937 4.2362955362 0.0000000000
9.7620937297 1.1000000000 3.7760554240 4.0332019673 4.2348951681 0.0000000000
9.7634891033 1.1000000000 3.7760248063 4.0300098211 4.2334958386 0.0000000000
9.7648818623 1.1000000000 3.7759917460 4.0268105484 4.2320838886 0.0000000000
9.7662729471 1.1000000000 3.7759574360 4.0236068659 4.2306651756 0.0000000000
9.7676557831 1.1000000000 3.7759247982 4.0203808525 4.2292442190 0.0000000000
9.7690343188 1.1000000000 3.7758862965 4.0171439287 4.2277954425 0.0000000000
9.7704107621 1.1000000000 3.7758502578 4.0139010428 4.2263541334 0.0000000000
9.7717774091 1.1000000000 3.7758108698 4.0106326790 4.2248892362 0.0000000000
9.7731410059 1.1000000000 3.7757711691 4.0073563132 4.2234198869 0.0000000000
9.7744996252 1.1000000000 3.7757287554 4.0040673259 4.2219346370 0.0000000000
9.7758561685 1.1000000000 3.7756886805 4.0007729095 4.2204565709 0.0000000000
9.7772083246 1.1000000000 3.7756473069 3.9974673048 4.2189688347 0.0000000000
9.7785478197 1.1000000000 3.7756077136 3.9941302099 4.2174756236 0.0000000000
9.7798930748 1.1000000000 3.7755578934 3.9908077569 4.2159473614 0.0000000000
9.7812260717 1.1000000000 3.7755175949 3.9874541286 4.2144447163 0.0000000000
9.7825561664 1.1000000000 3.7754571089 3.9840947688 4.2128590284 0.0000000000
9.7838865207 1.1000000000 3.7754026064 3.9807352451 4.2112972089 0.0000000000
9.7851978776 1.1000000000 3.7753594359 3.9773287183 4.2097619160 0.0000000000
9.7865146384 1.1000000000 3.7753123768 3.9739353346 4.2082163262 0.0000000000
9.7878273489 1.1000000000 3.7752502403 3.9705336228 4.2066070957 0.0000000000
9.7891305959 1.1000000000 3.7751946353 3.9671086069 4.2050146691 0.0000000000
9.7904335276 1.1000000000 3.7751217633 3.9636844235 4.2033535076 0.0000000000
9.7917210248 1.1000000000 3.7750724672 3.9602220718 4.2017713827 0.0000000000
9.7930134576 1.1000000000 3.7750109072 3.9567721046 4.2001451559 0.0000000000
9.7942892057 1.1000000000 3.7749675799 3.9532821608 4.1985758692 0.0000000000
9.7955744471 1.1000000000 3.7749011110 3.9498159150 4.1969234951 0.0000000000
9.7968462240 1.1000000000 3.7748468420 3.9463175136 4.1953070584 0.0000000000
9.7981117352 1.1000000000 3.7747886120 3.9428054442 4.1936693110 0.0000000000
9.7993799914 1.1000000000 3.7747168857 3.9393010116 4.1919806325 0.0000000000
9.8006300621 1.1000000000 3.7746521956 3.9357551512 4.1903035278 0.0000000000
9.8018808006 1.1000000000 3.7745928448 3.9322101828 4.1886481373 0.0000000000
9.8031283740 1.1000000000 3.7745166689 3.9286602535 4.1869234621 0.0000000000
9.8043737761 1.1000000000 3.7744341681 3.9251064890 4.1851719534 0.0000000000
9.8056067859 1.1000000000 3.7743594883 3.9215246569 4.1834405013 0.0000000000
9.8068346150 1.1000000000 3.7742798515 3.9179324344 4.1816850650 0.0000000000
9.8080610185 1.1000000000 3.7741922387 3.9143382404 4.1798969361 0.0000000000
9.8092831047 1.1000000000 3.7741062750 3.9107347068 4.1781116677 0.0000000000
9.8104954747 1.1000000000 3.7740346577 3.9071088042 4.1763748377 0.0000000000
9.8117034948 1.1000000000 3.7739589690 3.9034743417 4.1746182977 0.0000000000
9.8129108277 1.1000000000 3.7738665908 3.8998408047 4.1727953701 0.0000000000
9.8141121662 1.1000000000 3.7737721505 3.8961951912 4.1709593638 0.0000000000
9.8153058179 1.1000000000 3.7736820154 3.8925331730 4.1691340161 0.0000000000
9.8164932362 1.1000000000 3.7735949382 3.8888580313 4.1673156506 0.0000000000
9.8176757744 1.1000000000 3.7735075225 3.8851731365 4.1654920299 0.0000000000
9.8188545574 1.1000000000 3.7734138785 3.8814817279 4.1636408902 0.0000000000
9.8200299433 1.1000000000 3.7733114220 3.8777849891 4.1617523689 0.0000000000
9.8212009035 1.1000000000 3.7732039698 3.8740803248 4.1598406943 0.0000000000
9.8223663125 1.1000000000 3.7730958321 3.8703648695 4.1579219613 0.0000000000
9.8235258509 1.1000000000 3.7729883160 3.8666378509 4.1560010893 0.0000000000
9.8246798287 1.1000000000 3.7728803827 3.8629001319 4.1540742689 0.0000000000
9.8258285740 1.1000000000 3.7727709337 3.8591526200 4.1521374681 0.0000000000
9.8269724406 1.1000000000 3.7726589395 3.8553962573 4.1501869460 0.0000000000
9.8281118132 1.1000000000 3.7725434502 3.8516320261 4.1482192964 0.0000000000
9.8292470776 1.1000000000 3.7724235205 3.8478609107 4.1462311316 0.0000000000
9.8303786029 1.1000000000 3.7722982478 3.8440838547 4.1442192183 0.0000000000
9.8315063383 1.1000000000 3.7721677727 3.8403008038 4.1421840974 0.0000000000
9.8326297997 1.1000000000 3.7720333144 3.8365106720 4.1401302115 0.0000000000
9.8337484825 1.1000000000 3.7718961419 3.8327123256 4.1380621829 0.0000000000
9.8348618825 1.1000000000 3.7717575241 3.8289046312 4.1359846341 0.0000000000
9.8359695156 1.1000000000 3.7716186763 3.8250865042 4.1339019921 0.0000000000
9.8370713357 1.1000000000 3.7714796546 3.8212579164 4.1318144701 0.0000000000
9.8381677191 1.1000000000 3.7713393973 3.8174198586 4.1297182180 0.0000000000
9.8392590590 1.1000000000 3.7711967974 3.8135733630 4.1276092198 0.0000000000
9.8403457489 1.1000000000 3.7710507475 3.8097194619 4.1254834600 0.0000000000
9.8414281822 1.1000000000 3.7709001407 3.8058591874 4.1233369227 0.0000000000
9.8425067523 1.1000000000 3.7707438696 3.8019935717 4.1211655923 0.0000000000
9.8435818525 1.1000000000 3.7705808273 3.7981236471 4.1189654531 0.0000000000
9.8446538762 1.1000000000 3.7704099064 3.7942504458 4.1167324893 0.0000000000
9.8457232169 1.1000000000 3.7702300000 3.7903750000 4.1144626852 0.0000000000
9.8551997631 1.1000000000 3.7685300000 3.7547000000 4.0933926852 0.0000000000
9.8587170994 1.1000000000 3.7677804363 3.7410050715 4.0849164588 0.0000000000
9.8621856336 1.1000000000 3.7669549624 3.7272591564 4.0761161975 0.0000000000
9.8656163685 1.1000000000 3.7660041212 3.7135054125 4.0668113351 0.0000000000
9.8690162512 1.1000000000 3.7649564330 3.6997469965 4.0571172160 0.0000000000
9.8723987783 1.1000000000 3.7637885309 3.6860232020 4.0469560894 0.0000000000
9.8757766449 1.1000000000 3.7624716785 3.6723763796 4.0362299510 0.0000000000
9.8791775324 1.1000000000 3.7608983758 3.6589370123 4.0245609931 0.0000000000
9.8826365767 1.1000000000 3.7590341700 3.6458284257 4.0118607354 0.0000000000
9.8862161791 1.1000000000 3.7567697690 3.6333341602 3.9978054251 0.0000000000
9.8900172060 1.1000000000 3.7537511398 3.6223579615 3.9813404288 0.0000000000
9.8940890148 1.1000000000 3.7495582245 3.6152417089 3.9617222668 0.0000000000
9.8978287791 1.1000000000 3.7443253709 3.6165670592 3.9413209923 0.0000000000
9.9004678320 1.1000000000 3.7394407279 3.6251322143 3.9252084823 0.0000000000
9.9023485209 1.1000000000 3.7351304327 3.6365226950 3.9125234941 0.0000000000
9.9038385698 1.1000000000 3.7311255287 3.6489406458 3.9014710581 0.0000000000
9.9051332924 1.1000000000 3.7272104719 3.6616728141 3.8909036983 0.0000000000
9.9063581410 1.1000000000 3.7231815371 3.6742241973 3.8798085125 0.0000000000
9.9076241098 1.1000000000 3.7187411219 3.6858314799 3.8666897646 0.0000000000
9.9091532930 1.1000000000 3.7132841325 3.6937679639 3.8480364007 0.0000000000
9.9108244030 1.1000000000 3.7075664139 3.6888036096 3.8231797847 0.0000000000
9.9119180993 1.1000000000 3.7041669831 3.6751367817 3.8041153303 0.0000000000
9.9126996587 1.1000000000 3.7019803233 3.6598253644 3.7892441241 0.0000000000
9.9133349437 1.1000000000 3.7003296355 3.6440513172 3.7763317540 0.0000000000
9.9138842493 1.1000000000 3.6990163505 3.6280603710 3.7646822355 0.0000000000
9.9143734673 1.1000000000 3.6979477153 3.6119436440 3.7539610040 0.0000000000
9.9148229647 1.1000000000 3.6970208555 3.5957646860 3.7437819816 0.0000000000
9.9152445956 1.1000000000 3.6961924605 3.5795478397 3.7339816629 0.0000000000
9.9156419606 1.1000000000 3.6954590135 3.5632985572 3.7245481619 0.0000000000
9.9160184617 1.1000000000 3.6948007734 3.5470260111 3.7154061834 0.0000000000
9.9163779991 1.1000000000 3.6942111154 3.5307347247 3.7065310367 0.0000000000
9.9167252416 1.1000000000 3.6936702925 3.5144310722 3.6978462841 0.0000000000
9.9170599957 1.1000000000 3.6931898765 3.4981140853 3.6893978251 0.0000000000
9.9173841402 1.1000000000 3.6927403443 3.4817901877 3.6810701376 0.0000000000
9.9176997863 1.1000000000 3.6923241425 3.4654597490 3.6728731546 0.0000000000
9.9180067608 1.1000000000 3.6919332486 3.4491243585 3.6647754229 0.0000000000
9.9183084013 1.1000000000 3.6915517607 3.4327869846 3.6567145216 0.0000000000
9.9186027237 1.1000000000 3.6912082726 3.4164434642 3.6488031614 0.0000000000
9.9188909373 1.1000000000 3.6908874744 3.4000964212 3.6409811511 0.0000000000
9.9191727731 1.1000000000 3.6905712052 3.3837480810 3.6331767383 0.0000000000
9.9194505152 1.1000000000 3.6902848998 3.3673959261 3.6254906549 0.0000000000
9.9197218884 1.1000000000 3.6900006919 3.3510428302 3.6178125850 0.0000000000
9.9199897310 1.1000000000 3.6897419970 3.3346867158 3.6102353597 0.0000000000
9.9202525261 1.1000000000 3.6894960192 3.3183288966 3.6027083206 0.0000000000
9.9205115683 1.1000000000 3.6892580067 3.3019699442 3.5952126898 0.0000000000
9.9207675428 1.1000000000 3.6890311869 3.2856097040 3.5877613146 0.0000000000
9.9210184414 1.1000000000 3.6888181718 3.2692478231 3.5803645017 0.0000000000
9.9212651547 1.1000000000 3.6885979233 3.2528861452 3.5729388364 0.0000000000
9.9215102656 1.1000000000 3.6884058845 3.2365220603 3.5656250473 0.0000000000
9.9217500724 1.1000000000 3.6882013027 3.2201584566 3.5582612787 0.0000000000
9.9219885074 1.1000000000 3.6880175606 3.2037931661 3.5509801938 0.0000000000
9.9222222336 1.1000000000 3.6878292896 3.1874277831 3.5436809569 0.0000000000
9.9224529436 1.1000000000 3.6876388174 3.1710623043 3.5363728763 0.0000000000
9.9226789319 1.1000000000 3.6874525857 3.1546963589 3.5290815716 0.0000000000
9.9229067890 1.1000000000 3.6872875796 3.1383288844 3.5218745574 0.0000000000
9.9231266228 1.1000000000 3.6871051715 3.1219618772 3.5145981220 0.0000000000
9.9233496013 1.1000000000 3.6869515249 3.1055933928 3.5074361418 0.0000000000
9.9235637911 1.1000000000 3.6867462573 3.0892277699 3.5000688225 0.0000000000
9.9237835129 1.1000000000 3.6865874926 3.0728592159 3.4928863418 0.0000000000
9.9239939606 1.1000000000 3.6864015180 3.0564918296 3.4855954888 0.0000000000
9.9242002386 1.1000000000 3.6862070707 3.0401247296 3.4782708598 0.0000000000
9.9244075368 1.1000000000 3.6860258138 3.0237568191 3.4709986678 0.0000000000
9.9246146457 1.1000000000 3.6858723592 3.0073872089 3.4638370056 0.0000000000
9.9248194572 1.1000000000 3.6857063851 2.9910181430 3.4566254827 0.0000000000
9.9250179481 1.1000000000 3.6855211502 2.9746497347 3.4493371800 0.0000000000
9.9252134762 1.1000000000 3.6853438630 2.9582805398 3.4420803532 0.0000000000
9.9254079146 1.1000000000 3.6851589876 2.9419119536 3.4347934168 0.0000000000
9.9255991652 1.1000000000 3.6849875827 2.9255420067 3.4275598187 0.0000000000
9.9257924197 1.1000000000 3.6848243543 2.9091718140 3.4203588280 0.0000000000
9.9259792825 1.1000000000 3.6846524219 2.8928016921 3.4131230494 0.0000000000
9.9261662494 1.1000000000 3.6844883293 2.8764312920 3.4059185191 0.0000000000
9.9263478217 1.1000000000 3.6843077185 2.8600613930 3.3986481165 0.0000000000
9.9265268804 1.1000000000 3.6841265981 2.8436912556 3.3913755797 0.0000000000
9.9267055860 1.1000000000 3.6839508904 2.8273208654 3.3841245927 0.0000000000
9.9268801812 1.1000000000 3.6837690660 2.8109506452 3.3768492071 0.0000000000
9.9270566198 1.1000000000 3.6836073466 2.7945791815 3.3696537444 0.0000000000
9.9272299261 1.1000000000 3.6834290783 2.7782084816 3.3623923910 0.0000000000
9.9273983211 1.1000000000 3.6832515920 2.7618373306 3.3551339854 0.0000000000
9.9275656310 1.1000000000 3.6830727204 2.7454662953 3.3478700849 0.0000000000
9.9277318916 1.1000000000 3.6828870006 2.7290956329 3.3405789409 0.0000000000
9.9278968633 1.1000000000 3.6827147857 2.7127240255 3.3333414382 0.0000000000
9.9280532631 1.1000000000 3.6825196730 2.6963534181 3.3260127444 0.0000000000
9.9282138319 1.1000000000 3.6823408727 2.6799819421 3.3187489528 0.0000000000
9.9283707797 1.1000000000 3.6821644490 2.6636101188 3.3114945288 0.0000000000
9.9285212305 1.1000000000 3.6819571068 2.6472400827 3.3041171455 0.0000000000
9.9286792047 1.1000000000 3.6817714499 2.6308692321 3.2968261776 0.0000000000
9.9288327043 1.1000000000 3.6815701252 2.6144990244 3.2894727958 0.0000000000
9.9289778625 1.1000000000 3.6813486192 2.5981298698 3.2820391100 0.0000000000
9.9291258702 1.1000000000 3.6811418559 2.5817598594 3.2746640525 0.0000000000
9.9292744410 1.1000000000 3.6809376486 2.5653895135 3.2672990849 0.0000000000
9.9294176262 1.1000000000 3.6807280859 2.5490193688 3.2599127762 0.0000000000
9.9295569159 1.1000000000 3.6805064683 2.5326499201 3.2524785264 0.0000000000
9.9296982481 1.1000000000 3.6802895176 2.5162802247 3.2450628455 0.0000000000
9.9298353370 1.1000000000 3.6800712655 2.4999104914 3.2376419437 0.0000000000
9.9299724215 1.1000000000 3.6798498248 2.4835410951 3.2302084225 0.0000000000
9.9301025181 1.1000000000 3.6796177668 2.4671720765 3.2227325830 0.0000000000
9.9302371689 1.1000000000 3.6794047102 2.4508017571 3.2153322289 0.0000000000
9.9303703889 1.1000000000 3.6791915474 2.4344312889 3.2079313902 0.0000000000
9.9304960328 1.1000000000 3.6789591583 2.4180620312 3.2004541310 0.0000000000
9.9306241420 1.1000000000 3.6787404629 2.4016917340 3.1930312305 0.0000000000
9.9307529123 1.1000000000 3.6785243403 2.3853213916 3.1856186029 0.0000000000
9.9308758507 1.1000000000 3.6782970632 2.3689516377 3.1781615932 0.0000000000
9.9309985876 1.1000000000 3.6780687223 2.3525819853 3.1707003686 0.0000000000
9.9311248976 1.1000000000 3.6778617723 2.3362106614 3.1633240389 0.0000000000
9.9312407255 1.1000000000 3.6776224712 2.3198415793 3.1558192016 0.0000000000
9.9313577521 1.1000000000 3.6773961924 2.3034714788 3.1483660461 0.0000000000
9.9314762976 1.1000000000 3.6771800086 2.2871005911 3.1409529561 0.0000000000
9.9315887986 1.1000000000 3.6769362112 2.2707318229 3.1334302593 0.0000000000
9.9317044536 1.1000000000 3.6766874656 2.2543636347 3.1258880016 0.0000000000
9.9318144491 1.1000000000 3.6764269770 2.2379963168 3.1182991200 0.0000000000
9.9319305548 1.1000000000 3.6761785784 2.2216282415 3.1107582953 0.0000000000
9.9320378058 1.1000000000 3.6759033748 2.2052623416 3.1031111211 0.0000000000
9.9321436979 1.1000000000 3.6756393921 2.1888952062 3.0955083359 0.0000000000
9.9322531859 1.1000000000 3.6753912634 2.1725266973 3.0879684176 0.0000000000
9.9323562427 1.1000000000 3.6751252602 2.1561596722 3.0803575950 0.0000000000
9.9324584694 1.1000000000 3.6748658098 2.1397919516 3.0727727052 0.0000000000
9.9325644945 1.1000000000 3.6746106722 2.1234239951 3.0652049720 0.0000000000
9.9326639829 1.1000000000 3.6743474147 2.1070565476 3.0576049630 0.0000000000
9.9327616626 1.1000000000 3.6740873552 2.0906887030 3.0500175872 0.0000000000
9.9328644707 1.1000000000 3.6738369423 2.0743203812 3.0424686068 0.0000000000
9.9329605710 1.1000000000 3.6735722766 2.0579529704 3.0348629797 0.0000000000
9.9330552056 1.1000000000 3.6733106164 2.0415851774 3.0272692217 0.0000000000
9.9331486311 1.1000000000 3.6730419384 2.0252180778 3.0196476700 0.0000000000
9.9332449637 1.1000000000 3.6727909290 2.0088493442 3.0120961388 0.0000000000
9.9333363168 1.1000000000 3.6725281395 1.9924815352 3.0044978574 0.0000000000
9.9334264380 1.1000000000 3.6722564780 1.9761146263 2.9968644476 0.0000000000
9.9335153473 1.1000000000 3.6719957986 1.9597465215 2.9892744881 0.0000000000
9.9336034530 1.1000000000 3.6717051657 1.9433815537 2.9815659694 0.0000000000
9.9336899411 1.1000000000 3.6714145986 1.9270165137 2.9738576850 0.0000000000
9.9337816954 1.1000000000 3.6711369466 1.9106503205 2.9662005998 0.0000000000
9.9338666458 1.1000000000 3.6708402079 1.8942859470 2.9584678955 0.0000000000
9.9339506042 1.1000000000 3.6705436055 1.8779215187 2.9507357145 0.0000000000
9.9340334464 1.1000000000 3.6702526687 1.8615564261 2.9430259303 0.0000000000
9.9341152741 1.1000000000 3.6699597122 1.8451915273 2.9353081450 0.0000000000
9.9341960217 1.1000000000 3.6696608225 1.8288272857 2.9275668894 0.0000000000
9.9342758679 1.1000000000 3.6693806809 1.8124610116 2.9198998133 0.0000000000
9.9343546464 1.1000000000 3.6690921725 1.7960955177 2.9121995824 0.0000000000
9.9344324712 1.1000000000 3.6687955367 1.7797308947 2.9044671896 0.0000000000
9.9345093388 1.1000000000 3.6685114779 1.7633648697 2.8967845446 0.0000000000
9.9345853581 1.1000000000 3.6682169361 1.7470000327 2.8890604428 0.0000000000
9.9346603281 1.1000000000 3.6679249213 1.7306348681 2.8813463176 0.0000000000
9.9347344681 1.1000000000 3.6676357917 1.7142693319 2.8736435847 0.0000000000
9.9348076006 1.1000000000 3.6673482495 1.6979036173 2.8659471301 0.0000000000
9.9348799003 1.1000000000 3.6670586816 1.6815380776 2.8582426427 0.0000000000
9.9349514632 1.1000000000 3.6667442498 1.6651754447 2.8504398624 0.0000000000
9.9350222257 1.1000000000 3.6664251640 1.6488133237 2.8426186706 0.0000000000
9.9350921217 1.1000000000 3.6661129716 1.6324503470 2.8348247103 0.0000000000
9.9351611451 1.1000000000 3.6658022110 1.6160871304 2.8270363811 0.0000000000
9.9352293593 1.1000000000 3.6654850683 1.5997246915 2.8192228350 0.0000000000
9.9352966225 1.1000000000 3.6651747006 1.5833614216 2.8114360562 0.0000000000
9.9353632997 1.1000000000 3.6648553789 1.5669992298 2.8036138927 0.0000000000
9.9354291344 1.1000000000 3.6645204588 1.5506389284 2.7957300916 0.0000000000
9.9354940872 1.1000000000 3.6642191867 1.5342744707 2.7879792201 0.0000000000
9.9355583957 1.1000000000 3.6638934889 1.5179129975 2.7801318396 0.0000000000
9.9356217671 1.1000000000 3.6635813525 1.5015498348 2.7723380290 0.0000000000
9.9356846190 1.1000000000 3.6632588975 1.4851879342 2.7645034487 0.0000000000
9.9357466823 1.1000000000 3.6629308348 1.4688267059 2.7566467066 0.0000000000
9.9358083235 1.1000000000 3.6626126736 1.4524642501 2.7488290798 0.0000000000
9.9358687953 1.1000000000 3.6623006828 1.4361009543 2.7410357982 0.0000000000
9.9359287193 1.1000000000 3.6619809426 1.4197385814 2.7332118882 0.0000000000
9.9359881171 1.1000000000 3.6616454909 1.4033782102 2.7253259328 0.0000000000
9.9360469220 1.1000000000 3.6613028174 1.3870187918 2.7174114716 0.0000000000
9.9361051182 1.1000000000 3.6609586308 1.3706595155 2.7094910146 0.0000000000
9.9361627417 1.1000000000 3.6606237154 1.3542991462 2.7016072053 0.0000000000
9.9362198417 1.1000000000 3.6602729539 1.3379407524 2.6936608018 0.0000000000
9.9362763684 1.1000000000 3.6599392632 1.3215800863 2.6857817726 0.0000000000
9.9363323783 1.1000000000 3.6596034645 1.3052196903 2.6778944193 0.0000000000
9.9363880238 1.1000000000 3.6592603446 1.2888602517 2.6699781642 0.0000000000
9.9364431148 1.1000000000 3.6589280254 1.2724994128 2.6621045520 0.0000000000
9.9364978386 1.1000000000 3.6585960973 1.2561385107 2.6542324785 0.0000000000
9.9365522558 1.1000000000 3.6582518467 1.2397792247 2.6463117618 0.0000000000
9.9366063148 1.1000000000 3.6579225645 1.2234179127 2.6384501081 0.0000000000
9.9366601274 1.1000000000 3.6575913945 1.2070568231 2.6305809926 0.0000000000
9.9367138138 1.1000000000 3.6572563103 1.1906962294 2.6226964179 0.0000000000
9.9367673313 1.1000000000 3.6569185310 1.1743361674 2.6148012762 0.0000000000
9.9368210476 1.1000000000 3.6565547760 1.1579794803 2.6068035814 0.0000000000
9.9368748330 1.1000000000 3.6561949185 1.1416221810 2.5988212315 0.0000000000
9.9369288492 1.1000000000 3.6558333232 1.1252651965 2.5908320565 0.0000000000
9.9369834675 1.1000000000 3.6554713800 1.1089083483 2.5828415445 0.0000000000
9.9370388267 1.1000000000 3.6551194917 1.0925500659 2.5748906784 0.0000000000
9.9370956174 1.1000000000 3.6547535041 1.0761937915 2.5668842182 0.0000000000
9.9371542618 1.1000000000 3.6543797112 1.0598387387 2.5588470252 0.0000000000
9.9372157239 1.1000000000 3.6540393321 1.0434791556 2.5509416758 0.0000000000
9.9372818755 1.1000000000 3.6537066149 1.0271187690 2.5430666522 0.0000000000
9.9373569330 1.1000000000 3.6533627287 1.0107600503 2.5351476199 0.0000000000
9.9374542015 1.1000000000 3.6530460274 0.9943987369 2.5273362896 0.0000000000
9.9376887816 1.1000000000 3.6531538240 0.9924349275 2.5269819520 0.0000000000
9.9377694520 1.1000000000 3.6535860319 1.0087800155 2.5352488190 0.0000000000
9.9378228666 1.1000000000 3.6540171982 1.0251262182 2.5435119653 0.0000000000
9.9378655749 1.1000000000 3.6544365460 1.0414747932 2.5517287866 0.0000000000
9.9379023732 1.1000000000 3.6548373882 1.0578263716 2.5598727865 0.0000000000
9.9379355491 1.1000000000 3.6552749829 1.0741721527 2.5681614780 0.0000000000
9.9379662005 1.1000000000 3.6557234672 1.0905161217 2.5764930027 0.0000000000
9.9379952049 1.1000000000 3.6561434633 1.1068647615 2.5847124432 0.0000000000
9.9380234920 1.1000000000 3.6565721792 1.1232120469 2.5929662207 0.0000000000
9.9380515624 1.1000000000 3.6569981372 1.1395598036 2.6012091553 0.0000000000
9.9380803073 1.1000000000 3.6573901243 1.1559130375 2.6093183973 0.0000000000
9.9381041892 1.1000000000 3.6577776701 1.1722845467 2.6174171842 0.0000000000
9.9381694196 1.1000000000 3.6576694591 1.1653025343 2.6141915352 0.0000000000
9.9381991516 1.1000000000 3.6573222039 1.1489844238 2.6062752703 0.0000000000
9.9382347323 1.1000000000 3.6569681538 1.1326291297 2.5983169522 0.0000000000
9.9382799831 1.1000000000 3.6565898864 1.1162743114 2.5902619552 0.0000000000
9.9383237972 1.1000000000 3.6562143883 1.0999190701 2.5822178664 0.0000000000
9.9383677687 1.1000000000 3.6558303622 1.0835652456 2.5741402321 0.0000000000
9.9384119220 1.1000000000 3.6554287530 1.0672139519 2.5659932777 0.0000000000
9.9384558391 1.1000000000 3.6550718103 1.0508561564 2.5580223887 0.0000000000
9.9384995125 1.1000000000 3.6547187175 1.0344977658 2.5500666615 0.0000000000
9.9385431191 1.1000000000 3.6543459603 1.0181421856 2.5420334004 0.0000000000
9.9385864036 1.1000000000 3.6539801913 1.0017856141 2.5340276960 0.0000000000
9.9386293138 1.1000000000 3.6536309109 0.9854267310 2.5260870212 0.0000000000
9.9386719600 1.1000000000 3.6532658384 0.9690699460 2.5180840173 0.0000000000
9.9387144530 1.1000000000 3.6528769631 0.9527167423 2.5099872346 0.0000000000
9.9387564093 1.1000000000 3.6525128819 0.9363598790 2.5019881643 0.0000000000
9.9387979595 1.1000000000 3.6521551413 0.9200021868 2.4940141250 0.0000000000
9.9388392173 1.1000000000 3.6517854313 0.9036461007 2.4859928507 0.0000000000
9.9388801245 1.1000000000 3.6514041897 0.8872916565 2.4779261064 0.0000000000
9.9389205943 1.1000000000 3.6510186792 0.8709378612 2.4698425466 0.0000000000
9.9389607361 1.1000000000 3.6506407032 0.8545830202 2.4617887060 0.0000000000
9.9390004252 1.1000000000 3.6502566443 0.8382289886 2.4537108576 0.0000000000
9.9390397433 1.1000000000 3.6498601948 0.8218767691 2.4455841722 0.0000000000
9.9390786097 1.1000000000 3.6494834327 0.8055217175 2.4375351030 0.0000000000
9.9391171965 1.1000000000 3.6490865309 0.7891696945 2.4294066864 0.0000000000
9.9391551769 1.1000000000 3.6487151475 0.7728138110 2.4213787997 0.0000000000
9.9391928651 1.1000000000 3.6483454018 0.7564576729 2.4133573617 0.0000000000
9.9392300950 1.1000000000 3.6479608703 0.7401037510 2.4052776666 0.0000000000
9.9392668315 1.1000000000 3.6475973574 0.7237466483 2.3972807741 0.0000000000
9.9393031943 1.1000000000 3.6472261681 0.7073906294 2.3892536092 0.0000000000
9.9393392612 1.1000000000 3.6468520616 0.6910352386 2.3812150269 0.0000000000
9.9393748889 1.1000000000 3.6464469786 0.6746844282 2.3730543710 0.0000000000
9.9394101377 1.1000000000 3.6460492962 0.6583324487 2.3649228494 0.0000000000
9.9394449905 1.1000000000 3.6456420781 0.6419818746 2.3567537472 0.0000000000
9.9394794316 1.1000000000 3.6452460121 0.6256295554 2.3486285558 0.0000000000
9.9395134934 1.1000000000 3.6448347611 0.6092796402 2.3404435856 0.0000000000
9.9395470063 1.1000000000 3.6444472373 0.5929261676 2.3323521014 0.0000000000
9.9395802379 1.1000000000 3.6440617817 0.5765722413 2.3242687086 0.0000000000
9.9396130260 1.1000000000 3.6436583533 0.5602210553 2.3161145203 0.0000000000
9.9396453611 1.1000000000 3.6432781048 0.5438664778 2.3080516954 0.0000000000
9.9396773788 1.1000000000 3.6428935304 0.5275125718 2.2999718354 0.0000000000
9.9397090243 1.1000000000 3.6424955221 0.5111608671 2.2918391203 0.0000000000
9.9397402336 1.1000000000 3.6421218779 0.4948053319 2.2838023296 0.0000000000
9.9397711369 1.1000000000 3.6417180271 0.4784543035 2.2756465149 0.0000000000
9.9398017419 1.1000000000 3.6413031614 0.4621048861 2.2674472851 0.0000000000
9.9398319994 1.1000000000 3.6408818786 0.4457565351 2.2592228134 0.0000000000
9.9398617938 1.1000000000 3.6404549981 0.4294091137 2.2509763232 0.0000000000
9.9398912209 1.1000000000 3.6400634015 0.4130562269 2.2428687821 0.0000000000
9.9399203643 1.1000000000 3.6396420334 0.3967078701 2.2346439670 0.0000000000
9.9399491024 1.1000000000 3.6392242058 0.3803592380 2.2264332034 0.0000000000
9.9399774554 1.1000000000 3.6388284538 0.3640068946 2.2183092582 0.0000000000
9.9400055184 1.1000000000 3.6384093142 0.3476586601 2.2100934059 0.0000000000
9.9400332061 1.1000000000 3.6380049671 0.3313076760 2.2019356239 0.0000000000
9.9400605612 1.1000000000 3.6376133761 0.3149546559 2.1938280518 0.0000000000
9.9400875388 1.1000000000 3.6372329216 0.2985998378 2.1857643068 0.0000000000
9.9401142158 1.1000000000 3.6368288485 0.2822488252 2.1776076093 0.0000000000
9.9401406910 1.1000000000 3.6363971622 0.2659022019 2.1693422147 0.0000000000
9.9401668871 1.1000000000 3.6359580768 0.2495568755 2.1610477427 0.0000000000
9.9401926528 1.1000000000 3.6355389310 0.2332081817 2.1528316819 0.0000000000
9.9402182260 1.1000000000 3.6351023195 0.2168624674 2.1445469501 0.0000000000
9.9402434911 1.1000000000 3.6346766731 0.2005148693 2.1363053251 0.0000000000
9.9402685017 1.1000000000 3.6342604830 0.1841656342 2.1281008707 0.0000000000
9.9402933973 1.1000000000 3.6338078573 0.1678226254 2.1197531645 0.0000000000
9.9403178765 1.1000000000 3.6334007582 0.1514722929 2.1115846352 0.0000000000
9.9403422373 1.1000000000 3.6329970283 0.1351211873 2.1034292733 0.0000000000
9.9403662954 1.1000000000 3.6325947006 0.1187700733 2.0952795168 0.0000000000
9.9403901115 1.1000000000 3.6322047606 0.1024168808 2.0871784800 0.0000000000
9.9404135839 1.1000000000 3.6317852357 0.0860685622 2.0789610529 0.0000000000
9.9404365448 1.1000000000 3.6313285932 0.0697261328 2.0705975109 0.0000000000
9.9404592496 1.1000000000 3.6308771006 0.0533830540 2.0622543093 0.0000000000
9.9404816921 1.1000000000 3.6304178258 0.0370410392 2.0538804041 0.0000000000
9.9405037609 1.1000000000 3.6299856504 0.0206943774 2.0456130379 0.0000000000
9.9405256206 1.1000000000 3.6295575575 0.0043471357 2.0373617693 0.0000000000
9.9405472582 1.1000000000 3.6290795192 -0.0119909554 2.0289143798 0.0000000000
9.9405685286 1.1000000000 3.6286591393 -0.0283390315 2.0206936298 0.0000000000
9.9405895271 1.1000000000 3.6282530828 -0.0446896594 2.0125291527 0.0000000000
9.9406102956 1.1000000000 3.6278219641 -0.0610362484 2.0042660421 0.0000000000
9.9406307984 1.1000000000 3.6274181826 -0.0773872491 1.9961105159 0.0000000000
9.9406510207 1.1000000000 3.6270120830 -0.0937378933 1.9879458597 0.0000000000
9.9406710902 1.1000000000 3.6265535227 -0.1100799841 1.9795747823 0.0000000000
9.9406908764 1.1000000000 3.6260904790 -0.1264212978 1.9711860822 0.0000000000
9.9407104775 1.1000000000 3.6256119468 -0.1427598952 1.9627365142 0.0000000000
9.9407297927 1.1000000000 3.6251725531 -0.1591051587 1.9544408342 0.0000000000
9.9407488592 1.1000000000 3.6247160178 -0.1754474193 1.9460777886 0.0000000000
9.9407676966 1.1000000000 3.6242475356 -0.1917876603 1.9376677634 0.0000000000
9.9407863279 1.1000000000 3.6238163064 -0.2081338627 1.9294043657 0.0000000000
9.9408047153 1.1000000000 3.6233905292 -0.2244813893 1.9211622464 0.0000000000
9.9408229521 1.1000000000 3.6229248922 -0.2408215773 1.9127636232 0.0000000000
9.9408408586 1.1000000000 3.6225178250 -0.2571724471 1.9045950062 0.0000000000
9.9408585618 1.1000000000 3.6221068824 -0.2735227159 1.8964111284 0.0000000000
9.9408760867 1.1000000000 3.6216527291 -0.2898652663 1.8880574948 0.0000000000
9.9408933753 1.1000000000 3.6211791154 -0.3062044674 1.8796273597 0.0000000000
9.9409104296 1.1000000000 3.6207056674 -0.3225436239 1.8711979051 0.0000000000
9.9409273277 1.1000000000 3.6202207611 -0.3388803362 1.8627235949 0.0000000000
9.9409439785 1.1000000000 3.6197425193 -0.3552186841 1.8542752887 0.0000000000
9.9409604158 1.1000000000 3.6192711029 -0.3715582809 1.8458537843 0.0000000000
9.9409766820 1.1000000000 3.6188363577 -0.3879047076 1.8375762330 0.0000000000
9.9409927305 1.1000000000 3.6183734794 -0.4042456064 1.8291883603 0.0000000000
9.9410085448 1.1000000000 3.6179292868 -0.4205898620 1.8208738875 0.0000000000
9.9410241898 1.1000000000 3.6175039284 -0.4369374943 1.8126334012 0.0000000000
9.9410396007 1.1000000000 3.6170861828 -0.4532862881 1.8044229010 0.0000000000
9.9410548858 1.1000000000 3.6166138327 -0.4696259288 1.7959976445 0.0000000000
9.9410700017 1.1000000000 3.6161154336 -0.4859604539 1.7874702378 0.0000000000
9.9410849643 1.1000000000 3.6156321253 -0.5022980650 1.7790019605 0.0000000000
9.9410997230 1.1000000000 3.6151766289 -0.5186407843 1.7706428870 0.0000000000
9.9411142939 1.1000000000 3.6146894852 -0.5349776015 1.7621595855 0.0000000000
9.9411287094 1.1000000000 3.6141879665 -0.5513110232 1.7536201420 0.0000000000
9.9411429306 1.1000000000 3.6137219944 -0.5676519085 1.7452198994 0.0000000000
9.9411569791 1.1000000000 3.6132436549 -0.5839907417 1.7367710080 0.0000000000
9.9411708563 1.1000000000 3.6127998015 -0.6003346316 1.7284580386 0.0000000000
9.9411845637 1.1000000000 3.6123672625 -0.6166808401 1.7201893991 0.0000000000
9.9411981166 1.1000000000 3.6119278104 -0.6330257829 1.7118936135 0.0000000000
9.9412115725 1.1000000000 3.6114178567 -0.6493576300 1.7033210599 0.0000000000
9.9412248400 1.1000000000 3.6109144103 -0.6656908957 1.6947739681 0.0000000000
9.9412379510 1.1000000000 3.6104255986 -0.6820269444 1.6862843019 0.0000000000
9.9412509193 1.1000000000 3.6099495993 -0.6983655908 1.6778448462 0.0000000000
9.9412637376 1.1000000000 3.6094432939 -0.7146989384 1.6692862853 0.0000000000
9.9412763778 1.1000000000 3.6089723301 -0.7310384547 1.6608666238 0.0000000000
9.9412889031 1.1000000000 3.6084872034 -0.7473749984 1.6523914992 0.0000000000
9.9413012621 1.1000000000 3.6079894505 -0.7637096272 1.6438666362 0.0000000000
9.9413134356 1.1000000000 3.6075584819 -0.7800562329 1.6356041195 0.0000000000
9.9413254805 1.1000000000 3.6071232431 -0.7964020465 1.6273248388 0.0000000000
9.9413374243 1.1000000000 3.6066218647 -0.8127357099 1.6187858598 0.0000000000
9.9413492263 1.1000000000 3.6061056014 -0.8290666282 1.6101884396 0.0000000000
9.9413609071 1.1000000000 3.6055533148 -0.8453908402 1.6014496081 0.0000000000
9.9413723979 1.1000000000 3.6050827344 -0.8617301798 1.5930315508 0.0000000000
9.9413837695 1.1000000000 3.6045651825 -0.8780600772 1.5844293843 0.0000000000
9.9413950103 1.1000000000 3.6040488931 -0.8943909305 1.5758318853 0.0000000000
9.9414060770 1.1000000000 3.6035547994 -0.9107259134 1.5673215174 0.0000000000
9.9414170256 1.1000000000 3.6030936271 -0.9270671604 1.5589403295 0.0000000000
9.9414278409 1.1000000000 3.6026151017 -0.9434050874 1.5504910569 0.0000000000
9.9414385186 1.1000000000 3.6021746291 -0.9597504735 1.5421910122 0.0000000000
9.9414491034 1.1000000000 3.6016705084 -0.9760833882 1.5336413634 0.0000000000
9.9414595656 1.1000000000 3.6011434832 -0.9924118005 1.5250018977 0.0000000000
9.9414699088 1.1000000000 3.6006046024 -1.0087378889 1.5163159391 0.0000000000
9.9414801314 1.1000000000 3.6000513388 -1.0250603776 1.5075738892 0.0000000000
9.9414902288 1.1000000000 3.5995468845 -1.0413933941 1.4990228657 0.0000000000
9.9415002073 1.1000000000 3.5990174972 -1.0577212927 1.4903741568 0.0000000000
9.9415100756 1.1000000000 3.5985168569 -1.0740551100 1.4818380687 0.0000000000
9.9415198083 1.1000000000 3.5980421681 -1.0903943391 1.4734036217 0.0000000000
9.9415294374 1.1000000000 3.5975622998 -1.1067320457 1.4649490663 0.0000000000
9.9415389234 1.1000000000 3.5971104604 -1.1230744740 1.4566047369 0.0000000000
9.9415483604 1.1000000000 3.5965696168 -1.1393994642 1.4479113665 0.0000000000
9.9415576619 1.1000000000 3.5960069105 -1.1557202683 1.4391322200 0.0000000000
9.9415668664 1.1000000000 3.5954469216 -1.1720416807 1.4303636995 0.0000000000
9.9415759604 1.1000000000 3.5948821458 -1.1883619756 1.4215764783 0.0000000000
9.9415849158 1.1000000000 3.5943679053 -1.2046928332 1.4129871731 0.0000000000
9.9415937815 1.1000000000 3.5938652664 -1.2210264595 1.4044431668 0.0000000000
9.9416025840 1.1000000000 3.5933161282 -1.2373501097 1.3957171542 0.0000000000
9.9416112332 1.1000000000 3.5928539413 -1.2536908695 1.3873321028 0.0000000000
9.9416197942 1.1000000000 3.5923759317 -1.2700287991 1.3788848925 0.0000000000
9.9416282856 1.1000000000 3.5918919367 -1.2863646316 1.3704145794 0.0000000000
9.9416367280 1.1000000000 3.5912964041 -1.3026779648 1.3615071158 0.0000000000
9.9416450589 1.1000000000 3.5906909974 -1.3189891459 1.3525610165 0.0000000000
9.9416532855 1.1000000000 3.5901610290 -1.3353170296 1.3439099893 0.0000000000
9.9416614216 1.1000000000 3.5896078664 -1.3516401874 1.3351680759 0.0000000000
9.9416694673 1.1000000000 3.5890216301 -1.3679543615 1.3262974610 0.0000000000
9.9416774178 1.1000000000 3.5885287991 -1.3842891488 1.3177922218 0.0000000000
9.9416852199 1.1000000000 3.5880280399 -1.4006218552 1.3092561026 0.0000000000
9.9416929259 1.1000000000 3.5875130826 -1.4169519616 1.3006642311 0.0000000000
9.9417005197 1.1000000000 3.5870494974 -1.4332919283 1.2922739036 0.0000000000
9.9417080620 1.1000000000 3.5864369267 -1.4496006193 1.2833001444 0.0000000000
9.9417155067 1.1000000000 3.5858519106 -1.4659163624 1.2744337828 0.0000000000
9.9417228568 1.1000000000 3.5852462028 -1.4822279677 1.2654863092 0.0000000000
9.9417301259 1.1000000000 3.5846464769 -1.4985403104 1.2565624686 0.0000000000
9.9417373035 1.1000000000 3.5841329465 -1.5148709414 1.2479760947 0.0000000000
9.9417444025 1.1000000000 3.5835711826 -1.5311922158 1.2392005291 0.0000000000
9.9417514002 1.1000000000 3.5830394480 -1.5475184148 1.2305431112 0.0000000000
9.9417583233 1.1000000000 3.5825533730 -1.5638540764 1.2220645468 0.0000000000
9.9417651460 1.1000000000 3.5820565115 -1.5801874661 1.2135437448 0.0000000000
9.9417719482 1.1000000000 3.5814248038 -1.5964923030 1.2044949792 0.0000000000
9.9417786574 1.1000000000 3.5807778424 -1.6127938943 1.1953864971 0.0000000000
9.9417852873 1.1000000000 3.5801731199 -1.6291052402 1.1864430687 0.0000000000
9.9417918473 1.1000000000 3.5795947731 -1.6454214880 1.1776031822 0.0000000000
9.9417983307 1.1000000000 3.5789686856 -1.6617286761 1.1685759569 0.0000000000
9.9418047231 1.1000000000 3.5784289777 -1.6780534793 1.1598872042 0.0000000000
9.9418110332 1.1000000000 3.5779095785 -1.6943823110 1.1512780747 0.0000000000
9.9418172762 1.1000000000 3.5773543440 -1.7107035675 1.1425286341 0.0000000000
9.9418234626 1.1000000000 3.5768323074 -1.7270317730 1.1339092054 0.0000000000
9.9418295936 1.1000000000 3.5761543694 -1.7433253642 1.1246800170 0.0000000000
9.9418356440 1.1000000000 3.5755522501 -1.7596366134 1.1157470402 0.0000000000
9.9418416411 1.1000000000 3.5749267600 -1.7759425674 1.1067226981 0.0000000000
9.9418475725 1.1000000000 3.5742725878 -1.7922409908 1.0975866399 0.0000000000
9.9418534195 1.1000000000 3.5737430140 -1.8085679003 1.0889375808 0.0000000000
9.9418591981 1.1000000000 3.5732001152 -1.8248917555 1.0802364439 0.0000000000
9.9418649219 1.1000000000 3.5726259896 -1.8412088904 1.0714130874 0.0000000000
9.9418705844 1.1000000000 3.5721252957 -1.8575423966 1.0628769095 0.0000000000
9.9418762051 1.1000000000 3.5714538630 -1.8738371338 1.0536732835 0.0000000000
9.9418817530 1.1000000000 3.5707996268 -1.8901353619 1.0445370474 0.0000000000
9.9418872562 1.1000000000 3.5701227648 -1.9064280773 1.0353125133 0.0000000000
9.9418926910 1.1000000000 3.5694680422 -1.9227258691 1.0261745062 0.0000000000
9.9418980779 1.1000000000 3.5689032121 -1.9390454205 1.0173873652 0.0000000000
9.9419033976 1.1000000000 3.5682873518 -1.9553524068 1.0084011297 0.0000000000
9.9419086504 1.1000000000 3.5677132316 -1.9716694386 0.9995778359 0.0000000000
9.9419138543 1.1000000000 3.5671782268 -1.9879960321 0.9909071793 0.0000000000
9.9419190240 1.1000000000 3.5665172421 -2.0042915526 0.9817450327 0.0000000000
9.9419241344 1.1000000000 3.5658410941 -2.0205831033 0.9725238201 0.0000000000
9.9419292021 1.1000000000 3.5651333701 -2.0368666468 0.9631795068 0.0000000000
9.9419342013 1.1000000000 3.5644933836 -2.0531676695 0.9540991516 0.0000000000
9.9419391474 1.1000000000 3.5639231532 -2.0694871975 0.9452904188 0.0000000000
9.9419440469 1.1000000000 3.5632522204 -2.0857798798 0.9360896149 0.0000000000
9.9419488917 1.1000000000 3.5627057264 -2.1021048900 0.9273736347 0.0000000000
9.9419536846 1.1000000000 3.5621558423 -2.1184291667 0.9186443875 0.0000000000
9.9419584351 1.1000000000 3.5614822655 -2.1347212311 0.9094332547 0.0000000000
9.9419631470 1.1000000000 3.5607427106 -2.1509952863 0.8999654132 0.0000000000
9.9419678019 1.1000000000 3.5600079043 -2.1672706959 0.8905160238 0.0000000000
9.9419723894 1.1000000000 3.5593825915 -2.1835767464 0.8814923524 0.0000000000
9.9419769391 1.1000000000 3.5587160896 -2.1998713756 0.8723084934 0.0000000000
9.9419814364 1.1000000000 3.5580485851 -2.2161646881 0.8631211504 0.0000000000
9.9419858752 1.1000000000 3.5574787180 -2.2324836551 0.8543140951 0.0000000000
9.9419902795 1.1000000000 3.5568959041 -2.2487980368 0.8454570867 0.0000000000
9.9419946450 1.1000000000 3.5561728599 -2.2650766048 0.8360534830 0.0000000000
9.9419989628 1.1000000000 3.5554331275 -2.2813500587 0.8265851718 0.0000000000
9.9420032371 1.1000000000 3.5547563089 -2.2976413658 0.8173613746 0.0000000000
9.9420074605 1.1000000000 3.5541469096 -2.3139517534 0.8083996220 0.0000000000
9.9420116496 1.1000000000 3.5534719923 -2.3302450121 0.7991826493 0.0000000000
9.9420157857 1.1000000000 3.5528450361 -2.3465471690 0.7901539618 0.0000000000
9.9420198822 1.1000000000 3.5522578576 -2.3628602274 0.7812800245 0.0000000000
9.9420239456 1.1000000000 3.5515508450 -2.3791393435 0.7719403279 0.0000000000
9.9420279754 1.1000000000 3.5507967765 -2.3954087795 0.7624162795 0.0000000000
9.9420319558 1.1000000000 3.5500064502 -2.4116667756 0.7527517756 0.0000000000
9.9420358894 1.1000000000 3.5493144583 -2.4279526210 0.7434694698 0.0000000000
9.9420397862 1.1000000000 3.5486747930 -2.4442533489 0.7343905174 0.0000000000
9.9420436431 1.1000000000 3.5479334161 -2.4605279780 0.7249151584 0.0000000000
9.9420474548 1.1000000000 3.5473523900 -2.4768396537 0.7160663838 0.0000000000
9.9420512395 1.1000000000 3.5466667162 -2.4931254505 0.7068093698 0.0000000000
9.9420549846 1.1000000000 3.5459266069 -2.5093978349 0.6973399787 0.0000000000
9.9420586984 1.1000000000 3.5451666936 -2.5256690274 0.6877918487 0.0000000000
9.9420623727 1.1000000000 3.5444322768 -2.5419470357 0.6783429780 0.0000000000
9.9420660083 1.1000000000 3.5437921404 -2.5582454823 0.6692630537 0.0000000000
9.9420696128 1.1000000000 3.5431491758 -2.5745429200 0.6601722203 0.0000000000
9.9420731822 1.1000000000 3.5424782518 -2.5908340575 0.6509720694 0.0000000000
9.9420767215 1.1000000000 3.5418239114 -2.6071253974 0.6418381719 0.0000000000
9.9420802350 1.1000000000 3.5409466215 -2.6233547333 0.6318372778 0.0000000000
9.9420837094 1.1000000000 3.5402529439 -2.6396380384 0.6225492455 0.0000000000
9.9420871521 1.1000000000 3.5394790873 -2.6559031748 0.6129477644 0.0000000000
9.9420905638 1.1000000000 3.5387750786 -2.6721841486 0.6036193401 0.0000000000
9.9420939404 1.1000000000 3.5381181881 -2.6884758427 0.5944751005 0.0000000000
9.9420972809 1.1000000000 3.5374566785 -2.7047662572 0.5853128962 0.0000000000
9.9421005987 1.1000000000 3.5367537643 -2.7210459622 0.5759893575 0.0000000000
9.9421038924 1.1000000000 3.5359458969 -2.7372974831 0.5662572795 0.0000000000
9.9421071606 1.1000000000 3.5351941921 -2.7535643381 0.5567437183 0.0000000000
9.9421103962 1.1000000000 3.5344803188 -2.7698408515 0.5473776196 0.0000000000
9.9421135947 1.1000000000 3.5336991059 -2.7860988372 0.5377495739 0.0000000000
9.9421167533 1.1000000000 3.5330019292 -2.8023801843 0.5284483280 0.0000000000
9.9421198973 1.1000000000 3.5323064550 -2.8186602792 0.5191543937 0.0000000000
9.9421230019 1.1000000000 3.5315681197 -2.8349281768 0.5096938932 0.0000000000
9.9421260808 1.1000000000 3.5307929581 -2.8511863063 0.5000899950 0.0000000000
9.9421291247 1.1000000000 3.5300027989 -2.8674395017 0.4904280803 0.0000000000
9.9421321380 1.1000000000 3.5292478428 -2.8837020312 0.4809032441 0.0000000000
9.9421351251 1.1000000000 3.5284574821 -2.8999530941 0.4712413757 0.0000000000
9.9421380834 1.1000000000 3.5276825253 -2.9162080163 0.4616395798 0.0000000000
9.9421410118 1.1000000000 3.5269361932 -2.9324719136 0.4521486923 0.0000000000
9.9421439142 1.1000000000 3.5262603655 -2.9487554565 0.4429319644 0.0000000000
9.9421467915 1.1000000000 3.5254875136 -2.9650104076 0.4333385765 0.0000000000
9.9421496388 1.1000000000 3.5246837811 -2.9812560906 0.4236253732 0.0000000000
9.9421524610 1.1000000000 3.5238700682 -2.9974986575 0.4138734951 0.0000000000
9.9421552591 1.1000000000 3.5231413447 -3.0137669286 0.4044512926 0.0000000000
9.9421580288 1.1000000000 3.5224440236 -3.0300452553 0.3951506775 0.0000000000
9.9421607929 1.1000000000 3.5216672986 -3.0462985681 0.3855424523 0.0000000000
9.9421635134 1.1000000000 3.5208702479 -3.0625450298 0.3758556648 0.0000000000
9.9421662123 1.1000000000 3.5200818026 -3.0787949781 0.3662019044 0.0000000000
9.9421688827 1.1000000000 3.5192837549 -3.0950417252 0.3565110146 0.0000000000
9.9421715321 1.1000000000 3.5184698908 -3.1112830857 0.3467590142 0.0000000000
9.9421741588 1.1000000000 3.5176590485 -3.1275243682 0.3370191319 0.0000000000
9.9421767590 1.1000000000 3.5167824755 -3.1437422426 0.3270256901 0.0000000000
9.9421793365 1.1000000000 3.5159560325 -3.1599787603 0.3172253111 0.0000000000
9.9421818931 1.1000000000 3.5151633077 -3.1762251665 0.3075558494 0.0000000000
9.9421844282 1.1000000000 3.5143945683 -3.1924818258 0.2979782278 0.0000000000
9.9421869448 1.1000000000 3.5135704698 -3.2087181526 0.2881873033 0.0000000000
9.9421894387 1.1000000000 3.5126863859 -3.2249332678 0.2781649218 0.0000000000
9.9421919133 1.1000000000 3.5118845088 -3.2411779583 0.2684595371 0.0000000000
9.9421943706 1.1000000000 3.5110786154 -3.2574222673 0.2587382399 0.0000000000
9.9421968009 1.1000000000 3.5101941500 -3.2736358149 0.2487149592 0.0000000000
9.9421992162 1.1000000000 3.5094242143 -3.2898941645 0.2391318766 0.0000000000
9.9422016100 1.1000000000 3.5085719212 -3.3061210397 0.2292319542 0.0000000000
9.9422039874 1.1000000000 3.5077535412 -3.3223616230 0.2194622006 0.0000000000
9.9422063413 1.1000000000 3.5069145348 -3.3385940828 0.2096131912 0.0000000000
9.9422086739 1.1000000000 3.5059281559 -3.3547671290 0.1991984572 0.0000000000
9.9422109904 1.1000000000 3.5050536855 -3.3709865801 0.1892127949 0.0000000000
9.9422132916 1.1000000000 3.5041905728 -3.3872115211 0.1792703679 0.0000000000
9.9422155713 1.1000000000 3.5033917528 -3.4034643148 0.1695739703 0.0000000000
9.9422178300 1.1000000000 3.5025870108 -3.4197163375 0.1598541935 0.0000000000
9.9422200656 1.1000000000 3.5017176453 -3.4359403641 0.1498871205 0.0000000000
9.9422222854 1.1000000000 3.5007096385 -3.4521043565 0.1393894966 0.0000000000
9.9422244904 1.1000000000 3.4998599774 -3.4683382153 0.1294973088 0.0000000000
9.9422266759 1.1000000000 3.4990323276 -3.4845784072 0.1196906325 0.0000000000
9.9422288482 1.1000000000 3.4982761880 -3.5008462499 0.1101589374 0.0000000000
9.9422309988 1.1000000000 3.4974433727 -3.5170829701 0.1003329880 0.0000000000
9.9422331360 1.1000000000 3.4965630751 -3.5332947278 0.0903270945 0.0000000000
9.9422352516 1.1000000000 3.4954679754 -3.5494187143 0.0794971012 0.0000000000
9.9422373593 1.1000000000 3.4946535220 -3.5656658050 0.0697404511 0.0000000000
9.9422394527 1.1000000000 3.4937437924 -3.5818798088 0.0596159311 0.0000000000
9.9422415353 1.1000000000 3.4929465565 -3.5981339200 0.0499253433 0.0000000000
9.9422436108 1.1000000000 3.4921611281 -3.6143896674 0.0402813307 0.0000000000
9.9422456685 1.1000000000 3.4911277245 -3.6305393320 0.0296878503 0.0000000000
9.9422477213 1.1000000000 3.4901399717 -3.6467256000 0.0192623321 0.0000000000
9.9422497732 1.1000000000 3.4892010965 -3.6629329585 0.0090238877 0.0000000000
9.9422518305 1.1000000000 3.4883435005 -3.6791662743 -0.0008998226 0.0000000000
9.9422538974 1.1000000000 3.4874951556 -3.6954005618 -0.0107869171 0.0000000000
9.9422559985 1.1000000000 3.4866442204 -3.7116314246 -0.0206830031 0.0000000000
9.9422581832 1.1000000000 3.4857925026 -3.7278599169 -0.0305812714 0.0000000000
9.9422608383 1.1000000000 3.4848400000 -3.7440500000 -0.0408673148 0.0000000000
