# logAge Mass logTe Mbol logg C/O
4.1860800861 0.9500000000 3.7020100000 0.3608750000 2.4061136053 0.0000000000
4.1940778261 0.9500000000 3.7020049470 0.3607433018 2.4060407138 0.0000000000
4.2020755635 0.9500000000 3.7019997809 0.3606050444 2.4059647468 0.0000000000
4.2100732984 0.9500000000 3.7019945072 0.3604604456 2.4058858124 0.0000000000
4.2180710311 0.9500000000 3.7019891310 0.3603097229 2.4058040184 0.0000000000
4.2260687619 0.9500000000 3.7019836575 0.3601530941 2.4057194730 0.0000000000
4.2340664909 0.9500000000 3.7019780921 0.3599907767 2.4056322842 0.0000000000
4.2420642184 0.9500000000 3.7019724398 0.3598229884 2.4055425599 0.0000000000
4.2500619446 0.9500000000 3.7019667060 0.3596499469 2.4054504082 0.0000000000
4.2580596698 0.9500000000 3.7019608960 0.3594718697 2.4053559371 0.0000000000
4.2660573941 0.9500000000 3.7019550149 0.3592889747 2.4052592546 0.0000000000
4.2740551179 0.9500000000 3.7019490679 0.3591014792 2.4051604688 0.0000000000
4.2820528412 0.9500000000 3.7019430604 0.3589096012 2.4050596875 0.0000000000
4.2900505645 0.9500000000 3.7019369976 0.3587135581 2.4049570189 0.0000000000
4.2980482878 0.9500000000 3.7019308847 0.3585135676 2.4048525710 0.0000000000
4.3060460114 0.9500000000 3.7019247269 0.3583098474 2.4047464518 0.0000000000
4.3140437356 0.9500000000 3.7019185295 0.3581026152 2.4046387692 0.0000000000
4.3220414606 0.9500000000 3.7019122977 0.3578920884 2.4045296314 0.0000000000
4.3300391866 0.9500000000 3.7019060368 0.3576784849 2.4044191463 0.0000000000
4.3380369138 0.9500000000 3.7018997519 0.3574620223 2.4043074219 0.0000000000
4.3460346424 0.9500000000 3.7018934484 0.3572429182 2.4041945662 0.0000000000
4.3540323728 0.9500000000 3.7018871315 0.3570213902 2.4040806873 0.0000000000
4.3620301051 0.9500000000 3.7018808064 0.3567976559 2.4039658932 0.0000000000
4.3700278395 0.9500000000 3.7018744783 0.3565719332 2.4038502919 0.0000000000
4.3780255763 0.9500000000 3.7018681526 0.3563444395 2.4037339914 0.0000000000
4.3860233157 0.9500000000 3.7018618343 0.3561153925 2.4036170996 0.0000000000
4.3940210579 0.9500000000 3.7018555289 0.3558850100 2.4034997247 0.0000000000
4.4020188032 0.9500000000 3.7018492414 0.3556535094 2.4033819747 0.0000000000
4.4100165518 0.9500000000 3.7018429772 0.3554211085 2.4032639575 0.0000000000
4.4180143039 0.9500000000 3.7018367415 0.3551880249 2.4031457812 0.0000000000
4.4260120598 0.9500000000 3.7018305395 0.3549544763 2.4030275537 0.0000000000
4.4340098196 0.9500000000 3.7018243764 0.3547206803 2.4029093832 0.0000000000
4.4420075837 0.9500000000 3.7018182576 0.3544868546 2.4027913775 0.0000000000
4.4500053522 0.9500000000 3.7018121882 0.3542532167 2.4026736448 0.0000000000
4.4580031253 0.9500000000 3.7018061735 0.3540199844 2.4025562930 0.0000000000
4.4660009034 0.9500000000 3.7018002187 0.3537873752 2.4024394302 0.0000000000
4.4739986865 0.9500000000 3.7017943291 0.3535556069 2.4023231643 0.0000000000
4.4819964750 0.9500000000 3.7017885098 0.3533248971 2.4022076034 0.0000000000
4.4899942691 0.9500000000 3.7017827662 0.3530954634 2.4020928555 0.0000000000
4.4979920690 0.9500000000 3.7017771035 0.3528675235 2.4019790286 0.0000000000
4.5059898750 0.9500000000 3.7017715269 0.3526412950 2.4018662308 0.0000000000
4.5139876872 0.9500000000 3.7017660416 0.3524169956 2.4017545699 0.0000000000
4.5219855059 0.9500000000 3.7017606529 0.3521948428 2.4016441541 0.0000000000
4.5299833313 0.9500000000 3.7017553661 0.3519750545 2.4015350914 0.0000000000
4.5379811637 0.9500000000 3.7017501863 0.3517578481 2.4014274897 0.0000000000
4.5459790033 0.9500000000 3.7017451188 0.3515434414 2.4013214571 0.0000000000
4.5539768502 0.9500000000 3.7017401689 0.3513320519 2.4012171017 0.0000000000
4.5619747048 0.9500000000 3.7017353418 0.3511238974 2.4011145313 0.0000000000
4.5699725673 0.9500000000 3.7017306426 0.3509191955 2.4010138541 0.0000000000
4.5779704379 0.9500000000 3.7017260768 0.3507181638 2.4009151780 0.0000000000
4.5859683168 0.9500000000 3.7017216494 0.3505210200 2.4008186110 0.0000000000
4.5939662042 0.9500000000 3.7017173658 0.3503279818 2.4007242612 0.0000000000
4.6019641005 0.9500000000 3.7017132312 0.3501392666 2.4006322366 0.0000000000
4.6099620057 0.9500000000 3.7017092508 0.3499550923 2.4005426452 0.0000000000
4.6179599202 0.9500000000 3.7017054298 0.3497756765 2.4004555951 0.0000000000
4.6259578441 0.9500000000 3.7017017735 0.3496012367 2.4003711941 0.0000000000
4.6339557778 0.9500000000 3.7016982872 0.3494319908 2.4002895504 0.0000000000
4.6419537214 0.9500000000 3.7016949760 0.3492681562 2.4002107719 0.0000000000
4.6499516751 0.9500000000 3.7016918453 0.3491099506 2.4001349667 0.0000000000
4.6579496392 0.9500000000 3.7016889002 0.3489575917 2.4000622427 0.0000000000
4.6659476139 0.9500000000 3.7016861460 0.3488112972 2.3999927081 0.0000000000
4.6739455995 0.9500000000 3.7016835879 0.3486712847 2.3999264708 0.0000000000
4.6819435961 0.9500000000 3.7016812312 0.3485377717 2.3998636387 0.0000000000
4.6899416041 0.9500000000 3.7016790811 0.3484109761 2.3998043200 0.0000000000
4.6979396235 0.9500000000 3.7016771428 0.3482911154 2.3997486227 0.0000000000
4.7059376548 0.9500000000 3.7016754216 0.3481784072 2.3996966547 0.0000000000
4.7139356980 0.9500000000 3.7016739228 0.3480730692 2.3996485241 0.0000000000
4.7219337534 0.9500000000 3.7016726515 0.3479753191 2.3996043389 0.0000000000
4.7299318212 0.9500000000 3.7016716130 0.3478853745 2.3995642070 0.0000000000
4.7379299018 0.9500000000 3.7016708125 0.3478034531 2.3995282366 0.0000000000
4.7459279952 0.9500000000 3.7016702554 0.3477297724 2.3994965357 0.0000000000
4.7539261018 0.9500000000 3.7016699467 0.3476645502 2.3994692121 0.0000000000
4.7619242217 0.9500000000 3.7016698918 0.3476080040 2.3994463740 0.0000000000
4.7699223552 0.9500000000 3.7016700958 0.3475603494 2.3994281283 0.0000000000
4.7779205019 0.9500000000 3.7016705597 0.3475216647 2.3994145100 0.0000000000
4.7859186603 0.9500000000 3.7016712778 0.3474918128 2.3994054417 0.0000000000
4.7939168290 0.9500000000 3.7016722439 0.3474706379 2.3994008360 0.0000000000
4.8019150065 0.9500000000 3.7016734517 0.3474579840 2.3994006056 0.0000000000
4.8099131913 0.9500000000 3.7016748949 0.3474536953 2.3994046631 0.0000000000
4.8179113819 0.9500000000 3.7016765674 0.3474576158 2.3994129212 0.0000000000
4.8259095769 0.9500000000 3.7016784628 0.3474695897 2.3994252925 0.0000000000
4.8339077747 0.9500000000 3.7016805750 0.3474894610 2.3994416896 0.0000000000
4.8419059738 0.9500000000 3.7016828976 0.3475170739 2.3994620253 0.0000000000
4.8499041729 0.9500000000 3.7016854244 0.3475522725 2.3994862120 0.0000000000
4.8579023703 0.9500000000 3.7016881492 0.3475949008 2.3995141625 0.0000000000
4.8659005646 0.9500000000 3.7016910657 0.3476448029 2.3995457894 0.0000000000
4.8738987543 0.9500000000 3.7016941677 0.3477018230 2.3995810054 0.0000000000
4.8818969380 0.9500000000 3.7016974489 0.3477658051 2.3996197230 0.0000000000
4.8898951141 0.9500000000 3.7017009031 0.3478365934 2.3996618550 0.0000000000
4.8978932811 0.9500000000 3.7017045240 0.3479140319 2.3997073140 0.0000000000
4.9058914376 0.9500000000 3.7017083053 0.3479979648 2.3997560126 0.0000000000
4.9138895821 0.9500000000 3.7017122409 0.3480882361 2.3998078634 0.0000000000
4.9218877131 0.9500000000 3.7017163245 0.3481846900 2.3998627792 0.0000000000
4.9298858290 0.9500000000 3.7017205497 0.3482871705 2.3999206725 0.0000000000
4.9378839285 0.9500000000 3.7017249105 0.3483955217 2.3999814559 0.0000000000
4.9458820100 0.9500000000 3.7017294005 0.3485095878 2.4000450422 0.0000000000
4.9538800724 0.9500000000 3.7017340131 0.3486291882 2.4001113332 0.0000000000
4.9618781163 0.9500000000 3.7017387406 0.3487539961 2.4001801660 0.0000000000
4.9698761431 0.9500000000 3.7017435742 0.3488836302 2.4002513540 0.0000000000
4.9778741542 0.9500000000 3.7017485054 0.3490177097 2.4003247106 0.0000000000
4.9858721509 0.9500000000 3.7017535257 0.3491558533 2.4004000493 0.0000000000
4.9938701346 0.9500000000 3.7017586265 0.3492976801 2.4004771833 0.0000000000
5.0018681066 0.9500000000 3.7017637993 0.3494428089 2.4005559260 0.0000000000
5.0098660684 0.9500000000 3.7017690355 0.3495908585 2.4006360908 0.0000000000
5.0178640212 0.9500000000 3.7017743267 0.3497414481 2.4007174911 0.0000000000
5.0258619665 0.9500000000 3.7017796641 0.3498941964 2.4007999402 0.0000000000
5.0338599055 0.9500000000 3.7017850393 0.3500487223 2.4008832515 0.0000000000
5.0418578398 0.9500000000 3.7017904438 0.3502046448 2.4009672384 0.0000000000
5.0498557706 0.9500000000 3.7017958689 0.3503615828 2.4010517142 0.0000000000
5.0578536993 0.9500000000 3.7018013062 0.3505191552 2.4011364923 0.0000000000
5.0658516272 0.9500000000 3.7018067471 0.3506769809 2.4012213861 0.0000000000
5.0738495558 0.9500000000 3.7018121830 0.3508346788 2.4013062088 0.0000000000
5.0818474863 0.9500000000 3.7018176054 0.3509918679 2.4013907740 0.0000000000
5.0898454203 0.9500000000 3.7018230057 0.3511481670 2.4014748950 0.0000000000
5.0978433589 0.9500000000 3.7018283754 0.3513031950 2.4015583851 0.0000000000
5.1058413035 0.9500000000 3.7018337061 0.3514565871 2.4016410646 0.0000000000
5.1138392547 0.9500000000 3.7018389905 0.3516081475 2.4017228263 0.0000000000
5.1218372125 0.9500000000 3.7018442220 0.3517577812 2.4018036059 0.0000000000
5.1298351770 0.9500000000 3.7018493942 0.3519053947 2.4018833400 0.0000000000
5.1378331483 0.9500000000 3.7018545005 0.3520508946 2.4019619650 0.0000000000
5.1458311264 0.9500000000 3.7018595343 0.3521941871 2.4020394174 0.0000000000
5.1538291113 0.9500000000 3.7018644892 0.3523351788 2.4021156335 0.0000000000
5.1618271033 0.9500000000 3.7018693586 0.3524737760 2.4021905500 0.0000000000
5.1698251023 0.9500000000 3.7018741359 0.3526098854 2.4022641031 0.0000000000
5.1778231084 0.9500000000 3.7018788147 0.3527434132 2.4023362295 0.0000000000
5.1858211217 0.9500000000 3.7018833884 0.3528742660 2.4024068654 0.0000000000
5.1938191422 0.9500000000 3.7018878505 0.3530023501 2.4024759474 0.0000000000
5.2018171701 0.9500000000 3.7018921945 0.3531275721 2.4025434120 0.0000000000
5.2098152054 0.9500000000 3.7018964137 0.3532498384 2.4026091955 0.0000000000
5.2178132481 0.9500000000 3.7019005018 0.3533690553 2.4026732345 0.0000000000
5.2258112984 0.9500000000 3.7019044521 0.3534851295 2.4027354653 0.0000000000
5.2338093562 0.9500000000 3.7019082581 0.3535979673 2.4027958245 0.0000000000
5.2418074218 0.9500000000 3.7019119135 0.3537074769 2.4028542500 0.0000000000
5.2498054949 0.9500000000 3.7019154162 0.3538136034 2.4029107116 0.0000000000
5.2578035754 0.9500000000 3.7019187682 0.3539163255 2.4029652081 0.0000000000
5.2658016629 0.9500000000 3.7019219712 0.3540156234 2.4030177396 0.0000000000
5.2737997572 0.9500000000 3.7019250275 0.3541114773 2.4030683063 0.0000000000
5.2817978581 0.9500000000 3.7019279390 0.3542038673 2.4031169082 0.0000000000
5.2897959653 0.9500000000 3.7019307076 0.3542927738 2.4031635453 0.0000000000
5.2977940786 0.9500000000 3.7019333355 0.3543781767 2.4032082178 0.0000000000
5.3057921976 0.9500000000 3.7019358245 0.3544600562 2.4032509258 0.0000000000
5.3137903222 0.9500000000 3.7019381767 0.3545383927 2.4032916693 0.0000000000
5.3217884520 0.9500000000 3.7019403941 0.3546131661 2.4033304483 0.0000000000
5.3297865869 0.9500000000 3.7019424788 0.3546843567 2.4033672631 0.0000000000
5.3377847265 0.9500000000 3.7019444326 0.3547519447 2.4034021136 0.0000000000
5.3457828707 0.9500000000 3.7019462576 0.3548159102 2.4034350000 0.0000000000
5.3537810191 0.9500000000 3.7019479559 0.3548762334 2.4034659222 0.0000000000
5.3617791715 0.9500000000 3.7019495294 0.3549328945 2.4034948805 0.0000000000
5.3697773277 0.9500000000 3.7019509801 0.3549858804 2.4035218778 0.0000000000
5.3777754874 0.9500000000 3.7019523107 0.3550352528 2.4035469491 0.0000000000
5.3857736504 0.9500000000 3.7019535240 0.3550811190 2.4035701490 0.0000000000
5.3937718164 0.9500000000 3.7019546231 0.3551235873 2.4035915325 0.0000000000
5.4017699853 0.9500000000 3.7019556107 0.3551627656 2.4036111545 0.0000000000
5.4097681567 0.9500000000 3.7019564899 0.3551987621 2.4036290698 0.0000000000
5.4177663305 0.9500000000 3.7019572636 0.3552316849 2.4036453335 0.0000000000
5.4257645065 0.9500000000 3.7019579346 0.3552616420 2.4036600004 0.0000000000
5.4337626844 0.9500000000 3.7019585059 0.3552887416 2.4036731256 0.0000000000
5.4417608639 0.9500000000 3.7019589804 0.3553130918 2.4036847638 0.0000000000
5.4497590449 0.9500000000 3.7019593611 0.3553348006 2.4036949700 0.0000000000
5.4577572271 0.9500000000 3.7019596509 0.3553539762 2.4037037992 0.0000000000
5.4657554102 0.9500000000 3.7019598526 0.3553707267 2.4037113062 0.0000000000
5.4737535942 0.9500000000 3.7019599692 0.3553851601 2.4037175461 0.0000000000
5.4817517787 0.9500000000 3.7019600036 0.3553973846 2.4037225737 0.0000000000
5.4897499634 0.9500000000 3.7019599584 0.3554074979 2.4037264379 0.0000000000
5.4977481484 0.9500000000 3.7019598319 0.3554155109 2.4037291373 0.0000000000
5.5057463334 0.9500000000 3.7019596209 0.3554213910 2.4037306451 0.0000000000
5.5137445184 0.9500000000 3.7019593218 0.3554251052 2.4037309345 0.0000000000
5.5217427033 0.9500000000 3.7019589313 0.3554266207 2.4037299786 0.0000000000
5.5297408880 0.9500000000 3.7019584458 0.3554259045 2.4037277504 0.0000000000
5.5377390723 0.9500000000 3.7019578621 0.3554229236 2.4037242231 0.0000000000
5.5457372563 0.9500000000 3.7019571766 0.3554176451 2.4037193698 0.0000000000
5.5537354397 0.9500000000 3.7019563859 0.3554100361 2.4037131635 0.0000000000
5.5617336226 0.9500000000 3.7019554867 0.3554000636 2.4037055774 0.0000000000
5.5697318047 0.9500000000 3.7019544753 0.3553876947 2.4036965845 0.0000000000
5.5777299861 0.9500000000 3.7019533485 0.3553728964 2.4036861579 0.0000000000
5.5857281665 0.9500000000 3.7019521028 0.3553556359 2.4036742709 0.0000000000
5.5937263460 0.9500000000 3.7019507347 0.3553358802 2.4036608963 0.0000000000
5.6017245244 0.9500000000 3.7019492411 0.3553135980 2.4036460090 0.0000000000
5.6097227017 0.9500000000 3.7019476233 0.3552887998 2.4036296182 0.0000000000
5.6177208777 0.9500000000 3.7019458871 0.3552615373 2.4036117685 0.0000000000
5.6257190524 0.9500000000 3.7019440387 0.3552318645 2.4035925061 0.0000000000
5.6337172258 0.9500000000 3.7019420844 0.3551998351 2.4035718769 0.0000000000
5.6417153978 0.9500000000 3.7019400301 0.3551655028 2.4035499270 0.0000000000
5.6497135683 0.9500000000 3.7019378822 0.3551289216 2.4035267026 0.0000000000
5.6577117373 0.9500000000 3.7019356466 0.3550901451 2.4035022496 0.0000000000
5.6657099047 0.9500000000 3.7019333295 0.3550492271 2.4034766142 0.0000000000
5.6737080704 0.9500000000 3.7019309371 0.3550062214 2.4034498424 0.0000000000
5.6817062344 0.9500000000 3.7019284756 0.3549611819 2.4034219804 0.0000000000
5.6897043967 0.9500000000 3.7019259510 0.3549141623 2.4033930741 0.0000000000
5.6977025571 0.9500000000 3.7019233694 0.3548652163 2.4033631696 0.0000000000
5.7057007157 0.9500000000 3.7019207372 0.3548143978 2.4033323130 0.0000000000
5.7136988722 0.9500000000 3.7019180598 0.3547617553 2.4033005466 0.0000000000
5.7216970268 0.9500000000 3.7019153388 0.3547072861 2.4032678749 0.0000000000
5.7296951791 0.9500000000 3.7019125733 0.3546509594 2.4032342822 0.0000000000
5.7376933292 0.9500000000 3.7019097623 0.3545927442 2.4031997522 0.0000000000
5.7456914768 0.9500000000 3.7019069049 0.3545326095 2.4031642687 0.0000000000
5.7536896220 0.9500000000 3.7019040002 0.3544705239 2.4031278157 0.0000000000
5.7616877645 0.9500000000 3.7019010472 0.3544064566 2.4030903769 0.0000000000
5.7696859043 0.9500000000 3.7018980451 0.3543403763 2.4030519361 0.0000000000
5.7776840412 0.9500000000 3.7018949928 0.3542722521 2.4030124773 0.0000000000
5.7856821751 0.9500000000 3.7018918895 0.3542020527 2.4029719842 0.0000000000
5.7936803059 0.9500000000 3.7018887342 0.3541297471 2.4029304407 0.0000000000
5.8016784335 0.9500000000 3.7018855259 0.3540553042 2.4028878306 0.0000000000
5.8096765578 0.9500000000 3.7018822638 0.3539786929 2.4028441378 0.0000000000
5.8176746786 0.9500000000 3.7018789470 0.3538998823 2.4027993461 0.0000000000
5.8256727960 0.9500000000 3.7018755732 0.3538188588 2.4027534417 0.0000000000
5.8336709097 0.9500000000 3.7018721386 0.3537356366 2.4027064145 0.0000000000
5.8416690198 0.9500000000 3.7018686391 0.3536502325 2.4026582548 0.0000000000
5.8496671261 0.9500000000 3.7018650706 0.3535626632 2.4026089530 0.0000000000
5.8576652287 0.9500000000 3.7018614289 0.3534729456 2.4025584993 0.0000000000
5.8656633275 0.9500000000 3.7018577100 0.3533810964 2.4025068840 0.0000000000
5.8736614224 0.9500000000 3.7018539098 0.3532871324 2.4024540973 0.0000000000
5.8816595134 0.9500000000 3.7018500240 0.3531910703 2.4024001296 0.0000000000
5.8896576004 0.9500000000 3.7018460488 0.3530929270 2.4023449712 0.0000000000
5.8976556834 0.9500000000 3.7018419798 0.3529927192 2.4022886122 0.0000000000
5.9056537623 0.9500000000 3.7018378131 0.3528904637 2.4022310431 0.0000000000
5.9136518370 0.9500000000 3.7018335445 0.3527861773 2.4021722541 0.0000000000
5.9216499075 0.9500000000 3.7018291699 0.3526798767 2.4021122356 0.0000000000
5.9296479737 0.9500000000 3.7018246881 0.3525715549 2.4020509798 0.0000000000
5.9376460353 0.9500000000 3.7018201047 0.3524611507 2.4019884843 0.0000000000
5.9456440920 0.9500000000 3.7018154260 0.3523485949 2.4019247472 0.0000000000
5.9536421435 0.9500000000 3.7018106585 0.3522338185 2.4018597665 0.0000000000
5.9616401895 0.9500000000 3.7018058085 0.3521167525 2.4017935404 0.0000000000
5.9696382298 0.9500000000 3.7018008826 0.3519973279 2.4017260669 0.0000000000
5.9776362639 0.9500000000 3.7017958872 0.3518754756 2.4016573443 0.0000000000
5.9856342917 0.9500000000 3.7017908286 0.3517511266 2.4015873705 0.0000000000
5.9936323128 0.9500000000 3.7017857134 0.3516242119 2.4015161437 0.0000000000
6.0016303269 0.9500000000 3.7017805479 0.3514946625 2.4014436620 0.0000000000
6.0096283337 0.9500000000 3.7017753386 0.3513624092 2.4013699235 0.0000000000
6.0176263330 0.9500000000 3.7017700919 0.3512273832 2.4012949262 0.0000000000
6.0256243245 0.9500000000 3.7017648104 0.3510895411 2.4012186632 0.0000000000
6.0336223083 0.9500000000 3.7017594800 0.3509489490 2.4011411049 0.0000000000
6.0416202847 0.9500000000 3.7017540826 0.3508057014 2.4010622162 0.0000000000
6.0496182536 0.9500000000 3.7017485998 0.3506598930 2.4009819618 0.0000000000
6.0576162155 0.9500000000 3.7017430135 0.3505116185 2.4009003066 0.0000000000
6.0656141704 0.9500000000 3.7017373053 0.3503609724 2.4008172154 0.0000000000
6.0736121185 0.9500000000 3.7017314570 0.3502080494 2.4007326529 0.0000000000
6.0816100600 0.9500000000 3.7017254503 0.3500529441 2.4006465840 0.0000000000
6.0896079951 0.9500000000 3.7017192669 0.3498957511 2.4005589735 0.0000000000
6.0976059240 0.9500000000 3.7017128887 0.3497365652 2.4004697860 0.0000000000
6.1056038469 0.9500000000 3.7017062972 0.3495754808 2.4003789865 0.0000000000
6.1136017638 0.9500000000 3.7016994743 0.3494125927 2.4002865397 0.0000000000
6.1215996749 0.9500000000 3.7016924132 0.3492479413 2.4001924345 0.0000000000
6.1295975796 0.9500000000 3.7016851433 0.3490813941 2.4000967363 0.0000000000
6.1375954770 0.9500000000 3.7016777017 0.3489127844 2.3999995258 0.0000000000
6.1455933666 0.9500000000 3.7016701250 0.3487419454 2.3999008836 0.0000000000
6.1535912476 0.9500000000 3.7016624503 0.3485687102 2.3998008905 0.0000000000
6.1615891193 0.9500000000 3.7016547142 0.3483929121 2.3996996271 0.0000000000
6.1695869809 0.9500000000 3.7016469538 0.3482143842 2.3995971742 0.0000000000
6.1775848319 0.9500000000 3.7016392058 0.3480329598 2.3994936123 0.0000000000
6.1855826713 0.9500000000 3.7016315071 0.3478484720 2.3993890223 0.0000000000
6.1935804987 0.9500000000 3.7016238945 0.3476607541 2.3992834848 0.0000000000
6.2015783131 0.9500000000 3.7016164049 0.3474696392 2.3991770804 0.0000000000
6.2095761140 0.9500000000 3.7016090751 0.3472749606 2.3990698899 0.0000000000
6.2175739009 0.9500000000 3.7016019208 0.3470766218 2.3989619370 0.0000000000
6.2255716738 0.9500000000 3.7015948995 0.3468747179 2.3988530905 0.0000000000
6.2335694330 0.9500000000 3.7015879591 0.3466693771 2.3987431925 0.0000000000
6.2415671788 0.9500000000 3.7015810472 0.3464607272 2.3986320851 0.0000000000
6.2495649114 0.9500000000 3.7015741117 0.3462488964 2.3985196105 0.0000000000
6.2575626311 0.9500000000 3.7015671002 0.3460340125 2.3984056110 0.0000000000
6.2655603381 0.9500000000 3.7015599605 0.3458162036 2.3982899288 0.0000000000
6.2735580326 0.9500000000 3.7015526404 0.3455955976 2.3981724059 0.0000000000
6.2815557149 0.9500000000 3.7015450876 0.3453723225 2.3980528845 0.0000000000
6.2895533852 0.9500000000 3.7015372504 0.3451465066 2.3979312095 0.0000000000
6.2975510440 0.9500000000 3.7015291116 0.3449182907 2.3978073681 0.0000000000
6.3055486921 0.9500000000 3.7015207053 0.3446878350 2.3976815604 0.0000000000
6.3135463302 0.9500000000 3.7015120697 0.3444553009 2.3975540043 0.0000000000
6.3215439591 0.9500000000 3.7015032431 0.3442208500 2.3974249175 0.0000000000
6.3295415796 0.9500000000 3.7014942638 0.3439846438 2.3972945179 0.0000000000
6.3375391924 0.9500000000 3.7014851701 0.3437468440 2.3971630231 0.0000000000
6.3455367984 0.9500000000 3.7014760002 0.3435076120 2.3970306510 0.0000000000
6.3535343983 0.9500000000 3.7014667926 0.3432671095 2.3968976193 0.0000000000
6.3615319930 0.9500000000 3.7014575853 0.3430254980 2.3967641459 0.0000000000
6.3695295831 0.9500000000 3.7014484168 0.3427829386 2.3966304480 0.0000000000
6.3775271688 0.9500000000 3.7014393114 0.3425394621 2.3964966357 0.0000000000
6.3855247487 0.9500000000 3.7014302601 0.3422947860 2.3963625600 0.0000000000
6.3935223209 0.9500000000 3.7014212490 0.3420485813 2.3962280339 0.0000000000
6.4015198840 0.9500000000 3.7014122643 0.3418005191 2.3960928702 0.0000000000
6.4095174360 0.9500000000 3.7014032921 0.3415502704 2.3959568820 0.0000000000
6.4175149753 0.9500000000 3.7013943186 0.3412975066 2.3958198821 0.0000000000
6.4255125003 0.9500000000 3.7013853318 0.3410419085 2.3956816957 0.0000000000
6.4335100103 0.9500000000 3.7013763625 0.3407833670 2.3955424020 0.0000000000
6.4415075057 0.9500000000 3.7013674820 0.3405219723 2.3954023221 0.0000000000
6.4495049868 0.9500000000 3.7013587631 0.3402578228 2.3952617869 0.0000000000
6.4575024540 0.9500000000 3.7013502788 0.3399910165 2.3951211271 0.0000000000
6.4654999078 0.9500000000 3.7013421019 0.3397216516 2.3949806735 0.0000000000
6.4734973485 0.9500000000 3.7013342931 0.3394498491 2.3948407172 0.0000000000
6.4814947779 0.9500000000 3.7013268023 0.3391759379 2.3947011895 0.0000000000
6.4894921984 0.9500000000 3.7013195199 0.3389003581 2.3945618282 0.0000000000
6.4974896123 0.9500000000 3.7013123359 0.3386235511 2.3944223695 0.0000000000
6.5054870219 0.9500000000 3.7013051402 0.3383459582 2.3942825495 0.0000000000
6.5134844296 0.9500000000 3.7012978230 0.3380680155 2.3941421036 0.0000000000
6.5214818354 0.9500000000 3.7012902970 0.3377897473 2.3940006921 0.0000000000
6.5294792352 0.9500000000 3.7012825134 0.3375104702 2.3938578469 0.0000000000
6.5374766246 0.9500000000 3.7012744274 0.3372294307 2.3937130871 0.0000000000
6.5454739993 0.9500000000 3.7012659941 0.3369458756 2.3935659321 0.0000000000
6.5534713548 0.9500000000 3.7012571701 0.3366590629 2.3934159110 0.0000000000
6.5614686914 0.9500000000 3.7012480056 0.3363690380 2.3932632430 0.0000000000
6.5694660171 0.9500000000 3.7012387032 0.3360771252 2.3931092683 0.0000000000
6.5774633405 0.9500000000 3.7012294795 0.3357847660 2.3929554296 0.0000000000
6.5854606701 0.9500000000 3.7012205510 0.3354934018 2.3928031700 0.0000000000
6.5934580115 0.9500000000 3.7012121141 0.3352039865 2.3926536561 0.0000000000
6.6014553567 0.9500000000 3.7012042672 0.3349151131 2.3925067195 0.0000000000
6.6094526932 0.9500000000 3.7011970794 0.3346246615 2.3923617877 0.0000000000
6.6174500084 0.9500000000 3.7011906196 0.3343305116 2.3922182885 0.0000000000
6.6254472941 0.9500000000 3.7011849161 0.3340312386 2.3920757652 0.0000000000
6.6334445639 0.9500000000 3.7011797755 0.3337292102 2.3919343915 0.0000000000
6.6414418391 0.9500000000 3.7011749293 0.3334280813 2.3917945550 0.0000000000
6.6494391408 0.9500000000 3.7011701088 0.3331315074 2.3916566436 0.0000000000
6.6574364836 0.9500000000 3.7011650810 0.3328419859 2.3915207236 0.0000000000
6.6654338533 0.9500000000 3.7011597644 0.3325570615 2.3913854876 0.0000000000
6.6734312278 0.9500000000 3.7011541183 0.3322729556 2.3912492607 0.0000000000
6.6814285856 0.9500000000 3.7011481044 0.3319859276 2.3911103940 0.0000000000
6.6894259208 0.9500000000 3.7011418750 0.3316950053 2.3909691075 0.0000000000
6.6974232541 0.9500000000 3.7011358978 0.3314038019 2.3908287171 0.0000000000
6.7054206087 0.9500000000 3.7011306700 0.3311163617 2.3906928301 0.0000000000
6.7134180037 0.9500000000 3.7011265876 0.3308360475 2.3905643746 0.0000000000
6.7214154347 0.9500000000 3.7011234137 0.3305619770 2.3904420511 0.0000000000
6.7294128882 0.9500000000 3.7011206688 0.3302916362 2.3903229351 0.0000000000
6.7374103517 0.9500000000 3.7011179161 0.3300227376 2.3902043648 0.0000000000
6.7454078230 0.9500000000 3.7011150952 0.3297549767 2.3900859769 0.0000000000
6.7534053049 0.9500000000 3.7011123381 0.3294890630 2.3899685831 0.0000000000
6.7614028004 0.9500000000 3.7011097784 0.3292257144 2.3898530046 0.0000000000
6.7694003124 0.9500000000 3.7011075495 0.3289656488 2.3897400627 0.0000000000
6.7773978440 0.9500000000 3.7011057850 0.3287095841 2.3896305788 0.0000000000
6.7853953980 0.9500000000 3.7011046184 0.3284582380 2.3895253742 0.0000000000
6.7933929773 0.9500000000 3.7011041833 0.3282123285 2.3894252700 0.0000000000
6.8013905851 0.9500000000 3.7011046133 0.3279725734 2.3893310877 0.0000000000
6.8093882241 0.9500000000 3.7011060417 0.3277396905 2.3892436485 0.0000000000
6.8173858974 0.9500000000 3.7011086023 0.3275143978 2.3891637737 0.0000000000
6.8253836075 0.9500000000 3.7011123842 0.3272973225 2.3890920710 0.0000000000
6.8333813505 0.9500000000 3.7011167938 0.3270876996 2.3890258605 0.0000000000
6.8413791175 0.9500000000 3.7011207079 0.3268836748 2.3889599066 0.0000000000
6.8493769022 0.9500000000 3.7011241082 0.3266840870 2.3888936729 0.0000000000
6.8573747045 0.9500000000 3.7011294451 0.3264893667 2.3888371323 0.0000000000
6.8653725265 0.9500000000 3.7011385008 0.3263004183 2.3887977758 0.0000000000
6.8733703769 0.9500000000 3.7011480602 0.3261194564 2.3887636285 0.0000000000
6.8813682647 0.9500000000 3.7011539684 0.3259485985 2.3887189185 0.0000000000
6.8893661815 0.9500000000 3.7011575694 0.3257854873 2.3886680777 0.0000000000
6.8973641107 0.9500000000 3.7011629832 0.3256257345 2.3886258319 0.0000000000
6.9053620581 0.9500000000 3.7011719247 0.3254731005 2.3886005443 0.0000000000
6.9133600540 0.9500000000 3.7011834612 0.3253401631 2.3885935152 0.0000000000
6.9213581067 0.9500000000 3.7011970194 0.3252309633 2.3886040680 0.0000000000
6.9293561825 0.9500000000 3.7012128992 0.3251335737 2.3886286315 0.0000000000
6.9373542585 0.9500000000 3.7012299567 0.3250388261 2.3886589625 0.0000000000
6.9453523477 0.9500000000 3.7012434092 0.3249481986 2.3886765216 0.0000000000
6.9533504550 0.9500000000 3.7012534306 0.3248640388 2.3886829430 0.0000000000
6.9613485633 0.9500000000 3.7012690658 0.3247875867 2.3887149030 0.0000000000
6.9693466741 0.9500000000 3.7012911782 0.3247219763 2.3887771085 0.0000000000
6.9773448076 0.9500000000 3.7013120641 0.3246721169 2.3888407086 0.0000000000
6.9853429643 0.9500000000 3.7013300041 0.3246397892 2.3888995372 0.0000000000
6.9933411285 0.9500000000 3.7013481593 0.3246243107 2.3889659667 0.0000000000
7.0013392844 0.9500000000 3.7013698154 0.3246249361 2.3890528415 0.0000000000
7.0093374241 0.9500000000 3.7013959238 0.3246391500 2.3891629604 0.0000000000
7.0173355717 0.9500000000 3.7014182046 0.3246573408 2.3892593598 0.0000000000
7.0253337300 0.9500000000 3.7014373780 0.3246733215 2.3893424458 0.0000000000
7.0333318663 0.9500000000 3.7014653852 0.3246918114 2.3894618707 0.0000000000
7.0413299546 0.9500000000 3.7014976605 0.3247419532 2.3896110287 0.0000000000
7.0493279984 0.9500000000 3.7015276051 0.3248337362 2.3897675202 0.0000000000
7.0573260487 0.9500000000 3.7015565504 0.3249253184 2.3899199343 0.0000000000
7.0653240964 0.9500000000 3.7015846876 0.3250174761 2.3900693460 0.0000000000
7.0733221034 0.9500000000 3.7016136727 0.3251291860 2.3902299703 0.0000000000
7.0813200969 0.9500000000 3.7016505035 0.3252304765 2.3904178100 0.0000000000
7.0893181341 0.9500000000 3.7016868569 0.3253149588 2.3905970166 0.0000000000
7.0973161491 0.9500000000 3.7017182002 0.3254172288 2.3907632977 0.0000000000
7.1053139948 0.9500000000 3.7017508907 0.3255804318 2.3909593407 0.0000000000
7.1133117865 0.9500000000 3.7017888409 0.3257554829 2.3911811619 0.0000000000
7.1213096106 0.9500000000 3.7018302806 0.3259141804 2.3914103998 0.0000000000
7.1293073904 0.9500000000 3.7018723822 0.3260852853 2.3916472482 0.0000000000
7.1373050768 0.9500000000 3.7019157038 0.3262803968 2.3918985792 0.0000000000
7.1453029288 0.9500000000 3.7019512592 0.3264383141 2.3921039678 0.0000000000
7.1533007519 0.9500000000 3.7019909760 0.3266017460 2.3923282075 0.0000000000
7.1612983344 0.9500000000 3.7020396005 0.3268140479 2.3926076263 0.0000000000
7.1692957793 0.9500000000 3.7020856862 0.3270603379 2.3928904851 0.0000000000
7.1772933290 0.9500000000 3.7021236105 0.3272933864 2.3931354020 0.0000000000
7.1852908989 0.9500000000 3.7021720385 0.3275096207 2.3934156077 0.0000000000
7.1932884823 0.9500000000 3.7022126761 0.3277330234 2.3936675193 0.0000000000
7.2012857566 0.9500000000 3.7022625592 0.3280066692 2.3939765097 0.0000000000
7.2092829645 0.9500000000 3.7023149442 0.3282906427 2.3942996390 0.0000000000
7.2172801298 0.9500000000 3.7023659981 0.3285826872 2.3946206726 0.0000000000
7.2252770826 0.9500000000 3.7024203453 0.3289073494 2.3949679261 0.0000000000
7.2332743664 0.9500000000 3.7024669954 0.3291805188 2.3952637945 0.0000000000
7.2412718120 0.9500000000 3.7025153584 0.3294263738 2.3955555883 0.0000000000
7.2492687279 0.9500000000 3.7025770346 0.3297454346 2.3959299175 0.0000000000
7.2572654483 0.9500000000 3.7026399952 0.3300945037 2.3963213875 0.0000000000
7.2652622161 0.9500000000 3.7026889152 0.3304508733 2.3966596154 0.0000000000
7.2732593650 0.9500000000 3.7027465483 0.3307362662 2.3970043048 0.0000000000
7.2812566381 0.9500000000 3.7028054393 0.3310003792 2.3973455143 0.0000000000
7.2892532669 0.9500000000 3.7028647459 0.3313651638 2.3977286543 0.0000000000
7.2972495441 0.9500000000 3.7029277689 0.3317725710 2.3981437095 0.0000000000
7.3052464085 0.9500000000 3.7029927080 0.3320950596 2.3985324609 0.0000000000
7.3132436500 0.9500000000 3.7030567673 0.3323592991 2.3988943943 0.0000000000
7.3212401807 0.9500000000 3.7031262207 0.3327245581 2.3993183113 0.0000000000
7.3292362389 0.9500000000 3.7032077945 0.3331386512 2.3998102437 0.0000000000
7.3372326400 0.9500000000 3.7032778328 0.3335238470 2.4002444752 0.0000000000
7.3452296618 0.9500000000 3.7033501211 0.3338091150 2.4006477355 0.0000000000
7.3532261596 0.9500000000 3.7034207169 0.3341777946 2.4010775909 0.0000000000
7.3612235838 0.9500000000 3.7034956493 0.3343786116 2.4014576472 0.0000000000
7.3692206710 0.9500000000 3.7035608135 0.3346706539 2.4018351209 0.0000000000
7.3772183078 0.9500000000 3.7036336900 0.3348099718 2.4021823540 0.0000000000
7.3852150449 0.9500000000 3.7037047220 0.3351487335 2.4026019867 0.0000000000
7.3932118310 0.9500000000 3.7037813608 0.3354631360 2.4030343028 0.0000000000
7.4012089608 0.9500000000 3.7038603713 0.3357221405 2.4034539468 0.0000000000
7.4092063176 0.9500000000 3.7039403095 0.3359277359 2.4038559377 0.0000000000
7.4172035784 0.9500000000 3.7040133576 0.3361732699 2.4042463436 0.0000000000
7.4252013155 0.9500000000 3.7040746357 0.3363108604 2.4045464923 0.0000000000
7.4331988117 0.9500000000 3.7041428956 0.3365107357 2.4048994820 0.0000000000
7.4411965740 0.9500000000 3.7042048495 0.3366288642 2.4051945491 0.0000000000
7.4491943116 0.9500000000 3.7042734662 0.3367371742 2.4055123398 0.0000000000
7.4571918830 0.9500000000 3.7043415531 0.3369205248 2.4058580277 0.0000000000
7.4651897633 0.9500000000 3.7044054311 0.3370002931 2.4061454469 0.0000000000
7.4731870061 0.9500000000 3.7044818203 0.3372291800 2.4065425584 0.0000000000
7.4811842706 0.9500000000 3.7045598417 0.3374496473 2.4069428312 0.0000000000
7.4891816982 0.9500000000 3.7046323370 0.3376543415 2.4073146899 0.0000000000
7.4971789575 0.9500000000 3.7047144050 0.3378755068 2.4077314279 0.0000000000
7.5051768107 0.9500000000 3.7047804106 0.3379531034 2.4080264890 0.0000000000
7.5131743331 0.9500000000 3.7048577328 0.3380937309 2.4083920288 0.0000000000
7.5211718308 0.9500000000 3.7049376595 0.3382487329 2.4087737364 0.0000000000
7.5291696994 0.9500000000 3.7050090369 0.3382670591 2.4090665767 0.0000000000
7.5371674621 0.9500000000 3.7050830722 0.3383529488 2.4093970736 0.0000000000
7.5451652843 0.9500000000 3.7051481253 0.3384488562 2.4096956490 0.0000000000
7.5531629829 0.9500000000 3.7052279695 0.3385438595 2.4100530271 0.0000000000
7.5611609019 0.9500000000 3.7052921643 0.3384989670 2.4102918493 0.0000000000
7.5691585727 0.9500000000 3.7053742645 0.3385722999 2.4106495834 0.0000000000
7.5771565076 0.9500000000 3.7054365479 0.3385459816 2.4108881896 0.0000000000
7.5851543357 0.9500000000 3.7055077640 0.3385324516 2.4111676421 0.0000000000
7.5931521865 0.9500000000 3.7055883454 0.3385616352 2.4115016410 0.0000000000
7.6011497925 0.9500000000 3.7056537442 0.3383986705 2.4116980504 0.0000000000
7.6091476025 0.9500000000 3.7057336419 0.3383955764 2.4120164034 0.0000000000
7.6171454132 0.9500000000 3.7058035545 0.3383625167 2.4122828301 0.0000000000
7.6251431072 0.9500000000 3.7058733626 0.3382319227 2.4125098247 0.0000000000
7.6331405392 0.9500000000 3.7059372211 0.3380170418 2.4126793064 0.0000000000
7.6411382261 0.9500000000 3.7060059891 0.3378876874 2.4129026366 0.0000000000
7.6491356595 0.9500000000 3.7060623688 0.3376678408 2.4130402169 0.0000000000
7.6571327685 0.9500000000 3.7061321219 0.3373923669 2.4132090397 0.0000000000
7.6651298535 0.9500000000 3.7061756289 0.3370824553 2.4132591029 0.0000000000
7.6731249907 0.9500000000 3.7062251833 0.3365622410 2.4132492348 0.0000000000
7.6811208833 0.9500000000 3.7062856606 0.3361223247 2.4133151776 0.0000000000
7.6891144558 0.9500000000 3.7063292759 0.3355395847 2.4132565428 0.0000000000
7.6971095163 0.9500000000 3.7063635302 0.3349950338 2.4131757397 0.0000000000
7.7051020627 0.9500000000 3.7064061114 0.3342599638 2.4130520365 0.0000000000
7.7130971900 0.9500000000 3.7064414600 0.3337452879 2.4129875605 0.0000000000
7.7210871979 0.9500000000 3.7064806966 0.3329105045 2.4128105937 0.0000000000
7.7290737009 0.9500000000 3.7064944635 0.3318966314 2.4124601118 0.0000000000
7.7370656370 0.9500000000 3.7065116035 0.3311302072 2.4122221023 0.0000000000
7.7450496565 0.9500000000 3.7065140895 0.3299251310 2.4117500156 0.0000000000
7.7530334138 0.9500000000 3.7065317501 0.3287268404 2.4113413418 0.0000000000
7.7610120550 0.9500000000 3.7065116431 0.3273830797 2.4107234095 0.0000000000
7.7689922946 0.9500000000 3.7065209799 0.3260806011 2.4102397654 0.0000000000
7.7769633098 0.9500000000 3.7064788401 0.3244496242 2.4094188152 0.0000000000
7.7849281975 0.9500000000 3.7064599898 0.3226242982 2.4086132838 0.0000000000
7.7928822401 0.9500000000 3.7064031016 0.3205415304 2.4075526238 0.0000000000
7.8008171060 0.9500000000 3.7063259613 0.3182219867 2.4063162453 0.0000000000
7.8087557533 0.9500000000 3.7062673266 0.3159010575 2.4051533346 0.0000000000
7.8166813145 0.9500000000 3.7061860227 0.3132231011 2.4037569365 0.0000000000
7.8245792737 0.9500000000 3.7060697570 0.3101420691 2.4020594609 0.0000000000
7.8324118320 0.9500000000 3.7059695398 0.3070667494 2.4004284642 0.0000000000
7.8401984197 0.9500000000 3.7057595204 0.3025328574 2.3977748298 0.0000000000
7.8479556766 0.9500000000 3.7055261632 0.2977029194 2.3949094260 0.0000000000
7.8556870073 0.9500000000 3.7052970099 0.2926183448 2.3919589828 0.0000000000
7.8633558093 0.9500000000 3.7050327301 0.2869804164 2.3886466924 0.0000000000
7.8709396249 0.9500000000 3.7047410150 0.2806732198 2.3849569532 0.0000000000
7.8784697525 0.9500000000 3.7044253143 0.2739826609 2.3810179268 0.0000000000
7.8859279136 0.9500000000 3.7041029218 0.2668075881 2.3768583276 0.0000000000
7.8932905656 0.9500000000 3.7037141710 0.2590608302 2.3722046215 0.0000000000
7.9004746389 0.9500000000 3.7032709874 0.2503620783 2.3669523861 0.0000000000
7.9075685386 0.9500000000 3.7028618289 0.2412284917 2.3616623175 0.0000000000
7.9143438529 0.9500000000 3.7023654171 0.2307438067 2.3554827963 0.0000000000
7.9205533946 0.9500000000 3.7017790515 0.2182376494 2.3481348712 0.0000000000
7.9265308556 0.9500000000 3.7011897145 0.2050354331 2.3404966365 0.0000000000
7.9324517155 0.9500000000 3.7005801121 0.1916805034 2.3327162551 0.0000000000
7.9380326238 0.9500000000 3.6999433233 0.1774473370 2.3244758331 0.0000000000
7.9426263352 0.9500000000 3.6992070079 0.1613530791 2.3150928683 0.0000000000
7.9457762925 0.9500000000 3.6983269539 0.1431101294 2.3042754727 0.0000000000
7.9484435468 0.9500000000 3.6974727312 0.1243833788 2.2933678815 0.0000000000
7.9507579645 0.9500000000 3.6966402000 0.1053585419 2.2824278220 0.0000000000
7.9527412877 0.9500000000 3.6958007896 0.0861029823 2.2713679565 0.0000000000
7.9544287717 0.9500000000 3.6949664665 0.0666702908 2.2602575878 0.0000000000
7.9558843514 0.9500000000 3.6940398529 0.0471467199 2.2487417050 0.0000000000
7.9571140042 0.9500000000 3.6932130118 0.0274979773 2.2375748434 0.0000000000
7.9581778028 0.9500000000 3.6923799264 0.0077905984 2.2263595502 0.0000000000
7.9590710127 0.9500000000 3.6915501802 -0.0119708985 2.2151359667 0.0000000000
7.9598415904 0.9500000000 3.6907056854 -0.0317608190 2.2038420195 0.0000000000
7.9605064370 0.9500000000 3.6898255059 -0.0515649718 2.1923996404 0.0000000000
7.9610720270 0.9500000000 3.6890306036 -0.0714110839 2.1812815861 0.0000000000
7.9615547654 0.9500000000 3.6882063423 -0.0912633108 2.1700436501 0.0000000000
7.9619581613 0.9500000000 3.6874047735 -0.1111324525 2.1588897183 0.0000000000
7.9622895037 0.9500000000 3.6865631732 -0.1309994423 2.1475765213 0.0000000000
7.9625662370 0.9500000000 3.6857460007 -0.1508778665 2.1363564615 0.0000000000
7.9628028218 0.9500000000 3.6849382047 -0.1707622209 2.1251715357 0.0000000000
7.9630053606 0.9500000000 3.6841305829 -0.1906490230 2.1139863277 0.0000000000
7.9631796733 0.9500000000 3.6833604268 -0.2105467938 2.1029465950 0.0000000000
7.9633319517 0.9500000000 3.6825505489 -0.2304356952 2.0917515228 0.0000000000
7.9634639984 0.9500000000 3.6817484243 -0.2503275423 2.0805862855 0.0000000000
7.9635799517 0.9500000000 3.6809555931 -0.2702223622 2.0694570330 0.0000000000
7.9636824305 0.9500000000 3.6801581463 -0.2901164985 2.0583095910 0.0000000000
7.9637729162 0.9500000000 3.6794158864 -0.3100241890 2.0473774754 0.0000000000
7.9638549901 0.9500000000 3.6786377000 -0.3299234042 2.0363050435 0.0000000000
7.9639278734 0.9500000000 3.6778676443 -0.3498249779 2.0252641914 0.0000000000
7.9639942428 0.9500000000 3.6770900000 -0.3697250000 2.0141936053 0.0000000000
7.9640305603 0.9500000000 3.6766300000 -0.3813500000 2.0077036053 0.0000000000
7.9645727485 0.9500000000 3.6678497278 -0.6204590496 1.8769388964 0.0000000000
7.9651149366 0.9500000000 3.6585433707 -0.8809427288 1.7355199965 0.0000000000
7.9656571248 0.9500000000 3.6581687821 -0.8950486295 1.7283792820 0.0000000000
7.9661993129 0.9500000000 3.6627837798 -0.7667362112 1.7981642402 0.0000000000
7.9667415011 0.9500000000 3.6647361998 -0.7115984287 1.8280290330 0.0000000000
7.9672836892 0.9500000000 3.6661532493 -0.6734748655 1.8489466564 0.0000000000
7.9678258773 0.9500000000 3.6669870029 -0.6495869512 1.8618368365 0.0000000000
7.9683680655 0.9500000000 3.6675249016 -0.6341395741 1.8701673820 0.0000000000
7.9689102536 0.9500000000 3.6678476244 -0.6245966384 1.8752754476 0.0000000000
7.9694524418 0.9500000000 3.6680229964 -0.6190718425 1.8781868537 0.0000000000
7.9699946299 0.9500000000 3.6680612868 -0.6172211387 1.8790802970 0.0000000000
7.9705368181 0.9500000000 3.6679494912 -0.6194899284 1.8777255988 0.0000000000
7.9710790062 0.9500000000 3.6677934815 -0.6229722886 1.8757086157 0.0000000000
7.9716211944 0.9500000000 3.6674835481 -0.6307842611 1.8713440934 0.0000000000
7.9721633825 0.9500000000 3.6671701015 -0.6386950572 1.8669259884 0.0000000000
7.9727055707 0.9500000000 3.6667773237 -0.6490866216 1.8611982515 0.0000000000
7.9732477588 0.9500000000 3.6663819042 -0.6595607965 1.8554269034 0.0000000000
7.9737899470 0.9500000000 3.6659537772 -0.6705585658 1.8493152877 0.0000000000
7.9743321351 0.9500000000 3.6655127404 -0.6817629990 1.8430693674 0.0000000000
7.9748743232 0.9500000000 3.6650824449 -0.6929714289 1.8368648132 0.0000000000
7.9754165114 0.9500000000 3.6646733527 -0.7041877485 1.8307419165 0.0000000000
7.9759586995 0.9500000000 3.6642652216 -0.7153864376 1.8246299166 0.0000000000
7.9765008877 0.9500000000 3.6638647258 -0.7264450715 1.8186044799 0.0000000000
7.9770430758 0.9500000000 3.6634642300 -0.7375037053 1.8125790432 0.0000000000
7.9775852640 0.9500000000 3.6630689481 -0.7485958684 1.8065610505 0.0000000000
7.9781274521 0.9500000000 3.6626743136 -0.7596921942 1.8005439819 0.0000000000
7.9786696403 0.9500000000 3.6622645644 -0.7709435860 1.7944044286 0.0000000000
7.9792118284 0.9500000000 3.6618461015 -0.7822843757 1.7881942612 0.0000000000
7.9797540166 0.9500000000 3.6614188719 -0.7937457817 1.7819007801 0.0000000000
7.9802962047 0.9500000000 3.6609778139 -0.8053974427 1.7754758837 0.0000000000
7.9808383928 0.9500000000 3.6605396814 -0.8171337845 1.7690288170 0.0000000000
7.9813805810 0.9500000000 3.6601141238 -0.8292341158 1.7624864544 0.0000000000
7.9819227691 0.9500000000 3.6596877703 -0.8413564711 1.7559320979 0.0000000000
7.9824649573 0.9500000000 3.6592464076 -0.8538940807 1.7491516034 0.0000000000
7.9830071454 0.9500000000 3.6588050449 -0.8664316902 1.7423711090 0.0000000000
7.9835493336 0.9500000000 3.6583577544 -0.8794199988 1.7353866233 0.0000000000
7.9840915217 0.9500000000 3.6579103953 -0.8924135186 1.7283997790 0.0000000000
7.9846337099 0.9500000000 3.6574413701 -0.9058850910 1.7211350494 0.0000000000
7.9851758980 0.9500000000 3.6569665976 -0.9194002063 1.7138299133 0.0000000000
7.9857180862 0.9500000000 3.6564262373 -0.9334090478 1.7060649354 0.0000000000
7.9862602743 0.9500000000 3.6558952338 -0.9475462728 1.6982860314 0.0000000000
7.9868024625 0.9500000000 3.6553956077 -0.9621140227 1.6904604270 0.0000000000
7.9873446506 0.9500000000 3.6548634502 -0.9769302444 1.6824053084 0.0000000000
7.9878868387 0.9500000000 3.6542912697 -0.9920521588 1.6740678205 0.0000000000
7.9884290269 0.9500000000 3.6537520119 -1.0076450476 1.6656736337 0.0000000000
7.9889712150 0.9500000000 3.6532221061 -1.0234582445 1.6572287318 0.0000000000
7.9895134032 0.9500000000 3.6526658785 -1.0398132329 1.6484618260 0.0000000000
7.9900555913 0.9500000000 3.6520760945 -1.0564665334 1.6394413700 0.0000000000
7.9905977795 0.9500000000 3.6514532894 -1.0734133889 1.6301714072 0.0000000000
7.9911399676 0.9500000000 3.6508155455 -1.0909308920 1.6206134303 0.0000000000
7.9916821558 0.9500000000 3.6501662392 -1.1088139291 1.6108629903 0.0000000000
7.9922243439 0.9500000000 3.6495037753 -1.1271051504 1.6008966464 0.0000000000
7.9927665321 0.9500000000 3.6488170437 -1.1460998557 1.5905518377 0.0000000000
7.9933087202 0.9500000000 3.6481640576 -1.1656082253 1.5801365454 0.0000000000
7.9938509083 0.9500000000 3.6474929535 -1.1856276711 1.5694443508 0.0000000000
7.9943930965 0.9500000000 3.6467595485 -1.2062073713 1.5582788506 0.0000000000
7.9949352846 0.9500000000 3.6459310480 -1.2274530766 1.5464665666 0.0000000000
7.9954774728 0.9500000000 3.6451756083 -1.2494178919 1.5346588818 0.0000000000
7.9960196609 0.9500000000 3.6443997062 -1.2720133013 1.5225171095 0.0000000000
7.9965618491 0.9500000000 3.6435478416 -1.2952869811 1.5098001791 0.0000000000
7.9971040372 0.9500000000 3.6426949221 -1.3193014684 1.4967827065 0.0000000000
7.9976462254 0.9500000000 3.6418650353 -1.3440580085 1.4835605430 0.0000000000
7.9981884135 0.9500000000 3.6409814270 -1.3695015573 1.4698486904 0.0000000000
7.9987306017 0.9500000000 3.6400300831 -1.3955648738 1.4556179883 0.0000000000
7.9992727898 0.9500000000 3.6390577833 -1.4222963961 1.4410361798 0.0000000000
7.9998149779 0.9500000000 3.6381049457 -1.4498347914 1.4262094716 0.0000000000
8.0003571661 0.9500000000 3.6371163944 -1.4781787283 1.4109176917 0.0000000000
8.0008993542 0.9500000000 3.6360235112 -1.5073109190 1.3948932825 0.0000000000
8.0014415424 0.9500000000 3.6349947844 -1.5372844773 1.3787889519 0.0000000000
8.0019837305 0.9500000000 3.6339714353 -1.5681441236 1.3623516969 0.0000000000
8.0025259187 0.9500000000 3.6328225919 -1.5998326450 1.3450809149 0.0000000000
8.0030681068 0.9500000000 3.6316062428 -1.6323320363 1.3272157619 0.0000000000
8.0036102950 0.9500000000 3.6304574312 -1.6656622781 1.3092884187 0.0000000000
8.0041524831 0.9500000000 3.6293023601 -1.6990150475 1.2913270267 0.0000000000
8.0046946713 0.9500000000 3.6280712809 -1.7342736445 1.2722992711 0.0000000000
8.0052368594 0.9500000000 3.6267225565 -1.7707587350 1.2523103372 0.0000000000
8.0057790476 0.9500000000 3.6254064637 -1.8080498981 1.2321295007 0.0000000000
8.0063212357 0.9500000000 3.6241192416 -1.8460142970 1.2117948527 0.0000000000
8.0068634238 0.9500000000 3.6227752015 -1.8846987776 1.1909449003 0.0000000000
8.0074056120 0.9500000000 3.6213289897 -1.9240230098 1.1694303602 0.0000000000
8.0079478001 0.9500000000 3.6198218616 -1.9639784839 1.1474196579 0.0000000000
8.0084899883 0.9500000000 3.6184064038 -2.0044936140 1.1255517749 0.0000000000
8.0090321764 0.9500000000 3.6169689401 -2.0457124408 1.1033143896 0.0000000000
8.0095743646 0.9500000000 3.6154507063 -2.0885238855 1.0801168763 0.0000000000
8.0101165527 0.9500000000 3.6138336169 -2.1339758001 1.0554677530 0.0000000000
8.0106587409 0.9500000000 3.6121994650 -2.1798857097 1.0305671814 0.0000000000
8.0112009290 0.9500000000 3.6105864602 -2.2250113202 1.0060649179 0.0000000000
8.0117431172 0.9500000000 3.6089584988 -2.2706411304 0.9813011484 0.0000000000
8.0122853053 0.9500000000 3.6072367027 -2.3174852058 0.9556763336 0.0000000000
8.0128274934 0.9500000000 3.6053991293 -2.3670826745 0.9284870527 0.0000000000
8.0133696816 0.9500000000 3.6034108148 -2.4221779411 0.8984956879 0.0000000000
8.0139118697 0.9500000000 3.6009881490 -2.4886724180 0.8622072339 0.0000000000
8.0144540579 0.9500000000 3.5977669534 -2.5763319059 0.8142586566 0.0000000000
8.0149962460 0.9500000000 3.5938484568 -2.6826537481 0.7560559332 0.0000000000
8.0155384342 0.9500000000 3.5895921540 -2.7963087797 0.6935687093 0.0000000000
8.0160806223 0.9500000000 3.5846503015 -2.9247806484 0.6224125520 0.0000000000
8.0166228105 0.9500000000 3.5791739619 -3.0654172257 0.5442525627 0.0000000000
8.0171649986 0.9500000000 3.5637974805 -3.4330316527 0.3357008664 0.0000000000
8.0177071868 0.9500000000 3.5611800000 -3.4937250000 0.3009536053 0.0000000000
