# logAge Mass logTe Mbol logg C/O
4.1860800861 1.4000000000 3.6978500000 0.2636250000 2.5189780357 0.0000000000
4.1940452146 1.4000000000 3.6978485480 0.2636006126 2.5189624726 0.0000000000
4.2020103397 1.4000000000 3.6978470483 0.2635733933 2.5189455863 0.0000000000
4.2099754615 1.4000000000 3.6978455025 0.2635434115 2.5189274104 0.0000000000
4.2179405801 1.4000000000 3.6978439121 0.2635107367 2.5189079787 0.0000000000
4.2259056955 1.4000000000 3.6978422784 0.2634754384 2.5188873248 0.0000000000
4.2338708078 1.4000000000 3.6978406030 0.2634375861 2.5188654822 0.0000000000
4.2418359171 1.4000000000 3.6978388873 0.2633972492 2.5188424847 0.0000000000
4.2498010236 1.4000000000 3.6978371328 0.2633544972 2.5188183659 0.0000000000
4.2577661272 1.4000000000 3.6978353410 0.2633093996 2.5187931595 0.0000000000
4.2657312281 1.4000000000 3.6978335132 0.2632620259 2.5187668990 0.0000000000
4.2736963263 1.4000000000 3.6978316511 0.2632124456 2.5187396182 0.0000000000
4.2816614220 1.4000000000 3.6978297560 0.2631607280 2.5187113507 0.0000000000
4.2896265151 1.4000000000 3.6978278293 0.2631069427 2.5186821301 0.0000000000
4.2975916059 1.4000000000 3.6978258727 0.2630511593 2.5186519901 0.0000000000
4.3055566943 1.4000000000 3.6978238875 0.2629934470 2.5186209644 0.0000000000
4.3135217805 1.4000000000 3.6978218751 0.2629338755 2.5185890865 0.0000000000
4.3214868645 1.4000000000 3.6978198372 0.2628725142 2.5185563901 0.0000000000
4.3294519464 1.4000000000 3.6978177750 0.2628094326 2.5185229089 0.0000000000
4.3374170264 1.4000000000 3.6978156902 0.2627447002 2.5184886765 0.0000000000
4.3453821044 1.4000000000 3.6978135841 0.2626783864 2.5184537266 0.0000000000
4.3533471806 1.4000000000 3.6978114582 0.2626105607 2.5184180928 0.0000000000
4.3613122551 1.4000000000 3.6978093140 0.2625412925 2.5183818088 0.0000000000
4.3692773279 1.4000000000 3.6978071530 0.2624706515 2.5183449082 0.0000000000
4.3772423991 1.4000000000 3.6978049765 0.2623987070 2.5183074246 0.0000000000
4.3852074688 1.4000000000 3.6978027862 0.2623255285 2.5182693917 0.0000000000
4.3931725371 1.4000000000 3.6978005833 0.2622511855 2.5182308432 0.0000000000
4.4011376041 1.4000000000 3.6977983695 0.2621757475 2.5181918127 0.0000000000
4.4091026698 1.4000000000 3.6977961461 0.2620992839 2.5181523338 0.0000000000
4.4170677343 1.4000000000 3.6977939147 0.2620218643 2.5181124402 0.0000000000
4.4250327978 1.4000000000 3.6977916767 0.2619435580 2.5180721655 0.0000000000
4.4329978602 1.4000000000 3.6977894335 0.2618644346 2.5180315435 0.0000000000
4.4409629218 1.4000000000 3.6977871866 0.2617845636 2.5179906076 0.0000000000
4.4489279825 1.4000000000 3.6977849375 0.2617040145 2.5179493917 0.0000000000
4.4568930424 1.4000000000 3.6977826877 0.2616228566 2.5179079292 0.0000000000
4.4648581017 1.4000000000 3.6977804386 0.2615411595 2.5178662540 0.0000000000
4.4728231603 1.4000000000 3.6977781917 0.2614589927 2.5178243995 0.0000000000
4.4807882185 1.4000000000 3.6977759484 0.2613764256 2.5177823995 0.0000000000
4.4887532763 1.4000000000 3.6977737102 0.2612935277 2.5177402877 0.0000000000
4.4967183337 1.4000000000 3.6977714786 0.2612103686 2.5176980976 0.0000000000
4.5046833908 1.4000000000 3.6977692550 0.2611270176 2.5176558629 0.0000000000
4.5126484478 1.4000000000 3.6977670410 0.2610435442 2.5176136172 0.0000000000
4.5206135047 1.4000000000 3.6977648379 0.2609600180 2.5175713943 0.0000000000
4.5285785615 1.4000000000 3.6977626472 0.2608765083 2.5175292277 0.0000000000
4.5365436185 1.4000000000 3.6977604704 0.2607930848 2.5174871511 0.0000000000
4.5445086756 1.4000000000 3.6977583090 0.2607098168 2.5174451982 0.0000000000
4.5524737329 1.4000000000 3.6977561643 0.2606267738 2.5174034025 0.0000000000
4.5604387906 1.4000000000 3.6977540380 0.2605440253 2.5173617978 0.0000000000
4.5684038486 1.4000000000 3.6977519314 0.2604616408 2.5173204177 0.0000000000
4.5763689072 1.4000000000 3.6977498460 0.2603796898 2.5172792958 0.0000000000
4.5843339663 1.4000000000 3.6977477834 0.2602982417 2.5172384658 0.0000000000
4.5922990260 1.4000000000 3.6977457448 0.2602173660 2.5171979613 0.0000000000
4.6002640865 1.4000000000 3.6977437318 0.2601371322 2.5171578160 0.0000000000
4.6082291478 1.4000000000 3.6977417460 0.2600576098 2.5171180635 0.0000000000
4.6161942100 1.4000000000 3.6977397886 0.2599788682 2.5170787374 0.0000000000
4.6241592732 1.4000000000 3.6977378613 0.2599009770 2.5170398715 0.0000000000
4.6321243375 1.4000000000 3.6977359654 0.2598240055 2.5170014994 0.0000000000
4.6400894029 1.4000000000 3.6977341024 0.2597480233 2.5169636546 0.0000000000
4.6480544695 1.4000000000 3.6977322738 0.2596730999 2.5169263709 0.0000000000
4.6560195374 1.4000000000 3.6977304811 0.2595993047 2.5168896819 0.0000000000
4.6639846068 1.4000000000 3.6977287257 0.2595267071 2.5168536213 0.0000000000
4.6719496776 1.4000000000 3.6977270091 0.2594553768 2.5168182227 0.0000000000
4.6799147499 1.4000000000 3.6977253327 0.2593853831 2.5167835197 0.0000000000
4.6878798240 1.4000000000 3.6977236980 0.2593167956 2.5167495460 0.0000000000
4.6958448997 1.4000000000 3.6977221065 0.2592496837 2.5167163352 0.0000000000
4.7038099772 1.4000000000 3.6977205597 0.2591841168 2.5166839210 0.0000000000
4.7117750567 1.4000000000 3.6977190589 0.2591201645 2.5166523371 0.0000000000
4.7197401381 1.4000000000 3.6977176057 0.2590578963 2.5166216170 0.0000000000
4.7277052216 1.4000000000 3.6977162016 0.2589973816 2.5165917945 0.0000000000
4.7356703072 1.4000000000 3.6977148479 0.2589386898 2.5165629032 0.0000000000
4.7436353950 1.4000000000 3.6977135462 0.2588818906 2.5165349766 0.0000000000
4.7516004851 1.4000000000 3.6977122979 0.2588270533 2.5165080485 0.0000000000
4.7595655776 1.4000000000 3.6977111045 0.2587742474 2.5164821526 0.0000000000
4.7675306726 1.4000000000 3.6977099674 0.2587235424 2.5164573224 0.0000000000
4.7754957701 1.4000000000 3.6977088880 0.2586749922 2.5164335845 0.0000000000
4.7834608701 1.4000000000 3.6977078665 0.2586285939 2.5164109391 0.0000000000
4.7914259723 1.4000000000 3.6977069031 0.2585843313 2.5163893806 0.0000000000
4.7993910768 1.4000000000 3.6977059980 0.2585421885 2.5163689032 0.0000000000
4.8073561833 1.4000000000 3.6977051515 0.2585021493 2.5163495013 0.0000000000
4.8153212918 1.4000000000 3.6977043636 0.2584641978 2.5163311691 0.0000000000
4.8232864021 1.4000000000 3.6977036345 0.2584283179 2.5163139010 0.0000000000
4.8312515142 1.4000000000 3.6977029645 0.2583944936 2.5162976913 0.0000000000
4.8392166278 1.4000000000 3.6977023538 0.2583627087 2.5162825342 0.0000000000
4.8471817430 1.4000000000 3.6977018024 0.2583329473 2.5162684240 0.0000000000
4.8551468596 1.4000000000 3.6977013105 0.2583051933 2.5162553552 0.0000000000
4.8631119774 1.4000000000 3.6977008785 0.2582794307 2.5162433218 0.0000000000
4.8710770963 1.4000000000 3.6977005063 0.2582556434 2.5162323183 0.0000000000
4.8790422163 1.4000000000 3.6977001943 0.2582338153 2.5162223390 0.0000000000
4.8870073372 1.4000000000 3.6976999426 0.2582139305 2.5162133781 0.0000000000
4.8949724589 1.4000000000 3.6976997513 0.2581959729 2.5162054300 0.0000000000
4.9029375813 1.4000000000 3.6976996207 0.2581799264 2.5161984889 0.0000000000
4.9109027042 1.4000000000 3.6976995509 0.2581657750 2.5161925492 0.0000000000
4.9188678276 1.4000000000 3.6976995421 0.2581535027 2.5161876052 0.0000000000
4.9268329513 1.4000000000 3.6976995945 0.2581430934 2.5161836510 0.0000000000
4.9347980752 1.4000000000 3.6976997083 0.2581345310 2.5161806812 0.0000000000
4.9427631992 1.4000000000 3.6976998836 0.2581277995 2.5161786899 0.0000000000
4.9507283232 1.4000000000 3.6977001206 0.2581228818 2.5161776707 0.0000000000
4.9586934471 1.4000000000 3.6977004175 0.2581197335 2.5161775993 0.0000000000
4.9666585709 1.4000000000 3.6977007710 0.2581182807 2.5161784318 0.0000000000
4.9746236947 1.4000000000 3.6977011772 0.2581184486 2.5161801238 0.0000000000
4.9825888183 1.4000000000 3.6977016325 0.2581201621 2.5161826306 0.0000000000
4.9905539419 1.4000000000 3.6977021334 0.2581233460 2.5161859077 0.0000000000
4.9985190654 1.4000000000 3.6977026761 0.2581279254 2.5161899104 0.0000000000
5.0064841888 1.4000000000 3.6977032571 0.2581338252 2.5161945942 0.0000000000
5.0144493121 1.4000000000 3.6977038727 0.2581409703 2.5161999144 0.0000000000
5.0224144353 1.4000000000 3.6977045191 0.2581492858 2.5162058265 0.0000000000
5.0303795585 1.4000000000 3.6977051929 0.2581586964 2.5162122859 0.0000000000
5.0383446815 1.4000000000 3.6977058903 0.2581691273 2.5162192479 0.0000000000
5.0463098045 1.4000000000 3.6977066078 0.2581805034 2.5162266681 0.0000000000
5.0542749273 1.4000000000 3.6977073416 0.2581927495 2.5162345017 0.0000000000
5.0622400501 1.4000000000 3.6977080881 0.2582057906 2.5162427042 0.0000000000
5.0702051728 1.4000000000 3.6977088436 0.2582195518 2.5162512310 0.0000000000
5.0781702953 1.4000000000 3.6977096047 0.2582339578 2.5162600375 0.0000000000
5.0861354178 1.4000000000 3.6977103675 0.2582489338 2.5162690791 0.0000000000
5.0941005402 1.4000000000 3.6977111284 0.2582644046 2.5162783112 0.0000000000
5.1020656625 1.4000000000 3.6977118839 0.2582802952 2.5162876893 0.0000000000
5.1100307847 1.4000000000 3.6977126302 0.2582965305 2.5162971686 0.0000000000
5.1179959068 1.4000000000 3.6977133637 0.2583130356 2.5163067047 0.0000000000
5.1259610288 1.4000000000 3.6977140808 0.2583297352 2.5163162530 0.0000000000
5.1339261507 1.4000000000 3.6977147778 0.2583465544 2.5163257688 0.0000000000
5.1418912725 1.4000000000 3.6977154511 0.2583634182 2.5163352075 0.0000000000
5.1498563942 1.4000000000 3.6977160971 0.2583802514 2.5163445245 0.0000000000
5.1578215158 1.4000000000 3.6977167120 0.2583969790 2.5163536754 0.0000000000
5.1657866373 1.4000000000 3.6977172923 0.2584135261 2.5163626154 0.0000000000
5.1737517587 1.4000000000 3.6977178343 0.2584298174 2.5163712999 0.0000000000
5.1817168800 1.4000000000 3.6977183344 0.2584457780 2.5163796845 0.0000000000
5.1896820011 1.4000000000 3.6977187889 0.2584613329 2.5163877244 0.0000000000
5.1976471222 1.4000000000 3.6977191942 0.2584764069 2.5163953751 0.0000000000
5.2056122432 1.4000000000 3.6977195466 0.2584909250 2.5164025920 0.0000000000
5.2135773641 1.4000000000 3.6977198425 0.2585048122 2.5164093305 0.0000000000
5.2215424848 1.4000000000 3.6977200782 0.2585179934 2.5164155460 0.0000000000
5.2295076055 1.4000000000 3.6977202502 0.2585303936 2.5164211939 0.0000000000
5.2374727260 1.4000000000 3.6977203547 0.2585419377 2.5164262296 0.0000000000
5.2454378464 1.4000000000 3.6977203881 0.2585525507 2.5164306085 0.0000000000
5.2534029668 1.4000000000 3.6977203469 0.2585621574 2.5164342861 0.0000000000
5.2613680870 1.4000000000 3.6977202272 0.2585706829 2.5164372176 0.0000000000
5.2693332071 1.4000000000 3.6977200255 0.2585780522 2.5164393586 0.0000000000
5.2772983271 1.4000000000 3.6977197382 0.2585841901 2.5164406645 0.0000000000
5.2852634469 1.4000000000 3.6977193616 0.2585890216 2.5164410906 0.0000000000
5.2932285667 1.4000000000 3.6977188920 0.2585924716 2.5164405923 0.0000000000
5.3011936864 1.4000000000 3.6977183258 0.2585944652 2.5164391251 0.0000000000
5.3091588059 1.4000000000 3.6977176595 0.2585949272 2.5164366444 0.0000000000
5.3171239253 1.4000000000 3.6977168892 0.2585937826 2.5164331055 0.0000000000
5.3250890446 1.4000000000 3.6977160114 0.2585909564 2.5164284639 0.0000000000
5.3330541638 1.4000000000 3.6977150225 0.2585863734 2.5164226750 0.0000000000
5.3410192829 1.4000000000 3.6977139188 0.2585799587 2.5164156942 0.0000000000
5.3489844018 1.4000000000 3.6977126966 0.2585716372 2.5164074768 0.0000000000
5.3569495206 1.4000000000 3.6977113523 0.2585613339 2.5163979784 0.0000000000
5.3649146393 1.4000000000 3.6977098823 0.2585489736 2.5163871542 0.0000000000
5.3728797579 1.4000000000 3.6977082864 0.2585345016 2.5163749818 0.0000000000
5.3808448762 1.4000000000 3.6977065754 0.2585179271 2.5163615083 0.0000000000
5.3888099942 1.4000000000 3.6977047626 0.2584992720 2.5163467949 0.0000000000
5.3967751118 1.4000000000 3.6977028609 0.2584785584 2.5163309027 0.0000000000
5.4047402287 1.4000000000 3.6977008835 0.2584558082 2.5163138928 0.0000000000
5.4127053451 1.4000000000 3.6976988433 0.2584310434 2.5162958264 0.0000000000
5.4206704607 1.4000000000 3.6976967536 0.2584042861 2.5162767645 0.0000000000
5.4286355754 1.4000000000 3.6976946274 0.2583755581 2.5162567683 0.0000000000
5.4366006892 1.4000000000 3.6976924777 0.2583448814 2.5162358990 0.0000000000
5.4445658018 1.4000000000 3.6976903176 0.2583122781 2.5162142175 0.0000000000
5.4525309134 1.4000000000 3.6976881603 0.2582777700 2.5161917851 0.0000000000
5.4604960236 1.4000000000 3.6976860189 0.2582413793 2.5161686628 0.0000000000
5.4684611324 1.4000000000 3.6976839063 0.2582031278 2.5161449118 0.0000000000
5.4764262398 1.4000000000 3.6976818356 0.2581630376 2.5161205933 0.0000000000
5.4843913455 1.4000000000 3.6976798201 0.2581211306 2.5160957682 0.0000000000
5.4923564496 1.4000000000 3.6976778661 0.2580774218 2.5160704689 0.0000000000
5.5003215519 1.4000000000 3.6976759605 0.2580319053 2.5160446398 0.0000000000
5.5082866523 1.4000000000 3.6976740861 0.2579845708 2.5160182084 0.0000000000
5.5162517509 1.4000000000 3.6976722258 0.2579354082 2.5159911022 0.0000000000
5.5242168474 1.4000000000 3.6976703626 0.2578844074 2.5159632489 0.0000000000
5.5321819419 1.4000000000 3.6976684793 0.2578315582 2.5159345760 0.0000000000
5.5401470343 1.4000000000 3.6976665588 0.2577768507 2.5159050111 0.0000000000
5.5481121245 1.4000000000 3.6976645841 0.2577202745 2.5158744818 0.0000000000
5.5560772124 1.4000000000 3.6976625380 0.2576618196 2.5158429157 0.0000000000
5.5640422980 1.4000000000 3.6976604036 0.2576014759 2.5158102403 0.0000000000
5.5720073812 1.4000000000 3.6976581636 0.2575392333 2.5157763832 0.0000000000
5.5799724619 1.4000000000 3.6976558009 0.2574750815 2.5157412720 0.0000000000
5.5879375401 1.4000000000 3.6976532986 0.2574090106 2.5157048343 0.0000000000
5.5959026156 1.4000000000 3.6976506394 0.2573410103 2.5156669976 0.0000000000
5.6038676885 1.4000000000 3.6976478086 0.2572710707 2.5156276985 0.0000000000
5.6118327586 1.4000000000 3.6976448097 0.2571991821 2.5155869471 0.0000000000
5.6197978258 1.4000000000 3.6976416550 0.2571253353 2.5155447896 0.0000000000
5.6277628900 1.4000000000 3.6976383570 0.2570495210 2.5155012722 0.0000000000
5.6357279512 1.4000000000 3.6976349285 0.2569717299 2.5154564414 0.0000000000
5.6436930092 1.4000000000 3.6976313817 0.2568919528 2.5154103435 0.0000000000
5.6516580640 1.4000000000 3.6976277293 0.2568101804 2.5153630249 0.0000000000
5.6596231154 1.4000000000 3.6976239837 0.2567264034 2.5153145318 0.0000000000
5.6675881635 1.4000000000 3.6976201575 0.2566406124 2.5152649107 0.0000000000
5.6755532080 1.4000000000 3.6976162632 0.2565527983 2.5152142079 0.0000000000
5.6835182489 1.4000000000 3.6976123133 0.2564629518 2.5151624697 0.0000000000
5.6914832861 1.4000000000 3.6976083204 0.2563710636 2.5151097425 0.0000000000
5.6994483194 1.4000000000 3.6976042968 0.2562771243 2.5150560727 0.0000000000
5.7074133489 1.4000000000 3.6976002553 0.2561811248 2.5150015066 0.0000000000
5.7153783744 1.4000000000 3.6975962047 0.2560830556 2.5149460768 0.0000000000
5.7233433958 1.4000000000 3.6975921377 0.2559829063 2.5148897491 0.0000000000
5.7313084129 1.4000000000 3.6975880418 0.2558806667 2.5148324694 0.0000000000
5.7392734256 1.4000000000 3.6975839043 0.2557763262 2.5147741834 0.0000000000
5.7472384338 1.4000000000 3.6975797129 0.2556698743 2.5147148368 0.0000000000
5.7552034373 1.4000000000 3.6975754549 0.2555613005 2.5146543755 0.0000000000
5.7631684360 1.4000000000 3.6975711179 0.2554505944 2.5145927452 0.0000000000
5.7711334298 1.4000000000 3.6975666894 0.2553377456 2.5145298917 0.0000000000
5.7790984185 1.4000000000 3.6975621569 0.2552227434 2.5144657607 0.0000000000
5.7870634019 1.4000000000 3.6975575078 0.2551055775 2.5144002980 0.0000000000
5.7950283800 1.4000000000 3.6975527297 0.2549862375 2.5143334494 0.0000000000
5.8029933526 1.4000000000 3.6975478100 0.2548647127 2.5142651607 0.0000000000
5.8109583196 1.4000000000 3.6975427362 0.2547409928 2.5141953776 0.0000000000
5.8189232808 1.4000000000 3.6975374962 0.2546150675 2.5141240476 0.0000000000
5.8268882361 1.4000000000 3.6975320888 0.2544869352 2.5140511651 0.0000000000
5.8348531856 1.4000000000 3.6975265244 0.2543566029 2.5139767745 0.0000000000
5.8428181292 1.4000000000 3.6975208139 0.2542240782 2.5139009226 0.0000000000
5.8507830668 1.4000000000 3.6975149683 0.2540893687 2.5138236563 0.0000000000
5.8587479986 1.4000000000 3.6975089985 0.2539524819 2.5137450223 0.0000000000
5.8667129244 1.4000000000 3.6975029154 0.2538134256 2.5136650675 0.0000000000
5.8746778443 1.4000000000 3.6974967301 0.2536722071 2.5135838389 0.0000000000
5.8826427582 1.4000000000 3.6974904534 0.2535288342 2.5135013831 0.0000000000
5.8906076661 1.4000000000 3.6974840964 0.2533833144 2.5134177470 0.0000000000
5.8985725680 1.4000000000 3.6974776699 0.2532356553 2.5133329775 0.0000000000
5.9065374639 1.4000000000 3.6974711850 0.2530858644 2.5132471215 0.0000000000
5.9145023538 1.4000000000 3.6974646526 0.2529339494 2.5131602257 0.0000000000
5.9224672376 1.4000000000 3.6974580835 0.2527799171 2.5130723363 0.0000000000
5.9304321150 1.4000000000 3.6974514821 0.2526237163 2.5129834507 0.0000000000
5.9383969853 1.4000000000 3.6974448418 0.2524651952 2.5128934809 0.0000000000
5.9463618476 1.4000000000 3.6974381545 0.2523041915 2.5128023303 0.0000000000
5.9543267010 1.4000000000 3.6974314124 0.2521405433 2.5127099027 0.0000000000
5.9622915447 1.4000000000 3.6974246076 0.2519740885 2.5126161015 0.0000000000
5.9702563779 1.4000000000 3.6974177322 0.2518046651 2.5125208303 0.0000000000
5.9782211997 1.4000000000 3.6974107782 0.2516321111 2.5124239928 0.0000000000
5.9861860092 1.4000000000 3.6974037377 0.2514562644 2.5123254923 0.0000000000
5.9941508057 1.4000000000 3.6973966029 0.2512769629 2.5122252326 0.0000000000
6.0021155882 1.4000000000 3.6973893659 0.2510940446 2.5121231171 0.0000000000
6.0100803559 1.4000000000 3.6973820187 0.2509073476 2.5120190495 0.0000000000
6.0180451080 1.4000000000 3.6973745534 0.2507167096 2.5119129333 0.0000000000
6.0260098437 1.4000000000 3.6973669624 0.2505219736 2.5118046749 0.0000000000
6.0339745629 1.4000000000 3.6973592470 0.2503231743 2.5116942935 0.0000000000
6.0419392669 1.4000000000 3.6973514202 0.2501205966 2.5115819550 0.0000000000
6.0499039569 1.4000000000 3.6973434957 0.2499145425 2.5114678356 0.0000000000
6.0578686342 1.4000000000 3.6973354875 0.2497053139 2.5113521114 0.0000000000
6.0658333001 1.4000000000 3.6973274094 0.2494932128 2.5112349582 0.0000000000
6.0737979558 1.4000000000 3.6973192750 0.2492785410 2.5111165522 0.0000000000
6.0817626025 1.4000000000 3.6973110984 0.2490616004 2.5109970694 0.0000000000
6.0897272415 1.4000000000 3.6973028932 0.2488426931 2.5108766857 0.0000000000
6.0976918741 1.4000000000 3.6972946733 0.2486221209 2.5107555774 0.0000000000
6.1056565016 1.4000000000 3.6972864526 0.2484001857 2.5106339202 0.0000000000
6.1136211251 1.4000000000 3.6972782447 0.2481771881 2.5105118896 0.0000000000
6.1215857447 1.4000000000 3.6972700494 0.2479531809 2.5103895058 0.0000000000
6.1295503577 1.4000000000 3.6972618368 0.2477276863 2.5102664575 0.0000000000
6.1375149610 1.4000000000 3.6972535730 0.2475001573 2.5101423906 0.0000000000
6.1454795515 1.4000000000 3.6972452240 0.2472700472 2.5100169506 0.0000000000
6.1534441263 1.4000000000 3.6972367560 0.2470368092 2.5098897834 0.0000000000
6.1614086821 1.4000000000 3.6972281351 0.2467998967 2.5097605347 0.0000000000
6.1693732161 1.4000000000 3.6972193274 0.2465587628 2.5096288503 0.0000000000
6.1773377250 1.4000000000 3.6972102989 0.2463128608 2.5094943758 0.0000000000
6.1853022059 1.4000000000 3.6972010159 0.2460616439 2.5093567569 0.0000000000
6.1932666557 1.4000000000 3.6971914444 0.2458045654 2.5092156396 0.0000000000
6.2012310713 1.4000000000 3.6971815506 0.2455410785 2.5090706694 0.0000000000
6.2091954503 1.4000000000 3.6971713080 0.2452707646 2.5089215737 0.0000000000
6.2171597947 1.4000000000 3.6971607390 0.2449940232 2.5087686008 0.0000000000
6.2251241080 1.4000000000 3.6971498845 0.2447115752 2.5086122038 0.0000000000
6.2330883936 1.4000000000 3.6971387858 0.2444241425 2.5084528361 0.0000000000
6.2410526553 1.4000000000 3.6971274842 0.2441324467 2.5082909512 0.0000000000
6.2490168966 1.4000000000 3.6971160208 0.2438372096 2.5081270026 0.0000000000
6.2569811210 1.4000000000 3.6971044367 0.2435391529 2.5079614438 0.0000000000
6.2649453319 1.4000000000 3.6970927735 0.2432389655 2.5077947157 0.0000000000
6.2729095305 1.4000000000 3.6970810745 0.2429368784 2.5076270852 0.0000000000
6.2808737161 1.4000000000 3.6970693852 0.2426327878 2.5074586916 0.0000000000
6.2888378883 1.4000000000 3.6970577506 0.2423265820 2.5072896710 0.0000000000
6.2968020464 1.4000000000 3.6970462161 0.2420181495 2.5071201600 0.0000000000
6.3047661898 1.4000000000 3.6970348269 0.2417073787 2.5069502948 0.0000000000
6.3127303180 1.4000000000 3.6970236282 0.2413941579 2.5067802117 0.0000000000
6.3206944304 1.4000000000 3.6970126653 0.2410783755 2.5066100471 0.0000000000
6.3286585263 1.4000000000 3.6970019732 0.2407599298 2.5064399002 0.0000000000
6.3366226056 1.4000000000 3.6969914986 0.2404388028 2.5062695513 0.0000000000
6.3445866681 1.4000000000 3.6969811434 0.2401150199 2.5060986174 0.0000000000
6.3525507137 1.4000000000 3.6969708090 0.2397886063 2.5059267144 0.0000000000
6.3605147422 1.4000000000 3.6969603968 0.2394595878 2.5057534582 0.0000000000
6.3684787535 1.4000000000 3.6969498083 0.2391279896 2.5055784646 0.0000000000
6.3764427474 1.4000000000 3.6969389447 0.2387938374 2.5054013496 0.0000000000
6.3844067238 1.4000000000 3.6969277079 0.2384571562 2.5052217299 0.0000000000
6.3923706822 1.4000000000 3.6969160574 0.2381178916 2.5050394218 0.0000000000
6.4003346207 1.4000000000 3.6969040812 0.2377758120 2.5048546853 0.0000000000
6.4082985375 1.4000000000 3.6968918850 0.2374306620 2.5046678404 0.0000000000
6.4162624307 1.4000000000 3.6968795742 0.2370821860 2.5044792069 0.0000000000
6.4242262985 1.4000000000 3.6968672544 0.2367301287 2.5042891048 0.0000000000
6.4321901389 1.4000000000 3.6968550312 0.2363742345 2.5040978541 0.0000000000
6.4401539504 1.4000000000 3.6968430031 0.2360142699 2.5039057561 0.0000000000
6.4481177334 1.4000000000 3.6968311604 0.2356503475 2.5037128164 0.0000000000
6.4560814905 1.4000000000 3.6968194060 0.2352828587 2.5035188031 0.0000000000
6.4640452244 1.4000000000 3.6968076403 0.2349122023 2.5033234777 0.0000000000
6.4720089375 1.4000000000 3.6967957637 0.2345387775 2.5031266016 0.0000000000
6.4799726324 1.4000000000 3.6967836768 0.2341629831 2.5029279362 0.0000000000
6.4879363117 1.4000000000 3.6967712918 0.2337852054 2.5027272850 0.0000000000
6.4958999772 1.4000000000 3.6967586424 0.2334056992 2.5025248851 0.0000000000
6.5038636306 1.4000000000 3.6967458341 0.2330246418 2.5023212289 0.0000000000
6.5118272732 1.4000000000 3.6967329732 0.2326422095 2.5021168124 0.0000000000
6.5197909067 1.4000000000 3.6967201660 0.2322585788 2.5019121313 0.0000000000
6.5277545327 1.4000000000 3.6967075187 0.2318739253 2.5017076807 0.0000000000
6.5357181517 1.4000000000 3.6966951098 0.2314883313 2.5015038076 0.0000000000
6.5436817629 1.4000000000 3.6966829556 0.2311016680 2.5013005253 0.0000000000
6.5516453649 1.4000000000 3.6966710638 0.2307137779 2.5010978020 0.0000000000
6.5596089565 1.4000000000 3.6966594422 0.2303245036 2.5008956057 0.0000000000
6.5675725364 1.4000000000 3.6966480983 0.2299336879 2.5006939041 0.0000000000
6.5755361039 1.4000000000 3.6966369854 0.2295412584 2.5004924807 0.0000000000
6.5834996598 1.4000000000 3.6966259243 0.2291473491 2.5002906724 0.0000000000
6.5914632051 1.4000000000 3.6966147159 0.2287521247 2.5000877492 0.0000000000
6.5994267407 1.4000000000 3.6966031614 0.2283557498 2.4998829810 0.0000000000
6.6073902679 1.4000000000 3.6965910969 0.2279584156 2.4996757895 0.0000000000
6.6153537904 1.4000000000 3.6965786831 0.2275605552 2.4994669900 0.0000000000
6.6233173131 1.4000000000 3.6965662549 0.2271627322 2.4992581481 0.0000000000
6.6312808412 1.4000000000 3.6965541491 0.2267655117 2.4990508368 0.0000000000
6.6392443796 1.4000000000 3.6965426866 0.2263694643 2.4988465677 0.0000000000
6.6472079335 1.4000000000 3.6965319877 0.2259752354 2.4986460808 0.0000000000
6.6551715082 1.4000000000 3.6965220364 0.2255835210 2.4984495897 0.0000000000
6.6631351080 1.4000000000 3.6965127862 0.2251949096 2.4982571445 0.0000000000
6.6710987306 1.4000000000 3.6965039783 0.2248091489 2.4980676085 0.0000000000
6.6790623703 1.4000000000 3.6964952545 0.2244255947 2.4978792916 0.0000000000
6.6870260218 1.4000000000 3.6964862669 0.2240436168 2.4976905499 0.0000000000
6.6949896847 1.4000000000 3.6964770604 0.2236631783 2.4975015487 0.0000000000
6.7029533652 1.4000000000 3.6964681776 0.2232849939 2.4973147436 0.0000000000
6.7109170700 1.4000000000 3.6964601928 0.2229098263 2.4971327373 0.0000000000
6.7188808073 1.4000000000 3.6964534799 0.2225387291 2.4969574470 0.0000000000
6.7268445921 1.4000000000 3.6964475452 0.2221740135 2.4967878221 0.0000000000
6.7348084411 1.4000000000 3.6964416602 0.2218183314 2.4966220091 0.0000000000
6.7427723686 1.4000000000 3.6964351971 0.2214739363 2.4964583984 0.0000000000
6.7507363640 1.4000000000 3.6964284583 0.2211394058 2.4962976312 0.0000000000
6.7587004037 1.4000000000 3.6964222493 0.2208113307 2.4961415652 0.0000000000
6.7666644650 1.4000000000 3.6964173371 0.2204864707 2.4959919723 0.0000000000
6.7746285460 1.4000000000 3.6964137908 0.2201646240 2.4958490485 0.0000000000
6.7825926610 1.4000000000 3.6964111152 0.2198480468 2.4957117151 0.0000000000
6.7905568248 1.4000000000 3.6964088115 0.2195390248 2.4955788915 0.0000000000
6.7985210451 1.4000000000 3.6964066446 0.2192389971 2.4954502130 0.0000000000
6.8064853231 1.4000000000 3.6964046269 0.2189486081 2.4953259865 0.0000000000
6.8144496596 1.4000000000 3.6964027802 0.2186684718 2.4952065452 0.0000000000
6.8224140555 1.4000000000 3.6964011264 0.2183992020 2.4950922220 0.0000000000
6.8303785117 1.4000000000 3.6963996886 0.2181414087 2.4949833537 0.0000000000
6.8383430263 1.4000000000 3.6963986873 0.2178951300 2.4948808368 0.0000000000
6.8463075917 1.4000000000 3.6963987454 0.2176592356 2.4947867116 0.0000000000
6.8542721994 1.4000000000 3.6964005355 0.2174324519 2.4947031584 0.0000000000
6.8622368412 1.4000000000 3.6964047299 0.2172135055 2.4946323575 0.0000000000
6.8702015087 1.4000000000 3.6964119915 0.2170011343 2.4945764552 0.0000000000
6.8781662020 1.4000000000 3.6964215920 0.2167957038 2.4945326853 0.0000000000
6.8861309383 1.4000000000 3.6964299693 0.2166008963 2.4944882712 0.0000000000
6.8940957320 1.4000000000 3.6964345507 0.2164201575 2.4944343013 0.0000000000
6.9020605784 1.4000000000 3.6964381799 0.2162543350 2.4943824892 0.0000000000
6.9100254668 1.4000000000 3.6964447513 0.2161031223 2.4943482897 0.0000000000
6.9179903777 1.4000000000 3.6964541834 0.2159601176 2.4943288165 0.0000000000
6.9259552866 1.4000000000 3.6964637883 0.2158152015 2.4943092696 0.0000000000
6.9339202004 1.4000000000 3.6964733633 0.2156724220 2.4942904576 0.0000000000
6.9418851649 1.4000000000 3.6964858282 0.2155533473 2.4942926872 0.0000000000
6.9498501864 1.4000000000 3.6965007856 0.2154601126 2.4943152232 0.0000000000
6.9578152201 1.4000000000 3.6965136292 0.2153700908 2.4943305887 0.0000000000
6.9657802424 1.4000000000 3.6965237826 0.2152734089 2.4943325295 0.0000000000
6.9737452677 1.4000000000 3.6965372997 0.2151825131 2.4943502395 0.0000000000
6.9817103008 1.4000000000 3.6965549460 0.2150990697 2.4943874474 0.0000000000
6.9896753350 1.4000000000 3.6965717803 0.2150135121 2.4944205617 0.0000000000
6.9976403828 1.4000000000 3.6965870639 0.2149368770 2.4944510419 0.0000000000
7.0056054628 1.4000000000 3.6966025423 0.2148876410 2.4944932611 0.0000000000
7.0135705555 1.4000000000 3.6966195284 0.2148510475 2.4945465684 0.0000000000
7.0215356343 1.4000000000 3.6966383938 0.2148049952 2.4946036088 0.0000000000
7.0295007143 1.4000000000 3.6966563869 0.2147588531 2.4946571245 0.0000000000
7.0374658017 1.4000000000 3.6966731423 0.2147173075 2.4947075279 0.0000000000
7.0454308764 1.4000000000 3.6966923978 0.2146681014 2.4947648674 0.0000000000
7.0533959508 1.4000000000 3.6967121252 0.2146202983 2.4948246557 0.0000000000
7.0613610448 1.4000000000 3.6967293800 0.2145892117 2.4948812403 0.0000000000
7.0693261304 1.4000000000 3.6967507949 0.2145618469 2.4949559539 0.0000000000
7.0772912003 1.4000000000 3.6967766936 0.2145295481 2.4950466294 0.0000000000
7.0852562764 1.4000000000 3.6967996826 0.2144939986 2.4951243655 0.0000000000
7.0932213612 1.4000000000 3.6968193105 0.2144568625 2.4951880226 0.0000000000
7.1011864495 1.4000000000 3.6968389342 0.2144261117 2.4952542173 0.0000000000
7.1091515364 1.4000000000 3.6968616643 0.2144084248 2.4953380630 0.0000000000
7.1171166139 1.4000000000 3.6968847816 0.2143764929 2.4954177591 0.0000000000
7.1250816795 1.4000000000 3.6969100516 0.2143357541 2.4955025437 0.0000000000
7.1330467399 1.4000000000 3.6969383717 0.2143019898 2.4956023184 0.0000000000
7.1410118057 1.4000000000 3.6969640502 0.2142632256 2.4956895266 0.0000000000
7.1489768705 1.4000000000 3.6969851970 0.2142072275 2.4957517147 0.0000000000
7.1569419289 1.4000000000 3.6970103723 0.2141635244 2.4958349348 0.0000000000
7.1649069914 1.4000000000 3.6970414621 0.2141495327 2.4959536970 0.0000000000
7.1728720649 1.4000000000 3.6970681413 0.2141282769 2.4960519118 0.0000000000
7.1808370972 1.4000000000 3.6970949751 0.2140626832 2.4961330095 0.0000000000
7.1888021127 1.4000000000 3.6971269282 0.2139951594 2.4962338124 0.0000000000
7.1967671701 1.4000000000 3.6971543841 0.2139591198 2.4963292200 0.0000000000
7.2047322535 1.4000000000 3.6971800235 0.2139454979 2.4964263290 0.0000000000
7.2126972970 1.4000000000 3.6972098654 0.2139036894 2.4965289732 0.0000000000
7.2206622985 1.4000000000 3.6972409736 0.2138249611 2.4966219146 0.0000000000
7.2286273136 1.4000000000 3.6972753924 0.2137675654 2.4967366313 0.0000000000
7.2365923439 1.4000000000 3.6973051814 0.2137093168 2.4968324878 0.0000000000
7.2445573405 1.4000000000 3.6973321484 0.2136200266 2.4969046398 0.0000000000
7.2525223555 1.4000000000 3.6973695562 0.2135752383 2.4970363557 0.0000000000
7.2604873973 1.4000000000 3.6974026900 0.2135442532 2.4971564970 0.0000000000
7.2684523771 1.4000000000 3.6974373301 0.2134644262 2.4972631264 0.0000000000
7.2764174132 1.4000000000 3.6974750026 0.2134481729 2.4974073152 0.0000000000
7.2843824370 1.4000000000 3.6975099796 0.2134079590 2.4975311376 0.0000000000
7.2923474585 1.4000000000 3.6975473760 0.2133553203 2.4976596677 0.0000000000
7.3003122814 1.4000000000 3.6975760585 0.2132114190 2.4977168373 0.0000000000
7.3082770027 1.4000000000 3.6976041929 0.2130196622 2.4977526721 0.0000000000
7.3162419370 1.4000000000 3.6976470679 0.2129439050 2.4978938693 0.0000000000
7.3242068829 1.4000000000 3.6976872316 0.2128562373 2.4980194572 0.0000000000
7.3321718724 1.4000000000 3.6977250449 0.2127884023 2.4981435762 0.0000000000
7.3401366602 1.4000000000 3.6977577741 0.2126339018 2.4982126928 0.0000000000
7.3481014793 1.4000000000 3.6977936188 0.2124918661 2.4982992573 0.0000000000
7.3560663948 1.4000000000 3.6978347830 0.2123897541 2.4984230694 0.0000000000
7.3640311480 1.4000000000 3.6978785942 0.2122411441 2.4985388703 0.0000000000
7.3719955876 1.4000000000 3.6979165899 0.2119956278 2.4985926465 0.0000000000
7.3799604070 1.4000000000 3.6979509181 0.2118465717 2.4986703367 0.0000000000
7.3879250227 1.4000000000 3.6979945035 0.2116497638 2.4987659551 0.0000000000
7.3958898147 1.4000000000 3.6980335951 0.2114976963 2.4988614945 0.0000000000
7.4038541890 1.4000000000 3.6980798279 0.2112535173 2.4989487540 0.0000000000
7.4118179991 1.4000000000 3.6981187317 0.2109073998 2.4989659226 0.0000000000
7.4197816535 1.4000000000 3.6981496452 0.2105316279 2.4989392675 0.0000000000
7.4277435775 1.4000000000 3.6981796230 0.2099743880 2.4988362828 0.0000000000
7.4357074420 1.4000000000 3.6982220488 0.2096334299 2.4988696030 0.0000000000
7.4436716093 1.4000000000 3.6982560008 0.2093380209 2.4988872472 0.0000000000
7.4516354514 1.4000000000 3.6982980277 0.2089997566 2.4989200493 0.0000000000
7.4595990360 1.4000000000 3.6983396238 0.2086234303 2.4989359029 0.0000000000
7.4675621336 1.4000000000 3.6983856365 0.2081888158 2.4989461080 0.0000000000
7.4755258347 1.4000000000 3.6984292074 0.2078303534 2.4989770068 0.0000000000
7.4834885470 1.4000000000 3.6984603562 0.2073462989 2.4989079800 0.0000000000
7.4914520472 1.4000000000 3.6985085794 0.2069630450 2.4989475714 0.0000000000
7.4994153339 1.4000000000 3.6985555955 0.2065536720 2.4989718864 0.0000000000
7.5073782054 1.4000000000 3.6986025517 0.2060966747 2.4989769124 0.0000000000
7.5153401448 1.4000000000 3.6986411827 0.2055424064 2.4989097291 0.0000000000
7.5233025768 1.4000000000 3.6986774544 0.2050338801 2.4988514054 0.0000000000
7.5312648615 1.4000000000 3.6987302397 0.2045215448 2.4988576122 0.0000000000
7.5392266187 1.4000000000 3.6987654659 0.2039498140 2.4987698249 0.0000000000
7.5471881178 1.4000000000 3.6988034339 0.2033618510 2.4986865119 0.0000000000
7.5551495422 1.4000000000 3.6988527414 0.2027703567 2.4986471440 0.0000000000
7.5631105677 1.4000000000 3.6988946608 0.2021406489 2.4985629384 0.0000000000
7.5710716585 1.4000000000 3.6989334377 0.2015149977 2.4984677855 0.0000000000
7.5790302970 1.4000000000 3.6989751340 0.2007226239 2.4983176212 0.0000000000
7.5869891068 1.4000000000 3.6990076931 0.1999365532 2.4981334294 0.0000000000
7.5949489296 1.4000000000 3.6990494606 0.1992193433 2.4980136156 0.0000000000
7.6029090411 1.4000000000 3.6990877201 0.1985210538 2.4978873375 0.0000000000
7.6108683320 1.4000000000 3.6991207175 0.1977648737 2.4977168550 0.0000000000
7.6188279016 1.4000000000 3.6991612168 0.1970314991 2.4975855026 0.0000000000
7.6267848269 1.4000000000 3.6991945385 0.1961326480 2.4973592490 0.0000000000
7.6347426246 1.4000000000 3.6992325604 0.1952841643 2.4971719432 0.0000000000
7.6426982255 1.4000000000 3.6992612809 0.1943151306 2.4968992116 0.0000000000
7.6506554901 1.4000000000 3.6992976130 0.1934357640 2.4966927934 0.0000000000
7.6586123060 1.4000000000 3.6993356743 0.1925325121 2.4964837377 0.0000000000
7.6665689958 1.4000000000 3.6993649203 0.1916216350 2.4962363708 0.0000000000
7.6745248558 1.4000000000 3.6993946094 0.1906631122 2.4959717180 0.0000000000
7.6824774501 1.4000000000 3.6994289799 0.1895587326 2.4956674482 0.0000000000
7.6904323266 1.4000000000 3.6994592132 0.1885529690 2.4953860763 0.0000000000
7.6983842818 1.4000000000 3.6994852927 0.1874098475 2.4950331456 0.0000000000
7.7063339335 1.4000000000 3.6995072820 0.1861731759 2.4946264340 0.0000000000
7.7142828308 1.4000000000 3.6995253894 0.1849058412 2.4941919296 0.0000000000
7.7222303055 1.4000000000 3.6995397507 0.1835815848 2.4937196725 0.0000000000
7.7301728241 1.4000000000 3.6995480477 0.1820827367 2.4931533210 0.0000000000
7.7381188023 1.4000000000 3.6995621214 0.1807058010 2.4926588415 0.0000000000
7.7460587833 1.4000000000 3.6995556934 0.1791212669 2.4919993160 0.0000000000
7.7539979127 1.4000000000 3.6995696484 0.1775132174 2.4914119163 0.0000000000
7.7619374844 1.4000000000 3.6995711055 0.1759186688 2.4907799254 0.0000000000
7.7698209493 1.4000000000 3.6995224995 0.1731655037 2.4894842350 0.0000000000
7.7777760427 1.4000000000 3.6995403680 0.1719002802 2.4890496199 0.0000000000
7.7857013546 1.4000000000 3.6995175505 0.1699058496 2.4881605776 0.0000000000
7.7936157473 1.4000000000 3.6994830308 0.1676642065 2.4871258413 0.0000000000
7.8015224242 1.4000000000 3.6994388722 0.1652596436 2.4859873819 0.0000000000
7.8094154772 1.4000000000 3.6993845091 0.1626388562 2.4847216147 0.0000000000
7.8173023572 1.4000000000 3.6993291513 0.1598763349 2.4833951747 0.0000000000
7.8251792173 1.4000000000 3.6992583381 0.1569268516 2.4819321288 0.0000000000
7.8330308848 1.4000000000 3.6991682539 0.1535989664 2.4802406379 0.0000000000
7.8408754852 1.4000000000 3.6990631719 0.1501763262 2.4784512536 0.0000000000
7.8487004446 1.4000000000 3.6989508466 0.1464689564 2.4765190045 0.0000000000
7.8564923133 1.4000000000 3.6987942433 0.1423587253 2.4742484992 0.0000000000
7.8642523287 1.4000000000 3.6986191769 0.1378916970 2.4717614221 0.0000000000
7.8719756460 1.4000000000 3.6984316604 0.1330463984 2.4690732367 0.0000000000
7.8796623890 1.4000000000 3.6982222407 0.1278543257 2.4661587290 0.0000000000
7.8869464339 1.4000000000 3.6983314530 0.1280500493 2.4666738672 0.0000000000
7.8941246838 1.4000000000 3.6979117800 0.1194914843 2.4615717496 0.0000000000
7.9010805152 1.4000000000 3.6974655608 0.1098616589 2.4559349423 0.0000000000
7.9078588957 1.4000000000 3.6970009767 0.0994767708 2.4499226506 0.0000000000
7.9143923660 1.4000000000 3.6965172080 0.0881584395 2.4434602434 0.0000000000
7.9205725604 1.4000000000 3.6959706948 0.0756861926 2.4362852918 0.0000000000
7.9265057133 1.4000000000 3.6954051200 0.0624765230 2.4287391249 0.0000000000
7.9324206570 1.4000000000 3.6948377826 0.0492206220 2.4211674148 0.0000000000
7.9377067146 1.4000000000 3.6941563362 0.0344320762 2.4125262111 0.0000000000
7.9422781464 1.4000000000 3.6934475529 0.0183235834 2.4032476806 0.0000000000
7.9455006380 1.4000000000 3.6926989245 0.0002176010 2.3930107741 0.0000000000
7.9481979940 1.4000000000 3.6919213236 -0.0184146315 2.3824474774 0.0000000000
7.9504954262 1.4000000000 3.6911451245 -0.0373801071 2.3717564908 0.0000000000
7.9524466177 1.4000000000 3.6903124965 -0.0565721103 2.3607491776 0.0000000000
7.9540903873 1.4000000000 3.6895058577 -0.0759504152 2.3497713003 0.0000000000
7.9554837354 1.4000000000 3.6887634586 -0.0954670973 2.3389950313 0.0000000000
7.9566563915 1.4000000000 3.6879941190 -0.1150681565 2.3280772490 0.0000000000
7.9576468183 1.4000000000 3.6872393090 -0.1347356808 2.3171909992 0.0000000000
7.9584865258 1.4000000000 3.6864349085 -0.1544348038 2.3060937480 0.0000000000
7.9592016853 1.4000000000 3.6856499061 -0.1741694667 2.2950598734 0.0000000000
7.9598037937 1.4000000000 3.6849252087 -0.1939423489 2.2842519309 0.0000000000
7.9603156847 1.4000000000 3.6841805789 -0.2137265047 2.2733597493 0.0000000000
7.9607468352 1.4000000000 3.6834404833 -0.2335237477 2.2624804698 0.0000000000
7.9610978029 1.4000000000 3.6826881885 -0.2533277007 2.2515497092 0.0000000000
7.9613878228 1.4000000000 3.6819020959 -0.2731299884 2.2404844240 0.0000000000
7.9616291200 1.4000000000 3.6811937712 -0.2929546700 2.2297212523 0.0000000000
7.9618357537 1.4000000000 3.6804705106 -0.3127784577 2.2188986950 0.0000000000
7.9620110614 1.4000000000 3.6797543299 -0.3326057569 2.2081030525 0.0000000000
7.9621616408 1.4000000000 3.6790607293 -0.3524393715 2.1973952044 0.0000000000
7.9622933378 1.4000000000 3.6782758362 -0.3722524496 2.1863304006 0.0000000000
7.9624060891 1.4000000000 3.6775532268 -0.3920809258 2.1755085725 0.0000000000
7.9625047935 1.4000000000 3.6768676672 -0.4119182523 2.1648314037 0.0000000000
7.9625925838 1.4000000000 3.6761686452 -0.4317529829 2.1541014233 0.0000000000
7.9626704841 1.4000000000 3.6754756085 -0.4515892947 2.1433947519 0.0000000000
7.9627404217 1.4000000000 3.6747800000 -0.4714250000 2.1326780357 0.0000000000
7.9627762097 1.4000000000 3.6743900000 -0.4824000000 2.1267280357 0.0000000000
7.9632978174 1.4000000000 3.6667136282 -0.7074267617 2.0060118436 0.0000000000
7.9638194251 1.4000000000 3.6583094893 -0.9580815172 1.8721333860 0.0000000000
7.9643410329 1.4000000000 3.6581094081 -0.9669961066 1.8677672254 0.0000000000
7.9648626406 1.4000000000 3.6625430658 -0.8352228692 1.9382111510 0.0000000000
7.9653842483 1.4000000000 3.6646413948 -0.7736262929 1.9712430979 0.0000000000
7.9659058561 1.4000000000 3.6660333109 -0.7323090126 1.9933376744 0.0000000000
7.9664274638 1.4000000000 3.6668466437 -0.7072126955 2.0066295323 0.0000000000
7.9669490715 1.4000000000 3.6673394282 -0.6922342171 2.0145920617 0.0000000000
7.9674706793 1.4000000000 3.6676156231 -0.6836817705 2.0191178201 0.0000000000
7.9679922870 1.4000000000 3.6677422565 -0.6795289426 2.0212854845 0.0000000000
7.9685138947 1.4000000000 3.6677273824 -0.6796849442 2.0211635876 0.0000000000
7.9690355024 1.4000000000 3.6676692828 -0.6811127027 2.0203600858 0.0000000000
7.9695571102 1.4000000000 3.6675230609 -0.6851085935 2.0181768420 0.0000000000
7.9700787179 1.4000000000 3.6673478361 -0.6899717187 2.0155306924 0.0000000000
7.9706003256 1.4000000000 3.6671033570 -0.6969056515 2.0117792030 0.0000000000
7.9711219334 1.4000000000 3.6668588779 -0.7038395842 2.0080277135 0.0000000000
7.9716435411 1.4000000000 3.6665310523 -0.7133147620 2.0029263403 0.0000000000
7.9721651488 1.4000000000 3.6661962525 -0.7230025864 1.9977120112 0.0000000000
7.9726867566 1.4000000000 3.6658552615 -0.7328858370 1.9923947470 0.0000000000
7.9732083643 1.4000000000 3.6654666886 -0.7442710227 1.9862863812 0.0000000000
7.9737299720 1.4000000000 3.6650781158 -0.7556562084 1.9801780153 0.0000000000
7.9742515798 1.4000000000 3.6646674482 -0.7671959564 1.9739194458 0.0000000000
7.9747731875 1.4000000000 3.6642380813 -0.7788665148 1.9675337548 0.0000000000
7.9752947952 1.4000000000 3.6638263386 -0.7904472181 1.9612545028 0.0000000000
7.9758164030 1.4000000000 3.6634469915 -0.8018627570 1.9551708987 0.0000000000
7.9763380107 1.4000000000 3.6630674911 -0.8132479283 1.9490988289 0.0000000000
7.9768596184 1.4000000000 3.6626874385 -0.8245235878 1.9430683544 0.0000000000
7.9773812262 1.4000000000 3.6623074042 -0.8358047487 1.9370357530 0.0000000000
7.9779028339 1.4000000000 3.6619279062 -0.8472461604 1.9309411964 0.0000000000
7.9784244416 1.4000000000 3.6615484083 -0.8586875721 1.9248466399 0.0000000000
7.9789460494 1.4000000000 3.6611599810 -0.8704823429 1.9185750225 0.0000000000
7.9794676571 1.4000000000 3.6607695902 -0.8823548170 1.9122644695 0.0000000000
7.9799892648 1.4000000000 3.6603577977 -0.8945672697 1.9057323186 0.0000000000
7.9805108725 1.4000000000 3.6599340936 -0.9069689469 1.8990768312 0.0000000000
7.9810324803 1.4000000000 3.6594895647 -0.9196514180 1.8922257271 0.0000000000
7.9815540880 1.4000000000 3.6590274323 -0.9325712488 1.8852092652 0.0000000000
7.9820756957 1.4000000000 3.6585767827 -0.9458042843 1.8781134527 0.0000000000
7.9825973035 1.4000000000 3.6581363364 -0.9593156227 1.8709471320 0.0000000000
7.9831189112 1.4000000000 3.6576774438 -0.9731529684 1.8635766237 0.0000000000
7.9836405189 1.4000000000 3.6572062355 -0.9872079768 1.8560697868 0.0000000000
7.9841621267 1.4000000000 3.6567249478 -1.0017220749 1.8483389968 0.0000000000
7.9846837344 1.4000000000 3.6562403596 -1.0163865015 1.8405348735 0.0000000000
7.9852053421 1.4000000000 3.6557409144 -1.0315739577 1.8324621100 0.0000000000
7.9857269499 1.4000000000 3.6552259402 -1.0469263131 1.8242612714 0.0000000000
7.9862485576 1.4000000000 3.6546714469 -1.0626775786 1.8157427920 0.0000000000
7.9867701653 1.4000000000 3.6541044320 -1.0788046269 1.8070239131 0.0000000000
7.9872917731 1.4000000000 3.6535315016 -1.0951812441 1.7981815446 0.0000000000
7.9878133808 1.4000000000 3.6529810849 -1.1122015713 1.7891717467 0.0000000000
7.9883349885 1.4000000000 3.6524153425 -1.1295760132 1.7799590005 0.0000000000
7.9888565963 1.4000000000 3.6518306447 -1.1473114580 1.7705260312 0.0000000000
7.9893782040 1.4000000000 3.6511642776 -1.1657074438 1.7605021684 0.0000000000
7.9898998117 1.4000000000 3.6505429975 -1.1845853591 1.7504658819 0.0000000000
7.9904214195 1.4000000000 3.6499323188 -1.2039368358 1.7402825767 0.0000000000
7.9909430272 1.4000000000 3.6492879522 -1.2238048078 1.7297579213 0.0000000000
7.9914646349 1.4000000000 3.6486040942 -1.2444057663 1.7187821062 0.0000000000
7.9919862427 1.4000000000 3.6478527240 -1.2655350024 1.7073249308 0.0000000000
7.9925078504 1.4000000000 3.6470891953 -1.2872770942 1.6955739790 0.0000000000
7.9930294581 1.4000000000 3.6463397994 -1.3096746194 1.6836173856 0.0000000000
7.9935510658 1.4000000000 3.6455875068 -1.3327458220 1.6713797341 0.0000000000
7.9940726736 1.4000000000 3.6448008907 -1.3565302875 1.6587194835 0.0000000000
7.9945942813 1.4000000000 3.6439665006 -1.3809105849 1.6456298041 0.0000000000
7.9951158890 1.4000000000 3.6431369086 -1.4058804149 1.6323235043 0.0000000000
7.9956374968 1.4000000000 3.6422869781 -1.4316283104 1.6186246239 0.0000000000
7.9961591045 1.4000000000 3.6414086056 -1.4582106069 1.6044782152 0.0000000000
7.9966807122 1.4000000000 3.6404828986 -1.4856261731 1.5898091607 0.0000000000
7.9972023200 1.4000000000 3.6394752771 -1.5138920878 1.5744723089 0.0000000000
7.9977239277 1.4000000000 3.6384765158 -1.5430528207 1.5588129706 0.0000000000
7.9982455354 1.4000000000 3.6374866806 -1.5730802656 1.5428426520 0.0000000000
7.9987671432 1.4000000000 3.6364606169 -1.6040019908 1.5263697069 0.0000000000
7.9992887509 1.4000000000 3.6354031477 -1.6357955272 1.5094224155 0.0000000000
7.9998103586 1.4000000000 3.6342776110 -1.6678332111 1.4921051952 0.0000000000
8.0003319664 1.4000000000 3.6331284721 -1.7014060586 1.4740795005 0.0000000000
8.0008535741 1.4000000000 3.6320125271 -1.7363834005 1.4556247837 0.0000000000
8.0013751818 1.4000000000 3.6307995847 -1.7725609519 1.4363019937 0.0000000000
8.0018967896 1.4000000000 3.6295523297 -1.8095853294 1.4165032228 0.0000000000
8.0024183973 1.4000000000 3.6282543902 -1.8473305214 1.3962133879 0.0000000000
8.0029400050 1.4000000000 3.6268385446 -1.8861641744 1.3750165442 0.0000000000
8.0034616128 1.4000000000 3.6255143989 -1.9257732927 1.3538763141 0.0000000000
8.0039832205 1.4000000000 3.6241460994 -1.9662459181 1.3322140661 0.0000000000
8.0045048282 1.4000000000 3.6227383148 -2.0077513700 1.3099807468 0.0000000000
8.0050264360 1.4000000000 3.6212954023 -2.0502760706 1.2871992166 0.0000000000
8.0055480437 1.4000000000 3.6197818791 -2.0947768502 1.2633448120 0.0000000000
8.0060696514 1.4000000000 3.6181683858 -2.1419810491 1.2380091593 0.0000000000
8.0065912591 1.4000000000 3.6165267570 -2.1896810196 1.2123626557 0.0000000000
8.0071128669 1.4000000000 3.6149231952 -2.2364290461 1.1872491981 0.0000000000
8.0076344746 1.4000000000 3.6133189775 -2.2831866119 1.1621293009 0.0000000000
8.0081560823 1.4000000000 3.6117023939 -2.3298850609 1.1369835869 0.0000000000
8.0086776901 1.4000000000 3.6100728378 -2.3766399570 1.1117634041 0.0000000000
8.0091992978 1.4000000000 3.6084209869 -2.4238657702 1.0862656751 0.0000000000
8.0097209055 1.4000000000 3.6067201742 -2.4724699914 1.0600207359 0.0000000000
8.0102425133 1.4000000000 3.6049030296 -2.5243871423 1.0319852970 0.0000000000
8.0107641210 1.4000000000 3.6027879035 -2.5842547722 0.9995777410 0.0000000000
8.0112857287 1.4000000000 3.6000122698 -2.6622791200 0.9572654670 0.0000000000
8.0118073365 1.4000000000 3.5960628489 -2.7717041836 0.8976977580 0.0000000000
8.0123289442 1.4000000000 3.5916490093 -2.8928230878 0.8315948378 0.0000000000
8.0128505519 1.4000000000 3.5864893491 -3.0327356470 0.7549911731 0.0000000000
8.0133721597 1.4000000000 3.5806679202 -3.1859335251 0.6704263062 0.0000000000
8.0138937674 1.4000000000 3.5763675722 -3.2968535955 0.6088568863 0.0000000000
8.0144153751 1.4000000000 3.5589300000 -3.7123750000 0.3728980357 0.0000000000
