# logAge Mass logTe Mbol logg C/O
4.1860800861 0.5150000000 4.2481800000 1.5152250000 4.7866172290 0.0000000000
4.1942274377 0.5150000000 4.2481796769 1.5152004099 4.7866061006 0.0000000000
4.2023747890 0.5150000000 4.2481793474 1.5151753486 4.7865947581 0.0000000000
4.2105221400 0.5150000000 4.2481790115 1.5151498274 4.7865832059 0.0000000000
4.2186694908 0.5150000000 4.2481786692 1.5151238577 4.7865714487 0.0000000000
4.2268168413 0.5150000000 4.2481783204 1.5150974510 4.7865594910 0.0000000000
4.2349641915 0.5150000000 4.2481779651 1.5150706187 4.7865473371 0.0000000000
4.2431115414 0.5150000000 4.2481776034 1.5150433722 4.7865349916 0.0000000000
4.2512588911 0.5150000000 4.2481772352 1.5150157229 4.7865224591 0.0000000000
4.2594062405 0.5150000000 4.2481768605 1.5149876822 4.7865097440 0.0000000000
4.2675535897 0.5150000000 4.2481764793 1.5149592615 4.7864968508 0.0000000000
4.2757009387 0.5150000000 4.2481760915 1.5149304722 4.7864837841 0.0000000000
4.2838482874 0.5150000000 4.2481756972 1.5149013257 4.7864705482 0.0000000000
4.2919956359 0.5150000000 4.2481752963 1.5148718335 4.7864571478 0.0000000000
4.3001429843 0.5150000000 4.2481748889 1.5148420069 4.7864435873 0.0000000000
4.3082903324 0.5150000000 4.2481744748 1.5148118574 4.7864298713 0.0000000000
4.3164376803 0.5150000000 4.2481740541 1.5147813963 4.7864160042 0.0000000000
4.3245850280 0.5150000000 4.2481736268 1.5147506351 4.7864019905 0.0000000000
4.3327323755 0.5150000000 4.2481731929 1.5147195852 4.7863878347 0.0000000000
4.3408797229 0.5150000000 4.2481727523 1.5146882579 4.7863735414 0.0000000000
4.3490270701 0.5150000000 4.2481723050 1.5146566648 4.7863591149 0.0000000000
4.3571744171 0.5150000000 4.2481718510 1.5146248172 4.7863445600 0.0000000000
4.3653217640 0.5150000000 4.2481713903 1.5145927264 4.7863298809 0.0000000000
4.3734691108 0.5150000000 4.2481709229 1.5145604040 4.7863150823 0.0000000000
4.3816164573 0.5150000000 4.2481704488 1.5145278613 4.7863001687 0.0000000000
4.3897638038 0.5150000000 4.2481699679 1.5144951098 4.7862851444 0.0000000000
4.3979111502 0.5150000000 4.2481694802 1.5144621608 4.7862700142 0.0000000000
4.4060584964 0.5150000000 4.2481689857 1.5144290258 4.7862547823 0.0000000000
4.4142058425 0.5150000000 4.2481684845 1.5143957161 4.7862394534 0.0000000000
4.4223531885 0.5150000000 4.2481679764 1.5143622432 4.7862240319 0.0000000000
4.4305005344 0.5150000000 4.2481674615 1.5143286185 4.7862085224 0.0000000000
4.4386478802 0.5150000000 4.2481669397 1.5142948533 4.7861929293 0.0000000000
4.4467952260 0.5150000000 4.2481664111 1.5142609592 4.7861772572 0.0000000000
4.4549425716 0.5150000000 4.2481658756 1.5142269474 4.7861615105 0.0000000000
4.4630899172 0.5150000000 4.2481653332 1.5141928295 4.7861456938 0.0000000000
4.4712372628 0.5150000000 4.2481647839 1.5141586168 4.7861298115 0.0000000000
4.4793846083 0.5150000000 4.2481642277 1.5141243208 4.7861138681 0.0000000000
4.4875319537 0.5150000000 4.2481636645 1.5140899527 4.7860978682 0.0000000000
4.4956792991 0.5150000000 4.2481630944 1.5140555242 4.7860818163 0.0000000000
4.5038266445 0.5150000000 4.2481625173 1.5140210464 4.7860657168 0.0000000000
4.5119739898 0.5150000000 4.2481619332 1.5139865310 4.7860495742 0.0000000000
4.5201213352 0.5150000000 4.2481613421 1.5139519892 4.7860333931 0.0000000000
4.5282686805 0.5150000000 4.2481607440 1.5139174325 4.7860171780 0.0000000000
4.5364160258 0.5150000000 4.2481601388 1.5138828723 4.7860009333 0.0000000000
4.5445633711 0.5150000000 4.2481595266 1.5138483200 4.7859846636 0.0000000000
4.5527107165 0.5150000000 4.2481589074 1.5138137870 4.7859683733 0.0000000000
4.5608580618 0.5150000000 4.2481582810 1.5137792847 4.7859520670 0.0000000000
4.5690054072 0.5150000000 4.2481576476 1.5137448246 4.7859357492 0.0000000000
4.5771527526 0.5150000000 4.2481570070 1.5137104179 4.7859194243 0.0000000000
4.5853000980 0.5150000000 4.2481563593 1.5136760763 4.7859030969 0.0000000000
4.5934474435 0.5150000000 4.2481557045 1.5136418109 4.7858867714 0.0000000000
4.6015947891 0.5150000000 4.2481550425 1.5136076334 4.7858704524 0.0000000000
4.6097421347 0.5150000000 4.2481543733 1.5135735550 4.7858541444 0.0000000000
4.6178894804 0.5150000000 4.2481536970 1.5135395871 4.7858378519 0.0000000000
4.6260368262 0.5150000000 4.2481530134 1.5135057413 4.7858215793 0.0000000000
4.6341841720 0.5150000000 4.2481523226 1.5134720288 4.7858053311 0.0000000000
4.6423315179 0.5150000000 4.2481516246 1.5134384612 4.7857891120 0.0000000000
4.6504788640 0.5150000000 4.2481509193 1.5134050498 4.7857729263 0.0000000000
4.6586262101 0.5150000000 4.2481502068 1.5133718059 4.7857567786 0.0000000000
4.6667735564 0.5150000000 4.2481494870 1.5133387412 4.7857406733 0.0000000000
4.6749209027 0.5150000000 4.2481487598 1.5133058668 4.7857246151 0.0000000000
4.6830682492 0.5150000000 4.2481480254 1.5132731943 4.7857086083 0.0000000000
4.6912155958 0.5150000000 4.2481472836 1.5132407350 4.7856926574 0.0000000000
4.6993629426 0.5150000000 4.2481465345 1.5132085004 4.7856767671 0.0000000000
4.7075102895 0.5150000000 4.2481457780 1.5131765019 4.7856609417 0.0000000000
4.7156576366 0.5150000000 4.2481450141 1.5131447509 4.7856451858 0.0000000000
4.7238049838 0.5150000000 4.2481442429 1.5131132587 4.7856295039 0.0000000000
4.7319523313 0.5150000000 4.2481434642 1.5130820369 4.7856139005 0.0000000000
4.7400996788 0.5150000000 4.2481426781 1.5130510967 4.7855983801 0.0000000000
4.7482470266 0.5150000000 4.2481418845 1.5130204497 4.7855829471 0.0000000000
4.7563943746 0.5150000000 4.2481410836 1.5129901071 4.7855676061 0.0000000000
4.7645417227 0.5150000000 4.2481402751 1.5129600805 4.7855523616 0.0000000000
4.7726890711 0.5150000000 4.2481394591 1.5129303814 4.7855372181 0.0000000000
4.7808364196 0.5150000000 4.2481386356 1.5129010230 4.7855221806 0.0000000000
4.7889837684 0.5150000000 4.2481378044 1.5128720195 4.7855072543 0.0000000000
4.7971311174 0.5150000000 4.2481369653 1.5128433852 4.7854924445 0.0000000000
4.8052784666 0.5150000000 4.2481361184 1.5128151344 4.7854777563 0.0000000000
4.8134258161 0.5150000000 4.2481352633 1.5127872813 4.7854631950 0.0000000000
4.8215731657 0.5150000000 4.2481344002 1.5127598404 4.7854487658 0.0000000000
4.8297205156 0.5150000000 4.2481335287 1.5127328258 4.7854344740 0.0000000000
4.8378678658 0.5150000000 4.2481326488 1.5127062518 4.7854203248 0.0000000000
4.8460152161 0.5150000000 4.2481317603 1.5126801327 4.7854063234 0.0000000000
4.8541625667 0.5150000000 4.2481308632 1.5126544829 4.7853924750 0.0000000000
4.8623099175 0.5150000000 4.2481299573 1.5126293165 4.7853787850 0.0000000000
4.8704572686 0.5150000000 4.2481290426 1.5126046478 4.7853652584 0.0000000000
4.8786046199 0.5150000000 4.2481281188 1.5125804912 4.7853519007 0.0000000000
4.8867519715 0.5150000000 4.2481271859 1.5125568610 4.7853387169 0.0000000000
4.8948993233 0.5150000000 4.2481262437 1.5125337713 4.7853257123 0.0000000000
4.9030466754 0.5150000000 4.2481252921 1.5125112366 4.7853128921 0.0000000000
4.9111940277 0.5150000000 4.2481243311 1.5124892710 4.7853002617 0.0000000000
4.9193413803 0.5150000000 4.2481233604 1.5124678889 4.7852878261 0.0000000000
4.9274887331 0.5150000000 4.2481223800 1.5124471045 4.7852755907 0.0000000000
4.9356360862 0.5150000000 4.2481213897 1.5124269322 4.7852635607 0.0000000000
4.9437834396 0.5150000000 4.2481203894 1.5124073862 4.7852517412 0.0000000000
4.9519307932 0.5150000000 4.2481193791 1.5123884808 4.7852401378 0.0000000000
4.9600781471 0.5150000000 4.2481183591 1.5123702314 4.7852287579 0.0000000000
4.9682255013 0.5150000000 4.2481173301 1.5123526538 4.7852176108 0.0000000000
4.9763728557 0.5150000000 4.2481162928 1.5123357642 4.7852067057 0.0000000000
4.9845202103 0.5150000000 4.2481152479 1.5123195786 4.7851960519 0.0000000000
4.9926675652 0.5150000000 4.2481141961 1.5123041128 4.7851856587 0.0000000000
5.0008149203 0.5150000000 4.2481131382 1.5122893829 4.7851755351 0.0000000000
5.0089622755 0.5150000000 4.2481120749 1.5122754050 4.7851656906 0.0000000000
5.0171096310 0.5150000000 4.2481110068 1.5122621949 4.7851561343 0.0000000000
5.0252569867 0.5150000000 4.2481099348 1.5122497687 4.7851468756 0.0000000000
5.0334043425 0.5150000000 4.2481088594 1.5122381424 4.7851379236 0.0000000000
5.0415516984 0.5150000000 4.2481077814 1.5122273320 4.7851292876 0.0000000000
5.0496990546 0.5150000000 4.2481067016 1.5122173535 4.7851209768 0.0000000000
5.0578464108 0.5150000000 4.2481056206 1.5122082228 4.7851130005 0.0000000000
5.0659937672 0.5150000000 4.2481045391 1.5121999560 4.7851053679 0.0000000000
5.0741411237 0.5150000000 4.2481034579 1.5121925691 4.7850980883 0.0000000000
5.0822884803 0.5150000000 4.2481023777 1.5121860781 4.7850911710 0.0000000000
5.0904358370 0.5150000000 4.2481012991 1.5121804989 4.7850846251 0.0000000000
5.0985831938 0.5150000000 4.2481002230 1.5121758476 4.7850784599 0.0000000000
5.1067305507 0.5150000000 4.2480991496 1.5121721369 4.7850726823 0.0000000000
5.1148779076 0.5150000000 4.2480980772 1.5121693562 4.7850672802 0.0000000000
5.1230252646 0.5150000000 4.2480970027 1.5121674837 4.7850622332 0.0000000000
5.1311726216 0.5150000000 4.2480959231 1.5121664977 4.7850575207 0.0000000000
5.1393199786 0.5150000000 4.2480948357 1.5121663765 4.7850531223 0.0000000000
5.1474673357 0.5150000000 4.2480937372 1.5121670984 4.7850490173 0.0000000000
5.1556146927 0.5150000000 4.2480926249 1.5121686415 4.7850451853 0.0000000000
5.1637620497 0.5150000000 4.2480914958 1.5121709842 4.7850416058 0.0000000000
5.1719094067 0.5150000000 4.2480903468 1.5121741048 4.7850382581 0.0000000000
5.1800567637 0.5150000000 4.2480891750 1.5121779816 4.7850351218 0.0000000000
5.1882041206 0.5150000000 4.2480879776 1.5121825927 4.7850321764 0.0000000000
5.1963514774 0.5150000000 4.2480867514 1.5121879166 4.7850294013 0.0000000000
5.2044988342 0.5150000000 4.2480854936 1.5121939314 4.7850267759 0.0000000000
5.2126461908 0.5150000000 4.2480842012 1.5122006154 4.7850242798 0.0000000000
5.2207935474 0.5150000000 4.2480828712 1.5122079469 4.7850218924 0.0000000000
5.2289409038 0.5150000000 4.2480815006 1.5122159042 4.7850195933 0.0000000000
5.2370882601 0.5150000000 4.2480800866 1.5122244656 4.7850173617 0.0000000000
5.2452356163 0.5150000000 4.2480786261 1.5122336104 4.7850151777 0.0000000000
5.2533829723 0.5150000000 4.2480771160 1.5122433234 4.7850130226 0.0000000000
5.2615303282 0.5150000000 4.2480755532 1.5122535908 4.7850108784 0.0000000000
5.2696776840 0.5150000000 4.2480739346 1.5122643992 4.7850087271 0.0000000000
5.2778250396 0.5150000000 4.2480722569 1.5122757346 4.7850065507 0.0000000000
5.2859723951 0.5150000000 4.2480705172 1.5122875836 4.7850043311 0.0000000000
5.2941197504 0.5150000000 4.2480687121 1.5122999324 4.7850020503 0.0000000000
5.3022671056 0.5150000000 4.2480668386 1.5123127674 4.7849996904 0.0000000000
5.3104144607 0.5150000000 4.2480648935 1.5123260748 4.7849972331 0.0000000000
5.3185618156 0.5150000000 4.2480628738 1.5123398411 4.7849946606 0.0000000000
5.3267091704 0.5150000000 4.2480607762 1.5123540526 4.7849919549 0.0000000000
5.3348565250 0.5150000000 4.2480585976 1.5123686955 4.7849890977 0.0000000000
5.3430038796 0.5150000000 4.2480563349 1.5123837562 4.7849860713 0.0000000000
5.3511512340 0.5150000000 4.2480539850 1.5123992211 4.7849828574 0.0000000000
5.3592985882 0.5150000000 4.2480515446 1.5124150765 4.7849794382 0.0000000000
5.3674459424 0.5150000000 4.2480490107 1.5124313079 4.7849757951 0.0000000000
5.3755932964 0.5150000000 4.2480463795 1.5124478653 4.7849718930 0.0000000000
5.3837406503 0.5150000000 4.2480436462 1.5124646510 4.7849676743 0.0000000000
5.3918880042 0.5150000000 4.2480408062 1.5124815639 4.7849630795 0.0000000000
5.4000353580 0.5150000000 4.2480378548 1.5124985029 4.7849580495 0.0000000000
5.4081827118 0.5150000000 4.2480347873 1.5125153670 4.7849525249 0.0000000000
5.4163300655 0.5150000000 4.2480315988 1.5125320551 4.7849464464 0.0000000000
5.4244774193 0.5150000000 4.2480282848 1.5125484660 4.7849397548 0.0000000000
5.4326247731 0.5150000000 4.2480248405 1.5125644986 4.7849323906 0.0000000000
5.4407721270 0.5150000000 4.2480212612 1.5125800519 4.7849242947 0.0000000000
5.4489194809 0.5150000000 4.2480175422 1.5125950248 4.7849154077 0.0000000000
5.4570668350 0.5150000000 4.2480136787 1.5126093162 4.7849056703 0.0000000000
5.4652141891 0.5150000000 4.2480096661 1.5126228250 4.7848950233 0.0000000000
5.4733615435 0.5150000000 4.2480054996 1.5126354501 4.7848834073 0.0000000000
5.4815088979 0.5150000000 4.2480011745 1.5126470904 4.7848707630 0.0000000000
5.4896562526 0.5150000000 4.2479966861 1.5126576490 4.7848570332 0.0000000000
5.4978036075 0.5150000000 4.2479920308 1.5126670671 4.7848421789 0.0000000000
5.5059509624 0.5150000000 4.2479872049 1.5126753062 4.7848261709 0.0000000000
5.5140983175 0.5150000000 4.2479822050 1.5126823282 4.7848089804 0.0000000000
5.5222456727 0.5150000000 4.2479770278 1.5126880949 4.7847905782 0.0000000000
5.5303930279 0.5150000000 4.2479716698 1.5126925682 4.7847709353 0.0000000000
5.5385403831 0.5150000000 4.2479661275 1.5126957099 4.7847500229 0.0000000000
5.5466877384 0.5150000000 4.2479603975 1.5126974818 4.7847278118 0.0000000000
5.5548350936 0.5150000000 4.2479544764 1.5126978456 4.7847042730 0.0000000000
5.5629824487 0.5150000000 4.2479483608 1.5126967634 4.7846793776 0.0000000000
5.5711298037 0.5150000000 4.2479420472 1.5126941967 4.7846530965 0.0000000000
5.5792771585 0.5150000000 4.2479355322 1.5126901076 4.7846254007 0.0000000000
5.5874245132 0.5150000000 4.2479288123 1.5126844578 4.7845962613 0.0000000000
5.5955718677 0.5150000000 4.2479218841 1.5126772091 4.7845656491 0.0000000000
5.6037192220 0.5150000000 4.2479147437 1.5126683203 4.7845335320 0.0000000000
5.6118665759 0.5150000000 4.2479073823 1.5126577229 4.7844998474 0.0000000000
5.6200139292 0.5150000000 4.2478997886 1.5126453332 4.7844645165 0.0000000000
5.6281612818 0.5150000000 4.2478919511 1.5126310676 4.7844274604 0.0000000000
5.6363086336 0.5150000000 4.2478838585 1.5126148425 4.7843886001 0.0000000000
5.6444559842 0.5150000000 4.2478754995 1.5125965741 4.7843478567 0.0000000000
5.6526033337 0.5150000000 4.2478668626 1.5125761789 4.7843051512 0.0000000000
5.6607506817 0.5150000000 4.2478579366 1.5125535731 4.7842604046 0.0000000000
5.6688980280 0.5150000000 4.2478487099 1.5125286731 4.7842135380 0.0000000000
5.6770453727 0.5150000000 4.2478391713 1.5125013952 4.7841644724 0.0000000000
5.6851927153 0.5150000000 4.2478293094 1.5124716557 4.7841131289 0.0000000000
5.6933400558 0.5150000000 4.2478191128 1.5124393711 4.7840594286 0.0000000000
5.7014873941 0.5150000000 4.2478085701 1.5124044576 4.7840032924 0.0000000000
5.7096347298 0.5150000000 4.2477976700 1.5123668318 4.7839446416 0.0000000000
5.7177820629 0.5150000000 4.2477864095 1.5123264508 4.7838834472 0.0000000000
5.7259293934 0.5150000000 4.2477748035 1.5122833593 4.7838197869 0.0000000000
5.7340767212 0.5150000000 4.2477628695 1.5122376137 4.7837537525 0.0000000000
5.7422240462 0.5150000000 4.2477506247 1.5121892702 4.7836854359 0.0000000000
5.7503713686 0.5150000000 4.2477380864 1.5121383851 4.7836149289 0.0000000000
5.7585186882 0.5150000000 4.2477252721 1.5120850145 4.7835423233 0.0000000000
5.7666660050 0.5150000000 4.2477121990 1.5120292149 4.7834677109 0.0000000000
5.7748133190 0.5150000000 4.2476988844 1.5119710423 4.7833911836 0.0000000000
5.7829606301 0.5150000000 4.2476853457 1.5119105531 4.7833128332 0.0000000000
5.7911079384 0.5150000000 4.2476716003 1.5118478036 4.7832327516 0.0000000000
5.7992552438 0.5150000000 4.2476576654 1.5117828499 4.7831510305 0.0000000000
5.8074025463 0.5150000000 4.2476435583 1.5117157484 4.7830677617 0.0000000000
5.8155498459 0.5150000000 4.2476292965 1.5116465552 4.7829830372 0.0000000000
5.8236971424 0.5150000000 4.2476148864 1.5115753013 4.7828968952 0.0000000000
5.8318444356 0.5150000000 4.2476002972 1.5115019297 4.7828091897 0.0000000000
5.8399917251 0.5150000000 4.2475854899 1.5114263644 4.7827197345 0.0000000000
5.8481390105 0.5150000000 4.2475704257 1.5113485296 4.7826283437 0.0000000000
5.8562862915 0.5150000000 4.2475550656 1.5112683492 4.7825348313 0.0000000000
5.8644335678 0.5150000000 4.2475393708 1.5111857475 4.7824390113 0.0000000000
5.8725808389 0.5150000000 4.2475233023 1.5111006485 4.7823406977 0.0000000000
5.8807281045 0.5150000000 4.2475068212 1.5110129764 4.7822397045 0.0000000000
5.8888753642 0.5150000000 4.2474898886 1.5109226551 4.7821358457 0.0000000000
5.8970226177 0.5150000000 4.2474724657 1.5108296088 4.7820289352 0.0000000000
5.9051698647 0.5150000000 4.2474545134 1.5107337616 4.7819187872 0.0000000000
5.9133171047 0.5150000000 4.2474359929 1.5106350375 4.7818052156 0.0000000000
5.9214643374 0.5150000000 4.2474168654 1.5105333611 4.7816880349 0.0000000000
5.9296115629 0.5150000000 4.2473971262 1.5104288057 4.7815672561 0.0000000000
5.9377587822 0.5150000000 4.2473768559 1.5103218146 4.7814433785 0.0000000000
5.9459059966 0.5150000000 4.2473561480 1.5102128876 4.7813169760 0.0000000000
5.9540532072 0.5150000000 4.2473350959 1.5101025246 4.7811886226 0.0000000000
5.9622004153 0.5150000000 4.2473137932 1.5099912256 4.7810588923 0.0000000000
5.9703476221 0.5150000000 4.2472923334 1.5098794902 4.7809283589 0.0000000000
5.9784948289 0.5150000000 4.2472708100 1.5097678185 4.7807975964 0.0000000000
5.9866420368 0.5150000000 4.2472493164 1.5096567103 4.7806671788 0.0000000000
5.9947892471 0.5150000000 4.2472279462 1.5095466654 4.7805376800 0.0000000000
6.0029364610 0.5150000000 4.2472067929 1.5094381837 4.7804096740 0.0000000000
6.0110836797 0.5150000000 4.2471859499 1.5093317650 4.7802837347 0.0000000000
6.0192309045 0.5150000000 4.2471655108 1.5092279093 4.7801604360 0.0000000000
6.0273781364 0.5150000000 4.2471455555 1.5091270707 4.7800402795 0.0000000000
6.0355253753 0.5150000000 4.2471260366 1.5090292718 4.7799230843 0.0000000000
6.0436726206 0.5150000000 4.2471068365 1.5089342986 4.7798082945 0.0000000000
6.0518198714 0.5150000000 4.2470878369 1.5088419343 4.7796953505 0.0000000000
6.0599671270 0.5150000000 4.2470689197 1.5087519624 4.7795836926 0.0000000000
6.0681143867 0.5150000000 4.2470499664 1.5086641663 4.7794727611 0.0000000000
6.0762616496 0.5150000000 4.2470308589 1.5085783292 4.7793619963 0.0000000000
6.0844089151 0.5150000000 4.2470114789 1.5084942346 4.7792508384 0.0000000000
6.0925561824 0.5150000000 4.2469917081 1.5084116659 4.7791387279 0.0000000000
6.1007034507 0.5150000000 4.2469714284 1.5083304064 4.7790251050 0.0000000000
6.1088507193 0.5150000000 4.2469505213 1.5082502395 4.7789094101 0.0000000000
6.1169979874 0.5150000000 4.2469288687 1.5081709485 4.7787910834 0.0000000000
6.1251452543 0.5150000000 4.2469063875 1.5080922716 4.7786696876 0.0000000000
6.1332925193 0.5150000000 4.2468831149 1.5080137918 4.7785452052 0.0000000000
6.1414397817 0.5150000000 4.2468591140 1.5079350585 4.7784177086 0.0000000000
6.1495870409 0.5150000000 4.2468344481 1.5078556216 4.7782872702 0.0000000000
6.1577342962 0.5150000000 4.2468091802 1.5077750307 4.7781539623 0.0000000000
6.1658815469 0.5150000000 4.2467833735 1.5076928353 4.7780178573 0.0000000000
6.1740287923 0.5150000000 4.2467570911 1.5076085853 4.7778790276 0.0000000000
6.1821760317 0.5150000000 4.2467303961 1.5075218302 4.7777375456 0.0000000000
6.1903232645 0.5150000000 4.2467033517 1.5074321197 4.7775934837 0.0000000000
6.1984704901 0.5150000000 4.2466760210 1.5073390034 4.7774469142 0.0000000000
6.2066177076 0.5150000000 4.2466484670 1.5072420311 4.7772979096 0.0000000000
6.2147649165 0.5150000000 4.2466207520 1.5071407554 4.7771465392 0.0000000000
6.2229121160 0.5150000000 4.2465928734 1.5070349144 4.7769926884 0.0000000000
6.2310593055 0.5150000000 4.2465647287 1.5069245336 4.7768359574 0.0000000000
6.2392064840 0.5150000000 4.2465362069 1.5068096630 4.7766759220 0.0000000000
6.2473536511 0.5150000000 4.2465071969 1.5066903530 4.7765121578 0.0000000000
6.2555008057 0.5150000000 4.2464775876 1.5065666536 4.7763442407 0.0000000000
6.2636479473 0.5150000000 4.2464472678 1.5064386150 4.7761717462 0.0000000000
6.2717950751 0.5150000000 4.2464161265 1.5063062875 4.7759942502 0.0000000000
6.2799421883 0.5150000000 4.2463840527 1.5061697211 4.7758113282 0.0000000000
6.2880892861 0.5150000000 4.2463509352 1.5060289660 4.7756225561 0.0000000000
6.2962363679 0.5150000000 4.2463166847 1.5058840357 4.7754275822 0.0000000000
6.3043834325 0.5150000000 4.2462813072 1.5057347835 4.7752263711 0.0000000000
6.3125304788 0.5150000000 4.2462448341 1.5055810195 4.7750189733 0.0000000000
6.3206775056 0.5150000000 4.2462072972 1.5054225537 4.7748054391 0.0000000000
6.3288245120 0.5150000000 4.2461687279 1.5052591960 4.7745858191 0.0000000000
6.3369714967 0.5150000000 4.2461291580 1.5050907564 4.7743601637 0.0000000000
6.3451184587 0.5150000000 4.2460886191 1.5049170450 4.7741285233 0.0000000000
6.3532653968 0.5150000000 4.2460471427 1.5047378717 4.7738909483 0.0000000000
6.3614123098 0.5150000000 4.2460047604 1.5045530465 4.7736474893 0.0000000000
6.3695591968 0.5150000000 4.2459615039 1.5043623795 4.7733981965 0.0000000000
6.3777060565 0.5150000000 4.2459173938 1.5041657028 4.7731430853 0.0000000000
6.3858528874 0.5150000000 4.2458724260 1.5039628982 4.7728820922 0.0000000000
6.3939996882 0.5150000000 4.2458265930 1.5037538544 4.7726151428 0.0000000000
6.4021464574 0.5150000000 4.2457798874 1.5035384600 4.7723421626 0.0000000000
6.4102931935 0.5150000000 4.2457323017 1.5033166037 4.7720630773 0.0000000000
6.4184398952 0.5150000000 4.2456838284 1.5030881743 4.7717778123 0.0000000000
6.4265865610 0.5150000000 4.2456344585 1.5028530661 4.7714862894 0.0000000000
6.4347331899 0.5150000000 4.2455841487 1.5026112988 4.7711883433 0.0000000000
6.4428797812 0.5150000000 4.2455328230 1.5023630118 4.7708837256 0.0000000000
6.4510263341 0.5150000000 4.2454804039 1.5021083496 4.7705721844 0.0000000000
6.4591728480 0.5150000000 4.2454268140 1.5018474569 4.7702534678 0.0000000000
6.4673193222 0.5150000000 4.2453719760 1.5015804779 4.7699273240 0.0000000000
6.4754657559 0.5150000000 4.2453158134 1.5013075516 4.7695935031 0.0000000000
6.4836121476 0.5150000000 4.2452582846 1.5010286248 4.7692518174 0.0000000000
6.4917584946 0.5150000000 4.2451993901 1.5007434134 4.7689021549 0.0000000000
6.4999047939 0.5150000000 4.2451391329 1.5004516190 4.7685444081 0.0000000000
6.5080510430 0.5150000000 4.2450775157 1.5001529434 4.7681784692 0.0000000000
6.5161972388 0.5150000000 4.2450145416 1.4998470885 4.7678042309 0.0000000000
6.5243433793 0.5150000000 4.2449502311 1.4995338268 4.7674216841 0.0000000000
6.5324894648 0.5150000000 4.2448846921 1.4992132812 4.7670313100 0.0000000000
6.5406354967 0.5150000000 4.2448180597 1.4988856829 4.7666337410 0.0000000000
6.5487814761 0.5150000000 4.2447504688 1.4985512634 4.7662296095 0.0000000000
6.5569274045 0.5150000000 4.2446820543 1.4982102538 4.7658195477 0.0000000000
6.5650732826 0.5150000000 4.2446129124 1.4978628380 4.7654040137 0.0000000000
6.5732191106 0.5150000000 4.2445430288 1.4975090644 4.7649829700 0.0000000000
6.5813648882 0.5150000000 4.2444723700 1.4971489579 4.7645562923 0.0000000000
6.5895106152 0.5150000000 4.2444009024 1.4967825431 4.7641238558 0.0000000000
6.5976562900 0.5150000000 4.2443285568 1.4964097241 4.7636853458 0.0000000000
6.6058018964 0.5150000000 4.2442549097 1.4960291997 4.7632385476 0.0000000000
6.6139474100 0.5150000000 4.2441793338 1.4956389762 4.7627801547 0.0000000000
6.6220928060 0.5150000000 4.2441011995 1.4952370515 4.7623068478 0.0000000000
6.6302380601 0.5150000000 4.2440198894 1.4948214462 4.7618153652 0.0000000000
6.6383831621 0.5150000000 4.2439353730 1.4943912708 4.7613052292 0.0000000000
6.6465281216 0.5150000000 4.2438484552 1.4939471869 4.7607799247 0.0000000000
6.6546729497 0.5150000000 4.2437600051 1.4934899746 4.7602432392 0.0000000000
6.6628176575 0.5150000000 4.2436708823 1.4930204186 4.7596989258 0.0000000000
6.6709622542 0.5150000000 4.2435813749 1.4925395974 4.7591485677 0.0000000000
6.6791067458 0.5150000000 4.2434908678 1.4920490529 4.7585903213 0.0000000000
6.6872511384 0.5150000000 4.2433986662 1.4915503677 4.7580220411 0.0000000000
6.6953954370 0.5150000000 4.2433041711 1.4910449177 4.7574418806 0.0000000000
6.7035396411 0.5150000000 4.2432074884 1.4905325501 4.7568502027 0.0000000000
6.7116837478 0.5150000000 4.2431090397 1.4900124282 4.7562483590 0.0000000000
6.7198277533 0.5150000000 4.2430092332 1.4894836661 4.7556376284 0.0000000000
6.7279716240 0.5150000000 4.2429079262 1.4889436751 4.7550164037 0.0000000000
6.7361152884 0.5150000000 4.2428042725 1.4883876947 4.7543793969 0.0000000000
6.7442586724 0.5150000000 4.2426973807 1.4878108232 4.7537210809 0.0000000000
6.7524017376 0.5150000000 4.2425868108 1.4872106506 4.7530387324 0.0000000000
6.7605445785 0.5150000000 4.2424738041 1.4865940404 4.7523400618 0.0000000000
6.7686873207 0.5150000000 4.2423599926 1.4859700111 4.7516352040 0.0000000000
6.7768300431 0.5150000000 4.2422462443 1.4853445373 4.7509300212 0.0000000000
6.7849726829 0.5150000000 4.2421310766 1.4847142250 4.7502172256 0.0000000000
6.7931151500 0.5150000000 4.2420125713 1.4840738957 4.7494870724 0.0000000000
6.8012573752 0.5150000000 4.2418898693 1.4834191852 4.7487343805 0.0000000000
6.8093993229 0.5150000000 4.2417638511 1.4827470666 4.7479614602 0.0000000000
6.8175409620 0.5150000000 4.2416355343 1.4820547262 4.7471712566 0.0000000000
6.8256822914 0.5150000000 4.2415051122 1.4813423895 4.7463646335 0.0000000000
6.8338233474 0.5150000000 4.2413717695 1.4806140010 4.7455399073 0.0000000000
6.8419641616 0.5150000000 4.2412350118 1.4798727987 4.7446963959 0.0000000000
6.8501047297 0.5150000000 4.2410963336 1.4791171681 4.7438394308 0.0000000000
6.8582450396 0.5150000000 4.2409577559 1.4783443015 4.7429759731 0.0000000000
6.8663851587 0.5150000000 4.2408188530 1.4775592735 4.7421063504 0.0000000000
6.8745252294 0.5150000000 4.2406768927 1.4767745805 4.7412246319 0.0000000000
6.8826653026 0.5150000000 4.2405301690 1.4759955643 4.7403261309 0.0000000000
6.8908051939 0.5150000000 4.2403797625 1.4752089930 4.7394098763 0.0000000000
6.8989446864 0.5150000000 4.2402270108 1.4743994012 4.7384750326 0.0000000000
6.9070835948 0.5150000000 4.2400717130 1.4735568869 4.7375168358 0.0000000000
6.9152217573 0.5150000000 4.2399128658 1.4726748609 4.7365286367 0.0000000000
6.9233592476 0.5150000000 4.2397499852 1.4717591084 4.7355108131 0.0000000000
6.9314964268 0.5150000000 4.2395832505 1.4708304634 4.7344724165 0.0000000000
6.9396335642 0.5150000000 4.2394134098 1.4699032735 4.7334221776 0.0000000000
6.9477707736 0.5150000000 4.2392418241 1.4689816439 4.7323671829 0.0000000000
6.9559078126 0.5150000000 4.2390676790 1.4680536668 4.7312994117 0.0000000000
6.9640440557 0.5150000000 4.2388877009 1.4670904548 4.7301942148 0.0000000000
6.9721792291 0.5150000000 4.2387008446 1.4660795265 4.7290424179 0.0000000000
6.9803136171 0.5150000000 4.2385095959 1.4650343947 4.7278593706 0.0000000000
6.9884473196 0.5150000000 4.2383149770 1.4639607117 4.7266514218 0.0000000000
6.9965801820 0.5150000000 4.2381160061 1.4628530088 4.7254124568 0.0000000000
7.0047124142 0.5150000000 4.2379136072 1.4617202056 4.7241497403 0.0000000000
7.0128445100 0.5150000000 4.2377104784 1.4605821300 4.7228819946 0.0000000000
7.0209771281 0.5150000000 4.2375111961 1.4594636150 4.7216374594 0.0000000000
7.0291103586 0.5150000000 4.2373137978 1.4583709011 4.7204107805 0.0000000000
7.0372433953 0.5150000000 4.2371067251 1.4572803143 4.7191462552 0.0000000000
7.0453755873 0.5150000000 4.2368894490 1.4561630547 4.7178302468 0.0000000000
7.0535064244 0.5150000000 4.2366686855 1.4549892946 4.7164776887 0.0000000000
7.0616351810 0.5150000000 4.2364396003 1.4537386624 4.7150610951 0.0000000000
7.0697617427 0.5150000000 4.2361979734 1.4524157311 4.7135654152 0.0000000000
7.0778881452 0.5150000000 4.2359616650 1.4510804956 4.7120860872 0.0000000000
7.0860148253 0.5150000000 4.2357266292 1.4497548340 4.7106156794 0.0000000000
7.0941410992 0.5150000000 4.2354803257 1.4484262710 4.7090990401 0.0000000000
7.1022667977 0.5150000000 4.2352298693 1.4470799783 4.7075586977 0.0000000000
7.1103906271 0.5150000000 4.2349711633 1.4456753627 4.7059620275 0.0000000000
7.1185121022 0.5150000000 4.2347036379 1.4441971863 4.7043006552 0.0000000000
7.1266333186 0.5150000000 4.2344437510 1.4427019184 4.7026630005 0.0000000000
7.1347550379 0.5150000000 4.2341819113 1.4412255260 4.7010250846 0.0000000000
7.1428755128 0.5150000000 4.2339059332 1.4397234342 4.6993203356 0.0000000000
7.1509926008 0.5150000000 4.2336164549 1.4381255544 4.6975232705 0.0000000000
7.1591082052 0.5150000000 4.2333288135 1.4364789462 4.6957140613 0.0000000000
7.1672242310 0.5150000000 4.2330394553 1.4348478648 4.6939041962 0.0000000000
7.1753406040 0.5150000000 4.2327478010 1.4332295608 4.6920902572 0.0000000000
7.1834554827 0.5150000000 4.2324489388 1.4315734561 4.6902323668 0.0000000000
7.1915666892 0.5150000000 4.2321255534 1.4298355531 4.6882436639 0.0000000000
7.1996743840 0.5150000000 4.2318011944 1.4279993206 4.6862117347 0.0000000000
7.2077821648 0.5150000000 4.2314776336 1.4261646656 4.6841836297 0.0000000000
7.2158899609 0.5150000000 4.2311478478 1.4243369279 4.6821333914 0.0000000000
7.2239945171 0.5150000000 4.2308039541 1.4224377348 4.6799981392 0.0000000000
7.2320953942 0.5150000000 4.2304525080 1.4204504699 4.6777974491 0.0000000000
7.2401959420 0.5150000000 4.2300985429 1.4184581094 4.6755846444 0.0000000000
7.2482968796 0.5150000000 4.2297373094 1.4164836171 4.6733499134 0.0000000000
7.2563951501 0.5150000000 4.2293713598 1.4144472106 4.6710715524 0.0000000000
7.2644885872 0.5150000000 4.2289827194 1.4123188771 4.6686656573 0.0000000000
7.2725815865 0.5150000000 4.2286110402 1.4101631704 4.6663166579 0.0000000000
7.2806816087 0.5150000000 4.2282505798 1.4081629577 4.6640747314 0.0000000000
7.2887734978 0.5150000000 4.2278524645 1.4060089420 4.6616206640 0.0000000000
7.2968560085 0.5150000000 4.2274317703 1.4036697054 4.6590021925 0.0000000000
7.3049410555 0.5150000000 4.2270283382 1.4013666758 4.6564672521 0.0000000000
7.3130264068 0.5150000000 4.2266113976 1.3990861191 4.6538872669 0.0000000000
7.3211028707 0.5150000000 4.2261709796 1.3966409759 4.6511475376 0.0000000000
7.3291816951 0.5150000000 4.2257436988 1.3942317363 4.6484747186 0.0000000000
7.3372596652 0.5150000000 4.2252975078 1.3918252763 4.6457273708 0.0000000000
7.3453295462 0.5150000000 4.2248468450 1.3892593481 4.6428983484 0.0000000000
7.3533940491 0.5150000000 4.2243690486 1.3866197003 4.6399313035 0.0000000000
7.3614559898 0.5150000000 4.2238971461 1.3839254413 4.6369659899 0.0000000000
7.3695189085 0.5150000000 4.2234222325 1.3812528494 4.6339972990 0.0000000000
7.3775848906 0.5150000000 4.2229341029 1.3786603236 4.6310077701 0.0000000000
7.3856515256 0.5150000000 4.2224863309 1.3760304432 4.6281647298 0.0000000000
7.3937289522 0.5150000000 4.2220063950 1.3736547451 4.6252947071 0.0000000000
7.4017942440 0.5150000000 4.2215134437 1.3710479764 4.6222801945 0.0000000000
7.4098475941 0.5150000000 4.2209988466 1.3682448221 4.6191005442 0.0000000000
7.4178891063 0.5150000000 4.2204557699 1.3652669840 4.6157371021 0.0000000000
7.4259324785 0.5150000000 4.2199359563 1.3622949436 4.6124690319 0.0000000000
7.4339724410 0.5150000000 4.2193948675 1.3592889192 4.6091022666 0.0000000000
7.4420047591 0.5150000000 4.2188330536 1.3561806257 4.6056116936 0.0000000000
7.4500473481 0.5150000000 4.2183016513 1.3532085767 4.6022972648 0.0000000000
7.4580793467 0.5150000000 4.2177335340 1.3501024149 4.5987823310 0.0000000000
7.4661080583 0.5150000000 4.2171693170 1.3469392407 4.5952601932 0.0000000000
7.4741233051 0.5150000000 4.2165718231 1.3436056514 4.5915367819 0.0000000000
7.4821352509 0.5150000000 4.2159763888 1.3402204968 4.5878009828 0.0000000000
7.4901489203 0.5150000000 4.2153682526 1.3368748964 4.5840301980 0.0000000000
7.4981485164 0.5150000000 4.2147450532 1.3333430913 4.5801246784 0.0000000000
7.5061362844 0.5150000000 4.2141026719 1.3296664676 4.5760845038 0.0000000000
7.5141360111 0.5150000000 4.2134718896 1.3261448835 4.5721527408 0.0000000000
7.5221164477 0.5150000000 4.2128010027 1.3224023718 4.5679721887 0.0000000000
7.5301059400 0.5150000000 4.2121563355 1.3187544600 4.5639343552 0.0000000000
7.5380779418 0.5150000000 4.2114666081 1.3149212654 4.5596421675 0.0000000000
7.5460233502 0.5150000000 4.2107549710 1.3107813691 4.5551396605 0.0000000000
7.5539776713 0.5150000000 4.2100403451 1.3067519829 4.5506694028 0.0000000000
7.5619300630 0.5150000000 4.2093302749 1.3026945040 4.5462061302 0.0000000000
7.5698650036 0.5150000000 4.2085920924 1.2984585313 4.5415590111 0.0000000000
7.5777995344 0.5150000000 4.2078612773 1.2942101908 4.5369364146 0.0000000000
7.5857160595 0.5150000000 4.2070811488 1.2898086894 4.5320552999 0.0000000000
7.5936499842 0.5150000000 4.2063448594 1.2855587029 4.5274101477 0.0000000000
7.6015293129 0.5150000000 4.2054950124 1.2808347077 4.5221211619 0.0000000000
7.6094080602 0.5150000000 4.2046843626 1.2760602135 4.5169687650 0.0000000000
7.6172932271 0.5150000000 4.2038699562 1.2713579890 4.5118302493 0.0000000000
7.6251676910 0.5150000000 4.2030345952 1.2665705122 4.5065738147 0.0000000000
7.6330143741 0.5150000000 4.2021670778 1.2615353477 4.5010896792 0.0000000000
7.6408807965 0.5150000000 4.2013313482 1.2566647847 4.4957985358 0.0000000000
7.6487500716 0.5150000000 4.2005020098 1.2518136923 4.4905407452 0.0000000000
7.6566192565 0.5150000000 4.1996490408 1.2469910364 4.4851998069 0.0000000000
7.6644898615 0.5150000000 4.1988421369 1.2421297474 4.4800276756 0.0000000000
7.6722874894 0.5150000000 4.1979096044 1.2367059592 4.4741280303 0.0000000000
7.6800862479 0.5150000000 4.1969657643 1.2313071714 4.4681931549 0.0000000000
7.6878542430 0.5150000000 4.1960048582 1.2256546430 4.4620885189 0.0000000000
7.6955933988 0.5150000000 4.1950068668 1.2197974032 4.4557536577 0.0000000000
7.7033366587 0.5150000000 4.1940260606 1.2139600269 4.4494954823 0.0000000000
7.7110420572 0.5150000000 4.1929749041 1.2078862254 4.4428613355 0.0000000000
7.7187154371 0.5150000000 4.1919141642 1.2015753664 4.4360940323 0.0000000000
7.7263899007 0.5150000000 4.1908481990 1.1952783968 4.4293113836 0.0000000000
7.7341200043 0.5150000000 4.1898490067 1.1893672965 4.4229501743 0.0000000000
7.7417214255 0.5150000000 4.1886824463 1.1826543125 4.4155987392 0.0000000000
7.7493018252 0.5150000000 4.1875312900 1.1757692569 4.4082400919 0.0000000000
7.7569107015 0.5150000000 4.1864059978 1.1690530285 4.4010524316 0.0000000000
7.7645447435 0.5150000000 4.1853123219 1.1624888703 4.3940520647 0.0000000000
7.7721228822 0.5150000000 4.1841548893 1.1555906743 4.3866630560 0.0000000000
7.7796807126 0.5150000000 4.1829812963 1.1485743430 4.3791621516 0.0000000000
7.7871772165 0.5150000000 4.1817713553 1.1411947295 4.3713705419 0.0000000000
7.7947374477 0.5150000000 4.1806302842 1.1341616703 4.3639930340 0.0000000000
7.8023465685 0.5150000000 4.1795142327 1.1274668729 4.3568509090 0.0000000000
7.8099487212 0.5150000000 4.1784000690 1.1207189247 4.3496950750 0.0000000000
7.8174205073 0.5150000000 4.1771716525 1.1132012983 4.3417743582 0.0000000000
7.8248938768 0.5150000000 4.1759605267 1.1056789679 4.3339209231 0.0000000000
7.8322948450 0.5150000000 4.1746853296 1.0977881633 4.3256638128 0.0000000000
7.8397241408 0.5150000000 4.1734495620 1.0900213159 4.3176140035 0.0000000000
7.8471469148 0.5150000000 4.1722312333 1.0821972687 4.3096110698 0.0000000000
7.8544647931 0.5150000000 4.1709104018 1.0738803330 4.3010009695 0.0000000000
7.8618116509 0.5150000000 4.1696299372 1.0656792411 4.2925986743 0.0000000000
7.8691571327 0.5150000000 4.1683632978 1.0574568858 4.2842431746 0.0000000000
7.8764918571 0.5150000000 4.1671004491 1.0491744412 4.2758788020 0.0000000000
7.8839314655 0.5150000000 4.1659602145 1.0413946054 4.2682059294 0.0000000000
7.8911881223 0.5150000000 4.1646697258 1.0327562518 4.2595886330 0.0000000000
7.8984187910 0.5150000000 4.1633940915 1.0239340026 4.2509571960 0.0000000000
7.9056129241 0.5150000000 4.1621048465 1.0149346298 4.2422004668 0.0000000000
7.9127298710 0.5150000000 4.1607901248 1.0055849513 4.2332017086 0.0000000000
7.9199167037 0.5150000000 4.1595833805 0.9964785042 4.2247321525 0.0000000000
7.9271074359 0.5150000000 4.1583980885 0.9873718865 4.2163483375 0.0000000000
7.9344962204 0.5150000000 4.1574521265 0.9792568191 4.2093184625 0.0000000000
7.9414268270 0.5150000000 4.1563084924 0.9692919257 4.2007579690 0.0000000000
7.9484383906 0.5150000000 4.1553686369 0.9615121560 4.1938866392 0.0000000000
7.9552205475 0.5150000000 4.1543496965 0.9523891127 4.1861616600 0.0000000000
7.9621752194 0.5150000000 4.1535181218 0.9435775765 4.1793107469 0.0000000000
7.9689012828 0.5150000000 4.1526537536 0.9342518364 4.1721229778 0.0000000000
7.9756122288 0.5150000000 4.1519135169 0.9263546992 4.1660031763 0.0000000000
7.9821442133 0.5150000000 4.1511773263 0.9176219641 4.1595653200 0.0000000000
7.9886378338 0.5150000000 4.1506033827 0.9090023749 4.1538217097 0.0000000000
7.9953211016 0.5150000000 4.1502770153 0.8994131056 4.1486805324 0.0000000000
8.0018533362 0.5150000000 4.1501121725 0.8914719568 4.1448447018 0.0000000000
8.0081251128 0.5150000000 4.1500420942 0.8802602125 4.1400796910 0.0000000000
8.0145369776 0.5150000000 4.1500502944 0.8675898410 4.1350443431 0.0000000000
8.0195460095 0.5150000000 4.1502746779 0.8650564502 4.1349285206 0.0000000000
8.0255018291 0.5150000000 4.1501708884 0.8520237485 4.1293002820 0.0000000000
8.0304777296 0.5150000000 4.1508761500 0.8408925363 4.1276688435 0.0000000000
8.0351355703 0.5150000000 4.1516221699 0.8325279840 4.1273071021 0.0000000000
8.0395051171 0.5150000000 4.1525644119 0.8255423548 4.1282818185 0.0000000000
8.0435656197 0.5150000000 4.1537342618 0.8173083430 4.1296676134 0.0000000000
8.0472119143 0.5150000000 4.1583132598 0.8037731036 4.1425695097 0.0000000000
8.0504703678 0.5150000000 4.1644410220 0.7931364079 4.1628258800 0.0000000000
8.0531196246 0.5150000000 4.1711778252 0.7838106447 4.1860427876 0.0000000000
8.0552098799 0.5150000000 4.1782244931 0.7750325299 4.2107182133 0.0000000000
8.0568245687 0.5150000000 4.1853164232 0.7658628729 4.2354180711 0.0000000000
8.0580637656 0.5150000000 4.1923861480 0.7562415590 4.2598484445 0.0000000000
8.0589802331 0.5150000000 4.1987649776 0.7438268961 4.2803978978 0.0000000000
8.0596294730 0.5150000000 4.2041569711 0.7286791228 4.2959067626 0.0000000000
8.0600860903 0.5150000000 4.2084371819 0.7114095447 4.3061197745 0.0000000000
8.0604127863 0.5150000000 4.2117003738 0.6927788730 4.3117202736 0.0000000000
8.0606548197 0.5150000000 4.2141134243 0.6733415232 4.3135975354 0.0000000000
8.0608409553 0.5150000000 4.2158425864 0.6534475662 4.3125566010 0.0000000000
8.0609869173 0.5150000000 4.2169840029 0.6332866489 4.3090579002 0.0000000000
8.0611045661 0.5150000000 4.2176467394 0.6129899204 4.3035901547 0.0000000000
8.0612017511 0.5150000000 4.2179025253 0.5926341073 4.2964709731 0.0000000000
8.0612839257 0.5150000000 4.2178106245 0.5722685207 4.2879571351 0.0000000000
8.0613542643 0.5150000000 4.2174200000 0.5519250000 4.2782572290 0.0000000000
8.0614163667 0.5150000000 4.2168000000 0.5317000000 4.2676872290 0.0000000000
8.0620206755 0.5150000000 4.1925269863 0.2540992819 4.0595548872 0.0000000000
8.0626249843 0.5150000000 4.1771741381 0.1309828606 3.9488969257 0.0000000000
8.0632292930 0.5150000000 4.1822810442 0.1830608836 3.9901557591 0.0000000000
8.0638336018 0.5150000000 4.1748331870 0.1729613541 3.9563245188 0.0000000000
8.0644379106 0.5150000000 4.1676981644 0.1576924487 3.9216768661 0.0000000000
8.0650422194 0.5150000000 4.1606097549 0.1401990953 3.8863258866 0.0000000000
8.0656465282 0.5150000000 4.1535453800 0.1208166191 3.8503153969 0.0000000000
8.0662508370 0.5150000000 4.1466822886 0.1010005207 3.8149365918 0.0000000000
8.0668551458 0.5150000000 4.1399889810 0.0811840993 3.7802367929 0.0000000000
8.0674594546 0.5150000000 4.1332557087 0.0611972033 3.7453089453 0.0000000000
8.0680637634 0.5150000000 4.1264754673 0.0416669296 3.7103758701 0.0000000000
8.0686680722 0.5150000000 4.1192272349 0.0215800310 3.6733481812 0.0000000000
8.0692723809 0.5150000000 4.1113359450 0.0011872583 3.6336259126 0.0000000000
8.0698766897 0.5150000000 4.1027892925 -0.0192208026 3.5912760778 0.0000000000
8.0704809985 0.5150000000 4.0933912493 -0.0399713941 3.5453836688 0.0000000000
8.0710853073 0.5150000000 4.0828786542 -0.0615108957 3.4947174876 0.0000000000
8.0716896161 0.5150000000 4.0711614421 -0.0840148189 3.4388470698 0.0000000000
8.0722939249 0.5150000000 4.0583838117 -0.1071754661 3.3784722894 0.0000000000
8.0728982337 0.5150000000 4.0449891761 -0.1304069169 3.3156011666 0.0000000000
8.0735025425 0.5150000000 4.0315982654 -0.1528221620 3.2530714260 0.0000000000
8.0741068513 0.5150000000 4.0185923083 -0.1741300211 3.1925244539 0.0000000000
8.0747111600 0.5150000000 4.0064368695 -0.1938562482 3.1360122078 0.0000000000
8.0753154688 0.5150000000 3.9953131964 -0.2119216141 3.0842913691 0.0000000000
8.0759197776 0.5150000000 3.9852765340 -0.2283467414 3.0375746687 0.0000000000
8.0765240864 0.5150000000 3.9761870618 -0.2434558013 2.9951731557 0.0000000000
8.0771283952 0.5150000000 3.9678594910 -0.2575251860 2.9562351187 0.0000000000
8.0777327040 0.5150000000 3.9600563314 -0.2708721178 2.9196837077 0.0000000000
8.0783370128 0.5150000000 3.9525981503 -0.2837787965 2.8846883118 0.0000000000
8.0789413216 0.5150000000 3.9452755689 -0.2964270301 2.8503386928 0.0000000000
8.0795456304 0.5150000000 3.9379275481 -0.3090398109 2.8159014972 0.0000000000
8.0801499392 0.5150000000 3.9304294994 -0.3217383797 2.7808298747 0.0000000000
8.0807542479 0.5150000000 3.9226688413 -0.3346103326 2.7446384611 0.0000000000
8.0813585567 0.5150000000 3.9146073253 -0.3476885749 2.7071611001 0.0000000000
8.0819628655 0.5150000000 3.9061755558 -0.3610238392 2.6680999164 0.0000000000
8.0825671743 0.5150000000 3.8973894864 -0.3745554689 2.6275429871 0.0000000000
8.0831714831 0.5150000000 3.8882181938 -0.3883336380 2.5853465490 0.0000000000
8.0837757919 0.5150000000 3.8786521087 -0.4023083514 2.5414923231 0.0000000000
8.0843801007 0.5150000000 3.8686979011 -0.4165017949 2.4959981154 0.0000000000
8.0849844095 0.5150000000 3.8583671593 -0.4308403911 2.4489397098 0.0000000000
8.0855887183 0.5150000000 3.8475820771 -0.4454297335 2.3999636438 0.0000000000
8.0861930270 0.5150000000 3.8362870899 -0.4602976881 2.3488365132 0.0000000000
8.0867973358 0.5150000000 3.8245200442 -0.4754182606 2.2957201017 0.0000000000
8.0874016446 0.5150000000 3.8122934936 -0.4908456330 2.2406429503 0.0000000000
8.0880059534 0.5150000000 3.7996928564 -0.5065726042 2.1839496128 0.0000000000
8.0886102622 0.5150000000 3.7868069309 -0.5225991752 2.1259952827 0.0000000000
8.0892145710 0.5150000000 3.7738489936 -0.5389457690 2.0676248959 0.0000000000
8.0898188798 0.5150000000 3.7612019105 -0.5556195967 2.0103670323 0.0000000000
8.0904231886 0.5150000000 3.7499849942 -0.5726936269 1.9586697550 0.0000000000
8.0910274974 0.5150000000 3.7410529511 -0.5902115637 1.9159344079 0.0000000000
8.0916318061 0.5150000000 3.7334444331 -0.6082058281 1.8783026302 0.0000000000
8.0922361149 0.5150000000 3.7268161861 -0.6266620570 1.8444071506 0.0000000000
8.0928404237 0.5150000000 3.7211373761 -0.6456342314 1.8141030410 0.0000000000
8.0934447325 0.5150000000 3.7163008284 -0.6651292195 1.7869588547 0.0000000000
8.0940490413 0.5150000000 3.7121987682 -0.6851304927 1.7625501048 0.0000000000
8.0946533501 0.5150000000 3.7086815235 -0.7057279781 1.7402421319 0.0000000000
8.0952576589 0.5150000000 3.7054358298 -0.7267390591 1.7188549247 0.0000000000
8.0958619677 0.5150000000 3.7024932783 -0.7474748990 1.6987903825 0.0000000000
8.0964662765 0.5150000000 3.6996753725 -0.7686180650 1.6790614930 0.0000000000
8.0970705853 0.5150000000 3.6968443428 -0.7908116504 1.6588599401 0.0000000000
8.0976748940 0.5150000000 3.6941359794 -0.8134563837 1.6389685930 0.0000000000
8.0982792028 0.5150000000 3.6915747181 -0.8363898587 1.6195501581 0.0000000000
8.0988835116 0.5150000000 3.6891311035 -0.8596024477 1.6004906640 0.0000000000
8.0994878204 0.5150000000 3.6867121601 -0.8831510334 1.5813954562 0.0000000000
8.1000921292 0.5150000000 3.6844102785 -0.9071185490 1.5626009234 0.0000000000
8.1006964380 0.5150000000 3.6821699877 -0.9315793569 1.5438554369 0.0000000000
8.1013007468 0.5150000000 3.6799468795 -0.9564783381 1.5250034118 0.0000000000
8.1019050556 0.5150000000 3.6777982163 -0.9818716598 1.5062514301 0.0000000000
8.1025093644 0.5150000000 3.6757013604 -1.0077917124 1.4874959858 0.0000000000
8.1031136731 0.5150000000 3.6735680926 -1.0342417686 1.4683828920 0.0000000000
8.1037179819 0.5150000000 3.6715113118 -1.0610596079 1.4494286332 0.0000000000
8.1043222907 0.5150000000 3.6695304747 -1.0881987709 1.4306496197 0.0000000000
8.1049265995 0.5150000000 3.6675395389 -1.1158334557 1.4116320023 0.0000000000
8.1055309083 0.5150000000 3.6655222366 -1.1439364819 1.3923215827 0.0000000000
8.1061352171 0.5150000000 3.6635975308 -1.1726286123 1.3731459073 0.0000000000
8.1067395259 0.5150000000 3.6616852997 -1.2017415754 1.3538517975 0.0000000000
8.1073438347 0.5150000000 3.6597929069 -1.2312862016 1.3344643759 0.0000000000
8.1079481435 0.5150000000 3.6579141656 -1.2612622927 1.3149589744 0.0000000000
8.1085524523 0.5150000000 3.6560494452 -1.2916019538 1.2953642283 0.0000000000
8.1091567610 0.5150000000 3.6541968721 -1.3223743213 1.2756449889 0.0000000000
8.1097610698 0.5150000000 3.6524059482 -1.3534746362 1.2560411672 0.0000000000
8.1103653786 0.5150000000 3.6506704832 -1.3848614314 1.2365445894 0.0000000000
8.1109696874 0.5150000000 3.6488782815 -1.4164232436 1.2167510576 0.0000000000
8.1115739962 0.5150000000 3.6471065081 -1.4482551878 1.1969311862 0.0000000000
8.1121783050 0.5150000000 3.6454651426 -1.4804295781 1.1774959680 0.0000000000
8.1127826138 0.5150000000 3.6437015578 -1.5131353013 1.1573593397 0.0000000000
8.1133869226 0.5150000000 3.6420594016 -1.5465946349 1.1374069816 0.0000000000
8.1139912314 0.5150000000 3.6402731932 -1.5815605682 1.1162757748 0.0000000000
8.1145955401 0.5150000000 3.6384722611 -1.6187286035 1.0942048322 0.0000000000
8.1151998489 0.5150000000 3.6365328360 -1.6597522924 1.0700376560 0.0000000000
8.1158041577 0.5150000000 3.6343231243 -1.7066415884 1.0424430907 0.0000000000
8.1164084665 0.5150000000 3.6314956386 -1.7677161525 1.0067033223 0.0000000000
8.1170127753 0.5150000000 3.6281139496 -1.8416207471 0.9636147285 0.0000000000
8.1176170841 0.5150000000 3.6239833174 -1.9328125277 0.9106154875 0.0000000000
8.1182213929 0.5150000000 3.6198995144 -2.0265012186 0.8568047994 0.0000000000
8.1188257017 0.5150000000 3.6156321053 -2.1290411946 0.7987191725 0.0000000000
8.1194300105 0.5150000000 3.6105289025 -2.2532199197 0.7286348711 0.0000000000
8.1200343193 0.5150000000 3.6060647127 -2.3732705333 0.6627578667 0.0000000000
8.1206386280 0.5150000000 3.6017463337 -2.4992016189 0.5951119163 0.0000000000
8.1212429368 0.5150000000 3.5973300000 -2.6579750000 0.5139372290 0.0000000000
