# logAge Mass logTe Mbol logg C/O
1.2459073016 0.4000000000 3.6004600000 1.2129000000 1.9650599913 0.0000000000
1.2859164182 0.4000000000 3.6004728725 1.2133370358 1.9652862957 0.0000000000
1.3259256384 0.4000000000 3.6004844539 1.2137999878 1.9655178020 0.0000000000
1.3659349077 0.4000000000 3.6004951250 1.2142961518 1.9657589521 0.0000000000
1.4059441713 0.4000000000 3.6005052668 1.2148328240 1.9660141880 0.0000000000
1.4459533747 0.4000000000 3.6005152600 1.2154173001 1.9662879515 0.0000000000
1.4859624631 0.4000000000 3.6005254857 1.2160568763 1.9665846847 0.0000000000
1.5259713819 0.4000000000 3.6005363247 1.2167588484 1.9669088294 0.0000000000
1.5659800765 0.4000000000 3.6005481578 1.2175305124 1.9672648274 0.0000000000
1.6059884922 0.4000000000 3.6005613660 1.2183791643 1.9676571209 0.0000000000
1.6459965743 0.4000000000 3.6005763301 1.2193121000 1.9680901516 0.0000000000
1.6860042683 0.4000000000 3.6005934310 1.2203366156 1.9685683614 0.0000000000
1.7260115193 0.4000000000 3.6006130496 1.2214600069 1.9690961924 0.0000000000
1.7660182729 0.4000000000 3.6006355668 1.2226895700 1.9696780863 0.0000000000
1.8060244643 0.4000000000 3.6006612587 1.2240331081 1.9703182693 0.0000000000
1.8460299592 0.4000000000 3.6006896715 1.2255019617 1.9710194621 0.0000000000
1.8860345934 0.4000000000 3.6007200406 1.2271089773 1.9717837445 0.0000000000
1.9260382029 0.4000000000 3.6007516001 1.2288670068 1.9726131943 0.0000000000
1.9660406092 0.4000000000 3.6007841152 1.2307891277 1.9735121031 0.0000000000
2.0060415846 0.4000000000 3.6008191787 1.2328891938 1.9744923836 0.0000000000
2.0460408910 0.4000000000 3.6008587764 1.2351812255 1.9755675873 0.0000000000
2.0860382274 0.4000000000 3.6009042888 1.2376821631 1.9767500119 0.0000000000
2.1260330187 0.4000000000 3.6009544569 1.2404216761 1.9780464894 0.0000000000
2.1660246199 0.4000000000 3.6010073429 1.2434325423 1.9794623801 0.0000000000
2.2060126883 0.4000000000 3.6010635992 1.2467244472 1.9810041672 0.0000000000
2.2459973616 0.4000000000 3.6011279923 1.2502703933 1.9826801179 0.0000000000
2.2859784432 0.4000000000 3.6012037743 1.2540622075 1.9844999714 0.0000000000
2.3259540932 0.4000000000 3.6012860041 1.2581879602 1.9864791917 0.0000000000
2.3659221879 0.4000000000 3.6013689144 1.2627492866 1.9886353637 0.0000000000
2.4058816977 0.4000000000 3.6014561391 1.2677632232 1.9909898371 0.0000000000
2.4458319385 0.4000000000 3.6015537882 1.2732175358 1.9935621586 0.0000000000
2.4857715765 0.4000000000 3.6016592875 1.2791341437 1.9963507987 0.0000000000
2.5256989252 0.4000000000 3.6017691072 1.2855489056 1.9993559823 0.0000000000
2.5656118871 0.4000000000 3.6018895611 1.2925003326 2.0026183688 0.0000000000
2.6055079791 0.4000000000 3.6020253046 1.3000314812 2.0061738022 0.0000000000
2.6453841742 0.4000000000 3.6021726573 1.3081921700 2.0100274883 0.0000000000
2.6852378962 0.4000000000 3.6023296204 1.3170127634 2.0141835782 0.0000000000
2.7250664223 0.4000000000 3.6024972667 1.3265183730 2.0186564074 0.0000000000
2.7648641819 0.4000000000 3.6026800982 1.3367931234 2.0234976334 0.0000000000
2.8046267590 0.4000000000 3.6028793498 1.3478871468 2.0287322491 0.0000000000
2.8443517259 0.4000000000 3.6030907767 1.3597937319 2.0343405907 0.0000000000
2.8840315424 0.4000000000 3.6033131685 1.3726023863 2.0403536198 0.0000000000
2.9236593274 0.4000000000 3.6035490938 1.3863821156 2.0468092128 0.0000000000
2.9632310807 0.4000000000 3.6038031904 1.4011326039 2.0537257944 0.0000000000
3.0027380962 0.4000000000 3.6040732280 1.4169269769 2.0611236940 0.0000000000
3.0421728270 0.4000000000 3.6043569105 1.4338123257 2.0690125634 0.0000000000
3.0815297293 0.4000000000 3.6046546653 1.4517945066 2.0773964551 0.0000000000
3.1208004162 0.4000000000 3.6049684205 1.4709169443 2.0863004509 0.0000000000
3.1599734445 0.4000000000 3.6053014102 1.4912496861 2.0957655067 0.0000000000
3.1990418418 0.4000000000 3.6056469242 1.5128036155 2.1057691342 0.0000000000
3.2379949766 0.4000000000 3.6060064841 1.5356208126 2.1163342527 0.0000000000
3.2768271397 0.4000000000 3.6063879299 1.5596917816 2.1274884236 0.0000000000
3.3155278190 0.4000000000 3.6067834011 1.5850480838 2.1392128294 0.0000000000
3.3540920204 0.4000000000 3.6071839663 1.6116733559 2.1514651987 0.0000000000
3.3925089137 0.4000000000 3.6076012091 1.6395950291 2.1643028394 0.0000000000
3.4307698906 0.4000000000 3.6080255392 1.6688236283 2.1776915996 0.0000000000
3.4688673314 0.4000000000 3.6084637755 1.6993571327 2.1916579466 0.0000000000
3.5068007252 0.4000000000 3.6089108171 1.7311402917 2.2061593765 0.0000000000
3.5445625894 0.4000000000 3.6093612819 1.7641752375 2.2211752140 0.0000000000
3.5821509288 0.4000000000 3.6098131055 1.7984245303 2.2366822256 0.0000000000
3.6195669506 0.4000000000 3.6102804903 1.8338322523 2.2527148533 0.0000000000
3.6568026197 0.4000000000 3.6107484999 1.8704088527 2.2692175321 0.0000000000
3.6938649053 0.4000000000 3.6112164454 1.9080698520 2.2861537139 0.0000000000
3.7307431294 0.4000000000 3.6116851758 1.9468439946 2.3035382925 0.0000000000
3.7674411450 0.4000000000 3.6121431600 1.9866731899 2.3213019073 0.0000000000
3.8039614572 0.4000000000 3.6126100991 2.0275095588 2.3395042112 0.0000000000
3.8403148745 0.4000000000 3.6130590859 2.0692678591 2.3580034784 0.0000000000
3.8764913097 0.4000000000 3.6135137921 2.1119755621 2.3769053845 0.0000000000
3.9125077124 0.4000000000 3.6139595020 2.1555211145 2.3961064451 0.0000000000
3.9483533671 0.4000000000 3.6143875010 2.1999397346 2.4155858892 0.0000000000
3.9840403382 0.4000000000 3.6148114640 2.2451500000 2.4353658475 0.0000000000
4.0195786590 0.4000000000 3.6152182139 2.2910870631 2.4553676720 0.0000000000
4.0549663546 0.4000000000 3.6156161751 2.3377461513 2.4756231524 0.0000000000
4.0901974103 0.4000000000 3.6159967076 2.3851408472 2.4961031605 0.0000000000
4.1252581190 0.4000000000 3.6163276176 2.4333209342 2.5166988352 0.0000000000
4.1601773220 0.4000000000 3.6166527950 2.4821395463 2.5375269897 0.0000000000
4.1949612649 0.4000000000 3.6169391178 2.5315594851 2.5584402565 0.0000000000
4.2296191141 0.4000000000 3.6172152397 2.5815304890 2.5795331458 0.0000000000
4.2641438164 0.4000000000 3.6174595326 2.6320752979 2.6007282407 0.0000000000
4.2985553662 0.4000000000 3.6176771747 2.6831006065 2.6220089329 0.0000000000
4.3328493799 0.4000000000 3.6178633717 2.7346190056 2.6433610803 0.0000000000
4.3670372007 0.4000000000 3.6180342613 2.7865770019 2.6648278374 0.0000000000
4.4011134113 0.4000000000 3.6181691963 2.8389920663 2.6863336032 0.0000000000
4.4350834262 0.4000000000 3.6182693364 2.8918365835 2.7078719703 0.0000000000
4.4689572373 0.4000000000 3.6183401832 2.9450659136 2.7294470895 0.0000000000
4.5027386395 0.4000000000 3.6183781254 2.9986613060 2.7510370154 0.0000000000
4.5364320384 0.4000000000 3.6183896348 3.0526020097 2.7726593343 0.0000000000
4.5700514362 0.4000000000 3.6183634830 3.1068304835 2.7942461167 0.0000000000
4.6036020965 0.4000000000 3.6183109306 3.1613242503 2.8158334139 0.0000000000
4.6370999360 0.4000000000 3.6182196918 3.2160203820 2.8373469113 0.0000000000
4.6705627509 0.4000000000 3.6180988183 3.2708499644 2.8587952501 0.0000000000
4.7040063627 0.4000000000 3.6179534010 3.3257524295 2.8801745673 0.0000000000
4.7374627577 0.4000000000 3.6177673866 3.3806054138 2.9013717033 0.0000000000
4.7709655013 0.4000000000 3.6175427657 3.4352803348 2.9223431880 0.0000000000
4.8045964452 0.4000000000 3.6172848816 3.4894600895 2.9429835536 0.0000000000
4.8384450640 0.4000000000 3.6170053159 3.5427845094 2.9631950588 0.0000000000
4.8726358903 0.4000000000 3.6166961420 3.5947235871 2.9827339941 0.0000000000
4.9073438585 0.4000000000 3.6163706356 3.6444690020 3.0013301345 0.0000000000
4.9427551471 0.4000000000 3.6160519500 3.6910079286 3.0186709629 0.0000000000
4.9789986654 0.4000000000 3.6157278956 3.7333455704 3.0343098021 0.0000000000
5.0161797585 0.4000000000 3.6154206845 3.7702489783 3.0478423205 0.0000000000
5.0542585968 0.4000000000 3.6151570805 3.8008994947 3.0590481112 0.0000000000
5.0930451620 0.4000000000 3.6149277148 3.8253943209 3.0679285787 0.0000000000
5.1323058701 0.4000000000 3.6147377323 3.8446253090 3.0748610441 0.0000000000
5.1718400281 0.4000000000 3.6145791342 3.8599864955 3.0803711261 0.0000000000
5.2115099873 0.4000000000 3.6144466420 3.8729869384 3.0850413348 0.0000000000
5.2512350336 0.4000000000 3.6143216812 3.8848946385 3.0893045715 0.0000000000
5.2909585591 0.4000000000 3.6141979855 3.8968332979 3.0935852526 0.0000000000
5.3306415447 0.4000000000 3.6140567483 3.9095866931 3.0981216620 0.0000000000
5.3702326194 0.4000000000 3.6138959210 3.9240094869 3.1032474703 0.0000000000
5.4096789741 0.4000000000 3.6137074845 3.9407287646 3.1091814352 0.0000000000
5.4488867010 0.4000000000 3.6134839393 3.9606455301 3.1162539607 0.0000000000
5.4877136905 0.4000000000 3.6131876717 3.9847755839 3.1247209118 0.0000000000
5.5259220705 0.4000000000 3.6128293045 4.0144310929 3.1351496463 0.0000000000
5.5631028844 0.4000000000 3.6123568298 4.0513284794 3.1480187023 0.0000000000
5.5985487854 0.4000000000 3.6117348826 4.0976305585 3.1640517450 0.0000000000
5.6312412564 0.4000000000 3.6109214115 4.1551515499 3.1838062572 0.0000000000
5.6601308216 0.4000000000 3.6098841623 4.2241975044 3.2072756423 0.0000000000
5.6848955866 0.4000000000 3.6086298071 4.3026239829 3.2336288127 0.0000000000
5.7063499246 0.4000000000 3.6071740156 4.3869471796 3.2615349254 0.0000000000
5.7261170508 0.4000000000 3.6055652597 4.4738157207 3.2898473185 0.0000000000
5.7457564084 0.4000000000 3.6038415589 4.5608533981 3.3177675861 0.0000000000
5.7660098948 0.4000000000 3.6020373376 4.6469952277 3.3450074329 0.0000000000
5.7869600882 0.4000000000 3.6001528217 4.7320783128 3.3715026031 0.0000000000
5.8085836744 0.4000000000 3.5981952433 4.8160920431 3.3972777819 0.0000000000
5.8308594820 0.4000000000 3.5961782626 4.8990248616 3.4223829865 0.0000000000
5.8537444921 0.4000000000 3.5941158724 4.9809076169 3.4468865276 0.0000000000
5.8771978154 0.4000000000 3.5920033899 5.0617711286 3.4707820023 0.0000000000
5.9011478319 0.4000000000 3.5898344827 5.1417105076 3.4940821253 0.0000000000
5.9255447960 0.4000000000 3.5875962885 5.2207886970 3.5167606241 0.0000000000
5.9503932461 0.4000000000 3.5853313621 5.2989782951 3.5389767577 0.0000000000
5.9756888201 0.4000000000 3.5830321848 5.3762605343 3.5606929444 0.0000000000
6.0014404123 0.4000000000 3.5807284543 5.4525943690 3.5820115563 0.0000000000
6.0276546092 0.4000000000 3.5784406842 5.5279406963 3.6029990066 0.0000000000
6.0543337658 0.4000000000 3.5761722802 5.6022635123 3.6236545168 0.0000000000
6.0814695598 0.4000000000 3.5739543988 5.6755561483 3.6441000460 0.0000000000
6.1090040114 0.4000000000 3.5717556888 5.7479173191 3.6642496742 0.0000000000
6.1368962831 0.4000000000 3.5695821704 5.8194219704 3.6841574609 0.0000000000
6.1651010056 0.4000000000 3.5674223479 5.8901590343 3.7038129968 0.0000000000
6.1935971030 0.4000000000 3.5652772462 5.9601652438 3.7232350738 0.0000000000
6.2223759412 0.4000000000 3.5631624793 6.0294506619 3.7424901733 0.0000000000
6.2514772616 0.4000000000 3.5610867502 6.0978965799 3.7615656240 0.0000000000
6.2808898565 0.4000000000 3.5590593606 6.1655150107 3.7805034379 0.0000000000
6.3108063879 0.4000000000 3.5571900013 6.2317651093 3.7995260402 0.0000000000
6.3411428073 0.4000000000 3.5554334951 6.2968299483 3.8185259512 0.0000000000
6.3719792761 0.4000000000 3.5538484785 6.3604366900 3.8376285815 0.0000000000
6.4034885227 0.4000000000 3.5525491652 6.4219873706 3.8570516002 0.0000000000
6.4354957588 0.4000000000 3.5514452457 6.4819385194 3.8766163820 0.0000000000
6.4678695023 0.4000000000 3.5505083871 6.5406653106 3.8963596638 0.0000000000
6.5005673536 0.4000000000 3.5497251146 6.5982734512 3.9162698304 0.0000000000
6.5335624568 0.4000000000 3.5490902172 6.6548245593 3.9363506839 0.0000000000
6.5668307182 0.4000000000 3.5486130382 6.7103762161 3.9566626305 0.0000000000
6.6003625419 0.4000000000 3.5482827080 6.7649353331 3.9771649567 0.0000000000
6.6341053091 0.4000000000 3.5480848093 6.8186801185 3.9978712758 0.0000000000
6.6679300025 0.4000000000 3.5479539546 6.8721037801 4.0187173217 0.0000000000
6.7017841598 0.4000000000 3.5478658455 6.9254112043 4.0396878552 0.0000000000
6.7356718802 0.4000000000 3.5478193581 6.9785854984 4.0607716231 0.0000000000
6.7695782721 0.4000000000 3.5478021797 7.0316854884 4.0819429055 0.0000000000
6.8035068054 0.4000000000 3.5478313575 7.0846969982 4.1032642207 0.0000000000
6.8374584857 0.4000000000 3.5478972209 7.1376155846 4.1246951088 0.0000000000
6.8714245246 0.4000000000 3.5479904494 7.1904763002 4.1462123088 0.0000000000
6.9053996916 0.4000000000 3.5481200528 7.2432998526 4.1678601435 0.0000000000
6.9393923529 0.4000000000 3.5482871916 7.2960523774 4.1896297087 0.0000000000
6.9733894611 0.4000000000 3.5484782956 7.3487864614 4.2114877584 0.0000000000
7.0074015738 0.4000000000 3.5486960060 7.4014593986 4.2334277748 0.0000000000
7.0414236829 0.4000000000 3.5489434705 7.4540911641 4.2554703391 0.0000000000
7.0754596536 0.4000000000 3.5492289718 7.5066656480 4.2776421377 0.0000000000
7.1095188947 0.4000000000 3.5495317586 7.5591452731 4.2998451351 0.0000000000
7.1436104609 0.4000000000 3.5498727775 7.6114920571 4.3221479240 0.0000000000
7.1777388437 0.4000000000 3.5502351490 7.6636877867 4.3444757019 0.0000000000
7.2119095452 0.4000000000 3.5506334979 7.7157085290 4.3668773947 0.0000000000
7.2461334632 0.4000000000 3.5510670814 7.7675083777 4.3893316680 0.0000000000
7.2804161336 0.4000000000 3.5515358131 7.8190629046 4.4118284055 0.0000000000
7.3147672718 0.4000000000 3.5520310203 7.8703301850 4.4343161465 0.0000000000
7.3491964945 0.4000000000 3.5525667633 7.9212665212 4.4568336531 0.0000000000
7.3837130457 0.4000000000 3.5531349510 7.9718299039 4.4793317571 0.0000000000
7.4182624644 0.4000000000 3.5537011054 8.0222529760 4.5017656035 0.0000000000
7.4528194346 0.4000000000 3.5542370895 8.0726454587 4.5240665327 0.0000000000
7.4875237822 0.4000000000 3.5548249224 8.1223973488 4.5463186205 0.0000000000
7.5223817468 0.4000000000 3.5554577610 8.1714696796 4.5684789072 0.0000000000
7.5574102268 0.4000000000 3.5561388539 8.2197730802 4.5905246390 0.0000000000
7.5926501578 0.4000000000 3.5568879330 8.2670984943 4.6124511210 0.0000000000
7.6281080436 0.4000000000 3.5576944046 8.3133893389 4.6341933451 0.0000000000
7.6638057967 0.4000000000 3.5585702728 8.3585047751 4.6557429925 0.0000000000
7.6997991973 0.4000000000 3.5595318581 8.4021156551 4.6770336858 0.0000000000
7.7360962230 0.4000000000 3.5605714697 8.4441121481 4.6979907292 0.0000000000
7.7727162010 0.4000000000 3.5616904415 8.4843042797 4.7185434691 0.0000000000
7.8096834987 0.4000000000 3.5628858019 8.5224422180 4.7385800863 0.0000000000
7.8470215796 0.4000000000 3.5641606900 8.5582329771 4.7579959421 0.0000000000
7.8847280571 0.4000000000 3.5654941374 8.5915075433 4.7766395581 0.0000000000
7.9227630622 0.4000000000 3.5668314096 8.6223589106 4.7943291940 0.0000000000
7.9611114877 0.4000000000 3.5681597198 8.6506848298 4.8109728025 0.0000000000
7.9996953802 0.4000000000 3.5693850594 8.6769696700 4.8263880970 0.0000000000
8.0384514270 0.4000000000 3.5704616935 8.7016654910 4.8405729618 0.0000000000
8.0772953045 0.4000000000 3.5713058517 8.7255427928 4.8535005153 0.0000000000
8.1161754837 0.4000000000 3.5718603873 8.7491014124 4.8651421056 0.0000000000
8.1550849272 0.4000000000 3.5721063576 8.7723899156 4.8754413880 0.0000000000
8.1940569228 0.4000000000 3.5720499923 8.7950217781 4.8842686719 0.0000000000
8.2331783143 0.4000000000 3.5717347228 8.8159680433 4.8913860999 0.0000000000
8.2725366336 0.4000000000 3.5712600000 8.8339000000 4.8966599913 0.0000000000
8.3493892574 0.4000000000 3.5702600000 8.8565250000 4.9017099913 0.0000000000
8.3585062486 0.4000000000 3.5701560961 8.8580845588 4.9019181994 0.0000000000
8.3676275100 0.4000000000 3.5700550867 8.8594410167 4.9020567449 0.0000000000
8.3767525266 0.4000000000 3.5699571472 8.8606065958 4.9021312185 0.0000000000
8.3858807834 0.4000000000 3.5698624530 8.8615935185 4.9021472108 0.0000000000
8.3950117653 0.4000000000 3.5697711796 8.8624140069 4.9021103125 0.0000000000
8.4041449575 0.4000000000 3.5696835024 8.8630802834 4.9020261144 0.0000000000
8.4132798448 0.4000000000 3.5695995969 8.8636045701 4.9019002070 0.0000000000
8.4224159123 0.4000000000 3.5695196385 8.8639990893 4.9017381812 0.0000000000
8.4315526457 0.4000000000 3.5694438016 8.8642760608 4.9015456222 0.0000000000
8.4406896544 0.4000000000 3.5693720782 8.8644472927 4.9013272212 0.0000000000
8.4498268104 0.4000000000 3.5693040735 8.8645237201 4.9010857735 0.0000000000
8.4589640187 0.4000000000 3.5692393437 8.8645161668 4.9008238327 0.0000000000
8.4681011847 0.4000000000 3.5691774446 8.8644354568 4.9005439524 0.0000000000
8.4772382195 0.4000000000 3.5691179624 8.8642922229 4.9002487302 0.0000000000
8.4863750930 0.4000000000 3.5690607827 8.8640951993 4.8999412018 0.0000000000
8.4955118090 0.4000000000 3.5690059625 8.8638520317 4.8996246541 0.0000000000
8.5046483716 0.4000000000 3.5689535611 8.8635703527 4.8993023770 0.0000000000
8.5137847849 0.4000000000 3.5689036375 8.8632577937 4.8989776587 0.0000000000
8.5229210568 0.4000000000 3.5688560989 8.8629210179 4.8986527942 0.0000000000
8.5320572054 0.4000000000 3.5688104406 8.8625640543 4.8983273753 0.0000000000
8.5411932506 0.4000000000 3.5687660880 8.8621904880 4.8980005386 0.0000000000
8.5503292123 0.4000000000 3.5687224669 8.8618039043 4.8976714207 0.0000000000
8.5594651103 0.4000000000 3.5686790202 8.8614078485 4.8973392116 0.0000000000
8.5686009602 0.4000000000 3.5686356250 8.8610048676 4.8970044385 0.0000000000
8.5777367739 0.4000000000 3.5685926124 8.8605964643 4.8966690268 0.0000000000
8.5868725629 0.4000000000 3.5685503350 8.8601840922 4.8963349683 0.0000000000
8.5960083387 0.4000000000 3.5685091453 8.8597692048 4.8960042543 0.0000000000
8.6051441123 0.4000000000 3.5684693441 8.8593532084 4.8956786512 0.0000000000
8.6142798906 0.4000000000 3.5684308167 8.8589371294 4.8953581099 0.0000000000
8.6234156782 0.4000000000 3.5683932475 8.8585218104 4.8950417054 0.0000000000
8.6325514799 0.4000000000 3.5683563196 8.8581080930 4.8947285071 0.0000000000
8.6416873004 0.4000000000 3.5683197163 8.8576968189 4.8944175840 0.0000000000
8.6508231429 0.4000000000 3.5682832290 8.8572885582 4.8941083307 0.0000000000
8.6599590049 0.4000000000 3.5682470730 8.8568828209 4.8938014115 0.0000000000
8.6690948821 0.4000000000 3.5682115667 8.8564788577 4.8934978011 0.0000000000
8.6782307706 0.4000000000 3.5681770288 8.8560759193 4.8931984743 0.0000000000
8.6873666664 0.4000000000 3.5681437770 8.8556732599 4.8929044034 0.0000000000
8.6965025696 0.4000000000 3.5681119151 8.8552708846 4.8926160057 0.0000000000
8.7056384902 0.4000000000 3.5680810567 8.8548705206 4.8923324264 0.0000000000
8.7147744398 0.4000000000 3.5680507470 8.8544741349 4.8920526334 0.0000000000
8.7239104296 0.4000000000 3.5680205314 8.8540836947 4.8917755948 0.0000000000
8.7330464709 0.4000000000 3.5679899602 8.8537011434 4.8915002894 0.0000000000
8.7421825662 0.4000000000 3.5679589082 8.8533269358 4.8912263985 0.0000000000
8.7513187040 0.4000000000 3.5679277626 8.8529591753 4.8909547120 0.0000000000
8.7604548717 0.4000000000 3.5678969559 8.8525957578 4.8906861179 0.0000000000
8.7695910565 0.4000000000 3.5678669202 8.8522345793 4.8904215040 0.0000000000
8.7787272460 0.4000000000 3.5678380794 8.8518735762 4.8901617393 0.0000000000
8.7878634361 0.4000000000 3.5678105520 8.8515120930 4.8899070363 0.0000000000
8.7969996328 0.4000000000 3.5677840800 8.8511512133 4.8896567968 0.0000000000
8.8061358426 0.4000000000 3.5677583824 8.8507921286 4.8894103724 0.0000000000
8.8152720724 0.4000000000 3.5677331778 8.8504360302 4.8891671145 0.0000000000
8.8244083285 0.4000000000 3.5677081930 8.8500840824 4.8889263963 0.0000000000
8.8335446135 0.4000000000 3.5676833667 8.8497367437 4.8886881556 0.0000000000
8.8426809257 0.4000000000 3.5676588646 8.8493937153 4.8884529359 0.0000000000
8.8518172632 0.4000000000 3.5676348637 8.8490546609 4.8882213105 0.0000000000
8.8609536241 0.4000000000 3.5676115409 8.8487192445 4.8879938529 0.0000000000
8.8700900063 0.4000000000 3.5675890705 8.8483871371 4.8877711280 0.0000000000
8.8792264091 0.4000000000 3.5675675598 8.8480581811 4.8875535031 0.0000000000
8.8883628321 0.4000000000 3.5675470485 8.8477323940 4.8873411427 0.0000000000
8.8974992755 0.4000000000 3.5675275727 8.8474098012 4.8871342026 0.0000000000
8.9066357392 0.4000000000 3.5675091689 8.8470904281 4.8869328383 0.0000000000
8.9157722230 0.4000000000 3.5674918667 8.8467743017 4.8867371788 0.0000000000
8.9249087269 0.4000000000 3.5674755210 8.8464614878 4.8865466706 0.0000000000
8.9340452507 0.4000000000 3.5674598023 8.8461520938 4.8863600379 0.0000000000
8.9431817939 0.4000000000 3.5674443718 8.8458462289 4.8861759702 0.0000000000
8.9523183563 0.4000000000 3.5674288911 8.8455440021 4.8859931567 0.0000000000
8.9614549377 0.4000000000 3.5674130313 8.8452455137 4.8858103222 0.0000000000
8.9705915368 0.4000000000 3.5673967734 8.8449505706 4.8856273132 0.0000000000
8.9797281513 0.4000000000 3.5673804651 8.8446586335 4.8854453052 0.0000000000
8.9888647788 0.4000000000 3.5673644755 8.8443691428 4.8852655504 0.0000000000
8.9980014169 0.4000000000 3.5673491735 8.8440815388 4.8850893009 0.0000000000
9.0071380633 0.4000000000 3.5673349234 8.8437952644 4.8849177905 0.0000000000
9.0162747159 0.4000000000 3.5673218557 8.8435098840 4.8847513679 0.0000000000
9.0254113731 0.4000000000 3.5673097700 8.8432251338 4.8845891249 0.0000000000
9.0345480332 0.4000000000 3.5672984403 8.8429407634 4.8844300578 0.0000000000
9.0436846947 0.4000000000 3.5672876407 8.8426565221 4.8842731629 0.0000000000
9.0528213559 0.4000000000 3.5672771463 8.8423721617 4.8841174414 0.0000000000
9.0619580164 0.4000000000 3.5672668308 8.8420876416 4.8839623712 0.0000000000
9.0710946781 0.4000000000 3.5672567468 8.8418032997 4.8838082985 0.0000000000
9.0802313428 0.4000000000 3.5672469661 8.8415195141 4.8836556615 0.0000000000
9.0893680125 0.4000000000 3.5672375605 8.8412366627 4.8835048984 0.0000000000
9.0985046893 0.4000000000 3.5672286015 8.8409551226 4.8833564465 0.0000000000
9.1076413729 0.4000000000 3.5672201249 8.8406748440 4.8832104286 0.0000000000
9.1167780576 0.4000000000 3.5672120761 8.8403947104 4.8830661799 0.0000000000
9.1259147369 0.4000000000 3.5672043868 8.8401134416 4.8829229152 0.0000000000
9.1350514043 0.4000000000 3.5671969887 8.8398297571 4.8827798489 0.0000000000
9.1441880532 0.4000000000 3.5671898134 8.8395423766 4.8826361955 0.0000000000
9.1533246796 0.4000000000 3.5671828401 8.8392505025 4.8824915528 0.0000000000
9.1624612885 0.4000000000 3.5671762237 8.8389551217 4.8823469347 0.0000000000
9.1715978870 0.4000000000 3.5671701594 8.8386576331 4.8822036822 0.0000000000
9.1807344822 0.4000000000 3.5671648427 8.8383594359 4.8820631365 0.0000000000
9.1898710813 0.4000000000 3.5671604689 8.8380619291 4.8819266387 0.0000000000
9.1990076900 0.4000000000 3.5671571803 8.8377662400 4.8817952086 0.0000000000
9.2081443060 0.4000000000 3.5671548092 8.8374719106 4.8816679924 0.0000000000
9.2172809239 0.4000000000 3.5671530759 8.8371779101 4.8815434588 0.0000000000
9.2264175386 0.4000000000 3.5671517005 8.8368832070 4.8814200760 0.0000000000
9.2355541447 0.4000000000 3.5671504031 8.8365867696 4.8812963118 0.0000000000
9.2446907372 0.4000000000 3.5671489272 8.8362876114 4.8811707446 0.0000000000
9.2538273129 0.4000000000 3.5671472471 8.8359851978 4.8810430590 0.0000000000
9.2629638701 0.4000000000 3.5671454708 8.8356792542 4.8809135760 0.0000000000
9.2721004068 0.4000000000 3.5671437075 8.8353695090 4.8807826248 0.0000000000
9.2812369212 0.4000000000 3.5671420666 8.8350556908 4.8806505341 0.0000000000
9.2903734114 0.4000000000 3.5671406576 8.8347375283 4.8805176331 0.0000000000
9.2995098756 0.4000000000 3.5671395898 8.8344147499 4.8803842505 0.0000000000
9.3086463118 0.4000000000 3.5671389726 8.8340870842 4.8802507155 0.0000000000
9.3177827182 0.4000000000 3.5671389154 8.8337542597 4.8801173568 0.0000000000
9.3269190929 0.4000000000 3.5671395275 8.8334160050 4.8799845034 0.0000000000
9.3360554339 0.4000000000 3.5671409048 8.8330720231 4.8798524199 0.0000000000
9.3451917358 0.4000000000 3.5671429304 8.8327216156 4.8797203591 0.0000000000
9.3543279908 0.4000000000 3.5671453182 8.8323637656 4.8795867704 0.0000000000
9.3634641910 0.4000000000 3.5671477776 8.8319974470 4.8794500806 0.0000000000
9.3726003284 0.4000000000 3.5671500180 8.8316216339 4.8793087169 0.0000000000
9.3817363988 0.4000000000 3.5671518792 8.8312358272 4.8791618390 0.0000000000
9.3908724124 0.4000000000 3.5671537095 8.8308415787 4.8790114608 0.0000000000
9.4000083827 0.4000000000 3.5671559809 8.8304409401 4.8788602909 0.0000000000
9.4091443234 0.4000000000 3.5671591654 8.8300359628 4.8787110381 0.0000000000
9.4182802447 0.4000000000 3.5671636372 8.8296282345 4.8785658341 0.0000000000
9.4274161309 0.4000000000 3.5671690200 8.8292157882 4.8784223866 0.0000000000
9.4365519542 0.4000000000 3.5671745901 8.8287950119 4.8782763563 0.0000000000
9.4456876869 0.4000000000 3.5671796220 8.8283622847 4.8781233932 0.0000000000
9.4548233065 0.4000000000 3.5671835292 8.8279147181 4.8779599953 0.0000000000
9.4639588173 0.4000000000 3.5671864419 8.8274532031 4.8777870401 0.0000000000
9.4730942327 0.4000000000 3.5671887209 8.8269798470 4.8776068138 0.0000000000
9.4822295657 0.4000000000 3.5671907296 8.8264967492 4.8774216093 0.0000000000
9.4913648286 0.4000000000 3.5671929402 8.8260056272 4.8772340031 0.0000000000
9.5005000316 0.4000000000 3.5671959799 8.8255076569 4.8770469738 0.0000000000
9.5096351852 0.4000000000 3.5672004873 8.8250039720 4.8768635295 0.0000000000
9.5187702883 0.4000000000 3.5672067130 8.8244945320 4.8766846561 0.0000000000
9.5279053050 0.4000000000 3.5672137232 8.8239757134 4.8765051696 0.0000000000
9.5370401927 0.4000000000 3.5672203594 8.8234432119 4.8763187137 0.0000000000
9.5461749204 0.4000000000 3.5672257333 8.8228939155 4.8761204906 0.0000000000
9.5553094949 0.4000000000 3.5672298636 8.8223287131 4.8759109309 0.0000000000
9.5644439313 0.4000000000 3.5672329591 8.8217493313 4.8756915602 0.0000000000
9.5735782447 0.4000000000 3.5672352285 8.8211574970 4.8754639043 0.0000000000
9.5827124500 0.4000000000 3.5672368807 8.8205549368 4.8752294887 0.0000000000
9.5918465622 0.4000000000 3.5672381242 8.8199433776 4.8749898392 0.0000000000
9.6009805964 0.4000000000 3.5672391679 8.8193245460 4.8747464814 0.0000000000
9.6101145674 0.4000000000 3.5672402206 8.8187001651 4.8745009397 0.0000000000
9.6192484829 0.4000000000 3.5672414968 8.8180711612 4.8742544429 0.0000000000
9.6283823336 0.4000000000 3.5672432240 8.8174366804 4.8740075594 0.0000000000
9.6375161079 0.4000000000 3.5672456315 8.8167956271 4.8737607681 0.0000000000
9.6466497946 0.4000000000 3.5672489486 8.8161469058 4.8735145479 0.0000000000
9.6557833894 0.4000000000 3.5672533408 8.8154900783 4.8732693859 0.0000000000
9.6649169559 0.4000000000 3.5672583951 8.8148306794 4.8730258435 0.0000000000
9.6740505792 0.4000000000 3.5672634572 8.8141761855 4.8727842942 0.0000000000
9.6831841896 0.4000000000 3.5672686000 8.8135206540 4.8725426527 0.0000000000
9.6923176416 0.4000000000 3.5672742119 8.8128515646 4.8722974649 0.0000000000
9.7014509593 0.4000000000 3.5672795215 8.8121709476 4.8720464565 0.0000000000
9.7105842430 0.4000000000 3.5672839620 8.8114874706 4.8717908274 0.0000000000
9.7197175239 0.4000000000 3.5672914298 8.8108040012 4.8715473110 0.0000000000
9.7288507732 0.4000000000 3.5673038362 8.8101182646 4.8713226421 0.0000000000
9.7379838738 0.4000000000 3.5673140513 8.8094201743 4.8710842662 0.0000000000
9.7471168526 0.4000000000 3.5673194785 8.8087117318 4.8708225983 0.0000000000
9.7562498587 0.4000000000 3.5673243504 8.8080054059 4.8705595552 0.0000000000
9.7653827564 0.4000000000 3.5673346919 8.8072909549 4.8703151408 0.0000000000
9.7745154919 0.4000000000 3.5673489837 8.8065639335 4.8700814996 0.0000000000
9.7836482529 0.4000000000 3.5673571118 8.8058383668 4.8698237853 0.0000000000
9.7927810810 0.4000000000 3.5673640167 8.8051179851 4.8695632522 0.0000000000
9.8019138727 0.4000000000 3.5673712984 8.8043947810 4.8693030975 0.0000000000
9.8110465488 0.4000000000 3.5673793157 8.8036625452 4.8690422722 0.0000000000
9.8201791610 0.4000000000 3.5673962117 8.8029261918 4.8688153147 0.0000000000
9.8293114161 0.4000000000 3.5674058399 8.8021620697 4.8685481788 0.0000000000
9.8384437668 0.4000000000 3.5674195554 8.8014054730 4.8683004020 0.0000000000
9.8475760088 0.4000000000 3.5674352427 8.8006411225 4.8680574112 0.0000000000
9.8567081713 0.4000000000 3.5674420932 8.7998696852 4.8677762380 0.0000000000
9.8658403823 0.4000000000 3.5674554181 8.7991029265 4.8675228342 0.0000000000
9.8749719399 0.4000000000 3.5674728848 8.7982889213 4.8672670990 0.0000000000
9.8841036458 0.4000000000 3.5674851377 8.7974850374 4.8669945570 0.0000000000
9.8932352187 0.4000000000 3.5675037844 8.7966725999 4.8667441689 0.0000000000
9.9023666525 0.4000000000 3.5675166931 8.7958495130 4.8664665689 0.0000000000
9.9114976798 0.4000000000 3.5675415414 8.7950007558 4.8662264595 0.0000000000
9.9206287043 0.4000000000 3.5675562675 8.7941502027 4.8659451424 0.0000000000
9.9297593820 0.4000000000 3.5675760318 8.7932775904 4.8656751547 0.0000000000
9.9388899543 0.4000000000 3.5676004695 8.7923983627 4.8654212143 0.0000000000
9.9480201974 0.4000000000 3.5676146379 8.7914967875 4.8651172577 0.0000000000
9.9571503576 0.4000000000 3.5676409229 8.7905914767 4.8648602736 0.0000000000
9.9662800510 0.4000000000 3.5676677171 8.7896576601 4.8645939239 0.0000000000
9.9754097564 0.4000000000 3.5676827833 8.7887228283 4.8642802560 0.0000000000
9.9845388087 0.4000000000 3.5677105823 8.7877504821 4.8640025133 0.0000000000
9.9936679963 0.4000000000 3.5677387267 8.7867862363 4.8637293927 0.0000000000
10.0027968354 0.4000000000 3.5677554400 8.7858000626 4.8634017762 0.0000000000
10.0119253212 0.4000000000 3.5677850167 8.7847953452 4.8631181961 0.0000000000
10.0210535167 0.4000000000 3.5678125680 8.7837740676 4.8628198905 0.0000000000
10.0301816923 0.4000000000 3.5678337241 8.7827510868 4.8624953225 0.0000000000
10.0393091163 0.4000000000 3.5678647508 8.7816880413 4.8621942112 0.0000000000
10.0484364856 0.4000000000 3.5678955989 8.7806223854 4.8618913412 0.0000000000
10.0575632007 0.4000000000 3.5679239411 8.7795216653 4.8615644218 0.0000000000
10.0666896384 0.4000000000 3.5679497912 8.7784066760 4.8612218264 0.0000000000
10.0758161917 0.4000000000 3.5679826894 8.7772981809 4.8609100214 0.0000000000
10.0849416290 0.4000000000 3.5680163083 8.7761340448 4.8605788424 0.0000000000
10.0940672849 0.4000000000 3.5680505619 8.7749806514 4.8602544995 0.0000000000
10.1031919877 0.4000000000 3.5680864379 8.7737816471 4.8599184016 0.0000000000
10.1123165844 0.4000000000 3.5681102012 8.7725756452 4.8595310542 0.0000000000
10.1214407123 0.4000000000 3.5681473496 8.7713495038 4.8591891914 0.0000000000
10.1305643250 0.4000000000 3.5681844467 8.7700996678 4.8588376454 0.0000000000
10.1396873832 0.4000000000 3.5682222042 8.7688249145 4.8584787739 0.0000000000
10.1488104664 0.4000000000 3.5682606956 8.7675515250 4.8581233839 0.0000000000
10.1579323627 0.4000000000 3.5682999768 8.7662260788 4.8577503301 0.0000000000
10.1670542708 0.4000000000 3.5683300000 8.7649000000 4.8573399913 0.0000000000
10.1759945021 0.4000000000 3.5683700000 8.7635500000 4.8569599913 0.0000000000
10.1774850237 0.4000000000 3.5683767433 8.7633347850 4.8569008787 0.0000000000
10.1789754268 0.4000000000 3.5683835077 8.7631146336 4.8568398758 0.0000000000
10.1804657277 0.4000000000 3.5683902933 8.7628902370 4.8567772593 0.0000000000
10.1819559426 0.4000000000 3.5683971001 8.7626622861 4.8567133062 0.0000000000
10.1834460877 0.4000000000 3.5684039283 8.7624314723 4.8566482935 0.0000000000
10.1849361792 0.4000000000 3.5684107780 8.7621984871 4.8565824982 0.0000000000
10.1864262433 0.4000000000 3.5684176494 8.7619644173 4.8565163557 0.0000000000
10.1879163348 0.4000000000 3.5684245428 8.7617314794 4.8564507544 0.0000000000
10.1894065134 0.4000000000 3.5684314589 8.7615020796 4.8563866587 0.0000000000
10.1908967910 0.4000000000 3.5684383977 8.7612766927 4.8563242590 0.0000000000
10.1923870758 0.4000000000 3.5684453587 8.7610516097 4.8562620700 0.0000000000
10.1938772636 0.4000000000 3.5684523415 8.7608226145 4.8561984030 0.0000000000
10.1953673077 0.4000000000 3.5684593457 8.7605878267 4.8561325050 0.0000000000
10.1968572500 0.4000000000 3.5684663718 8.7603489710 4.8560650670 0.0000000000
10.1983471406 0.4000000000 3.5684734201 8.7601080905 4.8559969077 0.0000000000
10.1998370369 0.4000000000 3.5684804908 8.7598674809 4.8559289467 0.0000000000
10.2013270045 0.4000000000 3.5684875843 8.7596297006 4.8558622086 0.0000000000
10.2028170992 0.4000000000 3.5684947009 8.7593969228 4.8557975641 0.0000000000
10.2043072559 0.4000000000 3.5685018405 8.7591665917 4.8557339899 0.0000000000
10.2057973299 0.4000000000 3.5685090025 8.7589330475 4.8556692203 0.0000000000
10.2072872093 0.4000000000 3.5685161866 8.7586918958 4.8556014959 0.0000000000
10.2087769881 0.4000000000 3.5685233932 8.7584467904 4.8555322802 0.0000000000
10.2102668378 0.4000000000 3.5685306231 8.7582044170 4.8554642505 0.0000000000
10.2117568544 0.4000000000 3.5685378768 8.7579685298 4.8553989102 0.0000000000
10.2132468996 0.4000000000 3.5685451535 8.7577337903 4.8553341215 0.0000000000
10.2147367922 0.4000000000 3.5685524526 8.7574931971 4.8552670804 0.0000000000
10.2162264900 0.4000000000 3.5685597738 8.7572451054 4.8551971288 0.0000000000
10.2177161655 0.4000000000 3.5685671183 8.7569961224 4.8551269136 0.0000000000
10.2192059950 0.4000000000 3.5685744872 8.7567530045 4.8550591418 0.0000000000
10.2206959443 0.4000000000 3.5685818802 8.7565144858 4.8549933063 0.0000000000
10.2221858212 0.4000000000 3.5685892963 8.7562732622 4.8549264813 0.0000000000
10.2236754780 0.4000000000 3.5685967347 8.7560237151 4.8548564162 0.0000000000
10.2251650247 0.4000000000 3.5686041961 8.7557699831 4.8547847691 0.0000000000
10.2266546560 0.4000000000 3.5686116819 8.7555194118 4.8547144835 0.0000000000
10.2281444560 0.4000000000 3.5686191924 8.7552751925 4.8546468381 0.0000000000
10.2296342788 0.4000000000 3.5686267270 8.7550318520 4.8545796402 0.0000000000
10.2311239570 0.4000000000 3.5686342847 8.7547831200 4.8545103780 0.0000000000
10.2326134539 0.4000000000 3.5686418653 8.7545276330 4.8544385056 0.0000000000
10.2341028424 0.4000000000 3.5686494694 8.7542681514 4.8543651294 0.0000000000
10.2355922002 0.4000000000 3.5686570976 8.7540075981 4.8542914210 0.0000000000
10.2370816124 0.4000000000 3.5686647505 8.7537490662 4.8542186198 0.0000000000
10.2385711646 0.4000000000 3.5686724285 8.7534956471 4.8541479644 0.0000000000
10.2400608405 0.4000000000 3.5686801317 8.7532467383 4.8540792135 0.0000000000
10.2415504582 0.4000000000 3.5686878590 8.7529957383 4.8540097226 0.0000000000
10.2430398476 0.4000000000 3.5686956094 8.7527364772 4.8539370199 0.0000000000
10.2445290967 0.4000000000 3.5687033836 8.7524721182 4.8538623729 0.0000000000
10.2460184361 0.4000000000 3.5687111829 8.7522109816 4.8537891155 0.0000000000
10.2475079765 0.4000000000 3.5687190081 8.7519570871 4.8537188587 0.0000000000
10.2489975186 0.4000000000 3.5687268583 8.7517033037 4.8536487461 0.0000000000
10.2504868326 0.4000000000 3.5687347324 8.7514413939 4.8535754783 0.0000000000
10.2519759615 0.4000000000 3.5687426304 8.7511728614 4.8534996575 0.0000000000
10.2534651580 0.4000000000 3.5687505537 8.7509066944 4.8534248840 0.0000000000
10.2549545733 0.4000000000 3.5687585031 8.7506482813 4.8533533164 0.0000000000
10.2564440106 0.4000000000 3.5687664777 8.7503906950 4.8532821803 0.0000000000
10.2579332185 0.4000000000 3.5687744764 8.7501250678 4.8532079242 0.0000000000
10.2594222247 0.4000000000 3.5687824995 8.7498523425 4.8531309264 0.0000000000
10.2609112963 0.4000000000 3.5687905485 8.7495818646 4.8530549310 0.0000000000
10.2624005953 0.4000000000 3.5687986242 8.7493193204 4.8529822162 0.0000000000
10.2638899154 0.4000000000 3.5688067256 8.7490575624 4.8529099187 0.0000000000
10.2653789955 0.4000000000 3.5688148514 8.7487875155 4.8528344031 0.0000000000
10.2668678751 0.4000000000 3.5688230019 8.7485105203 4.8527562070 0.0000000000
10.2683568273 0.4000000000 3.5688311787 8.7482359969 4.8526791048 0.0000000000
10.2698460003 0.4000000000 3.5688393826 8.7479690683 4.8526051491 0.0000000000
10.2713351992 0.4000000000 3.5688476126 8.7477030629 4.8525316669 0.0000000000
10.2728241958 0.4000000000 3.5688558673 8.7474301497 4.8524555206 0.0000000000
10.2743129776 0.4000000000 3.5688641467 8.7471499183 4.8523765456 0.0000000000
10.2758016559 0.4000000000 3.5688724515 8.7468662119 4.8522962820 0.0000000000
10.2772903417 0.4000000000 3.5688807825 8.7465828109 4.8522162458 0.0000000000
10.2787791428 0.4000000000 3.5688891412 8.7463033006 4.8521378766 0.0000000000
10.2802681272 0.4000000000 3.5688975284 8.7460299314 4.8520620776 0.0000000000
10.2817571480 0.4000000000 3.5689059411 8.7457577833 4.8519868691 0.0000000000
10.2832459926 0.4000000000 3.5689143755 8.7454797613 4.8519093977 0.0000000000
10.2847346101 0.4000000000 3.5689228358 8.7451941812 4.8518290068 0.0000000000
10.2862231035 0.4000000000 3.5689313338 8.7449045174 4.8517471334 0.0000000000
10.2877115850 0.4000000000 3.5689398677 8.7446145166 4.8516652689 0.0000000000
10.2892001751 0.4000000000 3.5689484004 8.7443280950 4.8515848310 0.0000000000
10.2906889629 0.4000000000 3.5689569075 8.7440481386 4.8515068770 0.0000000000
10.2921778063 0.4000000000 3.5689654950 8.7437700224 4.8514299805 0.0000000000
10.2936664700 0.4000000000 3.5689743104 8.7434860928 4.8513516700 0.0000000000
10.2951548905 0.4000000000 3.5689831348 8.7431942430 4.8512702278 0.0000000000
10.2966431836 0.4000000000 3.5689913712 8.7428981444 4.8511847341 0.0000000000
10.2981314710 0.4000000000 3.5689991914 8.7426018084 4.8510974804 0.0000000000
10.2996198687 0.4000000000 3.5690086520 8.7423094164 4.8510183658 0.0000000000
10.3011084518 0.4000000000 3.5690213966 8.7420237368 4.8509550725 0.0000000000
10.3025970661 0.4000000000 3.5690351145 8.7417392875 4.8508961643 0.0000000000
10.3040854884 0.4000000000 3.5690463105 8.7414481120 4.8508244781 0.0000000000
10.3055736841 0.4000000000 3.5690547878 8.7411490787 4.8507387742 0.0000000000
10.3070617628 0.4000000000 3.5690628463 8.7408462656 4.8506498828 0.0000000000
10.3085498510 0.4000000000 3.5690717102 8.7405439830 4.8505644252 0.0000000000
10.3100380955 0.4000000000 3.5690808791 8.7402466922 4.8504821847 0.0000000000
10.3115265494 0.4000000000 3.5690898881 8.7399559229 4.8504019129 0.0000000000
10.3130149784 0.4000000000 3.5690988095 8.7396643622 4.8503209740 0.0000000000
10.3145031416 0.4000000000 3.5691077923 8.7393645036 4.8502369621 0.0000000000
10.3159910774 0.4000000000 3.5691168440 8.7390575815 4.8501504000 0.0000000000
10.3174789286 0.4000000000 3.5691259218 8.7387480820 4.8500629115 0.0000000000
10.3189668458 0.4000000000 3.5691350143 8.7384406555 4.8499763109 0.0000000000
10.3204549777 0.4000000000 3.5691441312 8.7381398377 4.8498924511 0.0000000000
10.3219432636 0.4000000000 3.5691532819 8.7378437517 4.8498106198 0.0000000000
10.3234314069 0.4000000000 3.5691624757 8.7375433098 4.8497272179 0.0000000000
10.3249192502 0.4000000000 3.5691717011 8.7372336976 4.8496402746 0.0000000000
10.3264069163 0.4000000000 3.5691809096 8.7369187040 4.8495511113 0.0000000000
10.3278945627 0.4000000000 3.5691901059 8.7366031593 4.8494616785 0.0000000000
10.3293823605 0.4000000000 3.5691994649 8.7362922318 4.8493747438 0.0000000000
10.3308704094 0.4000000000 3.5692090556 8.7359889088 4.8492917770 0.0000000000
10.3323584596 0.4000000000 3.5692182930 8.7356855516 4.8492073841 0.0000000000
10.3338462081 0.4000000000 3.5692267196 8.7353729613 4.8491160542 0.0000000000
10.3353337188 0.4000000000 3.5692362171 8.7350535028 4.8490262607 0.0000000000
10.3368212018 0.4000000000 3.5692493141 8.7347340837 4.8489508814 0.0000000000
10.3383086814 0.4000000000 3.5692641535 8.7344150189 4.8488826127 0.0000000000
10.3397960749 0.4000000000 3.5692763485 8.7340928258 4.8488025156 0.0000000000
10.3412834770 0.4000000000 3.5692854279 8.7337701563 4.8487097657 0.0000000000
10.3427711232 0.4000000000 3.5692942070 8.7334545700 4.8486186472 0.0000000000
10.3442589517 0.4000000000 3.5693038710 8.7331445440 4.8485332928 0.0000000000
10.3457465758 0.4000000000 3.5693137125 8.7328286008 4.8484462818 0.0000000000
10.3472338624 0.4000000000 3.5693233491 8.7325027506 4.8483544881 0.0000000000
10.3487210464 0.4000000000 3.5693329742 8.7321739211 4.8482614565 0.0000000000
10.3502082698 0.4000000000 3.5693426956 8.7318462958 4.8481692920 0.0000000000
10.3516954757 0.4000000000 3.5693524109 8.7315181953 4.8480769129 0.0000000000
10.3531826243 0.4000000000 3.5693621169 8.7311884515 4.8479838397 0.0000000000
10.3546697451 0.4000000000 3.5693720418 8.7308579657 4.8478913449 0.0000000000
10.3561568428 0.4000000000 3.5693821090 8.7305268733 4.8477991766 0.0000000000
10.3576438504 0.4000000000 3.5693915119 8.7301930941 4.8477032767 0.0000000000
10.3591307831 0.4000000000 3.5694004826 8.7298571060 4.8476047642 0.0000000000
10.3606178784 0.4000000000 3.5694120112 8.7295263174 4.8475185631 0.0000000000
10.3621052322 0.4000000000 3.5694272885 8.7292037111 4.8474506300 0.0000000000
10.3635924890 0.4000000000 3.5694418114 8.7288782069 4.8473785197 0.0000000000
10.3650793893 0.4000000000 3.5694523414 8.7285417331 4.8472860503 0.0000000000
10.3665661143 0.4000000000 3.5694613521 8.7282000217 4.8471854085 0.0000000000
10.3680528578 0.4000000000 3.5694712306 8.7278590830 4.8470885469 0.0000000000
10.3695396579 0.4000000000 3.5694817242 8.7275198089 4.8469948116 0.0000000000
10.3710264431 0.4000000000 3.5694921405 8.7271800566 4.8469005759 0.0000000000
10.3725129315 0.4000000000 3.5695017519 8.7268322236 4.8467998885 0.0000000000
10.3739990380 0.4000000000 3.5695110471 8.7264741899 4.8466938558 0.0000000000
10.3754851969 0.4000000000 3.5695232840 8.7261182024 4.8466004083 0.0000000000
10.3769716707 0.4000000000 3.5695392010 8.7257713729 4.8465253446 0.0000000000
10.3784582243 0.4000000000 3.5695536462 8.7254263062 4.8464450986 0.0000000000
10.3799446828 0.4000000000 3.5695640047 8.7250777767 4.8463471209 0.0000000000
10.3814310839 0.4000000000 3.5695733826 8.7247274970 4.8462445204 0.0000000000
10.3829174597 0.4000000000 3.5695837708 8.7243767745 4.8461457843 0.0000000000
10.3844038017 0.4000000000 3.5695946336 8.7240252605 4.8460486299 0.0000000000
10.3858900966 0.4000000000 3.5696052018 8.7236724380 4.8459497738 0.0000000000
10.3873763313 0.4000000000 3.5696147801 8.7233178220 4.8458462404 0.0000000000
10.3888625342 0.4000000000 3.5696250162 8.7229625138 4.8457450616 0.0000000000
10.3903487584 0.4000000000 3.5696394246 8.7226086546 4.8456611515 0.0000000000
10.3918348302 0.4000000000 3.5696559027 8.7222513674 4.8455841490 0.0000000000
10.3933204658 0.4000000000 3.5696687489 8.7218821598 4.8454878507 0.0000000000
10.3948059496 0.4000000000 3.5696784830 8.7215083744 4.8453772732 0.0000000000
10.3962917846 0.4000000000 3.5696886553 8.7211435847 4.8452720465 0.0000000000
10.3977778315 0.4000000000 3.5696997083 8.7207843541 4.8451725661 0.0000000000
10.3992637684 0.4000000000 3.5697108228 8.7204223330 4.8450722156 0.0000000000
10.4007495955 0.4000000000 3.5697211341 8.7200573416 4.8449674642 0.0000000000
10.4022353911 0.4000000000 3.5697309780 8.7196914462 4.8448604816 0.0000000000
10.4037212072 0.4000000000 3.5697440845 8.7193267668 4.8447670361 0.0000000000
10.4052069524 0.4000000000 3.5697610384 8.7189611743 4.8446886145 0.0000000000
10.4066922938 0.4000000000 3.5697756874 8.7185850725 4.8445967701 0.0000000000
10.4081773162 0.4000000000 3.5697861573 8.7182001384 4.8444846760 0.0000000000
10.4096625978 0.4000000000 3.5697963423 8.7178215236 4.8443739701 0.0000000000
10.4111482258 0.4000000000 3.5698075961 8.7174516606 4.8442710399 0.0000000000
10.4126338873 0.4000000000 3.5698190837 8.7170826168 4.8441693728 0.0000000000
10.4141192150 0.4000000000 3.5698298621 8.7167052599 4.8440615437 0.0000000000
10.4156040152 0.4000000000 3.5698398844 8.7163149320 4.8439455018 0.0000000000
10.4170889030 0.4000000000 3.5698529281 8.7159273802 4.8438426558 0.0000000000
10.4185742233 0.4000000000 3.5698702900 8.7155512689 4.8437616589 0.0000000000
10.4200592375 0.4000000000 3.5698854335 8.7151673144 4.8436686513 0.0000000000
10.4215437895 0.4000000000 3.5698961797 8.7147712348 4.8435532041 0.0000000000
10.4230286172 0.4000000000 3.5699070339 8.7143817820 4.8434408396 0.0000000000
10.4245138409 0.4000000000 3.5699185192 8.7140019340 4.8433348416 0.0000000000
10.4259990845 0.4000000000 3.5699288735 8.7136222433 4.8432243827 0.0000000000
10.4274838953 0.4000000000 3.5699416358 8.7132328360 4.8431196689 0.0000000000
10.4289681330 0.4000000000 3.5699592159 8.7128309980 4.8430292542 0.0000000000
10.4304526262 0.4000000000 3.5699749649 8.7124347305 4.8429337432 0.0000000000
10.4319375788 0.4000000000 3.5699860241 8.7120482126 4.8428233726 0.0000000000
10.4334220990 0.4000000000 3.5699970959 8.7116515879 4.8427090099 0.0000000000
10.4349061461 0.4000000000 3.5700088126 8.7112440283 4.8425928532 0.0000000000
10.4363902426 0.4000000000 3.5700194159 8.7108373863 4.8424726094 0.0000000000
10.4378742472 0.4000000000 3.5700327284 8.7104292944 4.8423626228 0.0000000000
10.4393580781 0.4000000000 3.5700507494 8.7100182734 4.8422702982 0.0000000000
10.4408423325 0.4000000000 3.5700665726 8.7096164885 4.8421728773 0.0000000000
10.4423269152 0.4000000000 3.5700776461 8.7092211932 4.8420590530 0.0000000000
10.4438109698 0.4000000000 3.5700877397 8.7088135750 4.8419363803 0.0000000000
10.4452946046 0.4000000000 3.5701010830 8.7083970810 4.8418231555 0.0000000000
10.4467782580 0.4000000000 3.5701193026 8.7079821579 4.8417300649 0.0000000000
10.4482618043 0.4000000000 3.5701354283 8.7075643867 4.8416274591 0.0000000000
10.4497453587 0.4000000000 3.5701467893 8.7071457208 4.8415054369 0.0000000000
10.4512294259 0.4000000000 3.5701584367 8.7067386679 4.8413892052 0.0000000000
10.4527135609 0.4000000000 3.5701704566 8.7063332457 4.8412751159 0.0000000000
10.4541970539 0.4000000000 3.5701815261 8.7059131972 4.8411513747 0.0000000000
10.4556802628 0.4000000000 3.5701965351 8.7054876931 4.8410412089 0.0000000000
10.4571635065 0.4000000000 3.5702153909 8.7050638893 4.8409471108 0.0000000000
10.4586467314 0.4000000000 3.5702301994 8.7046387710 4.8408362974 0.0000000000
10.4601299111 0.4000000000 3.5702409082 8.7042117376 4.8407083192 0.0000000000
10.4616130349 0.4000000000 3.5702520709 8.7037835933 4.8405817123 0.0000000000
10.4630960508 0.4000000000 3.5702681245 8.7033542138 4.8404741747 0.0000000000
10.4645789728 0.4000000000 3.5702871205 8.7029234653 4.8403778593 0.0000000000
10.4660618830 0.4000000000 3.5703013531 8.7024914002 4.8402619638 0.0000000000
10.4675447662 0.4000000000 3.5703123184 8.7020580290 4.8401324764 0.0000000000
10.4690275764 0.4000000000 3.5703243993 8.7016233424 4.8400069253 0.0000000000
10.4705102908 0.4000000000 3.5703396936 8.7011873345 4.8398936994 0.0000000000
10.4719928899 0.4000000000 3.5703600000 8.7007500000 4.8397999913 0.0000000000
