# logAge Mass logTe Mbol logg C/O
4.1860800861 0.5200000000 3.7374600000 1.1221500000 2.5907033436 0.0000000000
4.1948807663 0.5200000000 3.7374538627 1.1219144566 2.5905845769 0.0000000000
4.2036814476 0.5200000000 3.7374489970 1.1216911708 2.5904758000 0.0000000000
4.2124821295 0.5200000000 3.7374453892 1.1214800396 2.5903769162 0.0000000000
4.2212828112 0.5200000000 3.7374430253 1.1212809601 2.5902878289 0.0000000000
4.2300834920 0.5200000000 3.7374418915 1.1210938292 2.5902084414 0.0000000000
4.2388841714 0.5200000000 3.7374419739 1.1209185439 2.5901386569 0.0000000000
4.2476848486 0.5200000000 3.7374432587 1.1207550014 2.5900783788 0.0000000000
4.2564855230 0.5200000000 3.7374457319 1.1206030985 2.5900275104 0.0000000000
4.2652861938 0.5200000000 3.7374493796 1.1204627323 2.5899859550 0.0000000000
4.2740868604 0.5200000000 3.7374541881 1.1203337998 2.5899536159 0.0000000000
4.2828875222 0.5200000000 3.7374601434 1.1202161981 2.5899303964 0.0000000000
4.2916881784 0.5200000000 3.7374672316 1.1201098242 2.5899161999 0.0000000000
4.3004888285 0.5200000000 3.7374754390 1.1200145749 2.5899109295 0.0000000000
4.3092894716 0.5200000000 3.7374847515 1.1199303475 2.5899144887 0.0000000000
4.3180901072 0.5200000000 3.7374951554 1.1198570389 2.5899267807 0.0000000000
4.3268907345 0.5200000000 3.7375066367 1.1197945460 2.5899477088 0.0000000000
4.3356913530 0.5200000000 3.7375191816 1.1197427660 2.5899771764 0.0000000000
4.3444919619 0.5200000000 3.7375327762 1.1197015959 2.5900150867 0.0000000000
4.3532925605 0.5200000000 3.7375474066 1.1196709326 2.5900613431 0.0000000000
4.3620931482 0.5200000000 3.7375630590 1.1196506731 2.5901158489 0.0000000000
4.3708937243 0.5200000000 3.7375797195 1.1196407145 2.5901785073 0.0000000000
4.3796942882 0.5200000000 3.7375973741 1.1196409539 2.5902492217 0.0000000000
4.3884948391 0.5200000000 3.7376160091 1.1196512881 2.5903278954 0.0000000000
4.3972953764 0.5200000000 3.7376356106 1.1196716143 2.5904144318 0.0000000000
4.4060958994 0.5200000000 3.7376561646 1.1197018294 2.5905087340 0.0000000000
4.4148964075 0.5200000000 3.7376776574 1.1197418305 2.5906107054 0.0000000000
4.4236969000 0.5200000000 3.7377000750 1.1197915145 2.5907202493 0.0000000000
4.4324973761 0.5200000000 3.7377234035 1.1198507785 2.5908372690 0.0000000000
4.4412978353 0.5200000000 3.7377476291 1.1199195196 2.5909616679 0.0000000000
4.4500982768 0.5200000000 3.7377727379 1.1199976346 2.5910933492 0.0000000000
4.4588987000 0.5200000000 3.7377987161 1.1200850207 2.5912322162 0.0000000000
4.4676991042 0.5200000000 3.7378255497 1.1201815748 2.5913781723 0.0000000000
4.4764994887 0.5200000000 3.7378532249 1.1202871940 2.5915311208 0.0000000000
4.4852998529 0.5200000000 3.7378817278 1.1204017752 2.5916909649 0.0000000000
4.4941001961 0.5200000000 3.7379110445 1.1205252156 2.5918576080 0.0000000000
4.5029005177 0.5200000000 3.7379411612 1.1206574120 2.5920309533 0.0000000000
4.5117008168 0.5200000000 3.7379720640 1.1207982616 2.5922109043 0.0000000000
4.5205010929 0.5200000000 3.7380037390 1.1209476613 2.5923973641 0.0000000000
4.5293013454 0.5200000000 3.7380361723 1.1211055081 2.5925902361 0.0000000000
4.5381015734 0.5200000000 3.7380693501 1.1212716991 2.5927894236 0.0000000000
4.5469017764 0.5200000000 3.7381032584 1.1214461313 2.5929948299 0.0000000000
4.5557019537 0.5200000000 3.7381378835 1.1216287017 2.5932063584 0.0000000000
4.5645021046 0.5200000000 3.7381732114 1.1218193073 2.5934239122 0.0000000000
4.5733022285 0.5200000000 3.7382092283 1.1220178451 2.5936473948 0.0000000000
4.5821023246 0.5200000000 3.7382459202 1.1222242122 2.5938767095 0.0000000000
4.5909023923 0.5200000000 3.7382832734 1.1224383055 2.5941117594 0.0000000000
4.5997024309 0.5200000000 3.7383212739 1.1226600221 2.5943524481 0.0000000000
4.6085024397 0.5200000000 3.7383599079 1.1228892589 2.5945986786 0.0000000000
4.6173024182 0.5200000000 3.7383991614 1.1231259131 2.5948503545 0.0000000000
4.6261023655 0.5200000000 3.7384390207 1.1233698815 2.5951073789 0.0000000000
4.6349022811 0.5200000000 3.7384794717 1.1236210613 2.5953696551 0.0000000000
4.6437021642 0.5200000000 3.7385205008 1.1238793495 2.5956370866 0.0000000000
4.6525020142 0.5200000000 3.7385620939 1.1241446429 2.5959095766 0.0000000000
4.6613018304 0.5200000000 3.7386042373 1.1244168388 2.5961870283 0.0000000000
4.6701016121 0.5200000000 3.7386469170 1.1246958341 2.5964693451 0.0000000000
4.6789013587 0.5200000000 3.7386901191 1.1249815257 2.5967564304 0.0000000000
4.6877010695 0.5200000000 3.7387338299 1.1252738108 2.5970481874 0.0000000000
4.6965007438 0.5200000000 3.7387780353 1.1255725863 2.5973445194 0.0000000000
4.7053003810 0.5200000000 3.7388227216 1.1258777492 2.5976453297 0.0000000000
4.7140999803 0.5200000000 3.7388678748 1.1261891966 2.5979505217 0.0000000000
4.7228995412 0.5200000000 3.7389134812 1.1265068255 2.5982599986 0.0000000000
4.7316990628 0.5200000000 3.7389595267 1.1268305328 2.5985736637 0.0000000000
4.7404985446 0.5200000000 3.7390059976 1.1271602157 2.5988914204 0.0000000000
4.7492979859 0.5200000000 3.7390528800 1.1274957711 2.5992131720 0.0000000000
4.7580973861 0.5200000000 3.7391001599 1.1278370960 2.5995388217 0.0000000000
4.7668967443 0.5200000000 3.7391478236 1.1281840875 2.5998682730 0.0000000000
4.7756960607 0.5200000000 3.7391958515 1.1285365777 2.6002013808 0.0000000000
4.7844953385 0.5200000000 3.7392441987 1.1288941021 2.6005377794 0.0000000000
4.7932945819 0.5200000000 3.7392928129 1.1292561109 2.6008770398 0.0000000000
4.8020937949 0.5200000000 3.7393416418 1.1296220544 2.6012187327 0.0000000000
4.8108929817 0.5200000000 3.7393906331 1.1299913827 2.6015624292 0.0000000000
4.8196921465 0.5200000000 3.7394397345 1.1303635463 2.6019077002 0.0000000000
4.8284912934 0.5200000000 3.7394888937 1.1307379952 2.6022541165 0.0000000000
4.8372904265 0.5200000000 3.7395380584 1.1311141798 2.6026012491 0.0000000000
4.8460895501 0.5200000000 3.7395871763 1.1314915504 2.6029486688 0.0000000000
4.8548886682 0.5200000000 3.7396361950 1.1318695572 2.6032959467 0.0000000000
4.8636877849 0.5200000000 3.7396850624 1.1322476504 2.6036426535 0.0000000000
4.8724869045 0.5200000000 3.7397337261 1.1326252803 2.6039883602 0.0000000000
4.8812860311 0.5200000000 3.7397821338 1.1330018972 2.6043326378 0.0000000000
4.8900851687 0.5200000000 3.7398302332 1.1333769513 2.6046750570 0.0000000000
4.8988843217 0.5200000000 3.7398779720 1.1337498929 2.6050151889 0.0000000000
4.9076834940 0.5200000000 3.7399252980 1.1341201723 2.6053526044 0.0000000000
4.9164826898 0.5200000000 3.7399721587 1.1344872396 2.6056868743 0.0000000000
4.9252819134 0.5200000000 3.7400185019 1.1348505452 2.6060175695 0.0000000000
4.9340811688 0.5200000000 3.7400642754 1.1352095393 2.6063442610 0.0000000000
4.9428804601 0.5200000000 3.7401094268 1.1355636721 2.6066665197 0.0000000000
4.9516797914 0.5200000000 3.7401539052 1.1359124092 2.6069839281 0.0000000000
4.9604791642 0.5200000000 3.7401976863 1.1362555094 2.6072962925 0.0000000000
4.9692785774 0.5200000000 3.7402407697 1.1365929958 2.6076036209 0.0000000000
4.9780780301 0.5200000000 3.7402831561 1.1369249015 2.6079059286 0.0000000000
4.9868775213 0.5200000000 3.7403248459 1.1372512591 2.6082032310 0.0000000000
4.9956770501 0.5200000000 3.7403658398 1.1375721014 2.6084955434 0.0000000000
5.0044766153 0.5200000000 3.7404061382 1.1378874615 2.6087828812 0.0000000000
5.0132762161 0.5200000000 3.7404457418 1.1381973719 2.6090652596 0.0000000000
5.0220758513 0.5200000000 3.7404846510 1.1385018656 2.6093426939 0.0000000000
5.0308755202 0.5200000000 3.7405228664 1.1388009754 2.6096151995 0.0000000000
5.0396752215 0.5200000000 3.7405603886 1.1390947341 2.6098827917 0.0000000000
5.0484749544 0.5200000000 3.7405972181 1.1393831745 2.6101454859 0.0000000000
5.0572747178 0.5200000000 3.7406333555 1.1396663294 2.6104032973 0.0000000000
5.0660745108 0.5200000000 3.7406688012 1.1399442317 2.6106562412 0.0000000000
5.0748743323 0.5200000000 3.7407035559 1.1402169142 2.6109043331 0.0000000000
5.0836741813 0.5200000000 3.7407376201 1.1404844097 2.6111475881 0.0000000000
5.0924740570 0.5200000000 3.7407709944 1.1407467511 2.6113860217 0.0000000000
5.1012739582 0.5200000000 3.7408036793 1.1410039710 2.6116196492 0.0000000000
5.1100738840 0.5200000000 3.7408356781 1.1412561175 2.6118485030 0.0000000000
5.1188738337 0.5200000000 3.7408670021 1.1415032813 2.6120726646 0.0000000000
5.1276738065 0.5200000000 3.7408976641 1.1417455608 2.6122922242 0.0000000000
5.1364738017 0.5200000000 3.7409276766 1.1419830542 2.6125072719 0.0000000000
5.1452738185 0.5200000000 3.7409570525 1.1422158600 2.6127178978 0.0000000000
5.1540738562 0.5200000000 3.7409858044 1.1424440766 2.6129241920 0.0000000000
5.1628739141 0.5200000000 3.7410139450 1.1426678023 2.6131262447 0.0000000000
5.1716739914 0.5200000000 3.7410414871 1.1428871355 2.6133241461 0.0000000000
5.1804740874 0.5200000000 3.7410684432 1.1431021746 2.6135179862 0.0000000000
5.1892742013 0.5200000000 3.7410948261 1.1433130179 2.6137078552 0.0000000000
5.1980743324 0.5200000000 3.7411206485 1.1435197637 2.6138938433 0.0000000000
5.2068744799 0.5200000000 3.7411459232 1.1437225106 2.6140760405 0.0000000000
5.2156746432 0.5200000000 3.7411706627 1.1439213567 2.6142545371 0.0000000000
5.2244748215 0.5200000000 3.7411948798 1.1441164006 2.6144294231 0.0000000000
5.2332750140 0.5200000000 3.7412185872 1.1443077405 2.6146007887 0.0000000000
5.2420752200 0.5200000000 3.7412417976 1.1444954734 2.6147687234 0.0000000000
5.2508754390 0.5200000000 3.7412645240 1.1446796628 2.6149333047 0.0000000000
5.2596756706 0.5200000000 3.7412867796 1.1448603403 2.6150945980 0.0000000000
5.2684759145 0.5200000000 3.7413085776 1.1450375359 2.6152526683 0.0000000000
5.2772761705 0.5200000000 3.7413299313 1.1452112798 2.6154075808 0.0000000000
5.2860764382 0.5200000000 3.7413508540 1.1453816022 2.6155594003 0.0000000000
5.2948767172 0.5200000000 3.7413713588 1.1455485330 2.6157081920 0.0000000000
5.3036770074 0.5200000000 3.7413914590 1.1457121025 2.6158540208 0.0000000000
5.3124773082 0.5200000000 3.7414111680 1.1458723407 2.6159969518 0.0000000000
5.3212776195 0.5200000000 3.7414304988 1.1460292778 2.6161370499 0.0000000000
5.3300779408 0.5200000000 3.7414494648 1.1461829439 2.6162743803 0.0000000000
5.3388782720 0.5200000000 3.7414680792 1.1463333691 2.6164090079 0.0000000000
5.3476786126 0.5200000000 3.7414863552 1.1464805835 2.6165409977 0.0000000000
5.3564789624 0.5200000000 3.7415043061 1.1466246172 2.6166704148 0.0000000000
5.3652793210 0.5200000000 3.7415219451 1.1467655004 2.6167973241 0.0000000000
5.3740796881 0.5200000000 3.7415392769 1.1469032524 2.6169217523 0.0000000000
5.3828800636 0.5200000000 3.7415562818 1.1470378619 2.6170436156 0.0000000000
5.3916804474 0.5200000000 3.7415729356 1.1471693117 2.6171628109 0.0000000000
5.4004808394 0.5200000000 3.7415892142 1.1472975850 2.6172792345 0.0000000000
5.4092812392 0.5200000000 3.7416050934 1.1474226648 2.6173927832 0.0000000000
5.4180816470 0.5200000000 3.7416205491 1.1475445342 2.6175033536 0.0000000000
5.4268820625 0.5200000000 3.7416355571 1.1476631762 2.6176108423 0.0000000000
5.4356824855 0.5200000000 3.7416500932 1.1477785738 2.6177151459 0.0000000000
5.4444829160 0.5200000000 3.7416641333 1.1478907101 2.6178161611 0.0000000000
5.4532833538 0.5200000000 3.7416776534 1.1479995681 2.6179137844 0.0000000000
5.4620837987 0.5200000000 3.7416906291 1.1481051309 2.6180079124 0.0000000000
5.4708842507 0.5200000000 3.7417030364 1.1482073815 2.6180984419 0.0000000000
5.4796847096 0.5200000000 3.7417148511 1.1483063030 2.6181852693 0.0000000000
5.4884851753 0.5200000000 3.7417260503 1.1484018781 2.6182682961 0.0000000000
5.4972856476 0.5200000000 3.7417366333 1.1484940855 2.6183475111 0.0000000000
5.5060861261 0.5200000000 3.7417466193 1.1485828999 2.6184229808 0.0000000000
5.5148866109 0.5200000000 3.7417560280 1.1486682961 2.6184947740 0.0000000000
5.5236871015 0.5200000000 3.7417648792 1.1487502488 2.6185629598 0.0000000000
5.5324875977 0.5200000000 3.7417731927 1.1488287325 2.6186276073 0.0000000000
5.5412880994 0.5200000000 3.7417809882 1.1489037221 2.6186887855 0.0000000000
5.5500886063 0.5200000000 3.7417882857 1.1489751922 2.6187465633 0.0000000000
5.5588891181 0.5200000000 3.7417951048 1.1490431175 2.6188010097 0.0000000000
5.5676896347 0.5200000000 3.7418014653 1.1491074726 2.6188521939 0.0000000000
5.5764901558 0.5200000000 3.7418073871 1.1491682324 2.6189001848 0.0000000000
5.5852906812 0.5200000000 3.7418128898 1.1492253714 2.6189450515 0.0000000000
5.5940912106 0.5200000000 3.7418179934 1.1492788644 2.6189868629 0.0000000000
5.6028917438 0.5200000000 3.7418227158 1.1493286854 2.6190256809 0.0000000000
5.6116922806 0.5200000000 3.7418270477 1.1493747991 2.6190614541 0.0000000000
5.6204928206 0.5200000000 3.7418309578 1.1494171626 2.6190940400 0.0000000000
5.6292933636 0.5200000000 3.7418344143 1.1494557326 2.6191232937 0.0000000000
5.6380939092 0.5200000000 3.7418373851 1.1494904660 2.6191490704 0.0000000000
5.6468944571 0.5200000000 3.7418398384 1.1495213196 2.6191712250 0.0000000000
5.6556950070 0.5200000000 3.7418417422 1.1495482502 2.6191896127 0.0000000000
5.6644955587 0.5200000000 3.7418430647 1.1495712147 2.6192040885 0.0000000000
5.6732961118 0.5200000000 3.7418437740 1.1495901700 2.6192145075 0.0000000000
5.6820966660 0.5200000000 3.7418438380 1.1496050727 2.6192207248 0.0000000000
5.6908972210 0.5200000000 3.7418432250 1.1496158798 2.6192225954 0.0000000000
5.6996977766 0.5200000000 3.7418419029 1.1496225481 2.6192199745 0.0000000000
5.7084983323 0.5200000000 3.7418398399 1.1496250345 2.6192127170 0.0000000000
5.7172988879 0.5200000000 3.7418370148 1.1496233080 2.6192007260 0.0000000000
5.7260994431 0.5200000000 3.7418334415 1.1496173783 2.6191840609 0.0000000000
5.7348999975 0.5200000000 3.7418291411 1.1496072633 2.6191628134 0.0000000000
5.7437005507 0.5200000000 3.7418241349 1.1495929810 2.6191370755 0.0000000000
5.7525011024 0.5200000000 3.7418184438 1.1495745491 2.6191069386 0.0000000000
5.7613016523 0.5200000000 3.7418120892 1.1495519857 2.6190724947 0.0000000000
5.7701022000 0.5200000000 3.7418050921 1.1495253086 2.6190338354 0.0000000000
5.7789027451 0.5200000000 3.7417974736 1.1494945357 2.6189910524 0.0000000000
5.7877032874 0.5200000000 3.7417892550 1.1494596849 2.6189442375 0.0000000000
5.7965038263 0.5200000000 3.7417804573 1.1494207742 2.6188934825 0.0000000000
5.8053043617 0.5200000000 3.7417711017 1.1493778215 2.6188388789 0.0000000000
5.8141048931 0.5200000000 3.7417612093 1.1493308446 2.6187805187 0.0000000000
5.8229054203 0.5200000000 3.7417507982 1.1492798594 2.6187184803 0.0000000000
5.8317059428 0.5200000000 3.7417398690 1.1492248703 2.6186527679 0.0000000000
5.8405064603 0.5200000000 3.7417284160 1.1491658776 2.6185833588 0.0000000000
5.8493069727 0.5200000000 3.7417164335 1.1491028814 2.6185102304 0.0000000000
5.8581074794 0.5200000000 3.7417039159 1.1490358820 2.6184333599 0.0000000000
5.8669079803 0.5200000000 3.7416908573 1.1489648796 2.6183527248 0.0000000000
5.8757084750 0.5200000000 3.7416772522 1.1488898746 2.6182683024 0.0000000000
5.8845089632 0.5200000000 3.7416630949 1.1488108670 2.6181800701 0.0000000000
5.8933094446 0.5200000000 3.7416483797 1.1487278572 2.6180880053 0.0000000000
5.9021099188 0.5200000000 3.7416331009 1.1486408455 2.6179920852 0.0000000000
5.9109103856 0.5200000000 3.7416172527 1.1485498319 2.6178922873 0.0000000000
5.9197108447 0.5200000000 3.7416008296 1.1484548168 2.6177885889 0.0000000000
5.9285112957 0.5200000000 3.7415838301 1.1483557958 2.6176809825 0.0000000000
5.9373117382 0.5200000000 3.7415662725 1.1482527428 2.6175695306 0.0000000000
5.9461121719 0.5200000000 3.7415481807 1.1481456256 2.6174543165 0.0000000000
5.9549125964 0.5200000000 3.7415295786 1.1480344119 2.6173354230 0.0000000000
5.9637130114 0.5200000000 3.7415104904 1.1479190695 2.6172129331 0.0000000000
5.9725134165 0.5200000000 3.7414909400 1.1477995661 2.6170869299 0.0000000000
5.9813138112 0.5200000000 3.7414709512 1.1476758695 2.6169574963 0.0000000000
5.9901141953 0.5200000000 3.7414505482 1.1475479473 2.6168247155 0.0000000000
5.9989145684 0.5200000000 3.7414297549 1.1474157673 2.6166886703 0.0000000000
6.0077149301 0.5200000000 3.7414085953 1.1472792973 2.6165494438 0.0000000000
6.0165152800 0.5200000000 3.7413870934 1.1471385049 2.6164071191 0.0000000000
6.0253156177 0.5200000000 3.7413652730 1.1469933581 2.6162617787 0.0000000000
6.0341159430 0.5200000000 3.7413431441 1.1468438506 2.6161134601 0.0000000000
6.0429162556 0.5200000000 3.7413206867 1.1466900310 2.6159621029 0.0000000000
6.0517165552 0.5200000000 3.7412978772 1.1465319552 2.6158076347 0.0000000000
6.0605168416 0.5200000000 3.7412746919 1.1463696791 2.6156499827 0.0000000000
6.0693171147 0.5200000000 3.7412511068 1.1462032584 2.6154890744 0.0000000000
6.0781173741 0.5200000000 3.7412270984 1.1460327490 2.6153248370 0.0000000000
6.0869176196 0.5200000000 3.7412026429 1.1458582067 2.6151571979 0.0000000000
6.0957178511 0.5200000000 3.7411777165 1.1456796874 2.6149860846 0.0000000000
6.1045180682 0.5200000000 3.7411522955 1.1454972469 2.6148114242 0.0000000000
6.1133182708 0.5200000000 3.7411263561 1.1453109411 2.6146331443 0.0000000000
6.1221184586 0.5200000000 3.7410998746 1.1451208257 2.6144511721 0.0000000000
6.1309186314 0.5200000000 3.7410728294 1.1449269563 2.6142654437 0.0000000000
6.1397187891 0.5200000000 3.7410452276 1.1447293845 2.6140760077 0.0000000000
6.1485189318 0.5200000000 3.7410170964 1.1445281594 2.6138829928 0.0000000000
6.1573190596 0.5200000000 3.7409884635 1.1443233298 2.6136865294 0.0000000000
6.1661191724 0.5200000000 3.7409593566 1.1441149447 2.6134867478 0.0000000000
6.1749192704 0.5200000000 3.7409298034 1.1439030528 2.6132837782 0.0000000000
6.1837193537 0.5200000000 3.7408998315 1.1436877032 2.6130777510 0.0000000000
6.1925194221 0.5200000000 3.7408694688 1.1434689446 2.6128687965 0.0000000000
6.2013194759 0.5200000000 3.7408387427 1.1432468261 2.6126570450 0.0000000000
6.2101195151 0.5200000000 3.7408076811 1.1430213964 2.6124426267 0.0000000000
6.2189195397 0.5200000000 3.7407763117 1.1427927045 2.6122256721 0.0000000000
6.2277195498 0.5200000000 3.7407446620 1.1425607993 2.6120063115 0.0000000000
6.2365195455 0.5200000000 3.7407127741 1.1423257246 2.6117847297 0.0000000000
6.2453195270 0.5200000000 3.7406807239 1.1420875118 2.6115612441 0.0000000000
6.2541194945 0.5200000000 3.7406485930 1.1418461907 2.6113361918 0.0000000000
6.2629194484 0.5200000000 3.7406164625 1.1416017908 2.6111099099 0.0000000000
6.2717193888 0.5200000000 3.7405844138 1.1413543419 2.6108827355 0.0000000000
6.2805193161 0.5200000000 3.7405525282 1.1411038735 2.6106550059 0.0000000000
6.2893192304 0.5200000000 3.7405208871 1.1408504154 2.6104270582 0.0000000000
6.2981191321 0.5200000000 3.7404895717 1.1405939972 2.6101992294 0.0000000000
6.3069190213 0.5200000000 3.7404586635 1.1403346484 2.6099718568 0.0000000000
6.3157188984 0.5200000000 3.7404282436 1.1400723989 2.6097452775 0.0000000000
6.3245187635 0.5200000000 3.7403983899 1.1398072961 2.6095198216 0.0000000000
6.3333186180 0.5200000000 3.7403691464 1.1395395578 2.6092957525 0.0000000000
6.3421184632 0.5200000000 3.7403405388 1.1392694951 2.6090732970 0.0000000000
6.3509183007 0.5200000000 3.7403125924 1.1389974199 2.6088526814 0.0000000000
6.3597181320 0.5200000000 3.7402853326 1.1387236445 2.6086341320 0.0000000000
6.3685179586 0.5200000000 3.7402587848 1.1384484808 2.6084178753 0.0000000000
6.3773177821 0.5200000000 3.7402329744 1.1381722410 2.6082041376 0.0000000000
6.3861176040 0.5200000000 3.7402079267 1.1378952372 2.6079931453 0.0000000000
6.3949174258 0.5200000000 3.7401836671 1.1376177814 2.6077851247 0.0000000000
6.4037172489 0.5200000000 3.7401602249 1.1373401548 2.6075803053 0.0000000000
6.4125170737 0.5200000000 3.7401376541 1.1370624414 2.6073789364 0.0000000000
6.4213169004 0.5200000000 3.7401160181 1.1367846475 2.6071812751 0.0000000000
6.4301167290 0.5200000000 3.7400953808 1.1365067793 2.6069875784 0.0000000000
6.4389165597 0.5200000000 3.7400758056 1.1362288430 2.6067981034 0.0000000000
6.4477163926 0.5200000000 3.7400573564 1.1359508446 2.6066131072 0.0000000000
6.4565162278 0.5200000000 3.7400400968 1.1356727903 2.6064328470 0.0000000000
6.4653160654 0.5200000000 3.7400240909 1.1353946922 2.6062575840 0.0000000000
6.4741159067 0.5200000000 3.7400094226 1.1351168295 2.6060877658 0.0000000000
6.4829157548 0.5200000000 3.7399962033 1.1348398477 2.6059240961 0.0000000000
6.4917156127 0.5200000000 3.7399845465 1.1345644190 2.6057672971 0.0000000000
6.5005154836 0.5200000000 3.7399745653 1.1342912158 2.6056180911 0.0000000000
6.5093153706 0.5200000000 3.7399663731 1.1340209104 2.6054772003 0.0000000000
6.5181152767 0.5200000000 3.7399600834 1.1337541749 2.6053453470 0.0000000000
6.5269152045 0.5200000000 3.7399558313 1.1334915866 2.6052233036 0.0000000000
6.5357151539 0.5200000000 3.7399538449 1.1332333234 2.6051120527 0.0000000000
6.5445151240 0.5200000000 3.7399543762 1.1329794589 2.6050126321 0.0000000000
6.5533151140 0.5200000000 3.7399576774 1.1327300665 2.6049260796 0.0000000000
6.5621151232 0.5200000000 3.7399640004 1.1324852195 2.6048534330 0.0000000000
6.5709151507 0.5200000000 3.7399735962 1.1322449988 2.6047957279 0.0000000000
6.5797151968 0.5200000000 3.7399866405 1.1320099132 2.6047538710 0.0000000000
6.5885152635 0.5200000000 3.7400031935 1.1317811316 2.6047285701 0.0000000000
6.5973153528 0.5200000000 3.7400233052 1.1315598797 2.6047205163 0.0000000000
6.6061154669 0.5200000000 3.7400470259 1.1313473829 2.6047304003 0.0000000000
6.6149156079 0.5200000000 3.7400744058 1.1311448656 2.6047589131 0.0000000000
6.6237157755 0.5200000000 3.7401055396 1.1309530861 2.6048067364 0.0000000000
6.6325159638 0.5200000000 3.7401406349 1.1307716119 2.6048745282 0.0000000000
6.6413161660 0.5200000000 3.7401799175 1.1305998232 2.6049629428 0.0000000000
6.6501163752 0.5200000000 3.7402236127 1.1304371000 2.6050726345 0.0000000000
6.6589165846 0.5200000000 3.7402719477 1.1302828596 2.6052042783 0.0000000000
6.6677167898 0.5200000000 3.7403251929 1.1301376610 2.6053591796 0.0000000000
6.6765169890 0.5200000000 3.7403836693 1.1300033922 2.6055393776 0.0000000000
6.6853171807 0.5200000000 3.7404477008 1.1298820157 2.6057469531 0.0000000000
6.6941173632 0.5200000000 3.7405176102 1.1297754905 2.6059839807 0.0000000000
6.7029175326 0.5200000000 3.7405935787 1.1296852886 2.6062517738 0.0000000000
6.7117176794 0.5200000000 3.7406755076 1.1296119208 2.6065501424 0.0000000000
6.7205177940 0.5200000000 3.7407632656 1.1295557852 2.6068787200 0.0000000000
6.7293178666 0.5200000000 3.7408567212 1.1295172796 2.6072371402 0.0000000000
6.7381178873 0.5200000000 3.7409557430 1.1294968022 2.6076250366 0.0000000000
6.7469178464 0.5200000000 3.7410601997 1.1294947509 2.6080420428 0.0000000000
6.7557177340 0.5200000000 3.7411699598 1.1295115237 2.6084877924 0.0000000000
6.7645175398 0.5200000000 3.7412849376 1.1295475104 2.6089620984 0.0000000000
6.7733172431 0.5200000000 3.7414058551 1.1296029541 2.6094679459 0.0000000000
6.7821168141 0.5200000000 3.7415341264 1.1296779725 2.6100110382 0.0000000000
6.7909162230 0.5200000000 3.7416711874 1.1297726846 2.6105971672 0.0000000000
6.7997154326 0.5200000000 3.7418184069 1.1298881326 2.6112322243 0.0000000000
6.8085143909 0.5200000000 3.7419770119 1.1300272985 2.6119223105 0.0000000000
6.8173130440 0.5200000000 3.7421482112 1.1301934093 2.6126735522 0.0000000000
6.8261113345 0.5200000000 3.7423328525 1.1303901892 2.6134908291 0.0000000000
6.8349091951 0.5200000000 3.7425307184 1.1306228271 2.6143753481 0.0000000000
6.8437065565 0.5200000000 3.7427413966 1.1308967803 2.6153276421 0.0000000000
6.8525033629 0.5200000000 3.7429644448 1.1312156926 2.6163473998 0.0000000000
6.8612996489 0.5200000000 3.7431992163 1.1315707485 2.6174285083 0.0000000000
6.8700954874 0.5200000000 3.7434449786 1.1319478991 2.6185624175 0.0000000000
6.8788909336 0.5200000000 3.7437005930 1.1323389325 2.6197412886 0.0000000000
6.8876859828 0.5200000000 3.7439635643 1.1327552268 2.6209596916 0.0000000000
6.8964806095 0.5200000000 3.7442313407 1.1332120773 2.6222135372 0.0000000000
6.9052745351 0.5200000000 3.7445080128 1.1337196589 2.6235232583 0.0000000000
6.9140671941 0.5200000000 3.7448052159 1.1342823301 2.6249371391 0.0000000000
6.9228580620 0.5200000000 3.7451339686 1.1349027330 2.6265003112 0.0000000000
6.9316473446 0.5200000000 3.7454920776 1.1355654352 2.6281978281 0.0000000000
6.9404357491 0.5200000000 3.7458682237 1.1362427473 2.6299733374 0.0000000000
6.9492234428 0.5200000000 3.7462560638 1.1369338205 2.6318011272 0.0000000000
6.9580096207 0.5200000000 3.7466583783 1.1376856945 2.6337111348 0.0000000000
6.9667935161 0.5200000000 3.7470801425 1.1385338492 2.6357374534 0.0000000000
6.9755748441 0.5200000000 3.7475307479 1.1394562059 2.6379088174 0.0000000000
6.9843534062 0.5200000000 3.7480204582 1.1404191665 2.6402528432 0.0000000000
6.9931286746 0.5200000000 3.7485579154 1.1414076697 2.6427980730 0.0000000000
7.0018998752 0.5200000000 3.7491497977 1.1424229734 2.6455717237 0.0000000000
7.0106669705 0.5200000000 3.7497900424 1.1434786157 2.6485549595 0.0000000000
7.0194305705 0.5200000000 3.7504613720 1.1445987116 2.6516883162 0.0000000000
7.0281899179 0.5200000000 3.7511664598 1.1457921015 2.6549860233 0.0000000000
7.0369430499 0.5200000000 3.7519257062 1.1470538027 2.6585276894 0.0000000000
7.0456897574 0.5200000000 3.7527398718 1.1483815560 2.6623154530 0.0000000000
7.0544326033 0.5200000000 3.7535783289 1.1497780290 2.6662278707 0.0000000000
7.0631708114 0.5200000000 3.7544455683 1.1512396970 2.6702814956 0.0000000000
7.0719003556 0.5200000000 3.7553806505 1.1527571362 2.6746288002 0.0000000000
7.0806219221 0.5200000000 3.7563753133 1.1543310493 2.6792370166 0.0000000000
7.0893387407 0.5200000000 3.7573951949 1.1559676244 2.6839711729 0.0000000000
7.0980485047 0.5200000000 3.7584580328 1.1576615290 2.6889000865 0.0000000000
7.1067485282 0.5200000000 3.7595854965 1.1594088124 2.6941088545 0.0000000000
7.1154406866 0.5200000000 3.7607570038 1.1612201617 2.6995194235 0.0000000000
7.1241251255 0.5200000000 3.7619663699 1.1631038943 2.7051103810 0.0000000000
7.1328002892 0.5200000000 3.7632231642 1.1650599154 2.7109199668 0.0000000000
7.1414653405 0.5200000000 3.7645365070 1.1670635282 2.7169747827 0.0000000000
7.1501196570 0.5200000000 3.7659099057 1.1691048167 2.7232848931 0.0000000000
7.1587628666 0.5200000000 3.7673372073 1.1712076618 2.7298352376 0.0000000000
7.1673963747 0.5200000000 3.7688073694 1.1733751859 2.7365828957 0.0000000000
7.1760201470 0.5200000000 3.7703177211 1.1756103279 2.7435183591 0.0000000000
7.1846318503 0.5200000000 3.7718790884 1.1779154092 2.7506858610 0.0000000000
7.1932357180 0.5200000000 3.7734866982 1.1802066458 2.7580327948 0.0000000000
7.2018275106 0.5200000000 3.7751506687 1.1825271489 2.7656168782 0.0000000000
7.2103973118 0.5200000000 3.7768929996 1.1849939477 2.7735729212 0.0000000000
7.2189473158 0.5200000000 3.7787133677 1.1875362497 2.7818713141 0.0000000000
7.2274840221 0.5200000000 3.7805842081 1.1901279541 2.7903913577 0.0000000000
7.2360096068 0.5200000000 3.7825004614 1.1927403925 2.7991013464 0.0000000000
7.2445178647 0.5200000000 3.7844924992 1.1953523044 2.8081142622 0.0000000000
7.2530038491 0.5200000000 3.7865469960 1.1981103346 2.8174354614 0.0000000000
7.2614709971 0.5200000000 3.7886595097 1.2009550858 2.8270234167 0.0000000000
7.2699290260 0.5200000000 3.7908028909 1.2038249455 2.8367448855 0.0000000000
7.2783773698 0.5200000000 3.7929696703 1.2067614977 2.8465866241 0.0000000000
7.2868070364 0.5200000000 3.7951896680 1.2097849443 2.8566759933 0.0000000000
7.2952263592 0.5200000000 3.7974381277 1.2128561735 2.8668983237 0.0000000000
7.3036352648 0.5200000000 3.7997028362 1.2160293409 2.8772264247 0.0000000000
7.3120433138 0.5200000000 3.8019732770 1.2191913555 2.8875729940 0.0000000000
7.3204406611 0.5200000000 3.8042681329 1.2224198857 2.8980438295 0.0000000000
7.3288301965 0.5200000000 3.8065735594 1.2257275692 2.9085886089 0.0000000000
7.3372165344 0.5200000000 3.8088854457 1.2290578906 2.9191682825 0.0000000000
7.3455920036 0.5200000000 3.8112139492 1.2324847466 2.9298530390 0.0000000000
7.3539699080 0.5200000000 3.8135296625 1.2359290215 2.9404936024 0.0000000000
7.3623402862 0.5200000000 3.8158613043 1.2394195390 2.9512163762 0.0000000000
7.3707040154 0.5200000000 3.8181993014 1.2429830685 2.9619937768 0.0000000000
7.3790645129 0.5200000000 3.8205380658 1.2465902920 2.9727917235 0.0000000000
7.3874236256 0.5200000000 3.8228668074 1.2502577592 2.9835736767 0.0000000000
7.3957948018 0.5200000000 3.8251686471 1.2538586335 2.9942213855 0.0000000000
7.4041579199 0.5200000000 3.8274701524 1.2575761258 3.0049144037 0.0000000000
7.4125169291 0.5200000000 3.8297752070 1.2613372439 3.0156390692 0.0000000000
7.4208727045 0.5200000000 3.8320775531 1.2651533327 3.0263748890 0.0000000000
7.4292469250 0.5200000000 3.8343265184 1.2689150480 3.0368754366 0.0000000000
7.4376166648 0.5200000000 3.8365748876 1.2727403892 3.0473990499 0.0000000000
7.4459809752 0.5200000000 3.8388277891 1.2766235564 3.0579639228 0.0000000000
7.4543471084 0.5200000000 3.8410537055 1.2805787597 3.0684496696 0.0000000000
7.4627366424 0.5200000000 3.8432202342 1.2844282030 3.0786555617 0.0000000000
7.4711258762 0.5200000000 3.8453801878 1.2883050772 3.0888461258 0.0000000000
7.4795122003 0.5200000000 3.8475239406 1.2922765765 3.0990097365 0.0000000000
7.4879038068 0.5200000000 3.8496473604 1.2962464021 3.1090913461 0.0000000000
7.4963102355 0.5200000000 3.8517121284 1.3002135726 3.1189372864 0.0000000000
7.5047286077 0.5200000000 3.8537441099 1.3041281164 3.1286310299 0.0000000000
7.5131447114 0.5200000000 3.8557638794 1.3081119492 3.1383036410 0.0000000000
7.5215733323 0.5200000000 3.8577329519 1.3120885459 3.1477705696 0.0000000000
7.5300135671 0.5200000000 3.8596613310 1.3160361268 3.1570631182 0.0000000000
7.5384582818 0.5200000000 3.8615611010 1.3200100203 3.1662517557 0.0000000000
7.5469161735 0.5200000000 3.8634091126 1.3239619499 3.1752245742 0.0000000000
7.5554000859 0.5200000000 3.8651815900 1.3277788144 3.1838412293 0.0000000000
7.5638881989 0.5200000000 3.8669227907 1.3316267111 3.1923451909 0.0000000000
7.5723874668 0.5200000000 3.8685985241 1.3355037788 3.2005989516 0.0000000000
7.5809245095 0.5200000000 3.8701762256 1.3391063606 3.2083507903 0.0000000000
7.5894635334 0.5200000000 3.8717291920 1.3427484812 3.2160195043 0.0000000000
7.5980203603 0.5200000000 3.8732087542 1.3463194505 3.2233661407 0.0000000000
7.6066176446 0.5200000000 3.8745772050 1.3495400715 3.2301281922 0.0000000000
7.6152164099 0.5200000000 3.8759075873 1.3528393531 3.2367694341 0.0000000000
7.6238518379 0.5200000000 3.8771402395 1.3557511935 3.2428647791 0.0000000000
7.6324810771 0.5200000000 3.8783395614 1.3588603020 3.2489057102 0.0000000000
7.6411351624 0.5200000000 3.8794411520 1.3617577037 3.2544710331 0.0000000000
7.6498004385 0.5200000000 3.8804616854 1.3646268406 3.2597008216 0.0000000000
7.6584851341 0.5200000000 3.8814077365 1.3672853858 3.2645484438 0.0000000000
7.6671798427 0.5200000000 3.8822567622 1.3699436085 3.2690078359 0.0000000000
7.6758989014 0.5200000000 3.8829748055 1.3723301483 3.2728346251 0.0000000000
7.6846351704 0.5200000000 3.8836188151 1.3744398619 3.2762545486 0.0000000000
7.6933800322 0.5200000000 3.8841721998 1.3764813583 3.2792846863 0.0000000000
7.7021378997 0.5200000000 3.8846172933 1.3783342381 3.2818062120 0.0000000000
7.7109115636 0.5200000000 3.8849432034 1.3798423493 3.2837130968 0.0000000000
7.7196928468 0.5200000000 3.8851699292 1.3811750482 3.2851530795 0.0000000000
7.7284816034 0.5200000000 3.8852730658 1.3822803656 3.2860077533 0.0000000000
7.7372744465 0.5200000000 3.8852298626 1.3831758478 3.2861931332 0.0000000000
7.7460691488 0.5200000000 3.8850552326 1.3838280201 3.2857554819 0.0000000000
7.7548621726 0.5200000000 3.8847298182 1.3842172029 3.2846094974 0.0000000000
7.7636499550 0.5200000000 3.8842594966 1.3841279407 3.2826925064 0.0000000000
7.7724335420 0.5200000000 3.8837278850 1.3838543197 3.2804566117 0.0000000000
7.7812062829 0.5200000000 3.8830644901 1.3833214249 3.2775898741 0.0000000000
7.7899624258 0.5200000000 3.8822578650 1.3824256794 3.2740050753 0.0000000000
7.7987058826 0.5200000000 3.8813689501 1.3812827427 3.2699922409 0.0000000000
7.8074283150 0.5200000000 3.8803600036 1.3798038731 3.2653649074 0.0000000000
7.8161199718 0.5200000000 3.8791771628 1.3780404364 3.2599281694 0.0000000000
7.8247745970 0.5200000000 3.8778287792 1.3759132669 3.2536837672 0.0000000000
7.8333722162 0.5200000000 3.8762650791 1.3733147938 3.2463895774 0.0000000000
7.8419201005 0.5200000000 3.8745331794 1.3703788970 3.2382876202 0.0000000000
7.8504597081 0.5200000000 3.8728158616 1.3672413326 3.2301633229 0.0000000000
7.8589679561 0.5200000000 3.8710195415 1.3638703533 3.2216296508 0.0000000000
7.8673725406 0.5200000000 3.8689107262 1.3600406419 3.2116625052 0.0000000000
7.8757241410 0.5200000000 3.8667105957 1.3558145652 3.2011715526 0.0000000000
7.8839844918 0.5200000000 3.8642977668 1.3512118796 3.1896791627 0.0000000000
7.8921870184 0.5200000000 3.8617941166 1.3462776072 3.1776908529 0.0000000000
7.9003385157 0.5200000000 3.8592028457 1.3411015420 3.1652553431 0.0000000000
7.9084464747 0.5200000000 3.8565505757 1.3356974420 3.1524846232 0.0000000000
7.9164955718 0.5200000000 3.8537912481 1.3300922562 3.1392052385 0.0000000000
7.9244500569 0.5200000000 3.8508881425 1.3240998249 3.1251958437 0.0000000000
7.9324209870 0.5200000000 3.8480436937 1.3180688010 3.1114056388 0.0000000000
7.9403789936 0.5200000000 3.8452003629 1.3119387083 3.0975802787 0.0000000000
7.9482003286 0.5200000000 3.8421162877 1.3054421543 3.0826453561 0.0000000000
7.9559630286 0.5200000000 3.8389887072 1.2986399288 3.0674141442 0.0000000000
7.9636135284 0.5200000000 3.8357114532 1.2914928412 3.0514462928 0.0000000000
7.9712389562 0.5200000000 3.8324406545 1.2841601118 3.0354300065 0.0000000000
7.9788633415 0.5200000000 3.8292165972 1.2767028090 3.0195508561 0.0000000000
7.9862653809 0.5200000000 3.8256891221 1.2687144565 3.0022456145 0.0000000000
7.9936884052 0.5200000000 3.8222562071 1.2605908809 2.9852645245 0.0000000000
8.0010589959 0.5200000000 3.8188004869 1.2522417664 2.9681019979 0.0000000000
8.0083226418 0.5200000000 3.8153094576 1.2435086517 2.9506446347 0.0000000000
8.0157648833 0.5200000000 3.8128092240 1.2361101777 2.9376843109 0.0000000000
8.0227149114 0.5200000000 3.8093520297 1.2276157838 2.9204577758 0.0000000000
8.0294648304 0.5200000000 3.8058547497 1.2184845947 2.9028161805 0.0000000000
8.0363606801 0.5200000000 3.8028943448 1.2097911164 2.8874971694 0.0000000000
8.0433314628 0.5200000000 3.7999718356 1.2010297075 2.8723025691 0.0000000000
8.0500408306 0.5200000000 3.7968817190 1.1918344596 2.8562640035 0.0000000000
8.0567872994 0.5200000000 3.7940137267 1.1823815662 2.8410108768 0.0000000000
8.0631771351 0.5200000000 3.7910694681 1.1722216332 2.8251698692 0.0000000000
8.0695558153 0.5200000000 3.7886705915 1.1627393861 2.8117814639 0.0000000000
8.0757210528 0.5200000000 3.7856797942 1.1498742312 2.7946722130 0.0000000000
8.0819309609 0.5200000000 3.7827504774 1.1362078885 2.7774884087 0.0000000000
8.0879418050 0.5200000000 3.7797265495 1.1220475474 2.7597285605 0.0000000000
8.0941955563 0.5200000000 3.7779100185 1.1074643993 2.7466291774 0.0000000000
8.0999599835 0.5200000000 3.7755418707 1.0919311051 2.7309432686 0.0000000000
8.1054274591 0.5200000000 3.7733625484 1.0755920803 2.7156903694 0.0000000000
8.1094358026 0.5200000000 3.7704819953 1.0576584155 2.6969946912 0.0000000000
8.1122258006 0.5200000000 3.7681178862 1.0376616242 2.6795395383 0.0000000000
8.1147014577 0.5200000000 3.7658231311 1.0173468801 2.6622346199 0.0000000000
8.1167768356 0.5200000000 3.7632113849 0.9969904059 2.6436450457 0.0000000000
8.1185165989 0.5200000000 3.7602300059 0.9767537782 2.6236248787 0.0000000000
8.1199880951 0.5200000000 3.7570094135 0.9566138133 2.6026865228 0.0000000000
8.1212415384 0.5200000000 3.7535397928 0.9366402385 2.5808186102 0.0000000000
8.1223168824 0.5200000000 3.7498949610 0.9167969702 2.5583019756 0.0000000000
8.1232504251 0.5200000000 3.7461340310 0.8970443443 2.5353572052 0.0000000000
8.1240696393 0.5200000000 3.7423514158 0.8772851180 2.5123230538 0.0000000000
8.1247952064 0.5200000000 3.7385992999 0.8574668335 2.4893872765 0.0000000000
8.1254454569 0.5200000000 3.7350556920 0.8373991490 2.4671857712 0.0000000000
8.1260381468 0.5200000000 3.7319718416 0.8168469748 2.4466294998 0.0000000000
8.1265701128 0.5200000000 3.7289096478 0.7962634954 2.4261473328 0.0000000000
8.1270523327 0.5200000000 3.7258557171 0.7756646840 2.4056920856 0.0000000000
8.1274917702 0.5200000000 3.7229324102 0.7549415724 2.3857096132 0.0000000000
8.1278859721 0.5200000000 3.7198833849 0.7343267658 2.3652675894 0.0000000000
8.1282461664 0.5200000000 3.7169863524 0.7135707228 2.3453770424 0.0000000000
8.1285726008 0.5200000000 3.7140603477 0.6928371693 2.3253796022 0.0000000000
8.1288712774 0.5200000000 3.7111944998 0.6720485444 2.3056007607 0.0000000000
8.1291448726 0.5200000000 3.7084227678 0.6511778846 2.2861655688 0.0000000000
8.1293960980 0.5200000000 3.7057236120 0.6302467361 2.2669964862 0.0000000000
8.1296268538 0.5200000000 3.7030343993 0.6093057710 2.2478632492 0.0000000000
8.1298390081 0.5200000000 3.7003341175 0.5883727105 2.2286888977 0.0000000000
8.1300356284 0.5200000000 3.6977721614 0.5673296666 2.2100238561 0.0000000000
8.1302171017 0.5200000000 3.6952538781 0.5462536802 2.1915203281 0.0000000000
8.1303853141 0.5200000000 3.6927535276 0.5251631149 2.1730826998 0.0000000000
8.1305415415 0.5200000000 3.6904107189 0.5039596420 2.1552300760 0.0000000000
8.1306843960 0.5200000000 3.6880753890 0.4827513739 2.1374054493 0.0000000000
8.1308147011 0.5200000000 3.6857696488 0.4615215905 2.1196905749 0.0000000000
8.1309339903 0.5200000000 3.6835407293 0.4402396648 2.1022621266 0.0000000000
8.1310433290 0.5200000000 3.6813543618 0.4189311097 2.0849932347 0.0000000000
8.1311438001 0.5200000000 3.6791887388 0.3976077881 2.0678014140 0.0000000000
8.1312370734 0.5200000000 3.6771695217 0.3761944762 2.0511592209 0.0000000000
8.1313232556 0.5200000000 3.6750546141 0.3548386861 2.0341572743 0.0000000000
8.1314028145 0.5200000000 3.6731562954 0.3333563160 2.0179710518 0.0000000000
8.1314774612 0.5200000000 3.6711321512 0.3119465489 2.0013105679 0.0000000000
8.1315469622 0.5200000000 3.6692656241 0.2904470094 1.9852446437 0.0000000000
8.1316120541 0.5200000000 3.6674450683 0.2689223103 1.9693525411 0.0000000000
8.1316731115 0.5200000000 3.6657054277 0.2473550231 1.9537670637 0.0000000000
8.1317303345 0.5200000000 3.6637711744 0.2258937671 1.9374455481 0.0000000000
8.1317844144 0.5200000000 3.6620661547 0.2043092866 1.9219916771 0.0000000000
8.1318357253 0.5200000000 3.6603992909 0.1827065040 1.9066831088 0.0000000000
8.1318843842 0.5200000000 3.6587393401 0.1611003636 1.8914008496 0.0000000000
8.1319307695 0.5200000000 3.6571200000 0.1394750000 1.8762733436 0.0000000000
8.1319647662 0.5200000000 3.6559000000 0.1230000000 1.8648033436 0.0000000000
8.1321588746 0.5200000000 3.6485303210 0.0187795610 1.7936364519 0.0000000000
8.1323339779 0.5200000000 3.6418621204 -0.0857362589 1.7251573218 0.0000000000
8.1325054251 0.5200000000 3.6355422537 -0.1903872139 1.6580174730 0.0000000000
8.1326749086 0.5200000000 3.6295962277 -0.2951745524 1.5923184335 0.0000000000
8.1328532724 0.5200000000 3.6238566779 -0.4000355580 1.5274158322 0.0000000000
8.1330815677 0.5200000000 3.6184498289 -0.5044631939 1.4640173816 0.0000000000
8.1334998581 0.5200000000 3.6214963786 -0.4557491537 1.4956891967 0.0000000000
8.1337356448 0.5200000000 3.6274372948 -0.3508232894 1.5614232070 0.0000000000
8.1342581106 0.5200000000 3.6335383814 -0.2461008175 1.6277165423 0.0000000000
8.1349499187 0.5200000000 3.6400078400 -0.1415206785 1.6954264323 0.0000000000
8.1362207718 0.5200000000 3.6465349303 -0.0369792717 1.7633513563 0.0000000000
8.1448478592 0.5200000000 3.6466783017 -0.0226860287 1.7696421388 0.0000000000
8.1534937480 0.5200000000 3.6404757910 -0.1251151126 1.7038604627 0.0000000000
8.1606041492 0.5200000000 3.6345396074 -0.2283851564 1.6388077108 0.0000000000
8.1665070664 0.5200000000 3.6287408713 -0.3321776405 1.5740957727 0.0000000000
8.1714055935 0.5200000000 3.6231054139 -0.4363551065 1.5098829567 0.0000000000
8.1754525696 0.5200000000 3.6175949313 -0.5408020452 1.4460622506 0.0000000000
8.1788477488 0.5200000000 3.6122347025 -0.6454447816 1.3827642411 0.0000000000
8.1817889835 0.5200000000 3.6070649754 -0.7502325936 1.3201702079 0.0000000000
8.1843801956 0.5200000000 3.6018845371 -0.8550747413 1.2575115954 0.0000000000
8.1866915293 0.5200000000 3.5968076215 -0.9599908317 1.1952374970 0.0000000000
8.1887699567 0.5200000000 3.5917871797 -1.0649544224 1.1331702935 0.0000000000
8.1906264971 0.5200000000 3.5868339655 -1.1699639340 1.0713536319 0.0000000000
8.1922216473 0.5200000000 3.5819380757 -1.2750170080 1.0097488431 0.0000000000
8.1935150433 0.5200000000 3.5769692704 -1.3800740945 0.9478507873 0.0000000000
8.1945236629 0.5200000000 3.5718640446 -1.4851068436 0.8854167847 0.0000000000
8.1953318671 0.5200000000 3.5668796511 -1.5901900897 0.8234459122 0.0000000000
8.1960432554 0.5200000000 3.5616580946 -1.6952024152 0.7605547560 0.0000000000
8.1967293642 0.5200000000 3.5565214161 -1.8002423059 0.6979920859 0.0000000000
8.1973306336 0.5200000000 3.5513793871 -1.9052850517 0.6354068712 0.0000000000
8.1978735374 0.5200000000 3.5461198004 -2.0102939830 0.5723649520 0.0000000000
8.1984110454 0.5200000000 3.5409297032 -2.1153252001 0.5095920766 0.0000000000
8.1989247538 0.5200000000 3.5357942926 -2.2203713736 0.4470319645 0.0000000000
8.1994212612 0.5200000000 3.5308231067 -2.3254690802 0.3851081385 0.0000000000
8.1999220916 0.5200000000 3.5258877452 -2.4305778351 0.3233231905 0.0000000000
8.2004340742 0.5200000000 3.5214074041 -2.5358126308 0.2633079075 0.0000000000
8.2009738776 0.5200000000 3.5173097413 -2.6411451501 0.2047842486 0.0000000000
8.2015330449 0.5200000000 3.5138450105 -2.7466185006 0.1487359855 0.0000000000
8.2021207741 0.5200000000 3.5113385064 -2.8522573940 0.0964544115 0.0000000000
8.2027441534 0.5200000000 3.5103173736 -2.9580381178 0.0500575908 0.0000000000
8.2033479584 0.5200000000 3.5110606182 -3.0638214749 0.0107172267 0.0000000000
8.2039157016 0.5200000000 3.5142408292 -3.1688659718 -0.0185797281 0.0000000000
8.2041518479 0.5200000000 3.5188392991 -3.1660592963 0.0009368216 0.0000000000
8.2042246975 0.5200000000 3.5155222829 -3.2664488328 -0.0524870579 0.0000000000
8.2043049656 0.5200000000 3.5165406974 -3.2936211005 -0.0592823069 0.0000000000
8.2043171867 0.5200000000 3.5216980632 -3.1886367025 0.0033409153 0.0000000000
8.2043207846 0.5200000000 3.5274005431 -3.0837703622 0.0680973713 0.0000000000
8.2043217220 0.5200000000 3.5357366585 -2.9805015493 0.1427493578 0.0000000000
8.2043219366 0.5200000000 3.5421662000 -2.8758961312 0.2103096913 0.0000000000
8.2043220953 0.5200000000 3.5473759044 -2.7935748336 0.2640770276 0.0000000000
8.2043221963 0.5200000000 3.5517283797 -2.7190432602 0.3112995585 0.0000000000
8.2043223482 0.5200000000 3.5578348334 -2.6143665340 0.3775960635 0.0000000000
8.2043224761 0.5200000000 3.5631749335 -2.5345819270 0.4308703067 0.0000000000
8.2043225690 0.5200000000 3.5676408372 -2.4393378091 0.4868315687 0.0000000000
8.2043226869 0.5200000000 3.5734916625 -2.3345470280 0.5521511823 0.0000000000
8.2043227939 0.5200000000 3.5788904802 -2.2295721798 0.6157363924 0.0000000000
8.2043228834 0.5200000000 3.5840822407 -2.1245338829 0.6785187534 0.0000000000
8.2043229663 0.5200000000 3.5891710956 -2.0194639698 0.7409021382 0.0000000000
8.2043230481 0.5200000000 3.5940200623 -1.9143224167 0.8023546263 0.0000000000
8.2043231220 0.5200000000 3.5986588121 -1.8091244385 0.8629888165 0.0000000000
8.2043231904 0.5200000000 3.6030317246 -1.7038517619 0.9225895374 0.0000000000
8.2043232562 0.5200000000 3.6071679442 -1.5985198615 0.9812671758 0.0000000000
8.2043233228 0.5200000000 3.6110889784 -1.4931368364 1.0391045228 0.0000000000
8.2043233912 0.5200000000 3.6143468173 -1.3876119985 1.0943458133 0.0000000000
8.2043234728 0.5200000000 3.6169015369 -1.2817588344 1.1469059575 0.0000000000
8.2043236170 0.5200000000 3.6111352518 -1.3077610984 1.1134399114 0.0000000000
8.2043236803 0.5200000000 3.6049105806 -1.4110721834 1.0472167927 0.0000000000
8.2043237160 0.5200000000 3.5994440644 -1.5160282551 0.9833682992 0.0000000000
8.2043237459 0.5200000000 3.5942511117 -1.6210676918 0.9205807138 0.0000000000
8.2043237730 0.5200000000 3.5890565102 -1.7261070230 0.8577865752 0.0000000000
8.2043237985 0.5200000000 3.5840124494 -1.8311918168 0.7955764144 0.0000000000
8.2043238237 0.5200000000 3.5787862925 -1.9362209100 0.7326601496 0.0000000000
8.2043238484 0.5200000000 3.5736884372 -2.0412898168 0.6702411659 0.0000000000
8.2043238731 0.5200000000 3.5684876041 -2.1463260959 0.6074233217 0.0000000000
8.2043238983 0.5200000000 3.5632413707 -2.2513448778 0.5444308754 0.0000000000
8.2043239243 0.5200000000 3.5579744551 -2.3563594653 0.4813573780 0.0000000000
8.2043239519 0.5200000000 3.5527353044 -2.4613835972 0.4183911222 0.0000000000
8.2043239816 0.5200000000 3.5473815445 -2.5663721887 0.3549806463 0.0000000000
8.2043240143 0.5200000000 3.5420688284 -2.6713742797 0.2917289454 0.0000000000
8.2043240510 0.5200000000 3.5368177386 -2.7763946267 0.2287164475 0.0000000000
8.2043240941 0.5200000000 3.5316018215 -2.8814242086 0.1658409462 0.0000000000
8.2043241460 0.5200000000 3.5265559382 -2.9865067487 0.1036243969 0.0000000000
8.2043242116 0.5200000000 3.5215733402 -3.0916057649 0.0416543986 0.0000000000
8.2043243011 0.5200000000 3.5169230145 -3.1968015157 -0.0190252046 0.0000000000
8.2043244460 0.5200000000 3.5125415189 -3.3020715379 -0.0786591960 0.0000000000
8.2043248530 0.5200000000 3.5085805008 -3.4074508126 -0.1366549781 0.0000000000
8.2043266692 0.5200000000 3.5125467509 -3.3297430422 -0.0897068695 0.0000000000
8.2043277635 0.5200000000 3.5176916267 -3.2246985621 -0.0271095743 0.0000000000
8.2043288769 0.5200000000 3.5232935031 -3.1197947516 0.0372594556 0.0000000000
8.2043301030 0.5200000000 3.5293268581 -3.0150468318 0.1032920434 0.0000000000
8.2043315795 0.5200000000 3.5356669741 -2.9104126993 0.1705061604 0.0000000000
8.2043370591 0.5200000000 3.5381162957 -2.8746581008 0.1946052861 0.0000000000
8.2043457592 0.5200000000 3.5326109315 -2.9795391706 0.1306314014 0.0000000000
8.2043623819 0.5200000000 3.5273549791 -3.0845511740 0.0676027906 0.0000000000
8.2043805909 0.5200000000 3.5223635040 -3.1896460359 0.0055989452 0.0000000000
8.2044038814 0.5200000000 3.5180600104 -3.2949325971 -0.0537296536 0.0000000000
8.2044393456 0.5200000000 3.5147504190 -3.4004414698 -0.1091715682 0.0000000000
8.2045047767 0.5200000000 3.5163532012 -3.4209302176 -0.1109559386 0.0000000000
8.2045114254 0.5200000000 3.5210400000 -3.3355500000 -0.0580566564 0.0000000000
