# logAge Mass logTe Mbol logg C/O
-0.4084510595 1.3500000000 3.5663500000 -2.1395250000 1.0159237685 0.0000000000
-0.3644291079 1.3500000000 3.5663555473 -2.1394501133 1.0159759123 0.0000000000
-0.3204071673 1.3500000000 3.5663593209 -2.1393480667 1.0160318255 0.0000000000
-0.2763852337 1.3500000000 3.5663627964 -2.1392285847 1.0160935203 0.0000000000
-0.2323633027 1.3500000000 3.5663674494 -2.1391013919 1.0161630091 0.0000000000
-0.1883413709 1.3500000000 3.5663746412 -2.1389751468 1.0162422747 0.0000000000
-0.1443194432 1.3500000000 3.5663839991 -2.1388422840 1.0163328515 0.0000000000
-0.1002975312 1.3500000000 3.5663938173 -2.1386829825 1.0164358446 0.0000000000
-0.0562756381 1.3500000000 3.5664030517 -2.1384921563 1.0165491128 0.0000000000
-0.0122537553 1.3500000000 3.5664115820 -2.1382845773 1.0166662657 0.0000000000
0.0317681196 1.3500000000 3.5664199220 -2.1380674345 1.0167864825 0.0000000000
0.0757899736 1.3500000000 3.5664298883 -2.1378275040 1.0169223199 0.0000000000
0.1198117941 1.3500000000 3.5664427816 -2.1375522805 1.0170839825 0.0000000000
0.1638335806 1.3500000000 3.5664570316 -2.1372438902 1.0172643387 0.0000000000
0.2078553342 1.3500000000 3.5664706499 -2.1369071297 1.0174535161 0.0000000000
0.2518770458 1.3500000000 3.5664841092 -2.1365383924 1.0176548484 0.0000000000
0.2958987017 1.3500000000 3.5664990159 -2.1361303035 1.0178777108 0.0000000000
0.3399202870 1.3500000000 3.5665168992 -2.1356773623 1.0181304205 0.0000000000
0.3839417861 1.3500000000 3.5665391905 -2.1351755704 1.0184203024 0.0000000000
0.4279631808 1.3500000000 3.5665659826 -2.1346206288 1.0187494473 0.0000000000
0.4719844500 1.3500000000 3.5665955658 -2.1340077762 1.0191129212 0.0000000000
0.5160055712 1.3500000000 3.5666266785 -2.1333321645 1.0195076167 0.0000000000
0.5600265195 1.3500000000 3.5666594036 -2.1325888201 1.0199358549 0.0000000000
0.6040472591 1.3500000000 3.5666940893 -2.1317707888 1.0204018103 0.0000000000
0.6480677082 1.3500000000 3.5667313957 -2.1308628385 1.0209142159 0.0000000000
0.6920877796 1.3500000000 3.5667721946 -2.1298492856 1.0214828328 0.0000000000
0.7361074384 1.3500000000 3.5668183782 -2.1287280646 1.0221160556 0.0000000000
0.7801266622 1.3500000000 3.5668720944 -2.1275015812 1.0228215138 0.0000000000
0.8241452322 1.3500000000 3.5669318023 -2.1261402108 1.0236048934 0.0000000000
0.8681627715 1.3500000000 3.5669930442 -2.1245888511 1.0244704047 0.0000000000
0.9121790111 1.3500000000 3.5670550838 -2.1228184650 1.0254267176 0.0000000000
0.9561938358 1.3500000000 3.5671224278 -2.1208369589 1.0264886961 0.0000000000
1.0002070491 1.3500000000 3.5671976615 -2.1186446160 1.0276665682 0.0000000000
1.0442182328 1.3500000000 3.5672778644 -2.1162170596 1.0289584022 0.0000000000
1.0882270310 1.3500000000 3.5673614233 -2.1135354098 1.0303652978 0.0000000000
1.1322334974 1.3500000000 3.5674558667 -2.1106201752 1.0319091651 0.0000000000
1.1762376510 1.3500000000 3.5675698009 -2.1074916931 1.0336162950 0.0000000000
1.2202383343 1.3500000000 3.5677005363 -2.1040826093 1.0355028701 0.0000000000
1.2642338611 1.3500000000 3.5678403386 -2.1002869582 1.0375803395 0.0000000000
1.3082232583 1.3500000000 3.5679888035 -2.0960649883 1.0398629873 0.0000000000
1.3522061328 1.3500000000 3.5681515913 -2.0914316173 1.0423674869 0.0000000000
1.3961812392 1.3500000000 3.5683305151 -2.0863635734 1.0451103994 0.0000000000
1.4401460978 1.3500000000 3.5685216703 -2.0807810370 1.0481080349 0.0000000000
1.4840990795 1.3500000000 3.5687262402 -2.0746434862 1.0513813346 0.0000000000
1.5280409008 1.3500000000 3.5689591225 -2.0680186775 1.0549627875 0.0000000000
1.5719715906 1.3500000000 3.5692328688 -2.0609523155 1.0588843175 0.0000000000
1.6158864215 1.3500000000 3.5695398375 -2.0533146287 1.0631672669 0.0000000000
1.6597796371 1.3500000000 3.5698681717 -2.0449406593 1.0678301916 0.0000000000
1.7036482841 1.3500000000 3.5702192580 -2.0357930585 1.0728935772 0.0000000000
1.7474907252 1.3500000000 3.5706011289 -2.0258965362 1.0783796696 0.0000000000
1.7913029646 1.3500000000 3.5710188022 -2.0152090007 1.0843253770 0.0000000000
1.8350787988 1.3500000000 3.5714744408 -2.0036268314 1.0907807991 0.0000000000
1.8788069046 1.3500000000 3.5719638858 -1.9909743692 1.0977995640 0.0000000000
1.9224683839 1.3500000000 3.5724735959 -1.9769735432 1.1054387347 0.0000000000
1.9660539039 1.3500000000 3.5730007124 -1.9615603669 1.1137124712 0.0000000000
2.0095683103 1.3500000000 3.5735604723 -1.9449562222 1.1225931687 0.0000000000
2.0530312966 1.3500000000 3.5742001614 -1.9275363857 1.1321198597 0.0000000000
2.0964277774 1.3500000000 3.5749091837 -1.9091407844 1.1423141895 0.0000000000
2.1397258051 1.3500000000 3.5756416733 -1.8893483628 1.1531611167 0.0000000000
2.1829707085 1.3500000000 3.5764847193 -1.8688590489 1.1647290263 0.0000000000
2.2260389575 1.3500000000 3.5773078853 -1.8461757529 1.1770950083 0.0000000000
2.2688980460 1.3500000000 3.5780947655 -1.8211227865 1.1902637161 0.0000000000
2.3116896825 1.3500000000 3.5789943412 -1.7953790681 1.2041595060 0.0000000000
2.3543230680 1.3500000000 3.5799262209 -1.7680603786 1.2188145005 0.0000000000
2.3969005117 1.3500000000 3.5809883955 -1.7402242670 1.2341976436 0.0000000000
2.4392963485 1.3500000000 3.5820640320 -1.7107193530 1.2503021554 0.0000000000
2.4814464716 1.3500000000 3.5831442215 -1.6790774364 1.2672796797 0.0000000000
2.5234014980 1.3500000000 3.5842426413 -1.6458691256 1.2849566834 0.0000000000
2.5652506374 1.3500000000 3.5854379619 -1.6118569608 1.3033428318 0.0000000000
2.6069757638 1.3500000000 3.5867084530 -1.5769129611 1.3224023962 0.0000000000
2.6483522532 1.3500000000 3.5878922075 -1.5394617617 1.3421178938 0.0000000000
2.6895446210 1.3500000000 3.5891230744 -1.5007648012 1.3625201454 0.0000000000
2.7306033322 1.3500000000 3.5904132342 -1.4612008516 1.3835063645 0.0000000000
2.7715912695 1.3500000000 3.5918084288 -1.4212039576 1.4050859008 0.0000000000
2.8122011271 1.3500000000 3.5931006645 -1.3788488807 1.4271968742 0.0000000000
2.8526230409 1.3500000000 3.5944195021 -1.3353853688 1.4498576295 0.0000000000
2.8930083746 1.3500000000 3.5958351105 -1.2917293714 1.4729824620 0.0000000000
2.9332636231 1.3500000000 3.5973100156 -1.2473505254 1.4966336205 0.0000000000
2.9730969183 1.3500000000 3.5986395274 -1.2006119421 1.5206471013 0.0000000000
3.0128971193 1.3500000000 3.6000573604 -1.1537187051 1.5450757281 0.0000000000
3.0527007790 1.3500000000 3.6015911432 -1.1068639298 1.5699527694 0.0000000000
3.0921296131 1.3500000000 3.6029990454 -1.0580559690 1.5951075626 0.0000000000
3.1314466070 1.3500000000 3.6044378858 -1.0086838700 1.6206117637 0.0000000000
3.1707585673 1.3500000000 3.6059563891 -0.9593015877 1.6464386897 0.0000000000
3.2099207382 1.3500000000 3.6074628445 -0.9091826571 1.6725120838 0.0000000000
3.2487447113 1.3500000000 3.6088561077 -0.8574196486 1.6987903400 0.0000000000
3.2876716337 1.3500000000 3.6103766327 -0.8061654019 1.7253741384 0.0000000000
3.3265531057 1.3500000000 3.6119306254 -0.7547024195 1.7521753024 0.0000000000
3.3650397674 1.3500000000 3.6133302158 -0.7013911204 1.7790981836 0.0000000000
3.4036064823 1.3500000000 3.6148278897 -0.6484594437 1.8062615497 0.0000000000
3.4421617343 1.3500000000 3.6163590642 -0.5954803675 1.8335778781 0.0000000000
3.4804816054 1.3500000000 3.6178124352 -0.5414346385 1.8610096538 0.0000000000
3.5187024210 1.3500000000 3.6192445096 -0.4869474243 1.8885328373 0.0000000000
3.5569789316 1.3500000000 3.6207536927 -0.4327165929 1.9162619022 0.0000000000
3.5951929583 1.3500000000 3.6222595230 -0.3782138339 1.9440863268 0.0000000000
3.6331270255 1.3500000000 3.6236418582 -0.3224780684 1.9719099740 0.0000000000
3.6711667238 1.3500000000 3.6251145434 -0.2672093470 1.9999082035 0.0000000000
3.7092228632 1.3500000000 3.6266120170 -0.2120149398 2.0279758604 0.0000000000
3.7470243019 1.3500000000 3.6280015492 -0.1557249735 2.0560499757 0.0000000000
3.7848432551 1.3500000000 3.6294171198 -0.0995088619 2.0841987031 0.0000000000
3.8226634995 1.3500000000 3.6308539806 -0.0433008848 2.1124293371 0.0000000000
3.8604745150 1.3500000000 3.6322967013 0.0129420727 2.1406974029 0.0000000000
3.8981066582 1.3500000000 3.6336654251 0.0699436072 2.1689729117 0.0000000000
3.9357553138 1.3500000000 3.6350397937 0.1268766694 2.1972436109 0.0000000000
3.9734594111 1.3500000000 3.6364651408 0.1835721177 2.2256231786 0.0000000000
4.0110414186 1.3500000000 3.6378328854 0.2407800925 2.2539773473 0.0000000000
4.0485300390 1.3500000000 3.6391533048 0.2983768538 2.2822977291 0.0000000000
4.0861009292 1.3500000000 3.6405342342 0.3556279056 2.3107218676 0.0000000000
4.1237170942 1.3500000000 3.6419356681 0.4126907079 2.3391527241 0.0000000000
4.1610854746 1.3500000000 3.6432020505 0.4707816082 2.3674546139 0.0000000000
4.1984889328 1.3500000000 3.6444926905 0.5287279282 2.3957957019 0.0000000000
4.2359379179 1.3500000000 3.6458112429 0.5864864196 2.4241733079 0.0000000000
4.2734101029 1.3500000000 3.6471388152 0.6441490231 2.4525486384 0.0000000000
4.3106888756 1.3500000000 3.6483465445 0.7026065933 2.4807625840 0.0000000000
4.3480300641 1.3500000000 3.6495802469 0.7608111163 2.5089792026 0.0000000000
4.3854486146 1.3500000000 3.6508417311 0.8187006887 2.5371809682 0.0000000000
4.4228888428 1.3500000000 3.6520840760 0.8765047426 2.5652719695 0.0000000000
4.4602721064 1.3500000000 3.6532416738 0.9345501914 2.5931205404 0.0000000000
4.4977848032 1.3500000000 3.6543961895 0.9920701874 2.6207466013 0.0000000000
4.5354918039 1.3500000000 3.6555320834 1.0487932080 2.6479793853 0.0000000000
4.5735229722 1.3500000000 3.6566630749 1.1041469258 2.6746448386 0.0000000000
4.6118896355 1.3500000000 3.6576767168 1.1580492839 2.7002603492 0.0000000000
4.6508778095 1.3500000000 3.6586109894 1.2090876381 2.7244127815 0.0000000000
4.6907410428 1.3500000000 3.6594650898 1.2557121987 2.7464790072 0.0000000000
4.7316148183 1.3500000000 3.6602424182 1.2965029739 2.7659046310 0.0000000000
4.7734048698 1.3500000000 3.6608843929 1.3310284455 2.7822827183 0.0000000000
4.8159066278 1.3500000000 3.6614356862 1.3596538519 2.7959380540 0.0000000000
4.8587687449 1.3500000000 3.6619063631 1.3847145318 2.8078450334 0.0000000000
4.9017133520 1.3500000000 3.6623231430 1.4088924143 2.8191833063 0.0000000000
4.9445219235 1.3500000000 3.6627485597 1.4345319862 2.8311408019 0.0000000000
4.9869297459 1.3500000000 3.6632390574 1.4640257549 2.8449002999 0.0000000000
5.0285367260 1.3500000000 3.6638510766 1.4999139642 2.8617036607 0.0000000000
5.0686611459 1.3500000000 3.6646111640 1.5450681621 2.8828056894 0.0000000000
5.1063641450 1.3500000000 3.6655692491 1.6017179556 2.9092979470 0.0000000000
5.1409083178 1.3500000000 3.6667251761 1.6697959689 2.9411528605 0.0000000000
5.1726856231 1.3500000000 3.6679020653 1.7458749049 2.9762919917 0.0000000000
5.2036849271 1.3500000000 3.6690752955 1.8239613863 3.0122195051 0.0000000000
5.2351067040 1.3500000000 3.6702035069 1.9009877212 3.0475428844 0.0000000000
5.2670848414 1.3500000000 3.6713104680 1.9765718331 3.0822043738 0.0000000000
5.2994540684 1.3500000000 3.6723371750 2.0511163232 3.1161289979 0.0000000000
5.3321424055 1.3500000000 3.6732617749 2.1247930465 3.1492980868 0.0000000000
5.3652317410 1.3500000000 3.6741529850 2.1973450822 3.1818837413 0.0000000000
5.3986577071 1.3500000000 3.6750014180 2.2689299907 3.2139114366 0.0000000000
5.4323730274 1.3500000000 3.6758216126 2.3396637503 3.2454857190 0.0000000000
5.4663499403 1.3500000000 3.6765935641 2.4096141786 3.2765536962 0.0000000000
5.5005169368 1.3500000000 3.6772994551 2.4789885790 3.3071270203 0.0000000000
5.5348361696 1.3500000000 3.6779389383 2.5478955429 3.3372477389 0.0000000000
5.5693533020 1.3500000000 3.6785508529 2.6161833466 3.3670105188 0.0000000000
5.6040498267 1.3500000000 3.6791342582 2.6839022945 3.3964317190 0.0000000000
5.6388744804 1.3500000000 3.6796708687 2.7512111981 3.4255017224 0.0000000000
5.6738458141 1.3500000000 3.6801695940 2.8180450921 3.4542301812 0.0000000000
5.7089160540 1.3500000000 3.6806374263 2.8845559506 3.4827058541 0.0000000000
5.7440796935 1.3500000000 3.6810519123 2.9507600421 3.5108454345 0.0000000000
5.7793262017 1.3500000000 3.6814330820 3.0166894095 3.5387418602 0.0000000000
5.8146292146 1.3500000000 3.6817633219 3.0824313151 3.5663595823 0.0000000000
5.8499891381 1.3500000000 3.6820566794 3.1479829200 3.5937536542 0.0000000000
5.8853667922 1.3500000000 3.6822792502 3.2134764299 3.6208413413 0.0000000000
5.9207891680 1.3500000000 3.6824713901 3.2788193038 3.6477470504 0.0000000000
5.9562664577 1.3500000000 3.6826192947 3.3439764288 3.6744015189 0.0000000000
5.9917942724 1.3500000000 3.6827326209 3.4089616457 3.7008489104 0.0000000000
6.0273881445 1.3500000000 3.6828140935 3.4737208486 3.7270784818 0.0000000000
6.0630723142 1.3500000000 3.6828784854 3.5381688053 3.7531152324 0.0000000000
6.0988479577 1.3500000000 3.6829105162 3.6022991208 3.7788954817 0.0000000000
6.1347386827 1.3500000000 3.6829235608 3.6660263131 3.8044385369 0.0000000000
6.1707681522 1.3500000000 3.6829321716 3.7292632767 3.8297677657 0.0000000000
6.2069541974 1.3500000000 3.6829340685 3.7919394262 3.8548458130 0.0000000000
6.2433331390 1.3500000000 3.6829553198 3.8539120972 3.8797198867 0.0000000000
6.2799439879 1.3500000000 3.6829910294 3.9150247725 3.9043077951 0.0000000000
6.3168228918 1.3500000000 3.6830616120 3.9751210825 3.9286286495 0.0000000000
6.3540387774 1.3500000000 3.6832019550 4.0339034169 3.9527029553 0.0000000000
6.3916366408 1.3500000000 3.6834197017 4.0911441626 3.9764702403 0.0000000000
6.4296931197 1.3500000000 3.6837623651 4.1464532973 3.9999645477 0.0000000000
6.4682838764 1.3500000000 3.6842721547 4.1993874126 4.0231773524 0.0000000000
6.5075078524 1.3500000000 3.6849898751 4.2493093122 4.0460169937 0.0000000000
6.5474585093 1.3500000000 3.6859850845 4.2954514676 4.0684546936 0.0000000000
6.5882042688 1.3500000000 3.6873289300 4.3369531320 4.0904307412 0.0000000000
6.6298176881 1.3500000000 3.6891167692 4.3725303753 4.1118129955 0.0000000000
6.6723610074 1.3500000000 3.6915070298 4.4000590104 4.1323854919 0.0000000000
6.7157121727 1.3500000000 3.6946305790 4.4172202702 4.1517441924 0.0000000000
6.7594966827 1.3500000000 3.6986737696 4.4206560323 4.1692912597 0.0000000000
6.8028590361 1.3500000000 3.7037255989 4.4073444005 4.1841739243 0.0000000000
6.8444614736 1.3500000000 3.7097628379 4.3751449901 4.1954431160 0.0000000000
6.8829319991 1.3500000000 3.7165705766 4.3246962443 4.2024945724 0.0000000000
6.9174283384 1.3500000000 3.7237998351 4.2589199499 4.2051010888 0.0000000000
6.9477357942 1.3500000000 3.7311622114 4.1813426650 4.2035196801 0.0000000000
6.9741477118 1.3500000000 3.7384304843 4.0952508049 4.1981560276 0.0000000000
6.9972148508 1.3500000000 3.7454952436 4.0032275326 4.1896057560 0.0000000000
7.0175821539 1.3500000000 3.7523242122 3.9071846424 4.1785044743 0.0000000000
7.0358437112 1.3500000000 3.7589239446 3.8084250358 4.1653995611 0.0000000000
7.0524549252 1.3500000000 3.7653653567 3.7077912011 4.1509116757 0.0000000000
7.0677758879 1.3500000000 3.7717567385 3.6058649888 4.1357067179 0.0000000000
7.0824821150 1.3500000000 3.7782745259 3.5034213437 4.1208004098 0.0000000000
7.0972127991 1.3500000000 3.7851635370 3.4011520264 4.1074487271 0.0000000000
7.1126277756 1.3500000000 3.7927928565 3.2998511503 4.0974456547 0.0000000000
7.1302853919 1.3500000000 3.8019413720 3.2017324997 4.0947922563 0.0000000000
7.1591207566 1.3500000000 3.8160941208 3.1341910710 4.1243866801 0.0000000000
7.1843793634 1.3500000000 3.8238049564 3.2176927506 4.1886306945 0.0000000000
7.1989221799 1.3500000000 3.8249040804 3.3214607824 4.2345344029 0.0000000000
7.2115182877 1.3500000000 3.8241139349 3.4268916688 4.2735461758 0.0000000000
7.2251759447 1.3500000000 3.8223200000 3.5314000000 4.3081737685 0.0000000000
7.2326186145 1.3500000000 3.8212600000 3.5759250000 4.3217437685 0.0000000000
7.2378579435 1.3500000000 3.8206030362 3.6002234735 4.3288353026 0.0000000000
7.2444992285 1.3500000000 3.8199501880 3.6222705916 4.3350427572 0.0000000000
7.2535563662 1.3500000000 3.8194184107 3.6379752311 4.3391975037 0.0000000000
7.2644978069 1.3500000000 3.8192815935 3.6407636915 4.3397656192 0.0000000000
7.2751456498 1.3500000000 3.8195196203 3.6332180032 4.3376994508 0.0000000000
7.2851783012 1.3500000000 3.8199892154 3.6215828603 4.3349237740 0.0000000000
7.2950012111 1.3500000000 3.8205883849 3.6089660640 4.3322737337 0.0000000000
7.3048713290 1.3500000000 3.8212512410 3.5965887451 4.3299742305 0.0000000000
7.3148519869 1.3500000000 3.8219615037 3.5847989377 4.3280993585 0.0000000000
7.3249493052 1.3500000000 3.8227117251 3.5736595073 4.3266444719 0.0000000000
7.3351348507 1.3500000000 3.8234980594 3.5630485717 4.3255454349 0.0000000000
7.3453893007 1.3500000000 3.8243232020 3.5528844334 4.3247803500 0.0000000000
7.3557018368 1.3500000000 3.8251943493 3.5431234818 4.3243605585 0.0000000000
7.3660642089 1.3500000000 3.8261053899 3.5337208294 4.3242436597 0.0000000000
7.3764706060 1.3500000000 3.8270364749 3.5246296326 4.3243315213 0.0000000000
7.3869273739 1.3500000000 3.8279680665 3.5159045835 4.3245678678 0.0000000000
7.3974685912 1.3500000000 3.8288827714 3.5078343357 4.3249985882 0.0000000000
7.4081289811 1.3500000000 3.8297631077 3.5007296342 4.3256780531 0.0000000000
7.4189099557 1.3500000000 3.8305875954 3.4947912416 4.3266006467 0.0000000000
7.4297933547 1.3500000000 3.8313324047 3.4901552991 4.3277255071 0.0000000000
7.4407594734 1.3500000000 3.8319782853 3.4868989030 4.3290064708 0.0000000000
7.4517827737 1.3500000000 3.8325267571 3.4848367798 4.3303755090 0.0000000000
7.4628360751 1.3500000000 3.8329851889 3.4837097813 4.3317584366 0.0000000000
7.4738949447 1.3500000000 3.8333612864 3.4832687504 4.3330864141 0.0000000000
7.4849527443 1.3500000000 3.8336649376 3.4833292634 4.3343252241 0.0000000000
7.4960099242 1.3500000000 3.8339068998 3.4837326834 4.3354544412 0.0000000000
7.5070669519 1.3500000000 3.8340979152 3.4843208682 4.3364537764 0.0000000000
7.5181241765 1.3500000000 3.8342470316 3.4849768727 4.3373126440 0.0000000000
7.5291817318 1.3500000000 3.8343602180 3.4856586375 4.3380380955 0.0000000000
7.5402397288 1.3500000000 3.8344431173 3.4863320320 4.3386390504 0.0000000000
7.5512982783 1.3500000000 3.8345013677 3.4869629920 4.3391244361 0.0000000000
7.5623574338 1.3500000000 3.8345399078 3.4875276151 4.3395044455 0.0000000000
7.5734171308 1.3500000000 3.8345622290 3.4880230074 4.3397918876 0.0000000000
7.5844772904 1.3500000000 3.8345716440 3.4884488765 4.3399998951 0.0000000000
7.5955378333 1.3500000000 3.8345714651 3.4888049298 4.3401416009 0.0000000000
7.6065986817 1.3500000000 3.8345648591 3.4890912364 4.3402296995 0.0000000000
7.6176597685 1.3500000000 3.8345534544 3.4893116800 4.3402722581 0.0000000000
7.6287210335 1.3500000000 3.8345379561 3.4894724342 4.3402745667 0.0000000000
7.6397824164 1.3500000000 3.8345190569 3.4895797035 4.3402418776 0.0000000000
7.6508438571 1.3500000000 3.8344974493 3.4896396925 4.3401794429 0.0000000000
7.6619052982 1.3500000000 3.8344738184 3.4896584228 4.3400924113 0.0000000000
7.6729667140 1.3500000000 3.8344487643 3.4896398615 4.3399847703 0.0000000000
7.6840280986 1.3500000000 3.8344228337 3.4895866862 4.3398597779 0.0000000000
7.6950894465 1.3500000000 3.8343965727 3.4895015542 4.3397206810 0.0000000000
7.7061507523 1.3500000000 3.8343705272 3.4893871230 4.3395707265 0.0000000000
7.7172120105 1.3500000000 3.8343452427 3.4892460477 4.3394131582 0.0000000000
7.7282732156 1.3500000000 3.8343211375 3.4890804355 4.3392504927 0.0000000000
7.7393343626 1.3500000000 3.8342983401 3.4888911413 4.3390835854 0.0000000000
7.7503954465 1.3500000000 3.8342769383 3.4886788461 4.3389130602 0.0000000000
7.7614564622 1.3500000000 3.8342570202 3.4884442308 4.3387395415 0.0000000000
7.7725174047 1.3500000000 3.8342386736 3.4881879762 4.3385636534 0.0000000000
7.7835782688 1.3500000000 3.8342219868 3.4879107452 4.3383860138 0.0000000000
7.7946390480 1.3500000000 3.8342070543 3.4876127723 4.3382070945 0.0000000000
7.8056997342 1.3500000000 3.8341939768 3.4872938555 4.3380272180 0.0000000000
7.8167603193 1.3500000000 3.8341828555 3.4869537735 4.3378467001 0.0000000000
7.8278207949 1.3500000000 3.8341737916 3.4865923048 4.3376658567 0.0000000000
7.8388811535 1.3500000000 3.8341668824 3.4862092928 4.3374850152 0.0000000000
7.8499413982 1.3500000000 3.8341621383 3.4858061404 4.3373047779 0.0000000000
7.8610015437 1.3500000000 3.8341594803 3.4853858472 4.3371260287 0.0000000000
7.8720616049 1.3500000000 3.8341588254 3.4849514852 4.3369496644 0.0000000000
7.8831215969 1.3500000000 3.8341600906 3.4845061264 4.3367765815 0.0000000000
7.8941815300 1.3500000000 3.8341631520 3.4840520262 4.3366071871 0.0000000000
7.9052413982 1.3500000000 3.8341677420 3.4835885602 4.3364401607 0.0000000000
7.9163011920 1.3500000000 3.8341735613 3.4831144687 4.3362738010 0.0000000000
7.9273609015 1.3500000000 3.8341803104 3.4826284926 4.3361064070 0.0000000000
7.9384205222 1.3500000000 3.8341877486 3.4821300588 4.3359367865 0.0000000000
7.9494800663 1.3500000000 3.8341958411 3.4816210027 4.3357655341 0.0000000000
7.9605395500 1.3500000000 3.8342045981 3.4811036878 4.3355936361 0.0000000000
7.9715989888 1.3500000000 3.8342140192 3.4805804186 4.3354220129 0.0000000000
7.9826583834 1.3500000000 3.8342237358 3.4800514379 4.3352492870 0.0000000000
7.9937177150 1.3500000000 3.8342329235 3.4795144374 4.3350712373 0.0000000000
8.0047769641 1.3500000000 3.8342407299 3.4789669515 4.3348834685 0.0000000000
8.0158361220 1.3500000000 3.8342468939 3.4784079367 4.3346845188 0.0000000000
8.0268952130 1.3500000000 3.8342528853 3.4778405135 4.3344815152 0.0000000000
8.0379542672 1.3500000000 3.8342604890 3.4772685600 4.3342831485 0.0000000000
8.0490132962 1.3500000000 3.8342707198 3.4766937418 4.3340941445 0.0000000000
8.0600722492 1.3500000000 3.8342819793 3.4761102128 4.3339057707 0.0000000000
8.0711310625 1.3500000000 3.8342921221 3.4755105616 4.3337064815 0.0000000000
8.0821897063 1.3500000000 3.8343000996 3.4748913903 4.3334907230 0.0000000000
8.0932482214 1.3500000000 3.8343071164 3.4742575489 4.3332652537 0.0000000000
8.1043066520 1.3500000000 3.8343145798 3.4736143502 4.3330378278 0.0000000000
8.1153649635 1.3500000000 3.8343227749 3.4729588009 4.3328083883 0.0000000000
8.1264230606 1.3500000000 3.8343311193 3.4722814893 4.3325708414 0.0000000000
8.1374808930 1.3500000000 3.8343393737 3.4715775708 4.3323222916 0.0000000000
8.1485385358 1.3500000000 3.8343482778 3.4708548826 4.3320688329 0.0000000000
8.1595960667 1.3500000000 3.8343583562 3.4701216298 4.3318158452 0.0000000000
8.1706534411 1.3500000000 3.8343675311 3.4693740713 4.3315535214 0.0000000000
8.1817105712 1.3500000000 3.8343730289 3.4686041988 4.3312675636 0.0000000000
8.1927674736 1.3500000000 3.8343772007 3.4678137974 4.3309680903 0.0000000000
8.2038242302 1.3500000000 3.8343855225 3.4670108111 4.3306801831 0.0000000000
8.2148808076 1.3500000000 3.8343965611 3.4661929499 4.3303971929 0.0000000000
8.2259370884 1.3500000000 3.8344037493 3.4653504147 4.3300889315 0.0000000000
8.2369931145 1.3500000000 3.8344084264 3.4644867919 4.3297621908 0.0000000000
8.2480490122 1.3500000000 3.8344170760 3.4636129478 4.3294472517 0.0000000000
8.2591046165 1.3500000000 3.8344297486 3.4627169150 4.3291395289 0.0000000000
8.2701597138 1.3500000000 3.8344429026 3.4617826301 4.3288184310 0.0000000000
8.2812145106 1.3500000000 3.8344518861 3.4608257632 4.3284716182 0.0000000000
8.2922691418 1.3500000000 3.8344572497 3.4598570570 4.3281055899 0.0000000000
8.3033234275 1.3500000000 3.8344681093 3.4588643145 4.3277519314 0.0000000000
8.3143772577 1.3500000000 3.8344811175 3.4578404826 4.3273944314 0.0000000000
8.3254306717 1.3500000000 3.8344881909 3.4567886776 4.3270020029 0.0000000000
8.3364839112 1.3500000000 3.8344929965 3.4557250167 4.3265957612 0.0000000000
8.3475367069 1.3500000000 3.8345021981 3.4546336368 4.3261960157 0.0000000000
8.3585887522 1.3500000000 3.8345171998 3.4534958567 4.3258009102 0.0000000000
8.3696405465 1.3500000000 3.8345269686 3.4523425245 4.3253786529 0.0000000000
8.3806919563 1.3500000000 3.8345323889 3.4511663791 4.3249298758 0.0000000000
8.3917427553 1.3500000000 3.8345422908 3.4499549732 4.3244849208 0.0000000000
8.4027929812 1.3500000000 3.8345588024 3.4487117880 4.3240536931 0.0000000000
8.4138425977 1.3500000000 3.8345679220 3.4474347837 4.3235793700 0.0000000000
8.4248915951 1.3500000000 3.8345760928 3.4461245652 4.3230879659 0.0000000000
8.4359398168 1.3500000000 3.8345837072 3.4447742621 4.3225783020 0.0000000000
8.4469876266 1.3500000000 3.8345969895 3.4434030449 4.3220829443 0.0000000000
8.4580347607 1.3500000000 3.8346137211 3.4419989719 4.3215882416 0.0000000000
8.4690808562 1.3500000000 3.8346219431 3.4405436496 4.3210390008 0.0000000000
8.4801264750 1.3500000000 3.8346318879 3.4390664900 4.3204879163 0.0000000000
8.4911707953 1.3500000000 3.8346417542 3.4375293915 4.3199125419 0.0000000000
8.5022146295 1.3500000000 3.8346519733 3.4359710540 4.3193300832 0.0000000000
8.5132570040 1.3500000000 3.8346624484 3.4343489943 4.3187231596 0.0000000000
8.5242989798 1.3500000000 3.8346732158 3.4327103173 4.3181107588 0.0000000000
8.5353397825 1.3500000000 3.8346842756 3.4310228353 4.3174800049 0.0000000000
8.5463794586 1.3500000000 3.8346956382 3.4292900042 4.3168323229 0.0000000000
8.5574179515 1.3500000000 3.8347073121 3.4275106218 4.3161672658 0.0000000000
8.5684550986 1.3500000000 3.8347193055 3.4256798904 4.3154829468 0.0000000000
8.5794916945 1.3500000000 3.8347316271 3.4238285319 4.3147916898 0.0000000000
8.5905259633 1.3500000000 3.8347443190 3.4218923892 4.3140680000 0.0000000000
8.6015595143 1.3500000000 3.8347571963 3.4199307611 4.3133348580 0.0000000000
8.6125909833 1.3500000000 3.8347704910 3.4178975211 4.3125747408 0.0000000000
8.6236215246 1.3500000000 3.8347766423 3.4158326752 4.3117734080 0.0000000000
8.6346506638 1.3500000000 3.8347884562 3.4137217502 4.3109762934 0.0000000000
8.6456768111 1.3500000000 3.8348032941 3.4115154093 4.3101531088 0.0000000000
8.6567021226 1.3500000000 3.8348139668 3.4092829698 4.3093028235 0.0000000000
8.6677251255 1.3500000000 3.8348232223 3.4069802699 4.3084187659 0.0000000000
8.6787465022 1.3500000000 3.8348346308 3.4046293456 4.3075240301 0.0000000000
8.6897656001 1.3500000000 3.8348451609 3.4022129760 4.3065996024 0.0000000000
8.7007822824 1.3500000000 3.8348570173 3.3997283493 4.3056531774 0.0000000000
8.7117967009 1.3500000000 3.8348641859 3.3971820707 4.3046633402 0.0000000000
8.7228088385 1.3500000000 3.8348733549 3.3945743231 4.3036569173 0.0000000000
8.7338184109 1.3500000000 3.8348824335 3.3919003810 4.3026236549 0.0000000000
8.7448244361 1.3500000000 3.8348914049 3.3891360829 4.3015538214 0.0000000000
8.7558288887 1.3500000000 3.8348978876 3.3863329243 4.3004584888 0.0000000000
8.7668295621 1.3500000000 3.8349033799 3.3834391515 4.2993229486 0.0000000000
8.7778264551 1.3500000000 3.8349111254 3.3804561946 4.2981607481 0.0000000000
8.7888208271 1.3500000000 3.8349213009 3.3774161655 4.2969854382 0.0000000000
8.7998117399 1.3500000000 3.8349272225 3.3742985628 4.2957620836 0.0000000000
8.8107987939 1.3500000000 3.8349311994 3.3710971901 4.2944974420 0.0000000000
8.8217818360 1.3500000000 3.8349357061 3.3678110577 4.2932010158 0.0000000000
8.8327608623 1.3500000000 3.8349405040 3.3644411449 4.2918722424 0.0000000000
8.8437357968 1.3500000000 3.8349450633 3.3609874330 4.2905089950 0.0000000000
8.8547063090 1.3500000000 3.8349487848 3.3574464169 4.2891074743 0.0000000000
8.8656720222 1.3500000000 3.8349510564 3.3538139571 4.2876635768 0.0000000000
8.8766325597 1.3500000000 3.8349512662 3.3500859141 4.2861731990 0.0000000000
8.8875875496 1.3500000000 3.8349488084 3.3462582279 4.2846322933 0.0000000000
8.8985368766 1.3500000000 3.8349434051 3.3423311553 4.2830398509 0.0000000000
8.9094807992 1.3500000000 3.8349352295 3.3383112206 4.2813991745 0.0000000000
8.9204193676 1.3500000000 3.8349242175 3.3342013053 4.2797111606 0.0000000000
8.9313513333 1.3500000000 3.8349179178 3.3299828183 4.2779985671 0.0000000000
8.9422753932 1.3500000000 3.8348964519 3.3256385838 4.2761750096 0.0000000000
8.9531837136 1.3500000000 3.8348719294 3.3210548283 4.2742434173 0.0000000000
8.9640868126 1.3500000000 3.8348380628 3.3163939516 4.2722436005 0.0000000000
8.9749805170 1.3500000000 3.8347957895 3.3115979886 4.2701561221 0.0000000000
8.9858655265 1.3500000000 3.8347497330 3.3066805829 4.2680049338 0.0000000000
8.9967425808 1.3500000000 3.8346965777 3.3016548667 4.2657820258 0.0000000000
9.0076098974 1.3500000000 3.8346426798 3.2964992029 4.2635041689 0.0000000000
9.0184674248 1.3500000000 3.8345774184 3.2912169760 4.2611302326 0.0000000000
9.0293171713 1.3500000000 3.8345169758 3.2858356365 4.2587359263 0.0000000000
9.0401541899 1.3500000000 3.8344367614 3.2802971671 4.2561996808 0.0000000000
9.0509358795 1.3500000000 3.8343931425 3.2741668433 4.2535730760 0.0000000000
9.0617497027 1.3500000000 3.8343011853 3.2683505928 4.2508787467 0.0000000000
9.0725565805 1.3500000000 3.8342039467 3.2624579534 4.2481327366 0.0000000000
9.0833514619 1.3500000000 3.8340934698 3.2564308020 4.2452799685 0.0000000000
9.0941348805 1.3500000000 3.8339763350 3.2502775661 4.2423501348 0.0000000000
9.1049043928 1.3500000000 3.8338454728 3.2439757904 4.2393059758 0.0000000000
9.1156625299 1.3500000000 3.8337089326 3.2375542675 4.2361912060 0.0000000000
9.1264070786 1.3500000000 3.8335466355 3.2309954805 4.2329185027 0.0000000000
9.1371384835 1.3500000000 3.8333802108 3.2243043642 4.2295763573 0.0000000000
9.1478586482 1.3500000000 3.8331982924 3.2175042181 4.2261286252 0.0000000000
9.1585647386 1.3500000000 3.8329906482 3.2105714001 4.2225249212 0.0000000000
9.1692571812 1.3500000000 3.8327667266 3.2035114099 4.2188052388 0.0000000000
9.1799346216 1.3500000000 3.8325196951 3.1963156387 4.2149388043 0.0000000000
9.1905756068 1.3500000000 3.8321925766 3.1888086495 4.2106275346 0.0000000000
9.2012052642 1.3500000000 3.8318535869 3.1812058371 4.2062304508 0.0000000000
9.2118171216 1.3500000000 3.8314813578 3.1734585243 4.2016426093 0.0000000000
9.2224186060 1.3500000000 3.8310798687 3.1656321511 4.1969061036 0.0000000000
9.2330084992 1.3500000000 3.8306388126 3.1577213022 4.1919775397 0.0000000000
9.2435905282 1.3500000000 3.8301540230 3.1497613270 4.1868543911 0.0000000000
9.2541184439 1.3500000000 3.8296520020 3.1414319175 4.1815145436 0.0000000000
9.2646804014 1.3500000000 3.8290599595 3.1333548000 4.1759155266 0.0000000000
9.2752433277 1.3500000000 3.8284145423 3.1253080876 4.1701151728 0.0000000000
9.2858007616 1.3500000000 3.8277107383 3.1172473323 4.1640756548 0.0000000000
9.2963582162 1.3500000000 3.8269431560 3.1092289626 4.1577979774 0.0000000000
9.3069097457 1.3500000000 3.8261754728 3.1011569505 4.1514984400 0.0000000000
9.3174338277 1.3500000000 3.8252200239 3.0929877600 4.1444089682 0.0000000000
9.3279270812 1.3500000000 3.8240911268 3.0847617868 4.1366029906 0.0000000000
9.3384266430 1.3500000000 3.8229705001 3.0765285729 4.1288271981 0.0000000000
9.3489189166 1.3500000000 3.8217773169 3.0682967659 4.1207617423 0.0000000000
9.3593916625 1.3500000000 3.8205111555 3.0599923347 4.1123753245 0.0000000000
9.3698656155 1.3500000000 3.8192043236 3.0517427773 4.1038481737 0.0000000000
9.3803483926 1.3500000000 3.8178444589 3.0436011501 4.0951520642 0.0000000000
9.3908091333 1.3500000000 3.8164300000 3.0353500000 4.0861937685 0.0000000000
9.3912650178 1.3500000000 3.8163500000 3.0350250000 4.0857437685 0.0000000000
9.3928100169 1.3500000000 3.8161005145 3.0339272813 4.0843067389 0.0000000000
9.3943474522 1.3500000000 3.8158391064 3.0327794743 4.0828019837 0.0000000000
9.3958789510 1.3500000000 3.8155833113 3.0315757153 4.0812972999 0.0000000000
9.3974149415 1.3500000000 3.8153170256 3.0304229668 4.0797710575 0.0000000000
9.3989490255 1.3500000000 3.8150661928 3.0292328699 4.0782916876 0.0000000000
9.4004843644 1.3500000000 3.8148030655 3.0280702921 4.0767741474 0.0000000000
9.4020172602 1.3500000000 3.8145450345 3.0268807050 4.0752661885 0.0000000000
9.4035524027 1.3500000000 3.8142799879 3.0257191410 4.0737413765 0.0000000000
9.4050869631 1.3500000000 3.8140144980 3.0245534036 4.0722131218 0.0000000000
9.4066193183 1.3500000000 3.8137521447 3.0233653159 4.0706884738 0.0000000000
9.4081563557 1.3500000000 3.8134894747 3.0222161696 4.0691781350 0.0000000000
9.4096888355 1.3500000000 3.8132193857 3.0210399281 4.0676272827 0.0000000000
9.4112254473 1.3500000000 3.8129508822 3.0198956975 4.0660955762 0.0000000000
9.4127581385 1.3500000000 3.8126945074 3.0187025778 4.0645928294 0.0000000000
9.4142924907 1.3500000000 3.8124083467 3.0175688625 4.0629947005 0.0000000000
9.4158295655 1.3500000000 3.8121535284 3.0164090585 4.0615115054 0.0000000000
9.4173626285 1.3500000000 3.8118747041 3.0152538656 4.0599341312 0.0000000000
9.4188918238 1.3500000000 3.8116028359 3.0140599448 4.0583690902 0.0000000000
9.4204255294 1.3500000000 3.8113385566 3.0128892602 4.0568436990 0.0000000000
9.4219661906 1.3500000000 3.8110733833 3.0117744061 4.0553370643 0.0000000000
9.4235002460 1.3500000000 3.8107967079 3.0106207384 4.0537688955 0.0000000000
9.4250322734 1.3500000000 3.8105255412 3.0094424310 4.0522129059 0.0000000000
9.4265681566 1.3500000000 3.8102527097 3.0083007041 4.0506648891 0.0000000000
9.4280997559 1.3500000000 3.8099709968 3.0071407174 4.0490740426 0.0000000000
9.4296322074 1.3500000000 3.8096815522 3.0059966529 4.0474586383 0.0000000000
9.4311706894 1.3500000000 3.8093992428 3.0048974303 4.0458897120 0.0000000000
9.4327020992 1.3500000000 3.8091183910 3.0037339034 4.0443008938 0.0000000000
9.4342366356 1.3500000000 3.8088265747 3.0026183401 4.0426874033 0.0000000000
9.4357555499 1.3500000000 3.8085174648 3.0015158867 4.0410099825 0.0000000000
9.4372944895 1.3500000000 3.8082131283 3.0004497245 4.0393661715 0.0000000000
9.4388358316 1.3500000000 3.8079197957 2.9993860990 4.0377673909 0.0000000000
9.4403745585 1.3500000000 3.8076154552 2.9983180972 4.0361228280 0.0000000000
9.4419127651 1.3500000000 3.8073133954 2.9972414401 4.0344839262 0.0000000000
9.4434519939 1.3500000000 3.8070073474 2.9961809377 4.0328355331 0.0000000000
9.4449900979 1.3500000000 3.8066711504 2.9951736945 4.0310878479 0.0000000000
9.4465251916 1.3500000000 3.8063526829 2.9941000502 4.0293845201 0.0000000000
9.4480625270 1.3500000000 3.8060260615 2.9930605705 4.0276622428 0.0000000000
9.4495987577 1.3500000000 3.8057015619 2.9920063382 4.0259425513 0.0000000000
9.4511387579 1.3500000000 3.8053700407 2.9910117464 4.0242186298 0.0000000000
9.4526851514 1.3500000000 3.8050378369 2.9900815611 4.0225177407 0.0000000000
9.4542269001 1.3500000000 3.8046619384 2.9892086853 4.0206649963 0.0000000000
9.4557701616 1.3500000000 3.8042723949 2.9883830716 4.0187765768 0.0000000000
9.4573072895 1.3500000000 3.8038853966 2.9874832306 4.0168686471 0.0000000000
9.4588485795 1.3500000000 3.8034965035 2.9866455427 4.0149779994 0.0000000000
9.4603749876 1.3500000000 3.8031008617 2.9857768488 4.0130479548 0.0000000000
9.4619164509 1.3500000000 3.8027248862 2.9849019586 4.0111940968 0.0000000000
9.4634516534 1.3500000000 3.8023340765 2.9840095117 4.0092738790 0.0000000000
9.4649934148 1.3500000000 3.8019444894 2.9831758468 4.0073820649 0.0000000000
9.4665298461 1.3500000000 3.8015276294 2.9823641229 4.0053899353 0.0000000000
9.4680660948 1.3500000000 3.8011106096 2.9815513792 4.0033967587 0.0000000000
9.4696000863 1.3500000000 3.8006878664 2.9807496490 4.0013850937 0.0000000000
9.4711396814 1.3500000000 3.8002786271 2.9799466576 3.9994269401 0.0000000000
9.4726626416 1.3500000000 3.7998596404 2.9791047207 3.9974142183 0.0000000000
9.4742027626 1.3500000000 3.7994510496 2.9783069364 3.9954607413 0.0000000000
9.4757450408 1.3500000000 3.7990495761 2.9775039084 3.9935336363 0.0000000000
9.4772866160 1.3500000000 3.7986312041 2.9767772913 3.9915695014 0.0000000000
9.4788283211 1.3500000000 3.7982201002 2.9760252338 3.9896242626 0.0000000000
9.4803692480 1.3500000000 3.7978116882 2.9752538776 3.9876820724 0.0000000000
9.4819091499 1.3500000000 3.7973977935 2.9744879917 3.9857201392 0.0000000000
9.4834491812 1.3500000000 3.7969884407 2.9737063852 3.9837700856 0.0000000000
9.4849870961 1.3500000000 3.7965668462 2.9729367568 3.9817758561 0.0000000000
9.4865216218 1.3500000000 3.7961426727 2.9721261844 3.9797549331 0.0000000000
9.4880564805 1.3500000000 3.7957192455 2.9713089637 3.9777343358 0.0000000000
9.4895896923 1.3500000000 3.7952974260 2.9704689428 3.9757110497 0.0000000000
9.4911202374 1.3500000000 3.7948876431 2.9695670446 3.9737111587 0.0000000000
9.4926531706 1.3500000000 3.7944901518 2.9686522552 3.9717552779 0.0000000000
9.4941815113 1.3500000000 3.7941008085 2.9677023151 3.9698179284 0.0000000000
9.4957052744 1.3500000000 3.7937058501 2.9666899865 3.9678331634 0.0000000000
9.4972426105 1.3500000000 3.7932817398 2.9659895912 3.9658565641 0.0000000000
9.4987651853 1.3500000000 3.7927969170 2.9652456101 3.9636196806 0.0000000000
9.5002890032 1.3500000000 3.7923348987 2.9644285495 3.9614447830 0.0000000000
9.5017998637 1.3500000000 3.7918720070 2.9634792826 3.9592135096 0.0000000000
9.5033047580 1.3500000000 3.7914044514 2.9624855806 3.9569458063 0.0000000000
9.5047956706 1.3500000000 3.7909473667 2.9613390551 3.9546588575 0.0000000000
9.5062698946 1.3500000000 3.7905110374 2.9600270653 3.9523887442 0.0000000000
9.5077117886 1.3500000000 3.7900812810 2.9586175607 3.9501059169 0.0000000000
9.5091455241 1.3500000000 3.7897019036 2.9569609478 3.9479257622 0.0000000000
9.5105324224 1.3500000000 3.7893482795 2.9550403847 3.9457430404 0.0000000000
9.5118717040 1.3500000000 3.7890356905 2.9528807535 3.9436288321 0.0000000000
9.5131493764 1.3500000000 3.7887723841 2.9504630079 3.9416085082 0.0000000000
9.5143481091 1.3500000000 3.7885531905 2.9477781136 3.9396577761 0.0000000000
9.5154664780 1.3500000000 3.7883848203 2.9448610026 3.9378174509 0.0000000000
9.5165000331 1.3500000000 3.7882726255 2.9417478052 3.9361233925 0.0000000000
9.5174539549 1.3500000000 3.7881859837 2.9384682368 3.9344649980 0.0000000000
9.5182953468 1.3500000000 3.7881578671 2.9349918251 3.9329619671 0.0000000000
9.5190618062 1.3500000000 3.7881561792 2.9314082363 3.9315217797 0.0000000000
9.5197626415 1.3500000000 3.7881965423 2.9277429034 3.9302170992 0.0000000000
9.5203850948 1.3500000000 3.7882675980 2.9239935216 3.9290015691 0.0000000000
9.5209401381 1.3500000000 3.7883759444 2.9201843791 3.9279112977 0.0000000000
9.5214306862 1.3500000000 3.7885009608 2.9163227784 3.9268667229 0.0000000000
9.5218812882 1.3500000000 3.7886440274 2.9124346771 3.9258837488 0.0000000000
9.5222899768 1.3500000000 3.7888049191 2.9085224554 3.9249624270 0.0000000000
9.5226458545 1.3500000000 3.7889803745 2.9045815172 3.9240878734 0.0000000000
9.5229826769 1.3500000000 3.7891683402 2.9006333763 3.9232604797 0.0000000000
9.5232921422 1.3500000000 3.7893697220 2.8966759075 3.9224830195 0.0000000000
9.5235764814 1.3500000000 3.7895801421 2.8927095911 3.9217381733 0.0000000000
9.5238408178 1.3500000000 3.7897969474 2.8887367542 3.9210162598 0.0000000000
9.5240844260 1.3500000000 3.7900179979 2.8847569274 3.9203085311 0.0000000000
9.5243111913 1.3500000000 3.7902468713 2.8807732650 3.9196305597 0.0000000000
9.5245192577 1.3500000000 3.7904910254 2.8767894414 3.9190136467 0.0000000000
9.5247063119 1.3500000000 3.7907326950 2.8727981079 3.9183837915 0.0000000000
9.5248831830 1.3500000000 3.7909895852 2.8688098914 3.9178160659 0.0000000000
9.5250483136 1.3500000000 3.7912474589 2.8648186613 3.9172510687 0.0000000000
9.5252034921 1.3500000000 3.7915052738 2.8608249619 3.9166848484 0.0000000000
9.5253496797 1.3500000000 3.7917713149 2.8568321570 3.9161518909 0.0000000000
9.5254865745 1.3500000000 3.7920343221 2.8528360426 3.9156054740 0.0000000000
9.5256145525 1.3500000000 3.7922859666 2.8488338777 3.9150111862 0.0000000000
9.5257320996 1.3500000000 3.7925400195 2.8448303092 3.9144259701 0.0000000000
9.5258425013 1.3500000000 3.7927940462 2.8408254485 3.9138401325 0.0000000000
9.5259457435 1.3500000000 3.7930549742 2.8368224412 3.9132826418 0.0000000000
9.5260429609 1.3500000000 3.7933127018 2.8328172215 3.9127114641 0.0000000000
9.5261359799 1.3500000000 3.7935847994 2.8288174781 3.9121999572 0.0000000000
9.5262241929 1.3500000000 3.7938428519 2.8248110794 3.9116296077 0.0000000000
9.5263073762 1.3500000000 3.7941031430 2.8208050305 3.9110683525 0.0000000000
9.5263860415 1.3500000000 3.7943676046 2.8168000425 3.9105242040 0.0000000000
9.5264596411 1.3500000000 3.7946286308 2.8127930813 3.9099655244 0.0000000000
9.5265282449 1.3500000000 3.7948893057 2.8087855737 3.9094052209 0.0000000000
9.5265926960 1.3500000000 3.7951559676 2.8047800908 3.9088696752 0.0000000000
9.5266539417 1.3500000000 3.7954215748 2.8007738011 3.9083295882 0.0000000000
9.5267120125 1.3500000000 3.7956910444 2.7967686876 3.9078054210 0.0000000000
9.5267679114 1.3500000000 3.7959576558 2.7927623061 3.9072693140 0.0000000000
9.5268213211 1.3500000000 3.7962308007 2.7887583528 3.9067603124 0.0000000000
9.5268719649 1.3500000000 3.7964958803 2.7847508332 3.9062176228 0.0000000000
9.5269198573 1.3500000000 3.7967692141 2.7807464908 3.9057092212 0.0000000000
9.5269645724 1.3500000000 3.7970231751 2.7767339912 3.9051200655 0.0000000000
9.5270070457 1.3500000000 3.7972773140 2.7727216079 3.9045316678 0.0000000000
9.5270474711 1.3500000000 3.7975181219 2.7687036566 3.9038877188 0.0000000000
9.5270859254 1.3500000000 3.7977657865 2.7646883258 3.9032722450 0.0000000000
9.5271232977 1.3500000000 3.7980198803 2.7606756194 3.9026835374 0.0000000000
9.5271591114 1.3500000000 3.7982708785 2.7566613536 3.9020818240 0.0000000000
9.5271934406 1.3500000000 3.7985180275 2.7526454927 3.9014640754 0.0000000000
9.5272258441 1.3500000000 3.7987630517 2.7486286344 3.9008374291 0.0000000000
9.5272567289 1.3500000000 3.7989965877 2.7446072384 3.9001630148 0.0000000000
9.5272861888 1.3500000000 3.7992388844 2.7405892547 3.8995250078 0.0000000000
9.5273142884 1.3500000000 3.7994790762 2.7365704329 3.8988782464 0.0000000000
9.5273413204 1.3500000000 3.7997130519 2.7325490314 3.8982055886 0.0000000000
9.5273672944 1.3500000000 3.7999610839 2.7285331123 3.8975913492 0.0000000000
9.5273920605 1.3500000000 3.8001963093 2.7245120467 3.8969238244 0.0000000000
9.5274156995 1.3500000000 3.8004370474 2.7204930067 3.8962791609 0.0000000000
9.5274382042 1.3500000000 3.8006759569 2.7164732364 3.8956268907 0.0000000000
9.5274597700 1.3500000000 3.8009139270 2.7124530837 3.8949707102 0.0000000000
9.5274804139 1.3500000000 3.8011397768 2.7084288241 3.8942644054 0.0000000000
9.5275002522 1.3500000000 3.8013751094 2.7044078686 3.8935973537 0.0000000000
9.5275192442 1.3500000000 3.8015953587 2.7003818326 3.8928679363 0.0000000000
9.5275375158 1.3500000000 3.8018290621 2.6963602520 3.8921941178 0.0000000000
9.5275552533 1.3500000000 3.8020522580 2.6923351261 3.8914768510 0.0000000000
9.5275723705 1.3500000000 3.8022569349 2.6883036691 3.8906829757 0.0000000000
9.5275890406 1.3500000000 3.8024783516 2.6842779337 3.8899583483 0.0000000000
9.5276051254 1.3500000000 3.8026832113 2.6802462705 3.8891651221 0.0000000000
9.5276208304 1.3500000000 3.8028996283 2.6762186639 3.8884197473 0.0000000000
9.5276359683 1.3500000000 3.8031025713 2.6721866728 3.8876187228 0.0000000000
9.5276506619 1.3500000000 3.8033083252 2.6681555375 3.8868292841 0.0000000000
9.5276649722 1.3500000000 3.8035040333 2.6641215429 3.8859985189 0.0000000000
9.5276788632 1.3500000000 3.8037104603 2.6600906898 3.8852118857 0.0000000000
9.5276924320 1.3500000000 3.8039157888 2.6560593026 3.8844206449 0.0000000000
9.5277055310 1.3500000000 3.8041139491 2.6520254499 3.8835997450 0.0000000000
9.5277184575 1.3500000000 3.8043129512 2.6479918484 3.8827823126 0.0000000000
9.5277309824 1.3500000000 3.8045169029 2.6439597707 3.8819852884 0.0000000000
9.5277433450 1.3500000000 3.8047100310 2.6399243777 3.8811436436 0.0000000000
9.5277554754 1.3500000000 3.8049153621 2.6358927633 3.8803523221 0.0000000000
9.5277674330 1.3500000000 3.8050976599 2.6318541976 3.8794660871 0.0000000000
9.5277792298 1.3500000000 3.8052832189 2.6278165874 3.8785932790 0.0000000000
9.5277909173 1.3500000000 3.8054685448 2.6237789178 3.8777195148 0.0000000000
9.5278026347 1.3500000000 3.8056465266 2.6197391569 3.8768155377 0.0000000000
9.5278143289 1.3500000000 3.8058330308 2.6157018284 3.8759466231 0.0000000000
9.5278263230 1.3500000000 3.8060049778 2.6116604466 3.8750178582 0.0000000000
9.5278386280 1.3500000000 3.8061845841 2.6076211604 3.8741205690 0.0000000000
9.5278517294 1.3500000000 3.8063601784 2.6035807880 3.8732067973 0.0000000000
9.5278661586 1.3500000000 3.8065344037 2.5995401272 3.8722874343 0.0000000000
9.5278840745 1.3500000000 3.8067186935 2.5955029997 3.8714097424 0.0000000000
9.5279233298 1.3500000000 3.8067950096 2.5938901659 3.8710698732 0.0000000000
9.5279479560 1.3500000000 3.8066393191 2.5976590665 3.8719546714 0.0000000000
9.5279573147 1.3500000000 3.8064493387 2.6018004160 3.8728512896 0.0000000000
9.5279684422 1.3500000000 3.8062654715 2.6057795190 3.8737074623 0.0000000000
9.5279766212 1.3500000000 3.8060746737 2.6098396588 3.8745683267 0.0000000000
9.5279847712 1.3500000000 3.8058769427 2.6138736831 3.8753910124 0.0000000000
9.5279927524 1.3500000000 3.8056720033 2.6179002731 3.8761818910 0.0000000000
9.5280004714 1.3500000000 3.8054550846 2.6219298034 3.8769260282 0.0000000000
9.5280082430 1.3500000000 3.8052199826 2.6259518519 3.8775944397 0.0000000000
9.5280162691 1.3500000000 3.8049729305 2.6299686118 3.8782129353 0.0000000000
9.5280247262 1.3500000000 3.8047101407 2.6339795429 3.8787661484 0.0000000000
9.5280338519 1.3500000000 3.8044015886 2.6379701678 3.8791281900 0.0000000000
9.5280441390 1.3500000000 3.8040497406 2.6419372310 3.8793076233 0.0000000000
9.5280564467 1.3500000000 3.8036328293 2.6458685023 3.8792124865 0.0000000000
9.5280735949 1.3500000000 3.8030523928 2.6496507765 3.8784036504 0.0000000000
9.5281109995 1.3500000000 3.8018610446 2.6517628807 3.8744830992 0.0000000000
9.5281435277 1.3500000000 3.8008954093 2.6485412937 3.8693319231 0.0000000000
9.5281669307 1.3500000000 3.8002717205 2.6447886073 3.8653360935 0.0000000000
9.5281887034 1.3500000000 3.7997509218 2.6409391718 3.8617131244 0.0000000000
9.5282108661 1.3500000000 3.7992532748 2.6370704284 3.8581750389 0.0000000000
9.5282351452 1.3500000000 3.7987791255 2.6331833190 3.8547235981 0.0000000000
9.5282627224 1.3500000000 3.7982819466 2.6293144333 3.8511873284 0.0000000000
9.5282956576 1.3500000000 3.7977574405 2.6254685856 3.8475509649 0.0000000000
9.5283369735 1.3500000000 3.7971681759 2.6216825190 3.8436794795 0.0000000000
9.5283904701 1.3500000000 3.7964772981 2.6180073401 3.8394458968 0.0000000000
9.5284628368 1.3500000000 3.7956689437 2.6144878922 3.8348047002 0.0000000000
9.5285668780 1.3500000000 3.7947423901 2.6111645374 3.8297691440 0.0000000000
9.5287288014 1.3500000000 3.7936539052 2.6081816468 3.8242220482 0.0000000000
9.5290072789 1.3500000000 3.7923400000 2.6059250000 3.8180637685 0.0000000000
9.5290333766 1.3500000000 3.7922400000 2.6057750000 3.8176037685 0.0000000000
9.5311736009 1.3500000000 3.7867953882 2.6031308147 3.7947676470 0.0000000000
9.5334369783 1.3500000000 3.7815242258 2.6066851968 3.7751047505 0.0000000000
9.5349680900 1.3500000000 3.7772391008 2.6162981615 3.7618094365 0.0000000000
9.5359979112 1.3500000000 3.7737916543 2.6282374640 3.7527953711 0.0000000000
9.5367669439 1.3500000000 3.7708796239 2.6411621707 3.7463171322 0.0000000000
9.5373784236 1.3500000000 3.7682656640 2.6545299871 3.7412084194 0.0000000000
9.5378916957 1.3500000000 3.7658851053 2.6681945407 3.7371520061 0.0000000000
9.5383348335 1.3500000000 3.7636703808 2.6820470282 3.7338341031 0.0000000000
9.5387293089 1.3500000000 3.7616258426 2.6960720568 3.7312659614 0.0000000000
9.5390822947 1.3500000000 3.7596154535 2.7101339898 3.7288491786 0.0000000000
9.5394087272 1.3500000000 3.7577336650 2.7243113702 3.7269929766 0.0000000000
9.5397107562 1.3500000000 3.7559086680 2.7385381732 3.7253837097 0.0000000000
9.5399944253 1.3500000000 3.7541212105 2.7527971434 3.7239374679 0.0000000000
9.5402648802 1.3500000000 3.7523931122 2.7671032066 3.7227474998 0.0000000000
9.5405241998 1.3500000000 3.7507014237 2.7814379655 3.7217146495 0.0000000000
9.5407741777 1.3500000000 3.7490196484 2.7957808899 3.7207247180 0.0000000000
9.5410182470 1.3500000000 3.7473659223 2.8101448321 3.7198553907 0.0000000000
9.5412584248 1.3500000000 3.7457191147 2.8245142015 3.7190159080 0.0000000000
9.5414962743 1.3500000000 3.7440667280 2.8388797709 3.7181525890 0.0000000000
9.5417338719 1.3500000000 3.7424073457 2.8532403366 3.7172592861 0.0000000000
9.5419743625 1.3500000000 3.7407310349 2.8675882975 3.7162932272 0.0000000000
9.5422204559 1.3500000000 3.7390255295 2.8819142335 3.7152015799 0.0000000000
9.5424748021 1.3500000000 3.7372725357 2.8962032914 3.7139052278 0.0000000000
9.5427414787 1.3500000000 3.7354538716 2.9104396138 3.7123251002 0.0000000000
9.5430273032 1.3500000000 3.7335582186 2.9246108353 3.7104109770 0.0000000000
9.5433383829 1.3500000000 3.7315232144 2.9386572502 3.7078895261 0.0000000000
9.5436947697 1.3500000000 3.7292880417 2.9525049087 3.7044878989 0.0000000000
9.5441239350 1.3500000000 3.7267248034 2.9659777779 3.6996240934 0.0000000000
9.5447195543 1.3500000000 3.7234387861 2.9783646998 3.6914347928 0.0000000000
9.5458089900 1.3500000000 3.7183134641 2.9826508432 3.6726479623 0.0000000000
9.5467205281 1.3500000000 3.7149236329 2.9707207834 3.6543166133 0.0000000000
9.5473410637 1.3500000000 3.7130457232 2.9566120460 3.6411614799 0.0000000000
9.5478603289 1.3500000000 3.7117016820 2.9420929643 3.6299776822 0.0000000000
9.5483344169 1.3500000000 3.7105686810 2.9274529976 3.6195896915 0.0000000000
9.5487687767 1.3500000000 3.7096445159 2.9127131109 3.6099970763 0.0000000000
9.5491815377 1.3500000000 3.7088502488 2.8979217895 3.6009034796 0.0000000000
9.5495763764 1.3500000000 3.7081463809 2.8830991088 3.5921589356 0.0000000000
9.5499561827 1.3500000000 3.7075315761 2.8682490230 3.5837596820 0.0000000000
9.5503213090 1.3500000000 3.7069707638 2.8533833223 3.5755701526 0.0000000000
9.5506744600 1.3500000000 3.7063981118 2.8385186298 3.5673336675 0.0000000000
9.5510061094 1.3500000000 3.7058614701 2.8236424377 3.5592366241 0.0000000000
9.5513212697 1.3500000000 3.7053627261 2.8087557809 3.5512869853 0.0000000000
9.5516183479 1.3500000000 3.7048924469 2.7938609994 3.5434479561 0.0000000000
9.5519064232 1.3500000000 3.7044465481 2.7789604285 3.5357041322 0.0000000000
9.5521879335 1.3500000000 3.7040294091 2.7640538726 3.5280729539 0.0000000000
9.5524700659 1.3500000000 3.7036466789 2.7491416202 3.5205771320 0.0000000000
9.5527531931 1.3500000000 3.7032794301 2.7342270466 3.5131423077 0.0000000000
9.5530394687 1.3500000000 3.7029337957 2.7193096366 3.5057928059 0.0000000000
9.5533278340 1.3500000000 3.7026032367 2.7043903220 3.4985028440 0.0000000000
9.5536196609 1.3500000000 3.7023015458 2.6894676278 3.4913270027 0.0000000000
9.5539193167 1.3500000000 3.7020117765 2.6745444150 3.4841986404 0.0000000000
9.5542154673 1.3500000000 3.7016987598 2.6596236967 3.4769782862 0.0000000000
9.5545102463 1.3500000000 3.7013986044 2.6447011639 3.4698086516 0.0000000000
9.5548036080 1.3500000000 3.7011067832 2.6297774161 3.4626718679 0.0000000000
9.5550968957 1.3500000000 3.7008268482 2.6148522510 3.4555820619 0.0000000000
9.5553888791 1.3500000000 3.7005550219 2.5999259774 3.4485242470 0.0000000000
9.5556754400 1.3500000000 3.7002872063 2.5849985971 3.4414820327 0.0000000000
9.5559600778 1.3500000000 3.7000219669 2.5700706941 3.4344499136 0.0000000000
9.5562470325 1.3500000000 3.6997691972 2.5551417246 3.4274672472 0.0000000000
9.5565253464 1.3500000000 3.6995091907 2.5402125024 3.4204555323 0.0000000000
9.5568063727 1.3500000000 3.6992723346 2.5252812000 3.4135355870 0.0000000000
9.5570798575 1.3500000000 3.6990290420 2.5103496597 3.4065898002 0.0000000000
9.5573554646 1.3500000000 3.6987987381 2.4954170926 3.3996955578 0.0000000000
9.5576340074 1.3500000000 3.6985656138 2.4804851262 3.3927902744 0.0000000000
9.5579053326 1.3500000000 3.6983448858 2.4655511515 3.3859337724 0.0000000000
9.5581764140 1.3500000000 3.6981113087 2.4506183675 3.3790263502 0.0000000000
9.5584424171 1.3500000000 3.6978870978 2.4356841289 3.3721558114 0.0000000000
9.5587110240 1.3500000000 3.6976698711 2.4207495629 3.3653130780 0.0000000000
9.5589804657 1.3500000000 3.6974530431 2.4058150306 3.3584719531 0.0000000000
9.5592390738 1.3500000000 3.6972396697 2.3908789747 3.3516440372 0.0000000000
9.5595023695 1.3500000000 3.6970301262 2.3759432727 3.3448315823 0.0000000000
9.5597676010 1.3500000000 3.6968108365 2.3610085424 3.3379805315 0.0000000000
9.5600213923 1.3500000000 3.6965696503 2.3460746318 3.3310422222 0.0000000000
9.5602787330 1.3500000000 3.6963433310 2.3311396474 3.3241629514 0.0000000000
9.5605353082 1.3500000000 3.6961231755 2.3162040136 3.3173080761 0.0000000000
9.5607814882 1.3500000000 3.6958846343 2.3012690667 3.3103799322 0.0000000000
9.5610360292 1.3500000000 3.6956611495 2.2863335004 3.3035117666 0.0000000000
9.5612847037 1.3500000000 3.6954291257 2.2713981638 3.2966095368 0.0000000000
9.5615279912 1.3500000000 3.6952009881 2.2564618872 3.2897224756 0.0000000000
9.5617705861 1.3500000000 3.6949772068 2.2415251402 3.2828526518 0.0000000000
9.5620088100 1.3500000000 3.6947414727 2.2265890794 3.2759352911 0.0000000000
9.5622469631 1.3500000000 3.6945151932 2.2116521078 3.2690553843 0.0000000000
9.5624860171 1.3500000000 3.6942920444 2.1967149718 3.2621879347 0.0000000000
9.5627209806 1.3500000000 3.6940676650 2.1817775308 3.2553154407 0.0000000000
9.5629520041 1.3500000000 3.6938389473 2.1668400693 3.2484255854 0.0000000000
9.5631825645 1.3500000000 3.6936127020 2.1519023392 3.2415455122 0.0000000000
9.5634083870 1.3500000000 3.6933891408 2.1369639039 3.2346758931 0.0000000000
9.5636335178 1.3500000000 3.6931586787 2.1220260512 3.2277789037 0.0000000000
9.5638552419 1.3500000000 3.6929291688 2.1070877940 3.2208855614 0.0000000000
9.5640778225 1.3500000000 3.6927076718 2.0921488800 3.2140240076 0.0000000000
9.5642958701 1.3500000000 3.6924782387 2.0772102859 3.2071308378 0.0000000000
9.5645114078 1.3500000000 3.6922555148 2.0622708477 3.2002641667 0.0000000000
9.5647231403 1.3500000000 3.6920335140 2.0473309895 3.1934002205 0.0000000000
9.5649349943 1.3500000000 3.6917760649 2.0323947423 3.1863959249 0.0000000000
9.5651483972 1.3500000000 3.6915255424 2.0174578328 3.1794190711 0.0000000000
9.5653581420 1.3500000000 3.6912687338 2.0025212798 3.1724172154 0.0000000000
9.5655681002 1.3500000000 3.6910179873 1.9875840928 3.1654393548 0.0000000000
9.5657711442 1.3500000000 3.6907599750 1.9726470825 3.1584325014 0.0000000000
9.5659763485 1.3500000000 3.6905020131 1.9577102625 3.1514259259 0.0000000000
9.5661811209 1.3500000000 3.6902459200 1.9427731932 3.1444267257 0.0000000000
9.5663822669 1.3500000000 3.6899922741 1.9278355492 3.1374370845 0.0000000000
9.5665843389 1.3500000000 3.6897472408 1.9128971043 3.1304815735 0.0000000000
9.5667812190 1.3500000000 3.6894808874 1.8979604953 3.1234415162 0.0000000000
9.5669743467 1.3500000000 3.6892242241 1.8830225027 3.1164396660 0.0000000000
9.5671730834 1.3500000000 3.6889779490 1.8680839453 3.1094791427 0.0000000000
9.5673636472 1.3500000000 3.6887298404 1.8531448757 3.1025110805 0.0000000000
9.5675574087 1.3500000000 3.6884719937 1.8382071333 3.0955045968 0.0000000000
9.5677460712 1.3500000000 3.6882302056 1.8232672887 3.0885615063 0.0000000000
9.5679362385 1.3500000000 3.6879804980 1.8083283425 3.0815870976 0.0000000000
9.5681230672 1.3500000000 3.6877256850 1.7933896615 3.0745923733 0.0000000000
9.5683106818 1.3500000000 3.6874751775 1.7784506154 3.0676147247 0.0000000000
9.5684954152 1.3500000000 3.6872268161 1.7635111323 3.0606454860 0.0000000000
9.5686772980 1.3500000000 3.6869835203 1.7485708690 3.0536961974 0.0000000000
9.5688574494 1.3500000000 3.6867049674 1.7336343700 3.0466073862 0.0000000000
9.5690349515 1.3500000000 3.6864225288 1.7186981475 3.0395031427 0.0000000000
9.5692138112 1.3500000000 3.6861248486 1.7037638498 3.0323387030 0.0000000000
9.5693861541 1.3500000000 3.6858430378 1.6888271290 3.0252367714 0.0000000000
9.5695575679 1.3500000000 3.6855762981 1.6738886174 3.0181944077 0.0000000000
9.5697271805 1.3500000000 3.6852963103 1.6589514707 3.0110995979 0.0000000000
9.5698940023 1.3500000000 3.6850247050 1.6440131997 3.0040378682 0.0000000000
9.5700584779 1.3500000000 3.6847521163 1.6290748886 2.9969721891 0.0000000000
9.5702230426 1.3500000000 3.6844675813 1.6141379271 2.9898592644 0.0000000000
9.5703833237 1.3500000000 3.6842025901 1.5991984644 2.9828235148 0.0000000000
9.5705426610 1.3500000000 3.6839335839 1.5842593912 2.9757718607 0.0000000000
9.5706997816 1.3500000000 3.6836563187 1.5693211225 2.9686874922 0.0000000000
9.5708548279 1.3500000000 3.6833834179 1.5543822189 2.9616203277 0.0000000000
9.5710079525 1.3500000000 3.6831120785 1.5394430102 2.9545592865 0.0000000000
9.5711592509 1.3500000000 3.6828403236 1.5245037347 2.9474965568 0.0000000000
9.5713085805 1.3500000000 3.6825597155 1.5095653342 2.9403987641 0.0000000000
9.5714555289 1.3500000000 3.6822925442 1.4946252363 2.9333540398 0.0000000000
9.5716011712 1.3500000000 3.6819994205 1.4796881422 2.9262067076 0.0000000000
9.5717449148 1.3500000000 3.6816945073 1.4647524601 2.9190127817 0.0000000000
9.5718860898 1.3500000000 3.6813915066 1.4498162690 2.9118263026 0.0000000000
9.5720252309 1.3500000000 3.6810929687 1.4348794203 2.9046574116 0.0000000000
9.5721622816 1.3500000000 3.6807998396 1.4199418253 2.8975098572 0.0000000000
9.5722976023 1.3500000000 3.6804989587 1.4050050914 2.8903316399 0.0000000000
9.5724311601 1.3500000000 3.6802004014 1.3900679450 2.8831625520 0.0000000000
9.5725623348 1.3500000000 3.6799008922 1.3751307943 2.8759896551 0.0000000000
9.5726913777 1.3500000000 3.6796120887 1.3601922215 2.8688590120 0.0000000000
9.5728188410 1.3500000000 3.6793207169 1.3452538699 2.8617181841 0.0000000000
9.5729449124 1.3500000000 3.6790204708 1.3303165240 2.8545422612 0.0000000000
9.5730695979 1.3500000000 3.6787291319 1.3153779946 2.8474014939 0.0000000000
9.5731928929 1.3500000000 3.6784338408 1.3004398705 2.8402450797 0.0000000000
9.5733148161 1.3500000000 3.6781363509 1.2855020659 2.8330799983 0.0000000000
9.5734352068 1.3500000000 3.6778415078 1.2705637198 2.8259252876 0.0000000000
9.5735543347 1.3500000000 3.6775551209 1.2556243397 2.8188039880 0.0000000000
9.5736722179 1.3500000000 3.6772562636 1.2406863579 2.8116333661 0.0000000000
9.5737891840 1.3500000000 3.6769676370 1.2257471328 2.8045031696 0.0000000000
9.5739055543 1.3500000000 3.6766256087 1.2108149215 2.7971621720 0.0000000000
9.5740206571 1.3500000000 3.6762805695 1.1958830815 2.7898092790 0.0000000000
9.5741342794 1.3500000000 3.6759683858 1.1809466540 2.7825859733 0.0000000000
9.5742468641 1.3500000000 3.6756441698 1.1660117714 2.7753151563 0.0000000000
9.5743583934 1.3500000000 3.6753274690 1.1510757972 2.7680739633 0.0000000000
9.5744688335 1.3500000000 3.6750273245 1.1361376924 2.7608981434 0.0000000000
9.5745786125 1.3500000000 3.6747065508 1.1212021849 2.7536408458 0.0000000000
9.5746872086 1.3500000000 3.6743783130 1.1062676291 2.7463540721 0.0000000000
9.5747946832 1.3500000000 3.6740814203 1.0913289548 2.7391910318 0.0000000000
9.5749016456 1.3500000000 3.6737631789 1.0763930162 2.7319436907 0.0000000000
9.5750080373 1.3500000000 3.6734430597 1.0614573553 2.7246889496 0.0000000000
9.5751136080 1.3500000000 3.6731408970 1.0465192200 2.7175050444 0.0000000000
9.5752189744 1.3500000000 3.6728352932 1.0315815193 2.7103075491 0.0000000000
9.5753236343 1.3500000000 3.6725247428 1.0166444279 2.7030905108 0.0000000000
9.5754278878 1.3500000000 3.6722123351 1.0017075683 2.6958661363 0.0000000000
9.5755321542 1.3500000000 3.6718978367 0.9867711557 2.6886335777 0.0000000000
9.5756366312 1.3500000000 3.6715564259 0.9718382966 2.6812947909 0.0000000000
9.5757409964 1.3500000000 3.6712200034 0.9569046979 2.6739756614 0.0000000000
9.5758459641 1.3500000000 3.6708757424 0.9419722343 2.6666256320 0.0000000000
9.5759516563 1.3500000000 3.6705364020 0.9270392209 2.6592950647 0.0000000000
9.5760586244 1.3500000000 3.6702181016 0.9121032394 2.6520474708 0.0000000000
9.5761678921 1.3500000000 3.6698490872 0.8971748010 2.6446000377 0.0000000000
9.5762793049 1.3500000000 3.6695044353 0.8822428763 2.6372486602 0.0000000000
9.5763946104 1.3500000000 3.6691907243 0.8673067739 2.6300193752 0.0000000000
9.5765161762 1.3500000000 3.6688729217 0.8523714947 2.6227740532 0.0000000000
9.5766475319 1.3500000000 3.6685376005 0.8374392630 2.6154598758 0.0000000000
9.5767959696 1.3500000000 3.6682317812 0.8225041100 2.6082625374 0.0000000000
9.5769881343 1.3500000000 3.6679341166 0.8075714579 2.6010988182 0.0000000000
9.5774631831 1.3500000000 3.6679904256 0.8044180028 2.6000626720 0.0000000000
9.5776355799 1.3500000000 3.6683965091 0.8193362731 2.6076543141 0.0000000000
9.5777459981 1.3500000000 3.6687752736 0.8342630477 2.6151400820 0.0000000000
9.5778341050 1.3500000000 3.6691675166 0.8491885943 2.6226792724 0.0000000000
9.5779099306 1.3500000000 3.6695510613 0.8641161024 2.6301844546 0.0000000000
9.5779793466 1.3500000000 3.6699250937 0.8790453740 2.6376522929 0.0000000000
9.5780454810 1.3500000000 3.6703125979 0.8939725975 2.6451731989 0.0000000000
9.5781107844 1.3500000000 3.6707433181 0.9088924294 2.6528640126 0.0000000000
9.5781785729 1.3500000000 3.6711403929 0.9238170014 2.6604221408 0.0000000000
9.5783111767 1.3500000000 3.6714384134 0.9338570135 2.6656302275 0.0000000000
9.5783714573 1.3500000000 3.6710926488 0.9191822684 2.6583772712 0.0000000000
9.5784279484 1.3500000000 3.6707074965 0.9042515403 2.6508643706 0.0000000000
9.5785108813 1.3500000000 3.6703386284 0.8893218629 2.6434170273 0.0000000000
9.5785945161 1.3500000000 3.6700024335 0.8743875105 2.6360985067 0.0000000000
9.5786772357 1.3500000000 3.6696741095 0.8594520238 2.6288110158 0.0000000000
9.5787602332 1.3500000000 3.6693289189 0.8445188944 2.6214570019 0.0000000000
9.5788431574 1.3500000000 3.6689900821 0.8295848839 2.6141280504 0.0000000000
9.5789254357 1.3500000000 3.6686567326 0.8146500484 2.6068207183 0.0000000000
9.5790077787 1.3500000000 3.6683275212 0.7997145641 2.5995296790 0.0000000000
9.5790894628 1.3500000000 3.6679887155 0.7847804848 2.5922008246 0.0000000000
9.5791705277 1.3500000000 3.6676635240 0.7698445156 2.5849256709 0.0000000000
9.5792511606 1.3500000000 3.6673292869 0.7549097716 2.5776148247 0.0000000000
9.5793311505 1.3500000000 3.6670035994 0.7399738510 2.5703377065 0.0000000000
9.5794109114 1.3500000000 3.6666415983 0.7250430902 2.5629173977 0.0000000000
9.5794898506 1.3500000000 3.6662790391 0.7101123996 2.5554948846 0.0000000000
9.5795681762 1.3500000000 3.6659252306 0.6951804482 2.5481068703 0.0000000000
9.5796457466 1.3500000000 3.6655678566 0.6802489449 2.5407047729 0.0000000000
9.5797226098 1.3500000000 3.6652113201 0.6653172878 2.5333059640 0.0000000000
9.5797988217 1.3500000000 3.6648382739 0.6503880526 2.5258420852 0.0000000000
9.5798742345 1.3500000000 3.6644817861 0.6354563957 2.5184434713 0.0000000000
9.5799489146 1.3500000000 3.6641238790 0.6205249358 2.5110392589 0.0000000000
9.5800229660 1.3500000000 3.6637633768 0.6055938794 2.5036248275 0.0000000000
9.5800961638 1.3500000000 3.6634156843 0.5906608415 2.4962608423 0.0000000000
9.5801684024 1.3500000000 3.6630694843 0.5757275337 2.4889027193 0.0000000000
9.5802400369 1.3500000000 3.6627003098 0.5607979029 2.4814541688 0.0000000000
9.5803107206 1.3500000000 3.6623688738 0.5458624618 2.4741542484 0.0000000000
9.5803810017 1.3500000000 3.6620286379 0.5309281496 2.4668195799 0.0000000000
9.5804508936 1.3500000000 3.6616653231 0.5159974560 2.4593940432 0.0000000000
9.5805196798 1.3500000000 3.6612921884 0.5010681546 2.4519297840 0.0000000000
9.5805876920 1.3500000000 3.6609178884 0.4861390034 2.4444609236 0.0000000000
9.5806548944 1.3500000000 3.6605524357 0.4712083768 2.4370268621 0.0000000000
9.5807213845 1.3500000000 3.6601880616 0.4562775128 2.4295970202 0.0000000000
9.5807873671 1.3500000000 3.6598164561 0.4413478151 2.4221387188 0.0000000000
9.5808524680 1.3500000000 3.6594520502 0.4264171111 2.4147088139 0.0000000000
9.5809167420 1.3500000000 3.6590951793 0.4114851726 2.4073085548 0.0000000000
9.5809804569 1.3500000000 3.6587273795 0.3965550675 2.3998653134 0.0000000000
9.5810434212 1.3500000000 3.6583674042 0.3816236116 2.3924528300 0.0000000000
9.5811057498 1.3500000000 3.6580191922 0.3666903955 2.3850866954 0.0000000000
9.5811672745 1.3500000000 3.6576656585 0.3517579656 2.3776995886 0.0000000000
9.5812280849 1.3500000000 3.6573079900 0.3368261629 2.3702961935 0.0000000000
9.5812881698 1.3500000000 3.6569598855 0.3218929051 2.3629304725 0.0000000000
9.5813479475 1.3500000000 3.6565715966 0.3069656235 2.3554064044 0.0000000000
9.5814069273 1.3500000000 3.6561899260 0.2920373494 2.3479084121 0.0000000000
9.5814653075 1.3500000000 3.6558029231 0.2771099205 2.3403894290 0.0000000000
9.5815230063 1.3500000000 3.6554139687 0.2621830636 2.3328628686 0.0000000000
9.5815801538 1.3500000000 3.6550298947 0.2472552458 2.3253554455 0.0000000000
9.5816365797 1.3500000000 3.6546401896 0.2323284441 2.3178259045 0.0000000000
9.5816926737 1.3500000000 3.6542134762 0.2174078117 2.3101507981 0.0000000000
9.5817477443 1.3500000000 3.6538346114 0.2024791522 2.3026638750 0.0000000000
9.5818022630 1.3500000000 3.6534799502 0.1875466284 2.2952722205 0.0000000000
9.5818561347 1.3500000000 3.6531149317 0.1726156954 2.2878397733 0.0000000000
9.5819094094 1.3500000000 3.6527423963 0.1576859563 2.2803777363 0.0000000000
9.5819621479 1.3500000000 3.6523879175 0.1427532574 2.2729867413 0.0000000000
9.5820142131 1.3500000000 3.6520316507 0.1278208191 2.2655886990 0.0000000000
9.5820659613 1.3500000000 3.6516431130 0.1128936222 2.2580636694 0.0000000000
9.5821172083 1.3500000000 3.6512455471 0.0979680296 2.2505031687 0.0000000000
9.5821680440 1.3500000000 3.6508368079 0.0830442429 2.2428986973 0.0000000000
9.5822184347 1.3500000000 3.6504530079 0.0681161350 2.2353922542 0.0000000000
9.5822685429 1.3500000000 3.6500646758 0.0531887837 2.2278679851 0.0000000000
9.5823181601 1.3500000000 3.6496683580 0.0382628417 2.2203123371 0.0000000000
9.5823673043 1.3500000000 3.6492812131 0.0233353971 2.2127927799 0.0000000000
9.5824160058 1.3500000000 3.6489035464 0.0084065290 2.2053105657 0.0000000000
9.5824640175 1.3500000000 3.6485190190 -0.0065212599 2.1978013406 0.0000000000
9.5825111671 1.3500000000 3.6481379431 -0.0214496884 2.1903056655 0.0000000000
9.5825574812 1.3500000000 3.6477750510 -0.0363809338 2.1828815989 0.0000000000
9.5826032776 1.3500000000 3.6474022365 -0.0513107331 2.1754184211 0.0000000000
9.5826485611 1.3500000000 3.6470350827 -0.0662414017 2.1679775384 0.0000000000
9.5826934992 1.3500000000 3.6466262163 -0.0811653614 2.1603724890 0.0000000000
9.5827378826 1.3500000000 3.6462113125 -0.0960883951 2.1527436605 0.0000000000
9.5827817100 1.3500000000 3.6458227523 -0.1110157023 2.1452184967 0.0000000000
9.5828251296 1.3500000000 3.6453990016 -0.1259370973 2.1375549358 0.0000000000
9.5828680454 1.3500000000 3.6449915652 -0.1408613795 2.1299554775 0.0000000000
9.5829103332 1.3500000000 3.6446067240 -0.1557892362 2.1224449701 0.0000000000
9.5829521646 1.3500000000 3.6442121730 -0.1707155701 2.1148962325 0.0000000000
9.5829936298 1.3500000000 3.6437924277 -0.1856373733 2.1072485298 0.0000000000
9.5830344781 1.3500000000 3.6434156025 -0.2005664830 2.0997695853 0.0000000000
9.5830748768 1.3500000000 3.6430351336 -0.2154950072 2.0922763001 0.0000000000
9.5831148400 1.3500000000 3.6426535035 -0.2304233673 2.0847784357 0.0000000000
9.5831543626 1.3500000000 3.6422681767 -0.2453511659 2.0772660088 0.0000000000
9.5831934088 1.3500000000 3.6418897320 -0.2602800647 2.0697806705 0.0000000000
9.5832321893 1.3500000000 3.6414525472 -0.2751991513 2.0620642969 0.0000000000
9.5832704829 1.3500000000 3.6410430418 -0.2901228760 2.0544567852 0.0000000000
9.5833084019 1.3500000000 3.6406214877 -0.3050446025 2.0468018784 0.0000000000
9.5833460382 1.3500000000 3.6401540006 -0.3199579567 2.0389665883 0.0000000000
9.5833829942 1.3500000000 3.6397714044 -0.3348864230 2.0314648170 0.0000000000
9.5834196223 1.3500000000 3.6393574205 -0.3498093684 2.0238397031 0.0000000000
9.5834558892 1.3500000000 3.6389199067 -0.3647281887 2.0161221197 0.0000000000
9.5834915535 1.3500000000 3.6385348318 -0.3796562062 2.0086106133 0.0000000000
9.5835267868 1.3500000000 3.6381567127 -0.3945856009 2.0011263791 0.0000000000
9.5835617183 1.3500000000 3.6377571191 -0.4095110029 1.9935578437 0.0000000000
9.5835960847 1.3500000000 3.6373915265 -0.4244421314 1.9861230219 0.0000000000
9.5836302779 1.3500000000 3.6370047363 -0.4393698215 1.9786047852 0.0000000000
9.5836641556 1.3500000000 3.6365339857 -0.4542825115 1.9707567068 0.0000000000
9.5836976056 1.3500000000 3.6360987209 -0.4692017225 1.9630479633 0.0000000000
9.5837306797 1.3500000000 3.6356586804 -0.4841200009 1.9553204895 0.0000000000
9.5837634060 1.3500000000 3.6352216816 -0.4990389496 1.9476049149 0.0000000000
9.5837956650 1.3500000000 3.6348205473 -0.5139642197 1.9400302698 0.0000000000
9.5838276291 1.3500000000 3.6343872022 -0.5288838122 1.9323290523 0.0000000000
9.5838592139 1.3500000000 3.6339753097 -0.5438071476 1.9247121482 0.0000000000
9.5838903413 1.3500000000 3.6335877289 -0.5587346837 1.9171908106 0.0000000000
9.5839212032 1.3500000000 3.6331951853 -0.5736610593 1.9096500858 0.0000000000
9.5839517618 1.3500000000 3.6327770657 -0.5885838617 1.9020084867 0.0000000000
9.5839819542 1.3500000000 3.6323799600 -0.6035098464 1.8944496700 0.0000000000
9.5840118126 1.3500000000 3.6319711174 -0.6184339545 1.8868446562 0.0000000000
9.5840414859 1.3500000000 3.6315115901 -0.6333486369 1.8790406744 0.0000000000
9.5840707656 1.3500000000 3.6310681949 -0.6482666540 1.8712998865 0.0000000000
9.5840997149 1.3500000000 3.6306348358 -0.6631867694 1.8635984039 0.0000000000
9.5841283657 1.3500000000 3.6302056746 -0.6781074486 1.8559134874 0.0000000000
9.5841566863 1.3500000000 3.6297969945 -0.6930314141 1.8483091807 0.0000000000
9.5841847849 1.3500000000 3.6293496531 -0.7079484728 1.8405529918 0.0000000000
9.5842124623 1.3500000000 3.6289274597 -0.7228701004 1.8328955672 0.0000000000
9.5842398742 1.3500000000 3.6285328547 -0.7377962861 1.8253466727 0.0000000000
9.5842669702 1.3500000000 3.6281272500 -0.7527207879 1.8177544532 0.0000000000
9.5842937724 1.3500000000 3.6277095070 -0.7676431153 1.8101145503 0.0000000000
9.5843203038 1.3500000000 3.6273091789 -0.7825684150 1.8025431179 0.0000000000
9.5843465952 1.3500000000 3.6268774251 -0.7974882174 1.7948481821 0.0000000000
9.5843726034 1.3500000000 3.6264161144 -0.8124024377 1.7870372508 0.0000000000
9.5843983388 1.3500000000 3.6259632089 -0.8273181459 1.7792593457 0.0000000000
9.5844237942 1.3500000000 3.6254999449 -0.8422319581 1.7714407649 0.0000000000
9.5844488676 1.3500000000 3.6250769827 -0.8571531697 1.7637804312 0.0000000000
9.5844737452 1.3500000000 3.6246583050 -0.8720751684 1.7561369211 0.0000000000
9.5844983418 1.3500000000 3.6242091318 -0.8869916831 1.7483736223 0.0000000000
9.5845226462 1.3500000000 3.6237804129 -0.9019112796 1.7406909082 0.0000000000
9.5845466866 1.3500000000 3.6233918310 -0.9168387158 1.7331656063 0.0000000000
9.5845704165 1.3500000000 3.6229662978 -0.9317594114 1.7254951953 0.0000000000
9.5845938966 1.3500000000 3.6225669916 -0.9466846452 1.7179278768 0.0000000000
9.5846171446 1.3500000000 3.6221747264 -0.9616116365 1.7103880195 0.0000000000
9.5846402179 1.3500000000 3.6217026889 -0.9765236636 1.7025350586 0.0000000000
9.5846630113 1.3500000000 3.6212265665 -0.9914348970 1.6946660756 0.0000000000
9.5846855829 1.3500000000 3.6207361915 -1.0063434561 1.6867411520 0.0000000000
9.5847079125 1.3500000000 3.6202826888 -1.0212589620 1.6789609389 0.0000000000
9.5847299322 1.3500000000 3.6198467947 -1.0361770845 1.6712501135 0.0000000000
9.5847517599 1.3500000000 3.6194124518 -1.0510963833 1.6635450224 0.0000000000
9.5847733486 1.3500000000 3.6189516723 -1.0660104224 1.6557362888 0.0000000000
9.5847946163 1.3500000000 3.6185558756 -1.0809368829 1.6481825178 0.0000000000
9.5848157157 1.3500000000 3.6181451002 -1.0958603862 1.6405700148 0.0000000000
9.5848366250 1.3500000000 3.6177214759 -1.1107814972 1.6329070732 0.0000000000
9.5848572014 1.3500000000 3.6173348033 -1.1257090184 1.6253893745 0.0000000000
9.5848775968 1.3500000000 3.6169293645 -1.1406332281 1.6177979352 0.0000000000
9.5848978367 1.3500000000 3.6164466963 -1.1555428210 1.6099034254 0.0000000000
9.5849179327 1.3500000000 3.6159581883 -1.1704512610 1.6019860175 0.0000000000
9.5849377880 1.3500000000 3.6154516826 -1.1853559390 1.5939981234 0.0000000000
9.5849573729 1.3500000000 3.6149419237 -1.2002598214 1.5859975347 0.0000000000
9.5849767252 1.3500000000 3.6145253408 -1.2151825055 1.5783621295 0.0000000000
9.5849959279 1.3500000000 3.6140605823 -1.2300961974 1.5705376189 0.0000000000
9.5850149094 1.3500000000 3.6136156381 -1.2450130449 1.5627911030 0.0000000000
9.5850336610 1.3500000000 3.6132164330 -1.2599381721 1.5552242316 0.0000000000
9.5850521646 1.3500000000 3.6128047614 -1.2748613399 1.5476082780 0.0000000000
9.5850705144 1.3500000000 3.6123838245 -1.2897828834 1.5399559131 0.0000000000
9.5850886554 1.3500000000 3.6120003321 -1.3047103303 1.5324509646 0.0000000000
9.5851067774 1.3500000000 3.6114934003 -1.3196152411 1.5244612732 0.0000000000
9.5851246283 1.3500000000 3.6110134716 -1.3345255504 1.5165774346 0.0000000000
9.5851422296 1.3500000000 3.6105234970 -1.3494343432 1.5086540191 0.0000000000
9.5851597037 1.3500000000 3.6100143239 -1.3643386845 1.5006555903 0.0000000000
9.5851768422 1.3500000000 3.6095535294 -1.3792524787 1.4928468946 0.0000000000
9.5851937930 1.3500000000 3.6091217932 -1.3941718126 1.4851522164 0.0000000000
9.5852106642 1.3500000000 3.6086178136 -1.4090771686 1.4771741555 0.0000000000
9.5852272522 1.3500000000 3.6081794872 -1.4239935971 1.4694542784 0.0000000000
9.5852436645 1.3500000000 3.6077683035 -1.4389163011 1.4618404619 0.0000000000
9.5852599244 1.3500000000 3.6073596353 -1.4538393694 1.4542365620 0.0000000000
9.5852759880 1.3500000000 3.6069542096 -1.4687629997 1.4466454072 0.0000000000
9.5852919457 1.3500000000 3.6064398624 -1.4836668105 1.4386264940 0.0000000000
9.5853077090 1.3500000000 3.6059137779 -1.4985677943 1.4305617625 0.0000000000
9.5853232817 1.3500000000 3.6054472372 -1.5134798430 1.4227307800 0.0000000000
9.5853387237 1.3500000000 3.6049488395 -1.5283866145 1.4147744807 0.0000000000
9.5853539825 1.3500000000 3.6044429937 -1.5432919369 1.4067889684 0.0000000000
9.5853690378 1.3500000000 3.6040099076 -1.5582104879 1.3990892037 0.0000000000
9.5853839246 1.3500000000 3.6035652112 -1.5731268618 1.3913438685 0.0000000000
9.5853986770 1.3500000000 3.6030803214 -1.5880358222 1.3834407251 0.0000000000
9.5854132530 1.3500000000 3.6026705355 -1.6029587931 1.3758323934 0.0000000000
9.5854276715 1.3500000000 3.6022537192 -1.6178804501 1.3681964652 0.0000000000
9.5854419850 1.3500000000 3.6017826511 -1.6327917745 1.3603476632 0.0000000000
9.5854561726 1.3500000000 3.6012583548 -1.6476928818 1.3522900350 0.0000000000
9.5854702051 1.3500000000 3.6007190448 -1.6625908170 1.3441736209 0.0000000000
9.5854840899 1.3500000000 3.6002219416 -1.6774968647 1.3362227891 0.0000000000
9.5854978026 1.3500000000 3.5997590230 -1.6924096207 1.3284060122 0.0000000000
9.5855114022 1.3500000000 3.5992402193 -1.7073106718 1.3203703768 0.0000000000
9.5855248434 1.3500000000 3.5987548169 -1.7222183219 1.3124657073 0.0000000000
9.5855381162 1.3500000000 3.5983340372 -1.7371396639 1.3048140517 0.0000000000
9.5855512945 1.3500000000 3.5978934946 -1.7520570803 1.2970849146 0.0000000000
9.5855642989 1.3500000000 3.5974366464 -1.7669711836 1.2892918807 0.0000000000
9.5855771850 1.3500000000 3.5970285082 -1.7818954509 1.2816896209 0.0000000000
9.5855899973 1.3500000000 3.5964799796 -1.7967902486 1.2735375873 0.0000000000
9.5856026537 1.3500000000 3.5959603529 -1.8116911541 1.2654987183 0.0000000000
9.5856152037 1.3500000000 3.5953718422 -1.8265771208 1.2571902889 0.0000000000
9.5856276207 1.3500000000 3.5948514402 -1.8414776456 1.2491484710 0.0000000000
9.5856398756 1.3500000000 3.5943806847 -1.8563888541 1.2413009655 0.0000000000
9.5856520236 1.3500000000 3.5939298674 -1.8713049016 1.2335312773 0.0000000000
9.5856640585 1.3500000000 3.5934059117 -1.8862042871 1.2254757006 0.0000000000
9.5856759461 1.3500000000 3.5929690824 -1.9011229947 1.2177609000 0.0000000000
9.5856877151 1.3500000000 3.5925470190 -1.9160444512 1.2101040639 0.0000000000
9.5856993848 1.3500000000 3.5921011074 -1.9309612964 1.2023536797 0.0000000000
9.5857109847 1.3500000000 3.5915399193 -1.9458522395 1.1941525497 0.0000000000
9.5857224616 1.3500000000 3.5909497194 -1.9607363139 1.1858381205 0.0000000000
9.5857338386 1.3500000000 3.5903791712 -1.9756249732 1.1776004641 0.0000000000
9.5857450684 1.3500000000 3.5899138767 -1.9905386281 1.1697738243 0.0000000000
9.5857562506 1.3500000000 3.5893724841 -2.0054342719 1.1616499960 0.0000000000
9.5857672746 1.3500000000 3.5888792852 -2.0203413103 1.1537143854 0.0000000000
9.5857781999 1.3500000000 3.5884062100 -2.0352536084 1.1458571651 0.0000000000
9.5857890210 1.3500000000 3.5879264540 -2.0501645103 1.1379737803 0.0000000000
9.5857997371 1.3500000000 3.5874437947 -2.0650730081 1.1300797443 0.0000000000
9.5858103434 1.3500000000 3.5870164702 -2.0799925030 1.1224026482 0.0000000000
9.5858208957 1.3500000000 3.5864641660 -2.0948854388 1.1142362572 0.0000000000
9.5858313135 1.3500000000 3.5859375640 -2.1097851536 1.1061699629 0.0000000000
9.5858416513 1.3500000000 3.5853689605 -2.1246742467 1.0979399118 0.0000000000
9.5858518989 1.3500000000 3.5847800775 -2.1395582785 1.0896307669 0.0000000000
9.5858620137 1.3500000000 3.5842836357 -2.1544637409 1.0816828151 0.0000000000
9.5858720397 1.3500000000 3.5838116552 -2.1693748934 1.0738304319 0.0000000000
9.5858819941 1.3500000000 3.5832669052 -2.1842700708 1.0656933611 0.0000000000
9.5858917947 1.3500000000 3.5828116835 -2.1991836327 1.0579070496 0.0000000000
9.5859015170 1.3500000000 3.5823605121 -2.2140975671 1.0501367900 0.0000000000
9.5859111524 1.3500000000 3.5818764580 -2.2290033999 1.0422382404 0.0000000000
9.5859207284 1.3500000000 3.5812770183 -2.2438849168 1.0338878750 0.0000000000
9.5859302098 1.3500000000 3.5806668832 -2.2587633930 1.0254959440 0.0000000000
9.5859395884 1.3500000000 3.5800629511 -2.2736437488 1.0171280733 0.0000000000
9.5859488575 1.3500000000 3.5795431086 -2.2885452117 1.0090881180 0.0000000000
9.5859580544 1.3500000000 3.5789841748 -2.3034370715 1.0008956393 0.0000000000
9.5859671581 1.3500000000 3.5784279585 -2.3183276995 0.9927145228 0.0000000000
9.5859761573 1.3500000000 3.5779541738 -2.3332366831 0.9848557906 0.0000000000
9.5859850704 1.3500000000 3.5774736441 -2.3481444678 0.9769705579 0.0000000000
9.5859939018 1.3500000000 3.5769842641 -2.3630497940 0.9690509074 0.0000000000
9.5860026911 1.3500000000 3.5763666555 -2.3779280471 0.9606291717 0.0000000000
9.5860113810 1.3500000000 3.5757316917 -2.3928011263 0.9521400848 0.0000000000
9.5860199884 1.3500000000 3.5751664947 -2.4076915357 0.9439231329 0.0000000000
9.5860285146 1.3500000000 3.5746003620 -2.4225811162 0.9357027701 0.0000000000
9.5860369701 1.3500000000 3.5739894910 -2.4374617519 0.9273070318 0.0000000000
9.5860453325 1.3500000000 3.5734870112 -2.4523632560 0.9193365110 0.0000000000
9.5860536050 1.3500000000 3.5729978976 -2.4672674358 0.9114183846 0.0000000000
9.5860618295 1.3500000000 3.5724690665 -2.4821637401 0.9033445383 0.0000000000
9.5860699580 1.3500000000 3.5720069155 -2.4970733126 0.8955321056 0.0000000000
9.5860780357 1.3500000000 3.5713514310 -2.5119415768 0.8869628616 0.0000000000
9.5860860488 1.3500000000 3.5707179452 -2.5268149835 0.8784795558 0.0000000000
9.5860939521 1.3500000000 3.5701563766 -2.5417038991 0.8702777155 0.0000000000
9.5861018109 1.3500000000 3.5695321315 -2.5565794892 0.8618304990 0.0000000000
9.5861095916 1.3500000000 3.5689495820 -2.5714633067 0.8535467740 0.0000000000
9.5861172970 1.3500000000 3.5684474556 -2.5863639748 0.8455780010 0.0000000000
9.5861249492 1.3500000000 3.5679404032 -2.6012637564 0.8375898787 0.0000000000
9.5861325370 1.3500000000 3.5674064713 -2.6161572230 0.8294967644 0.0000000000
9.5861400499 1.3500000000 3.5668981983 -2.6310562447 0.8215040638 0.0000000000
9.5861475024 1.3500000000 3.5662058646 -2.6459140098 0.8127916229 0.0000000000
9.5861548947 1.3500000000 3.5656194176 -2.6607951244 0.8044933892 0.0000000000
9.5861622354 1.3500000000 3.5649973545 -2.6756681721 0.7960559176 0.0000000000
9.5861695230 1.3500000000 3.5643519543 -2.6905349091 0.7875276220 0.0000000000
9.5861767175 1.3500000000 3.5638317537 -2.7054309936 0.7794883860 0.0000000000
9.5861838726 1.3500000000 3.5633123918 -2.7203278842 0.7714521821 0.0000000000
9.5861909966 1.3500000000 3.5627405528 -2.7352115864 0.7632113451 0.0000000000
9.5861980101 1.3500000000 3.5622574405 -2.7501159885 0.7553171349 0.0000000000
9.5862049671 1.3500000000 3.5616565807 -2.7649920620 0.7469632666 0.0000000000
9.5862118625 1.3500000000 3.5609828511 -2.7798494154 0.7383254067 0.0000000000
9.5862187541 1.3500000000 3.5603473955 -2.7947169291 0.7298365789 0.0000000000
9.5862255581 1.3500000000 3.5596680712 -2.8095727796 0.7211769413 0.0000000000
9.5862322830 1.3500000000 3.5590623219 -2.8244470291 0.7128042446 0.0000000000
9.5862389466 1.3500000000 3.5585201294 -2.8393374574 0.7046793033 0.0000000000
9.5862455362 1.3500000000 3.5579427948 -2.8542186281 0.6964174966 0.0000000000
9.5862520789 1.3500000000 3.5573908900 -2.8691064885 0.6882547331 0.0000000000
9.5862585707 1.3500000000 3.5568457304 -2.8839960745 0.6801182602 0.0000000000
9.5862650057 1.3500000000 3.5561258842 -2.8988386525 0.6713018444 0.0000000000
9.5862714211 1.3500000000 3.5555076453 -2.9137085588 0.6628809263 0.0000000000
9.5862777382 1.3500000000 3.5548285634 -2.9285612438 0.6542235245 0.0000000000
9.5862839921 1.3500000000 3.5541649211 -2.9434182486 0.6456261535 0.0000000000
9.5862902042 1.3500000000 3.5536055375 -2.9583045249 0.6374341087 0.0000000000
9.5862963434 1.3500000000 3.5530425127 -2.9731893591 0.6292280758 0.0000000000
9.5863024432 1.3500000000 3.5524352779 -2.9880617460 0.6208501815 0.0000000000
9.5863084880 1.3500000000 3.5518965556 -3.0029550477 0.6127379719 0.0000000000
9.5863144936 1.3500000000 3.5511737667 -3.0177919875 0.6039120404 0.0000000000
9.5863204715 1.3500000000 3.5504942283 -3.0326426368 0.5952536268 0.0000000000
9.5863263597 1.3500000000 3.5498271785 -3.0474983409 0.5866431463 0.0000000000
9.5863322083 1.3500000000 3.5491273101 -3.0623430111 0.5779058044 0.0000000000
9.5863380056 1.3500000000 3.5485090285 -3.0772137217 0.5694843940 0.0000000000
9.5863437579 1.3500000000 3.5478851730 -3.0920824658 0.5610414743 0.0000000000
9.5863494635 1.3500000000 3.5472500657 -3.1069477626 0.5525549264 0.0000000000
9.5863551146 1.3500000000 3.5466219642 -3.1218157897 0.5440953094 0.0000000000
9.5863607246 1.3500000000 3.5459474886 -3.1366675051 0.5354567209 0.0000000000
9.5863662836 1.3500000000 3.5452852296 -3.1515236630 0.5268652216 0.0000000000
9.5863717888 1.3500000000 3.5446666321 -3.1663950258 0.5184422868 0.0000000000
9.5863772658 1.3500000000 3.5440065311 -3.1812526441 0.5098588354 0.0000000000
9.5863826999 1.3500000000 3.5433864610 -3.1961238127 0.5014300874 0.0000000000
9.5863881151 1.3500000000 3.5427836064 -3.2110016043 0.4930675524 0.0000000000
9.5863934625 1.3500000000 3.5421824630 -3.2258805153 0.4847114142 0.0000000000
9.5863987626 1.3500000000 3.5415120323 -3.2407351740 0.4760878280 0.0000000000
9.5864040330 1.3500000000 3.5408169887 -3.2555822647 0.4673688174 0.0000000000
9.5864092616 1.3500000000 3.5401142368 -3.2704249514 0.4586207353 0.0000000000
9.5864144554 1.3500000000 3.5394523873 -3.2852848267 0.4500293869 0.0000000000
9.5864195947 1.3500000000 3.5387597084 -3.3001336155 0.4413191560 0.0000000000
9.5864247087 1.3500000000 3.5380545457 -3.3149775668 0.4325609248 0.0000000000
9.5864297806 1.3500000000 3.5373719650 -3.3298312600 0.4238891246 0.0000000000
9.5864348554 1.3500000000 3.5366820733 -3.3446833679 0.4151887144 0.0000000000
9.5864398569 1.3500000000 3.5360156522 -3.3595470562 0.4065775548 0.0000000000
9.5864448082 1.3500000000 3.5353867199 -3.3744210881 0.3981122129 0.0000000000
9.5864497313 1.3500000000 3.5347426000 -3.3892931668 0.3895869017 0.0000000000
9.5864546208 1.3500000000 3.5341224794 -3.4041662777 0.3811571750 0.0000000000
9.5864594729 1.3500000000 3.5334399933 -3.4190251537 0.3724836802 0.0000000000
9.5864642799 1.3500000000 3.5327517986 -3.4338833593 0.3637876191 0.0000000000
9.5864690627 1.3500000000 3.5320549664 -3.4487383333 0.3550583006 0.0000000000
9.5864737984 1.3500000000 3.5313371373 -3.4635859150 0.3462479516 0.0000000000
9.5864784989 1.3500000000 3.5306121567 -3.4784308594 0.3374100514 0.0000000000
9.5864831669 1.3500000000 3.5298850448 -3.4932753081 0.3285638245 0.0000000000
9.5864878008 1.3500000000 3.5291138944 -3.5081005619 0.3195491212 0.0000000000
9.5864924069 1.3500000000 3.5284374698 -3.5229593915 0.3108998911 0.0000000000
9.5864969816 1.3500000000 3.5277925331 -3.5378273738 0.3023729514 0.0000000000
9.5865015259 1.3500000000 3.5271391995 -3.5526922352 0.2938136726 0.0000000000
9.5865060403 1.3500000000 3.5264049050 -3.5675268629 0.2849426435 0.0000000000
9.5865105283 1.3500000000 3.5256505361 -3.5823651697 0.2759898452 0.0000000000
9.5865150015 1.3500000000 3.5248858438 -3.5972000466 0.2669971251 0.0000000000
9.5865194538 1.3500000000 3.5241842209 -3.6120498799 0.2582507002 0.0000000000
9.5865238813 1.3500000000 3.5234447736 -3.6268890105 0.2493572585 0.0000000000
9.5865283103 1.3500000000 3.5226999850 -3.6417253570 0.2404435659 0.0000000000
9.5865327529 1.3500000000 3.5220057518 -3.6565742919 0.2317270591 0.0000000000
9.5865371860 1.3500000000 3.5211499242 -3.6713764336 0.2223828918 0.0000000000
9.5865416653 1.3500000000 3.5204545879 -3.6862258009 0.2136617995 0.0000000000
9.5865462054 1.3500000000 3.5196916111 -3.7010519683 0.2046794256 0.0000000000
9.5865509007 1.3500000000 3.5189533898 -3.7158844703 0.1957935394 0.0000000000
9.5865565729 1.3500000000 3.5183100000 -3.7307500000 0.1872737685 0.0000000000
