# logAge Mass logTe Mbol logg C/O
4.1860800861 1.7000000000 3.6952900000 0.4698000000 2.6755289214 0.0000000000
4.1944255554 1.7000000000 3.6952877199 0.4697539687 2.6755013885 0.0000000000
4.2027710252 1.7000000000 3.6952855067 0.4697083523 2.6754742890 0.0000000000
4.2111164953 1.7000000000 3.6952833593 0.4696631514 2.6754476191 0.0000000000
4.2194619659 1.7000000000 3.6952812767 0.4696183666 2.6754213748 0.0000000000
4.2278074368 1.7000000000 3.6952792579 0.4695739984 2.6753955524 0.0000000000
4.2361529081 1.7000000000 3.6952773019 0.4695300476 2.6753701480 0.0000000000
4.2444983797 1.7000000000 3.6952754076 0.4694865146 2.6753451577 0.0000000000
4.2528438517 1.7000000000 3.6952735741 0.4694434001 2.6753205778 0.0000000000
4.2611893241 1.7000000000 3.6952718003 0.4694007046 2.6752964042 0.0000000000
4.2695347969 1.7000000000 3.6952700851 0.4693584287 2.6752726333 0.0000000000
4.2778802700 1.7000000000 3.6952684276 0.4693165731 2.6752492610 0.0000000000
4.2862257435 1.7000000000 3.6952668268 0.4692751383 2.6752262837 0.0000000000
4.2945712173 1.7000000000 3.6952652815 0.4692341249 2.6752036974 0.0000000000
4.3029166915 1.7000000000 3.6952637909 0.4691935335 2.6751814983 0.0000000000
4.3112621660 1.7000000000 3.6952623538 0.4691533646 2.6751596826 0.0000000000
4.3196076409 1.7000000000 3.6952609693 0.4691136190 2.6751382463 0.0000000000
4.3279531161 1.7000000000 3.6952596364 0.4690742971 2.6751171857 0.0000000000
4.3362985917 1.7000000000 3.6952583539 0.4690353995 2.6750964969 0.0000000000
4.3446440675 1.7000000000 3.6952571210 0.4689969269 2.6750761760 0.0000000000
4.3529895437 1.7000000000 3.6952559365 0.4689588798 2.6750562192 0.0000000000
4.3613350203 1.7000000000 3.6952547994 0.4689212589 2.6750366226 0.0000000000
4.3696804971 1.7000000000 3.6952537088 0.4688840647 2.6750173824 0.0000000000
4.3780259743 1.7000000000 3.6952526636 0.4688472977 2.6749984948 0.0000000000
4.3863714517 1.7000000000 3.6952516627 0.4688109587 2.6749799558 0.0000000000
4.3947169295 1.7000000000 3.6952507053 0.4687750481 2.6749617617 0.0000000000
4.4030624076 1.7000000000 3.6952497902 0.4687395666 2.6749439086 0.0000000000
4.4114078860 1.7000000000 3.6952489163 0.4687045148 2.6749263927 0.0000000000
4.4197533647 1.7000000000 3.6952480828 0.4686698932 2.6749092100 0.0000000000
4.4280988437 1.7000000000 3.6952472886 0.4686357025 2.6748923567 0.0000000000
4.4364443230 1.7000000000 3.6952465326 0.4686019432 2.6748758291 0.0000000000
4.4447898026 1.7000000000 3.6952458139 0.4685686159 2.6748596232 0.0000000000
4.4531352825 1.7000000000 3.6952451313 0.4685357213 2.6748437352 0.0000000000
4.4614807626 1.7000000000 3.6952444840 0.4685032598 2.6748281612 0.0000000000
4.4698262430 1.7000000000 3.6952438708 0.4684712321 2.6748128974 0.0000000000
4.4781717237 1.7000000000 3.6952432908 0.4684396388 2.6747979400 0.0000000000
4.4865172047 1.7000000000 3.6952427429 0.4684084805 2.6747832850 0.0000000000
4.4948626859 1.7000000000 3.6952422260 0.4683777577 2.6747689287 0.0000000000
4.5032081674 1.7000000000 3.6952417393 0.4683474711 2.6747548671 0.0000000000
4.5115536492 1.7000000000 3.6952412817 0.4683176213 2.6747410966 0.0000000000
4.5198991312 1.7000000000 3.6952408521 0.4682882087 2.6747276131 0.0000000000
4.5282446135 1.7000000000 3.6952404494 0.4682592341 2.6747144128 0.0000000000
4.5365900960 1.7000000000 3.6952400728 0.4682306980 2.6747014919 0.0000000000
4.5449355788 1.7000000000 3.6952397212 0.4682026010 2.6746888466 0.0000000000
4.5532810618 1.7000000000 3.6952393935 0.4681749437 2.6746764730 0.0000000000
4.5616265450 1.7000000000 3.6952390888 0.4681477266 2.6746643672 0.0000000000
4.5699720285 1.7000000000 3.6952388060 0.4681209504 2.6746525254 0.0000000000
4.5783175122 1.7000000000 3.6952385440 0.4680946157 2.6746409437 0.0000000000
4.5866629962 1.7000000000 3.6952383019 0.4680687231 2.6746296184 0.0000000000
4.5950084803 1.7000000000 3.6952380787 0.4680432730 2.6746185454 0.0000000000
4.6033539647 1.7000000000 3.6952378733 0.4680182662 2.6746077211 0.0000000000
4.6116994493 1.7000000000 3.6952376847 0.4679937033 2.6745971415 0.0000000000
4.6200449342 1.7000000000 3.6952375119 0.4679695847 2.6745868028 0.0000000000
4.6283904192 1.7000000000 3.6952373538 0.4679459111 2.6745767011 0.0000000000
4.6367359044 1.7000000000 3.6952372095 0.4679226831 2.6745668326 0.0000000000
4.6450813899 1.7000000000 3.6952370779 0.4678999013 2.6745571935 0.0000000000
4.6534268755 1.7000000000 3.6952369580 0.4678775663 2.6745477799 0.0000000000
4.6617723614 1.7000000000 3.6952368488 0.4678556786 2.6745385879 0.0000000000
4.6701178474 1.7000000000 3.6952367492 0.4678342389 2.6745296136 0.0000000000
4.6784633336 1.7000000000 3.6952366582 0.4678132477 2.6745208534 0.0000000000
4.6868088200 1.7000000000 3.6952365749 0.4677927056 2.6745123032 0.0000000000
4.6951543066 1.7000000000 3.6952364981 0.4677726133 2.6745039592 0.0000000000
4.7034997934 1.7000000000 3.6952364269 0.4677529713 2.6744958177 0.0000000000
4.7118452803 1.7000000000 3.6952363603 0.4677337801 2.6744878747 0.0000000000
4.7201907675 1.7000000000 3.6952362972 0.4677150405 2.6744801264 0.0000000000
4.7285362547 1.7000000000 3.6952362366 0.4676967529 2.6744725689 0.0000000000
4.7368817422 1.7000000000 3.6952361775 0.4676789180 2.6744651984 0.0000000000
4.7452272298 1.7000000000 3.6952361188 0.4676615363 2.6744580110 0.0000000000
4.7535727176 1.7000000000 3.6952360595 0.4676446085 2.6744510030 0.0000000000
4.7619182055 1.7000000000 3.6952359987 0.4676281351 2.6744441704 0.0000000000
4.7702636935 1.7000000000 3.6952359353 0.4676121168 2.6744375093 0.0000000000
4.7786091818 1.7000000000 3.6952358683 0.4675965541 2.6744310160 0.0000000000
4.7869546701 1.7000000000 3.6952357966 0.4675814476 2.6744246866 0.0000000000
4.7953001586 1.7000000000 3.6952357192 0.4675667978 2.6744185173 0.0000000000
4.8036456472 1.7000000000 3.6952356351 0.4675526055 2.6744125041 0.0000000000
4.8119911360 1.7000000000 3.6952355434 0.4675388711 2.6744066433 0.0000000000
4.8203366249 1.7000000000 3.6952354429 0.4675255953 2.6744009310 0.0000000000
4.8286821139 1.7000000000 3.6952353326 0.4675127787 2.6743953633 0.0000000000
4.8370276031 1.7000000000 3.6952352116 0.4675004218 2.6743899364 0.0000000000
4.8453730923 1.7000000000 3.6952350787 0.4674885252 2.6743846464 0.0000000000
4.8537185817 1.7000000000 3.6952349331 0.4674770896 2.6743794896 0.0000000000
4.8620640712 1.7000000000 3.6952347736 0.4674661155 2.6743744619 0.0000000000
4.8704095608 1.7000000000 3.6952345992 0.4674556035 2.6743695597 0.0000000000
4.8787550505 1.7000000000 3.6952344090 0.4674455541 2.6743647790 0.0000000000
4.8871005403 1.7000000000 3.6952342018 0.4674359681 2.6743601160 0.0000000000
4.8954460302 1.7000000000 3.6952339768 0.4674268459 2.6743555668 0.0000000000
4.9037915201 1.7000000000 3.6952337327 0.4674181882 2.6743511277 0.0000000000
4.9121370102 1.7000000000 3.6952334688 0.4674099956 2.6743467946 0.0000000000
4.9204825004 1.7000000000 3.6952331838 0.4674022686 2.6743425639 0.0000000000
4.9288279906 1.7000000000 3.6952328768 0.4673950078 2.6743384316 0.0000000000
4.9371734809 1.7000000000 3.6952325467 0.4673882139 2.6743343939 0.0000000000
4.9455189713 1.7000000000 3.6952321926 0.4673818874 2.6743304469 0.0000000000
4.9538644618 1.7000000000 3.6952318135 0.4673760288 2.6743265868 0.0000000000
4.9622099524 1.7000000000 3.6952314082 0.4673706389 2.6743228098 0.0000000000
4.9705554430 1.7000000000 3.6952309758 0.4673657182 2.6743191119 0.0000000000
4.9789009336 1.7000000000 3.6952305153 0.4673612672 2.6743154894 0.0000000000
4.9872464243 1.7000000000 3.6952300256 0.4673572866 2.6743119384 0.0000000000
4.9955919151 1.7000000000 3.6952295057 0.4673537769 2.6743084551 0.0000000000
5.0039374059 1.7000000000 3.6952289546 0.4673507388 2.6743050355 0.0000000000
5.0122828968 1.7000000000 3.6952283713 0.4673481728 2.6743016758 0.0000000000
5.0206283877 1.7000000000 3.6952277548 0.4673460796 2.6742983723 0.0000000000
5.0289738787 1.7000000000 3.6952271039 0.4673444596 2.6742951210 0.0000000000
5.0373193697 1.7000000000 3.6952264178 0.4673433136 2.6742919181 0.0000000000
5.0456648607 1.7000000000 3.6952256954 0.4673426420 2.6742887597 0.0000000000
5.0540103517 1.7000000000 3.6952249356 0.4673424455 2.6742856420 0.0000000000
5.0623558428 1.7000000000 3.6952241375 0.4673427248 2.6742825611 0.0000000000
5.0707013339 1.7000000000 3.6952233000 0.4673434802 2.6742795133 0.0000000000
5.0790468250 1.7000000000 3.6952224220 0.4673447125 2.6742764946 0.0000000000
5.0873923162 1.7000000000 3.6952215027 0.4673464223 2.6742735012 0.0000000000
5.0957378073 1.7000000000 3.6952205409 0.4673486101 2.6742705292 0.0000000000
5.1040832984 1.7000000000 3.6952195358 0.4673512731 2.6742675737 0.0000000000
5.1124287896 1.7000000000 3.6952184883 0.4673543115 2.6742645990 0.0000000000
5.1207742807 1.7000000000 3.6952174017 0.4673575168 2.6742615348 0.0000000000
5.1291197717 1.7000000000 3.6952162795 0.4673606747 2.6742583091 0.0000000000
5.1374652626 1.7000000000 3.6952151250 0.4673635710 2.6742548497 0.0000000000
5.1458107534 1.7000000000 3.6952139416 0.4673659913 2.6742510845 0.0000000000
5.1541562440 1.7000000000 3.6952127329 0.4673677216 2.6742469415 0.0000000000
5.1625017344 1.7000000000 3.6952115021 0.4673685474 2.6742423487 0.0000000000
5.1708472245 1.7000000000 3.6952102526 0.4673682546 2.6742372338 0.0000000000
5.1791927144 1.7000000000 3.6952089880 0.4673666288 2.6742315249 0.0000000000
5.1875382040 1.7000000000 3.6952077115 0.4673634559 2.6742251498 0.0000000000
5.1958836932 1.7000000000 3.6952064266 0.4673585215 2.6742180364 0.0000000000
5.2042291821 1.7000000000 3.6952051367 0.4673516114 2.6742101128 0.0000000000
5.2125746706 1.7000000000 3.6952038452 0.4673425113 2.6742013067 0.0000000000
5.2209201586 1.7000000000 3.6952025555 0.4673310071 2.6741915462 0.0000000000
5.2292656462 1.7000000000 3.6952012710 0.4673168843 2.6741807591 0.0000000000
5.2376111332 1.7000000000 3.6951999951 0.4672999288 2.6741688733 0.0000000000
5.2459566197 1.7000000000 3.6951987271 0.4672799570 2.6741558128 0.0000000000
5.2543021054 1.7000000000 3.6951974504 0.4672569064 2.6741414856 0.0000000000
5.2626475900 1.7000000000 3.6951961441 0.4672307446 2.6741257957 0.0000000000
5.2709930732 1.7000000000 3.6951947876 0.4672014391 2.6741086475 0.0000000000
5.2793385547 1.7000000000 3.6951933601 0.4671689574 2.6740899449 0.0000000000
5.2876840344 1.7000000000 3.6951918410 0.4671332671 2.6740695921 0.0000000000
5.2960295118 1.7000000000 3.6951902094 0.4670943357 2.6740474933 0.0000000000
5.3043749868 1.7000000000 3.6951884447 0.4670521307 2.6740235525 0.0000000000
5.3127204590 1.7000000000 3.6951865261 0.4670066197 2.6739976738 0.0000000000
5.3210659282 1.7000000000 3.6951844330 0.4669577702 2.6739697615 0.0000000000
5.3294113941 1.7000000000 3.6951821446 0.4669055497 2.6739397196 0.0000000000
5.3377568564 1.7000000000 3.6951796401 0.4668499258 2.6739074523 0.0000000000
5.3461023149 1.7000000000 3.6951768990 0.4667908660 2.6738728636 0.0000000000
5.3544477692 1.7000000000 3.6951739003 0.4667283379 2.6738358577 0.0000000000
5.3627932191 1.7000000000 3.6951706235 0.4666623088 2.6737963388 0.0000000000
5.3711386643 1.7000000000 3.6951670517 0.4665927478 2.6737542271 0.0000000000
5.3794841045 1.7000000000 3.6951631952 0.4665196321 2.6737095550 0.0000000000
5.3878295394 1.7000000000 3.6951590760 0.4664429431 2.6736624025 0.0000000000
5.3961749689 1.7000000000 3.6951547159 0.4663626618 2.6736128498 0.0000000000
5.4045203924 1.7000000000 3.6951501370 0.4662787694 2.6735609771 0.0000000000
5.4128658099 1.7000000000 3.6951453611 0.4661912472 2.6735068646 0.0000000000
5.4212112209 1.7000000000 3.6951404101 0.4661000763 2.6734505925 0.0000000000
5.4295566253 1.7000000000 3.6951353061 0.4660052378 2.6733922409 0.0000000000
5.4379020227 1.7000000000 3.6951300709 0.4659067131 2.6733318901 0.0000000000
5.4462474128 1.7000000000 3.6951247264 0.4658044831 2.6732696202 0.0000000000
5.4545927953 1.7000000000 3.6951192946 0.4656985292 2.6732055115 0.0000000000
5.4629381700 1.7000000000 3.6951137974 0.4655888325 2.6731396441 0.0000000000
5.4712835366 1.7000000000 3.6951082568 0.4654753741 2.6730720982 0.0000000000
5.4796288948 1.7000000000 3.6951026946 0.4653581353 2.6730029540 0.0000000000
5.4879742443 1.7000000000 3.6950971321 0.4652370982 2.6729322890 0.0000000000
5.4963195848 1.7000000000 3.6950915739 0.4651122650 2.6728601228 0.0000000000
5.5046649162 1.7000000000 3.6950860089 0.4649836573 2.6727864200 0.0000000000
5.5130102382 1.7000000000 3.6950804255 0.4648512973 2.6727111423 0.0000000000
5.5213555506 1.7000000000 3.6950748119 0.4647152074 2.6726342520 0.0000000000
5.5297008532 1.7000000000 3.6950691564 0.4645754099 2.6725557111 0.0000000000
5.5380461458 1.7000000000 3.6950634474 0.4644319272 2.6724754817 0.0000000000
5.5463914282 1.7000000000 3.6950576729 0.4642847815 2.6723935257 0.0000000000
5.5547367002 1.7000000000 3.6950518215 0.4641339951 2.6723098054 0.0000000000
5.5630819616 1.7000000000 3.6950458813 0.4639795905 2.6722242826 0.0000000000
5.5714272120 1.7000000000 3.6950398406 0.4638215899 2.6721369196 0.0000000000
5.5797724515 1.7000000000 3.6950336877 0.4636600156 2.6720476783 0.0000000000
5.5881176796 1.7000000000 3.6950274109 0.4634948899 2.6719565208 0.0000000000
5.5964628962 1.7000000000 3.6950209984 0.4633262353 2.6718634092 0.0000000000
5.6048081012 1.7000000000 3.6950144395 0.4631540748 2.6717683094 0.0000000000
5.6131532943 1.7000000000 3.6950077291 0.4629784379 2.6716712128 0.0000000000
5.6214984756 1.7000000000 3.6950008642 0.4627993560 2.6715721205 0.0000000000
5.6298436448 1.7000000000 3.6949938420 0.4626168609 2.6714710336 0.0000000000
5.6381888019 1.7000000000 3.6949866596 0.4624309842 2.6713679533 0.0000000000
5.6465339469 1.7000000000 3.6949793141 0.4622417575 2.6712628809 0.0000000000
5.6548790795 1.7000000000 3.6949718028 0.4620492123 2.6711558174 0.0000000000
5.6632241997 1.7000000000 3.6949641226 0.4618533804 2.6710467641 0.0000000000
5.6715693075 1.7000000000 3.6949562708 0.4616542934 2.6709357221 0.0000000000
5.6799144027 1.7000000000 3.6949482445 0.4614519829 2.6708226926 0.0000000000
5.6882594852 1.7000000000 3.6949400408 0.4612464805 2.6707076768 0.0000000000
5.6966045549 1.7000000000 3.6949316568 0.4610378179 2.6705906759 0.0000000000
5.7049496118 1.7000000000 3.6949230897 0.4608260266 2.6704716910 0.0000000000
5.7132946557 1.7000000000 3.6949143377 0.4606111383 2.6703507276 0.0000000000
5.7216396866 1.7000000000 3.6949054127 0.4603931831 2.6702278454 0.0000000000
5.7299847045 1.7000000000 3.6948963358 0.4601721906 2.6701031409 0.0000000000
5.7383297094 1.7000000000 3.6948871286 0.4599481902 2.6699767117 0.0000000000
5.7466747012 1.7000000000 3.6948778123 0.4597212112 2.6698486550 0.0000000000
5.7550196801 1.7000000000 3.6948684084 0.4594912832 2.6697190684 0.0000000000
5.7633646460 1.7000000000 3.6948589384 0.4592584356 2.6695880491 0.0000000000
5.7717095988 1.7000000000 3.6948494235 0.4590226977 2.6694556945 0.0000000000
5.7800545386 1.7000000000 3.6948398853 0.4587840991 2.6693221022 0.0000000000
5.7883994654 1.7000000000 3.6948303451 0.4585426692 2.6691873693 0.0000000000
5.7967443791 1.7000000000 3.6948208243 0.4582984373 2.6690515935 0.0000000000
5.8050892799 1.7000000000 3.6948113443 0.4580514330 2.6689148719 0.0000000000
5.8134341676 1.7000000000 3.6948019266 0.4578016856 2.6687773021 0.0000000000
5.8217790422 1.7000000000 3.6947925885 0.4575492236 2.6686389647 0.0000000000
5.8301239038 1.7000000000 3.6947833163 0.4572940682 2.6684998139 0.0000000000
5.8384687522 1.7000000000 3.6947740826 0.4570362370 2.6683597466 0.0000000000
5.8468135873 1.7000000000 3.6947648597 0.4567757478 2.6682186594 0.0000000000
5.8551584092 1.7000000000 3.6947556200 0.4565126184 2.6680764488 0.0000000000
5.8635032177 1.7000000000 3.6947463359 0.4562468665 2.6679330114 0.0000000000
5.8718480128 1.7000000000 3.6947369796 0.4559785098 2.6677882437 0.0000000000
5.8801927945 1.7000000000 3.6947275236 0.4557075661 2.6676420423 0.0000000000
5.8885375625 1.7000000000 3.6947179402 0.4554340531 2.6674943036 0.0000000000
5.8968823170 1.7000000000 3.6947082019 0.4551579887 2.6673449244 0.0000000000
5.9052270577 1.7000000000 3.6946982809 0.4548793904 2.6671938010 0.0000000000
5.9135717847 1.7000000000 3.6946881496 0.4545982761 2.6670408302 0.0000000000
5.9219164979 1.7000000000 3.6946777805 0.4543146634 2.6668859086 0.0000000000
5.9302611971 1.7000000000 3.6946671624 0.4540285502 2.6667289910 0.0000000000
5.9386058820 1.7000000000 3.6946563196 0.4537398916 2.6665701562 0.0000000000
5.9469505522 1.7000000000 3.6946452809 0.4534486373 2.6664094997 0.0000000000
5.9552952072 1.7000000000 3.6946340751 0.4531547369 2.6662471166 0.0000000000
5.9636398469 1.7000000000 3.6946227312 0.4528581401 2.6660831021 0.0000000000
5.9719844707 1.7000000000 3.6946112779 0.4525587965 2.6659175516 0.0000000000
5.9803290783 1.7000000000 3.6945997441 0.4522566558 2.6657505602 0.0000000000
5.9886736693 1.7000000000 3.6945881587 0.4519516676 2.6655822232 0.0000000000
5.9970182433 1.7000000000 3.6945765505 0.4516437815 2.6654126358 0.0000000000
6.0053628000 1.7000000000 3.6945649483 0.4513329472 2.6652418934 0.0000000000
6.0137073390 1.7000000000 3.6945533810 0.4510191143 2.6650700910 0.0000000000
6.0220518599 1.7000000000 3.6945418774 0.4507022325 2.6648973240 0.0000000000
6.0303963623 1.7000000000 3.6945304612 0.4503822492 2.6647236660 0.0000000000
6.0387408455 1.7000000000 3.6945191219 0.4500590975 2.6645490479 0.0000000000
6.0470853087 1.7000000000 3.6945078349 0.4497327045 2.6643733429 0.0000000000
6.0554297511 1.7000000000 3.6944965759 0.4494029975 2.6641964241 0.0000000000
6.0637741718 1.7000000000 3.6944853204 0.4490699037 2.6640181644 0.0000000000
6.0721185702 1.7000000000 3.6944740438 0.4487333503 2.6638384369 0.0000000000
6.0804629454 1.7000000000 3.6944627219 0.4483932645 2.6636571146 0.0000000000
6.0888072966 1.7000000000 3.6944513300 0.4480495735 2.6634740706 0.0000000000
6.0971516230 1.7000000000 3.6944398437 0.4477022045 2.6632891780 0.0000000000
6.1054959238 1.7000000000 3.6944282386 0.4473510846 2.6631023096 0.0000000000
6.1138401982 1.7000000000 3.6944164902 0.4469961412 2.6629133387 0.0000000000
6.1221844454 1.7000000000 3.6944045741 0.4466373013 2.6627221381 0.0000000000
6.1305286646 1.7000000000 3.6943924668 0.4462744982 2.6625285878 0.0000000000
6.1388728558 1.7000000000 3.6943801600 0.4459077481 2.6623326605 0.0000000000
6.1472170193 1.7000000000 3.6943676562 0.4455371276 2.6621343971 0.0000000000
6.1555611556 1.7000000000 3.6943549582 0.4451627147 2.6619338400 0.0000000000
6.1639052651 1.7000000000 3.6943420688 0.4447845875 2.6617310316 0.0000000000
6.1722493482 1.7000000000 3.6943289908 0.4444028240 2.6615260144 0.0000000000
6.1805934052 1.7000000000 3.6943157271 0.4440175024 2.6613188306 0.0000000000
6.1889374367 1.7000000000 3.6943022803 0.4436287005 2.6611095227 0.0000000000
6.1972814429 1.7000000000 3.6942886533 0.4432364966 2.6608981331 0.0000000000
6.2056254244 1.7000000000 3.6942748489 0.4428409685 2.6606847042 0.0000000000
6.2139693814 1.7000000000 3.6942608698 0.4424421944 2.6604692784 0.0000000000
6.2223133145 1.7000000000 3.6942467189 0.4420402524 2.6602518981 0.0000000000
6.2306572240 1.7000000000 3.6942323993 0.4416352121 2.6600326033 0.0000000000
6.2390011086 1.7000000000 3.6942179189 0.4412269766 2.6598113878 0.0000000000
6.2473449660 1.7000000000 3.6942032908 0.4408152947 2.6595882025 0.0000000000
6.2556887935 1.7000000000 3.6941885279 0.4403999093 2.6593629966 0.0000000000
6.2640325886 1.7000000000 3.6941736432 0.4399805632 2.6591357193 0.0000000000
6.2723763487 1.7000000000 3.6941586497 0.4395569992 2.6589063198 0.0000000000
6.2807200712 1.7000000000 3.6941435605 0.4391289603 2.6586747475 0.0000000000
6.2890637536 1.7000000000 3.6941283886 0.4386961894 2.6584409514 0.0000000000
6.2974073933 1.7000000000 3.6941131469 0.4382584292 2.6582048808 0.0000000000
6.3057509878 1.7000000000 3.6940978486 0.4378154228 2.6579664851 0.0000000000
6.3140945345 1.7000000000 3.6940825067 0.4373669129 2.6577257132 0.0000000000
6.3224380308 1.7000000000 3.6940671341 0.4369126425 2.6574825146 0.0000000000
6.3307814743 1.7000000000 3.6940517429 0.4364523694 2.6572368407 0.0000000000
6.3391248651 1.7000000000 3.6940363268 0.4359861452 2.6569886867 0.0000000000
6.3474682057 1.7000000000 3.6940208627 0.4355142884 2.6567380875 0.0000000000
6.3558114986 1.7000000000 3.6940053268 0.4350371273 2.6564850797 0.0000000000
6.3641547464 1.7000000000 3.6939896956 0.4345549901 2.6562296996 0.0000000000
6.3724979516 1.7000000000 3.6939739451 0.4340682051 2.6559719838 0.0000000000
6.3808411167 1.7000000000 3.6939580518 0.4335771005 2.6557119687 0.0000000000
6.3891842443 1.7000000000 3.6939419919 0.4330820045 2.6554496907 0.0000000000
6.3975273370 1.7000000000 3.6939257417 0.4325832455 2.6551851863 0.0000000000
6.4058703973 1.7000000000 3.6939092775 0.4320811517 2.6549184919 0.0000000000
6.4142134277 1.7000000000 3.6938925764 0.4315760457 2.6546496452 0.0000000000
6.4225564292 1.7000000000 3.6938756422 0.4310680791 2.6543787217 0.0000000000
6.4308994014 1.7000000000 3.6938585094 0.4305572043 2.6541058409 0.0000000000
6.4392423435 1.7000000000 3.6938412145 0.4300433631 2.6538311247 0.0000000000
6.4475852551 1.7000000000 3.6938237937 0.4295264968 2.6535546950 0.0000000000
6.4559281353 1.7000000000 3.6938062834 0.4290065470 2.6532766738 0.0000000000
6.4642709836 1.7000000000 3.6937887199 0.4284834551 2.6529971829 0.0000000000
6.4726137993 1.7000000000 3.6937711395 0.4279571626 2.6527163443 0.0000000000
6.4809565819 1.7000000000 3.6937535785 0.4274276111 2.6524342800 0.0000000000
6.4892993306 1.7000000000 3.6937360734 0.4268947420 2.6521511117 0.0000000000
6.4976420448 1.7000000000 3.6937186604 0.4263584968 2.6518669615 0.0000000000
6.5059847249 1.7000000000 3.6937013628 0.4258189156 2.6515819386 0.0000000000
6.5143273745 1.7000000000 3.6936841626 0.4252763512 2.6512961121 0.0000000000
6.5226699977 1.7000000000 3.6936670335 0.4247312185 2.6510095429 0.0000000000
6.5310125986 1.7000000000 3.6936499495 0.4241839322 2.6507222922 0.0000000000
6.5393551815 1.7000000000 3.6936328842 0.4236349073 2.6504344211 0.0000000000
6.5476977505 1.7000000000 3.6936158114 0.4230845586 2.6501459905 0.0000000000
6.5560403099 1.7000000000 3.6935987049 0.4225333010 2.6498570616 0.0000000000
6.5643828637 1.7000000000 3.6935815609 0.4219815429 2.6495677821 0.0000000000
6.5727254162 1.7000000000 3.6935644466 0.4214296720 2.6492785767 0.0000000000
6.5810679716 1.7000000000 3.6935474437 0.4208780721 2.6489899248 0.0000000000
6.5894105343 1.7000000000 3.6935306335 0.4203271269 2.6487023063 0.0000000000
6.5977531082 1.7000000000 3.6935140978 0.4197772201 2.6484162007 0.0000000000
6.6060956978 1.7000000000 3.6934979180 0.4192287355 2.6481320874 0.0000000000
6.6144383074 1.7000000000 3.6934821481 0.4186820816 2.6478503465 0.0000000000
6.6227809419 1.7000000000 3.6934667679 0.4181377341 2.6475710867 0.0000000000
6.6311236064 1.7000000000 3.6934517444 0.4175961803 2.6472943711 0.0000000000
6.6394663058 1.7000000000 3.6934370446 0.4170579072 2.6470202627 0.0000000000
6.6478090452 1.7000000000 3.6934226356 0.4165234022 2.6467488248 0.0000000000
6.6561518308 1.7000000000 3.6934084894 0.4159932835 2.6464801923 0.0000000000
6.6644946767 1.7000000000 3.6933946123 0.4154690934 2.6462150081 0.0000000000
6.6728376006 1.7000000000 3.6933810257 0.4149527713 2.6459541326 0.0000000000
6.6811806204 1.7000000000 3.6933677507 0.4144462581 2.6456984274 0.0000000000
6.6895237535 1.7000000000 3.6933548087 0.4139514707 2.6454487444 0.0000000000
6.6978670077 1.7000000000 3.6933422196 0.4134694288 2.6452055714 0.0000000000
6.7062103783 1.7000000000 3.6933300020 0.4129999987 2.6449689289 0.0000000000
6.7145538598 1.7000000000 3.6933181741 0.4125429712 2.6447388063 0.0000000000
6.7228974469 1.7000000000 3.6933067553 0.4120981367 2.6445151973 0.0000000000
6.7312411345 1.7000000000 3.6932958505 0.4116652617 2.6442984280 0.0000000000
6.7395849187 1.7000000000 3.6932857144 0.4112440707 2.6440894074 0.0000000000
6.7479287955 1.7000000000 3.6932766171 0.4108342838 2.6438891032 0.0000000000
6.7562727612 1.7000000000 3.6932688279 0.4104356236 2.6436984822 0.0000000000
6.7646168166 1.7000000000 3.6932624524 0.4100486011 2.6435181712 0.0000000000
6.7729609746 1.7000000000 3.6932571906 0.4096756794 2.6433479556 0.0000000000
6.7813052497 1.7000000000 3.6932526811 0.4093196182 2.6431874930 0.0000000000
6.7896496564 1.7000000000 3.6932485667 0.4089831511 2.6430364485 0.0000000000
6.7979941988 1.7000000000 3.6932447229 0.4086676647 2.6428948789 0.0000000000
6.8063388655 1.7000000000 3.6932413663 0.4083725716 2.6427634152 0.0000000000
6.8146836442 1.7000000000 3.6932387404 0.4080971274 2.6426427338 0.0000000000
6.8230285223 1.7000000000 3.6932370887 0.4078405876 2.6425335113 0.0000000000
6.8313734873 1.7000000000 3.6932366550 0.4076022076 2.6424364243 0.0000000000
6.8397185270 1.7000000000 3.6932376827 0.4073812432 2.6423521494 0.0000000000
6.8480636287 1.7000000000 3.6932404152 0.4071769496 2.6422813622 0.0000000000
6.8564087820 1.7000000000 3.6932449196 0.4069885368 2.6422240146 0.0000000000
6.8647539822 1.7000000000 3.6932507639 0.4068150859 2.6421780115 0.0000000000
6.8730992255 1.7000000000 3.6932574287 0.4066556555 2.6421408982 0.0000000000
6.8814445083 1.7000000000 3.6932644071 0.4065093787 2.6421103011 0.0000000000
6.8897898273 1.7000000000 3.6932713624 0.4063763866 2.6420849255 0.0000000000
6.8981351801 1.7000000000 3.6932780789 0.4062575197 2.6420642447 0.0000000000
6.9064805635 1.7000000000 3.6932844281 0.4061533704 2.6420479819 0.0000000000
6.9148259706 1.7000000000 3.6932911485 0.4060618329 2.6420382484 0.0000000000
6.9231713924 1.7000000000 3.6932994866 0.4059792198 2.6420385557 0.0000000000
6.9315168216 1.7000000000 3.6933102652 0.4059030200 2.6420511904 0.0000000000
6.9398622607 1.7000000000 3.6933222872 0.4058363385 2.6420726058 0.0000000000
6.9482077149 1.7000000000 3.6933337836 0.4057838456 2.6420975940 0.0000000000
6.9565531839 1.7000000000 3.6933441180 0.4057456784 2.6421236646 0.0000000000
6.9648986598 1.7000000000 3.6933543651 0.4057151270 2.6421524324 0.0000000000
6.9732441343 1.7000000000 3.6933657043 0.4056850958 2.6421857768 0.0000000000
6.9815896046 1.7000000000 3.6933783922 0.4056530036 2.6422236917 0.0000000000
6.9899350739 1.7000000000 3.6933917274 0.4056209552 2.6422642130 0.0000000000
6.9982805437 1.7000000000 3.6934051343 0.4055895073 2.6423052617 0.0000000000
7.0066260110 1.7000000000 3.6934185036 0.4055543923 2.6423446927 0.0000000000
7.0149714724 1.7000000000 3.6934319276 0.4055115528 2.6423812527 0.0000000000
7.0233169274 1.7000000000 3.6934461892 0.4054626990 2.6424187579 0.0000000000
7.0316623771 1.7000000000 3.6934621211 0.4054113913 2.6424619622 0.0000000000
7.0400078247 1.7000000000 3.6934788927 0.4053597888 2.6425084079 0.0000000000
7.0483532745 1.7000000000 3.6934948398 0.4053092995 2.6425520002 0.0000000000
7.0566987267 1.7000000000 3.6935097717 0.4052592618 2.6425917128 0.0000000000
7.0650441748 1.7000000000 3.6935258563 0.4052056110 2.6426345909 0.0000000000
7.0733896102 1.7000000000 3.6935425340 0.4051417489 2.6426757570 0.0000000000
7.0817350222 1.7000000000 3.6935551046 0.4050582658 2.6426926462 0.0000000000
7.0900804126 1.7000000000 3.6935653653 0.4049591683 2.6426940498 0.0000000000
7.0984257956 1.7000000000 3.6935816985 0.4048621253 2.6427205657 0.0000000000
7.1067711800 1.7000000000 3.6936018322 0.4047697265 2.6427641406 0.0000000000
7.1151165689 1.7000000000 3.6936167109 0.4046741336 2.6427854183 0.0000000000
7.1234619445 1.7000000000 3.6936278149 0.4045682881 2.6427874964 0.0000000000
7.1318072777 1.7000000000 3.6936446606 0.4044480721 2.6428067928 0.0000000000
7.1401525952 1.7000000000 3.6936640899 0.4043225642 2.6428343066 0.0000000000
7.1484979209 1.7000000000 3.6936803193 0.4041978127 2.6428493237 0.0000000000
7.1568432249 1.7000000000 3.6936930777 0.4040624539 2.6428462136 0.0000000000
7.1651884920 1.7000000000 3.6937057583 0.4039132017 2.6428372352 0.0000000000
7.1735337445 1.7000000000 3.6937258131 0.4037640439 2.6428577914 0.0000000000
7.1818789883 1.7000000000 3.6937482550 0.4036139662 2.6428875279 0.0000000000
7.1902242240 1.7000000000 3.6937637806 0.4034563260 2.6428865742 0.0000000000
7.1985694757 1.7000000000 3.6937759490 0.4033003058 2.6428728398 0.0000000000
7.2069146696 1.7000000000 3.6937920721 0.4031301619 2.6428692747 0.0000000000
7.2152597192 1.7000000000 3.6938147578 0.4029233784 2.6428773039 0.0000000000
7.2236048039 1.7000000000 3.6938353879 0.4027246390 2.6428803287 0.0000000000
7.2319499936 1.7000000000 3.6938523299 0.4025514113 2.6428788054 0.0000000000
7.2402951748 1.7000000000 3.6938680844 0.4023758921 2.6428716157 0.0000000000
7.2486400871 1.7000000000 3.6938841220 0.4021344070 2.6428391721 0.0000000000
7.2569851010 1.7000000000 3.6939016478 0.4019165452 2.6428221307 0.0000000000
7.2653301738 1.7000000000 3.6939239238 0.4017157053 2.6428308987 0.0000000000
7.2736750849 1.7000000000 3.6939496690 0.4014783611 2.6428389418 0.0000000000
7.2820201040 1.7000000000 3.6939676033 0.4012609418 2.6428237112 0.0000000000
7.2903648974 1.7000000000 3.6939848501 0.4009954618 2.6427865064 0.0000000000
7.2987097258 1.7000000000 3.6940065306 0.4007387374 2.6427705386 0.0000000000
7.3070547025 1.7000000000 3.6940278246 0.4005121983 2.6427650991 0.0000000000
7.3153995343 1.7000000000 3.6940460859 0.4002555657 2.6427354912 0.0000000000
7.3237441903 1.7000000000 3.6940670507 0.3999652250 2.6427032141 0.0000000000
7.3320890438 1.7000000000 3.6940910094 0.3997141168 2.6426986058 0.0000000000
7.3404338806 1.7000000000 3.6941111360 0.3994583104 2.6426767895 0.0000000000
7.3487784127 1.7000000000 3.6941320721 0.3991464761 2.6426358001 0.0000000000
7.3571231420 1.7000000000 3.6941573903 0.3988719276 2.6426272535 0.0000000000
7.3654678808 1.7000000000 3.6941896463 0.3986037014 2.6426489871 0.0000000000
7.3738122938 1.7000000000 3.6942113039 0.3982729805 2.6426033290 0.0000000000
7.3821569523 1.7000000000 3.6942292866 0.3979818474 2.6425588068 0.0000000000
7.3905015459 1.7000000000 3.6942631686 0.3976890723 2.6425772246 0.0000000000
7.3988456314 1.7000000000 3.6942838940 0.3973091968 2.6425081760 0.0000000000
7.4071900839 1.7000000000 3.6943069450 0.3969859882 2.6424710968 0.0000000000
7.4155346929 1.7000000000 3.6943402951 0.3966918340 2.6424868352 0.0000000000
7.4238785872 1.7000000000 3.6943650687 0.3962936225 2.6424266453 0.0000000000
7.4322227575 1.7000000000 3.6943849373 0.3959285614 2.6423600952 0.0000000000
7.4405671500 1.7000000000 3.6944219630 0.3956029963 2.6423779720 0.0000000000
7.4489109062 1.7000000000 3.6944454182 0.3951827846 2.6423037082 0.0000000000
7.4572551999 1.7000000000 3.6944757686 0.3948366177 2.6422866427 0.0000000000
7.4655987618 1.7000000000 3.6945088517 0.3943971356 2.6422431823 0.0000000000
7.4739426840 1.7000000000 3.6945317017 0.3939970960 2.6421745664 0.0000000000
7.4822868327 1.7000000000 3.6945684119 0.3936316858 2.6421752434 0.0000000000
7.4906295634 1.7000000000 3.6945909664 0.3931027784 2.6420538982 0.0000000000
7.4989732918 1.7000000000 3.6946275492 0.3926835766 2.6420325488 0.0000000000
7.5073165829 1.7000000000 3.6946582468 0.3922105204 2.6419661169 0.0000000000
7.5156569270 1.7000000000 3.6946837056 0.3914810144 2.6417761494 0.0000000000
7.5239971530 1.7000000000 3.6947030782 0.3907435342 2.6415586478 0.0000000000
7.5323354246 1.7000000000 3.6947163370 0.3898757954 2.6412645875 0.0000000000
7.5406731635 1.7000000000 3.6947376202 0.3889771039 2.6409902438 0.0000000000
7.5490127983 1.7000000000 3.6947646454 0.3881990200 2.6407871110 0.0000000000
7.5573522946 1.7000000000 3.6947925332 0.3874110171 2.6405834609 0.0000000000
7.5656931941 1.7000000000 3.6948200651 0.3867236623 2.6404186469 0.0000000000
7.5740336437 1.7000000000 3.6948460654 0.3860009669 2.6402335696 0.0000000000
7.5823707358 1.7000000000 3.6948708768 0.3850692701 2.6399601365 0.0000000000
7.5907091876 1.7000000000 3.6948969852 0.3842149830 2.6397228553 0.0000000000
7.5990473204 1.7000000000 3.6949290027 0.3833430143 2.6395021381 0.0000000000
7.6073844962 1.7000000000 3.6949482508 0.3824137498 2.6392074244 0.0000000000
7.6157223378 1.7000000000 3.6949810675 0.3815243383 2.6389829267 0.0000000000
7.6240613317 1.7000000000 3.6950174825 0.3807071873 2.6388017263 0.0000000000
7.6323976773 1.7000000000 3.6950459922 0.3797355740 2.6385271197 0.0000000000
7.6407329356 1.7000000000 3.6950760921 0.3787056763 2.6382355603 0.0000000000
7.6490684490 1.7000000000 3.6951112893 0.3776896779 2.6379699497 0.0000000000
7.6574024839 1.7000000000 3.6951380873 0.3766014226 2.6376418397 0.0000000000
7.6657380999 1.7000000000 3.6951672926 0.3755898464 2.6373540305 0.0000000000
7.6740716347 1.7000000000 3.6952061928 0.3744777580 2.6370647959 0.0000000000
7.6824040562 1.7000000000 3.6952322784 0.3733132154 2.6367033210 0.0000000000
7.6907369320 1.7000000000 3.6952662776 0.3721701061 2.6363820742 0.0000000000
7.6990697922 1.7000000000 3.6953058627 0.3710275659 2.6360833986 0.0000000000
7.7073992131 1.7000000000 3.6953316301 0.3697415818 2.6356720744 0.0000000000
7.7157272327 1.7000000000 3.6953630951 0.3683947803 2.6352592141 0.0000000000
7.7240567407 1.7000000000 3.6953952209 0.3671142046 2.6348754869 0.0000000000
7.7323843714 1.7000000000 3.6954277752 0.3657528099 2.6344611460 0.0000000000
7.7407140276 1.7000000000 3.6954646809 0.3644732846 2.6340969587 0.0000000000
7.7490396907 1.7000000000 3.6954893290 0.3630366134 2.6336208827 0.0000000000
7.7573604734 1.7000000000 3.6955173798 0.3614367601 2.6330931448 0.0000000000
7.7656791719 1.7000000000 3.6955335455 0.3597682277 2.6324903944 0.0000000000
7.7740008678 1.7000000000 3.6955668232 0.3581963923 2.6319947711 0.0000000000
7.7823209157 1.7000000000 3.6955943017 0.3565708966 2.6314544870 0.0000000000
7.7906367685 1.7000000000 3.6956122920 0.3548190158 2.6308256956 0.0000000000
7.7989501036 1.7000000000 3.6956322154 0.3529909881 2.6301741783 0.0000000000
7.8072618705 1.7000000000 3.6956544429 0.3511183506 2.6295140333 0.0000000000
7.8155740497 1.7000000000 3.6956746137 0.3492565511 2.6288499965 0.0000000000
7.8238805009 1.7000000000 3.6956851760 0.3472436839 2.6280870987 0.0000000000
7.8321863792 1.7000000000 3.6957061946 0.3452143653 2.6273594459 0.0000000000
7.8404885533 1.7000000000 3.6957097031 0.3430902975 2.6265238528 0.0000000000
7.8487862295 1.7000000000 3.6957286727 0.3408614530 2.6257081932 0.0000000000
7.8570792677 1.7000000000 3.6957181831 0.3385275178 2.6247326608 0.0000000000
7.8653750106 1.7000000000 3.6957390308 0.3362530510 2.6239062649 0.0000000000
7.8736624221 1.7000000000 3.6957389340 0.3337969213 2.6229234260 0.0000000000
7.8819451271 1.7000000000 3.6957290035 0.3312405668 2.6218611620 0.0000000000
7.8902234076 1.7000000000 3.6957232741 0.3285974212 2.6207809861 0.0000000000
7.8984948094 1.7000000000 3.6957044591 0.3258243333 2.6195964910 0.0000000000
7.9067650873 1.7000000000 3.6956897995 0.3230299682 2.6184201068 0.0000000000
7.9150144712 1.7000000000 3.6956489301 0.3198811530 2.6169971031 0.0000000000
7.9232787093 1.7000000000 3.6956265520 0.3169723135 2.6157440546 0.0000000000
7.9315167083 1.7000000000 3.6955793125 0.3136558334 2.6142285047 0.0000000000
7.9397462255 1.7000000000 3.6955295259 0.3101933353 2.6126443593 0.0000000000
7.9479568915 1.7000000000 3.6954571981 0.3064646223 2.6108635629 0.0000000000
7.9561490172 1.7000000000 3.6953782602 0.3025124437 2.6089669395 0.0000000000
7.9643254369 1.7000000000 3.6952877782 0.2983420913 2.6069368706 0.0000000000
7.9724636300 1.7000000000 3.6951683909 0.2937752193 2.6046325725 0.0000000000
7.9805843727 1.7000000000 3.6950464169 0.2889872417 2.6022294856 0.0000000000
7.9886735755 1.7000000000 3.6949074226 0.2838804163 2.5996307785 0.0000000000
7.9967388528 1.7000000000 3.6947619841 0.2785600533 2.5969208791 0.0000000000
8.0047159112 1.7000000000 3.6945858728 0.2725020594 2.5937932365 0.0000000000
8.0126566977 1.7000000000 3.6943918692 0.2661471194 2.5904752461 0.0000000000
8.0205223743 1.7000000000 3.6941863198 0.2592530473 2.5868954194 0.0000000000
8.0282887970 1.7000000000 3.6939371042 0.2517750882 2.5829073736 0.0000000000
8.0359755271 1.7000000000 3.6936667339 0.2437468970 2.5786146156 0.0000000000
8.0435106954 1.7000000000 3.6933465414 0.2348770951 2.5737859252 0.0000000000
8.0508892858 1.7000000000 3.6930053776 0.2252492403 2.5685701278 0.0000000000
8.0580170892 1.7000000000 3.6926112709 0.2146803617 2.5627661497 0.0000000000
8.0603277563 1.7000000000 3.6936137605 0.2302571188 2.5730068108 0.0000000000
8.0643886983 1.7000000000 3.6936819337 0.2344161914 2.5749431327 0.0000000000
8.0704654448 1.7000000000 3.6930762486 0.2201999867 2.5668339104 0.0000000000
8.0759970997 1.7000000000 3.6924075701 0.2046787515 2.5579507025 0.0000000000
8.0807400649 1.7000000000 3.6916511842 0.1876251296 2.5481037101 0.0000000000
8.0849237765 1.7000000000 3.6908480959 0.1697019414 2.5377220814 0.0000000000
8.0884804982 1.7000000000 3.6900983171 0.1509259640 2.5272125755 0.0000000000
8.0913701524 1.7000000000 3.6893121315 0.1314560607 2.5162798715 0.0000000000
8.0938793014 1.7000000000 3.6885281351 0.1116555490 2.5052236815 0.0000000000
8.0960300249 1.7000000000 3.6877168550 0.0916007879 2.4939566564 0.0000000000
8.0978413615 1.7000000000 3.6868600839 0.0713494896 2.4824290529 0.0000000000
8.0993536721 1.7000000000 3.6861063682 0.0509185445 2.4712418121 0.0000000000
8.1006216612 1.7000000000 3.6853438697 0.0303863261 2.4599789308 0.0000000000
8.1017059390 1.7000000000 3.6845809824 0.0097879541 2.4486880327 0.0000000000
8.1026103198 1.7000000000 3.6838262629 -0.0108665138 2.4374073676 0.0000000000
8.1033819792 1.7000000000 3.6830827235 -0.0315573489 2.4261568758 0.0000000000
8.1040451693 1.7000000000 3.6822643628 -0.0522538436 2.4146048352 0.0000000000
8.1046032162 1.7000000000 3.6815067682 -0.0729843296 2.4032822623 0.0000000000
8.1050785756 1.7000000000 3.6807772485 -0.0937341152 2.3920642694 0.0000000000
8.1054887748 1.7000000000 3.6800635397 -0.1144960442 2.3809046627 0.0000000000
8.1058365087 1.7000000000 3.6793430991 -0.1352636631 2.3697158525 0.0000000000
8.1061293122 1.7000000000 3.6785875456 -0.1560286631 2.3583876386 0.0000000000
8.1063779807 1.7000000000 3.6778215736 -0.1767949706 2.3470172277 0.0000000000
8.1065873679 1.7000000000 3.6770880593 -0.1975713384 2.3357726233 0.0000000000
8.1067663829 1.7000000000 3.6763876869 -0.2183566296 2.3246570170 0.0000000000
8.1069205457 1.7000000000 3.6756867175 -0.2391430287 2.3135385801 0.0000000000
8.1070539168 1.7000000000 3.6749952877 -0.2599323481 2.3024571331 0.0000000000
8.1071696931 1.7000000000 3.6742917084 -0.2807197610 2.2913278507 0.0000000000
8.1072714607 1.7000000000 3.6735617653 -0.3015018339 2.2800952490 0.0000000000
8.1073608353 1.7000000000 3.6728200876 -0.3222817954 2.2688165535 0.0000000000
8.1074392987 1.7000000000 3.6721441613 -0.3430760101 2.2577951625 0.0000000000
8.1075103304 1.7000000000 3.6714431891 -0.3638652240 2.2466755880 0.0000000000
8.1075741026 1.7000000000 3.6707510214 -0.3846564140 2.2355904416 0.0000000000
8.1076318236 1.7000000000 3.6700700000 -0.4054500000 2.2245489214 0.0000000000
8.1076609846 1.7000000000 3.6697000000 -0.4167000000 2.2185689214 0.0000000000
8.1078002684 1.7000000000 3.6676775011 -0.4781287765 2.1859074150 0.0000000000
8.1079168761 1.7000000000 3.6656363901 -0.5395541326 2.1531728287 0.0000000000
8.1080285434 1.7000000000 3.6636627721 -0.6009929328 2.1207028366 0.0000000000
8.1081416247 1.7000000000 3.6616685790 -0.6624319534 2.0881504562 0.0000000000
8.1082614673 1.7000000000 3.6596385576 -0.7244000274 2.0552431408 0.0000000000
8.1086656921 1.7000000000 3.6590166001 -0.7469208598 2.0437469777 0.0000000000
8.1087798029 1.7000000000 3.6609677558 -0.6860656037 2.0758937032 0.0000000000
8.1090916166 1.7000000000 3.6630326634 -0.6246689158 2.1087120087 0.0000000000
8.1098113822 1.7000000000 3.6649893662 -0.5633054139 2.1410842206 0.0000000000
8.1144725356 1.7000000000 3.6650042417 -0.5633632599 2.1411205842 0.0000000000
8.1195546128 1.7000000000 3.6630779465 -0.6233914224 2.1094041384 0.0000000000
8.1231636731 1.7000000000 3.6609985345 -0.6841117632 2.0767983540 0.0000000000
8.1258239652 1.7000000000 3.6590183392 -0.7451871971 2.0444473993 0.0000000000
8.1282216158 1.7000000000 3.6570190209 -0.8063285865 2.0119935705 0.0000000000
8.1302750337 1.7000000000 3.6550432699 -0.8675534116 1.9796006362 0.0000000000
8.1320968708 1.7000000000 3.6529672642 -0.9288032534 1.9467966769 0.0000000000
8.1337373489 1.7000000000 3.6509916660 -0.9901060448 1.9143731675 0.0000000000
8.1352289322 1.7000000000 3.6489893498 -1.0514272026 1.8818354395 0.0000000000
8.1366047436 1.7000000000 3.6470112337 -1.1127702031 1.8493857750 0.0000000000
8.1378664634 1.7000000000 3.6450158332 -1.1741250659 1.8168622277 0.0000000000
8.1390263199 1.7000000000 3.6429079114 -1.2354688106 1.7838930427 0.0000000000
8.1400969898 1.7000000000 3.6409216351 -1.2968481265 1.7513962111 0.0000000000
8.1410929580 1.7000000000 3.6389288550 -1.3582340736 1.7188707120 0.0000000000
8.1420319911 1.7000000000 3.6369180919 -1.4196219726 1.6862725000 0.0000000000
8.1429141794 1.7000000000 3.6349073610 -1.4810150359 1.6536723511 0.0000000000
8.1437305010 1.7000000000 3.6328208287 -1.5423979742 1.6207730466 0.0000000000
8.1444945048 1.7000000000 3.6308609799 -1.6038111528 1.5883683797 0.0000000000
8.1452511431 1.7000000000 3.6288182705 -1.6652082358 1.5556387093 0.0000000000
8.1460031411 1.7000000000 3.6267880739 -1.7266082491 1.5229579175 0.0000000000
8.1467307199 1.7000000000 3.6247493889 -1.7880083296 1.4902431450 0.0000000000
8.1474362399 1.7000000000 3.6227042198 -1.8494086862 1.4575023261 0.0000000000
8.1481329367 1.7000000000 3.6206464963 -1.9108070359 1.4247120923 0.0000000000
8.1488167349 1.7000000000 3.6185371852 -1.9721951155 1.3917196161 0.0000000000
8.1494737186 1.7000000000 3.6164508096 -2.0335901380 1.3588161045 0.0000000000
8.1500796036 1.7000000000 3.6143734025 -2.0949903121 1.3259464066 0.0000000000
8.1505992010 1.7000000000 3.6123592766 -2.1564084579 1.2933226445 0.0000000000
8.1510139200 1.7000000000 3.6102508523 -2.2178119676 1.2603275437 0.0000000000
8.1513396130 1.7000000000 3.6081614527 -2.2792229041 1.2274055705 0.0000000000
8.1516111223 1.7000000000 3.6060320795 -2.3406269456 1.1943264610 0.0000000000
8.1518554507 1.7000000000 3.6038873387 -2.4020283579 1.1611869328 0.0000000000
8.1520838703 1.7000000000 3.6017439009 -2.4634304385 1.1280523496 0.0000000000
8.1522983484 1.7000000000 3.5995578038 -2.5248234021 1.0947507756 0.0000000000
8.1525023738 1.7000000000 3.5974080492 -2.5862244917 1.0615913213 0.0000000000
8.1526874325 1.7000000000 3.5952526706 -2.6476248343 1.0284096702 0.0000000000
8.1529026695 1.7000000000 3.5931147717 -2.7090283986 0.9952966486 0.0000000000
8.1530928168 1.7000000000 3.5909055956 -2.7704167270 0.9619046131 0.0000000000
8.1532845076 1.7000000000 3.5886715540 -2.8317993879 0.9284153823 0.0000000000
8.1534788032 1.7000000000 3.5864161859 -2.8931771261 0.8948428144 0.0000000000
8.1536809565 1.7000000000 3.5841305218 -2.9545476253 0.8611519587 0.0000000000
8.1538973852 1.7000000000 3.5817820446 -3.0159029547 0.8272159181 0.0000000000
8.1541268673 1.7000000000 3.5793460343 -3.0772361615 0.7929385940 0.0000000000
8.1543809780 1.7000000000 3.5769755913 -3.1385876394 0.7589162308 0.0000000000
8.1545945633 1.7000000000 3.5750525645 -3.1889710655 0.7310707530 0.0000000000
8.1546561669 1.7000000000 3.5727100281 -3.2488527633 0.6977479284 0.0000000000
8.1547091073 1.7000000000 3.5729932880 -3.2412732475 0.7019127744 0.0000000000
8.1547255067 1.7000000000 3.5754433083 -3.1797373907 0.7363271983 0.0000000000
8.1547290698 1.7000000000 3.5778507698 -3.1183930158 0.7704947944 0.0000000000
8.1547306526 1.7000000000 3.5802973866 -3.0570630134 0.8048132624 0.0000000000
8.1547310870 1.7000000000 3.5827908556 -2.9957439875 0.8393147488 0.0000000000
8.1547313909 1.7000000000 3.5851672347 -2.9343929945 0.8733606626 0.0000000000
8.1547316525 1.7000000000 3.5874725478 -2.8730249169 0.9071291457 0.0000000000
8.1547318948 1.7000000000 3.5897488334 -2.8116500621 0.9407842302 0.0000000000
8.1547321243 1.7000000000 3.5919749181 -2.7502637345 0.9742430998 0.0000000000
8.1547323470 1.7000000000 3.5941348451 -2.6888631672 1.0074430347 0.0000000000
8.1547325721 1.7000000000 3.5962708761 -2.6274637806 1.0405469137 0.0000000000
8.1547328357 1.7000000000 3.5983640408 -2.5658604814 1.0735608922 0.0000000000
8.1547333279 1.7000000000 3.5983140545 -2.5631389856 1.0744495452 0.0000000000
8.1547335221 1.7000000000 3.5961506859 -2.6246037760 1.0412101547 0.0000000000
8.1547336761 1.7000000000 3.5939833802 -2.6859148916 1.0080164855 0.0000000000
8.1547338139 1.7000000000 3.5918163876 -2.7473146527 0.9747886105 0.0000000000
8.1547339459 1.7000000000 3.5895883266 -2.8087007670 0.9413219208 0.0000000000
8.1547340765 1.7000000000 3.5873317663 -2.8700801734 0.9077439174 0.0000000000
8.1547342093 1.7000000000 3.5850433221 -2.9314521820 0.8740413370 0.0000000000
8.1547343481 1.7000000000 3.5827190949 -2.9928157883 0.8401989856 0.0000000000
8.1547344985 1.7000000000 3.5802544197 -3.0541450929 0.8058085629 0.0000000000
8.1547346640 1.7000000000 3.5778536237 -3.1154902075 0.7716673330 0.0000000000
8.1547348560 1.7000000000 3.5754749207 -3.1768407831 0.7376122909 0.0000000000
8.1547351037 1.7000000000 3.5730630507 -3.2381836493 0.7034276644 0.0000000000
8.1547353700 1.7000000000 3.5705259120 -3.2994740025 0.6687629685 0.0000000000
8.1547369859 1.7000000000 3.5705240595 -3.3003045451 0.6684233413 0.0000000000
8.1547382368 1.7000000000 3.5730473923 -3.2399285595 0.7026670668 0.0000000000
8.1547391987 1.7000000000 3.5754842708 -3.1786082519 0.7369427040 0.0000000000
8.1547401749 1.7000000000 3.5778670872 -3.1172547256 0.7710153800 0.0000000000
8.1547412383 1.7000000000 3.5802924722 -3.0559154331 0.8052526369 0.0000000000
8.1547424835 1.7000000000 3.5827482273 -2.9945851910 0.8396077541 0.0000000000
8.1547442678 1.7000000000 3.5851075970 -2.9332470358 0.8735804951 0.0000000000
8.1547546393 1.7000000000 3.5851695076 -2.9314455672 0.8745487249 0.0000000000
8.1547698343 1.7000000000 3.5828227380 -2.9927481945 0.8406405955 0.0000000000
8.1547830995 1.7000000000 3.5803531689 -3.0540803061 0.8062294746 0.0000000000
8.1547951898 1.7000000000 3.5779382100 -3.1154220217 0.7720329528 0.0000000000
8.1548070009 1.7000000000 3.5755669917 -3.1767743667 0.7380071416 0.0000000000
8.1548198128 1.7000000000 3.5731415921 -3.2381135254 0.7037698796 0.0000000000
8.1548346734 1.7000000000 3.5705949555 -3.2994217279 0.6690600524 0.0000000000
8.1548523075 1.7000000000 3.5680847436 -3.3607394772 0.6344921048 0.0000000000
8.1548732670 1.7000000000 3.5654672806 -3.4220284701 0.5995066557 0.0000000000
8.1548983028 1.7000000000 3.5628950302 -3.4833288040 0.5646975207 0.0000000000
8.1549297414 1.7000000000 3.5602319686 -3.5446492677 0.5295170887 0.0000000000
8.1549859671 1.7000000000 3.5576573086 -3.6028880771 0.4959229250 0.0000000000
8.1549997663 1.7000000000 3.5605900000 -3.5368750000 0.5340589214 0.0000000000
