# logAge Mass logTe Mbol logg C/O
-0.5054055187 0.9500000000 3.6546800000 -2.1987750000 1.1929336053 0.0000000000
-0.4618177919 0.9500000000 3.6546844819 -2.1986615635 1.1929969074 0.0000000000
-0.4182300730 0.9500000000 3.6546889878 -2.1985313766 1.1930670058 0.0000000000
-0.3746423619 0.9500000000 3.6546934982 -2.1983857332 1.1931433049 0.0000000000
-0.3310546586 0.9500000000 3.6546979938 -2.1982259277 1.1932252094 0.0000000000
-0.2874669631 0.9500000000 3.6547024583 -2.1980530367 1.1933122237 0.0000000000
-0.2438792783 0.9500000000 3.6547069350 -2.1978641692 1.1934056776 0.0000000000
-0.2002916099 0.9500000000 3.6547115166 -2.1976529874 1.1935084769 0.0000000000
-0.1567039636 0.9500000000 3.6547161266 -2.1974144370 1.1936223371 0.0000000000
-0.1131163458 0.9500000000 3.6547204196 -2.1971456688 1.1937470160 0.0000000000
-0.0695287612 0.9500000000 3.6547244171 -2.1968453887 1.1938831183 0.0000000000
-0.0259412091 0.9500000000 3.6547292901 -2.1965163058 1.1940342433 0.0000000000
0.0176463095 0.9500000000 3.6547362968 -2.1961602096 1.1942047088 0.0000000000
0.0612337788 0.9500000000 3.6547459915 -2.1957693887 1.1943998156 0.0000000000
0.1048211788 0.9500000000 3.6547585404 -2.1953332669 1.1946244603 0.0000000000
0.1484084957 0.9500000000 3.6547724647 -2.1948476102 1.1948744199 0.0000000000
0.1919957198 0.9500000000 3.6547852905 -2.1943123575 1.1951398244 0.0000000000
0.2355828392 0.9500000000 3.6547976608 -2.1937263014 1.1954237278 0.0000000000
0.2791698385 0.9500000000 3.6548139435 -2.1930867566 1.1957446768 0.0000000000
0.3227566889 0.9500000000 3.6548359850 -2.1923870292 1.1961127337 0.0000000000
0.3663433320 0.9500000000 3.6548596683 -2.1916118894 1.1965175228 0.0000000000
0.4099297098 0.9500000000 3.6548815260 -2.1907475871 1.1969506746 0.0000000000
0.4535157815 0.9500000000 3.6549040793 -2.1897912402 1.1974234264 0.0000000000
0.4971015081 0.9500000000 3.6549310733 -2.1887420156 1.1979510922 0.0000000000
0.5406868265 0.9500000000 3.6549634108 -2.1875924747 1.1985402586 0.0000000000
0.5842716581 0.9500000000 3.6550005403 -2.1863315139 1.1991931610 0.0000000000
0.6278558545 0.9500000000 3.6550411626 -2.1849407698 1.1999119478 0.0000000000
0.6714392046 0.9500000000 3.6550833373 -2.1833954762 1.2006987641 0.0000000000
0.7150215437 0.9500000000 3.6551268956 -2.1816804605 1.2015590034 0.0000000000
0.7586027864 0.9500000000 3.6551745930 -2.1797965588 1.2025033539 0.0000000000
0.8021827648 0.9500000000 3.6552289741 -2.1777372449 1.2035446038 0.0000000000
0.8457610375 0.9500000000 3.6552911189 -2.1754690439 1.2047004634 0.0000000000
0.8893371495 0.9500000000 3.6553616571 -2.1729577954 1.2059871155 0.0000000000
0.9329108729 0.9500000000 3.6554401890 -2.1701958682 1.2074060141 0.0000000000
0.9764819980 0.9500000000 3.6555258291 -2.1671812623 1.2089544169 0.0000000000
1.0200494719 0.9500000000 3.6556163622 -2.1638588680 1.2106455068 0.0000000000
1.0636116861 0.9500000000 3.6557087951 -2.1601388821 1.2125032328 0.0000000000
1.1071678382 0.9500000000 3.6558048311 -2.1559934747 1.2145455398 0.0000000000
1.1507181338 0.9500000000 3.6559119923 -2.1514721754 1.2167827045 0.0000000000
1.1942621427 0.9500000000 3.6560356184 -2.1465909051 1.2192297169 0.0000000000
1.2377978495 0.9500000000 3.6561752723 -2.1412783537 1.2219133531 0.0000000000
1.2813232214 0.9500000000 3.6563302702 -2.1354631352 1.2248594318 0.0000000000
1.3248371115 0.9500000000 3.6565023529 -2.1291265620 1.2280823920 0.0000000000
1.3683381499 0.9500000000 3.6566931873 -2.1222506732 1.2315960851 0.0000000000
1.4118207788 0.9500000000 3.6568977896 -2.1146939411 1.2354371871 0.0000000000
1.4552773508 0.9500000000 3.6571079546 -2.1062553283 1.2396532926 0.0000000000
1.4987028110 0.9500000000 3.6573217104 -2.0968570073 1.2442676440 0.0000000000
1.5420946527 0.9500000000 3.6575432055 -2.0865411803 1.2492799550 0.0000000000
1.5854521432 0.9500000000 3.6577818684 -2.0753699475 1.2547030999 0.0000000000
1.6287775144 0.9500000000 3.6580560789 -2.0634318237 1.2605751912 0.0000000000
1.6720654295 0.9500000000 3.6583697925 -2.0506754599 1.2669325913 0.0000000000
1.7152911286 0.9500000000 3.6586890667 -2.0366979343 1.2738006984 0.0000000000
1.7584511317 0.9500000000 3.6590191678 -2.0214862028 1.2812057954 0.0000000000
1.8015713671 0.9500000000 3.6594208064 -2.0055766725 1.2891761620 0.0000000000
1.8446152044 0.9500000000 3.6598465381 -1.9884665340 1.2977231442 0.0000000000
1.8875626277 0.9500000000 3.6602767443 -1.9698790460 1.3068789642 0.0000000000
1.9304554407 0.9500000000 3.6607966584 -1.9505359961 1.3166958405 0.0000000000
1.9732408026 0.9500000000 3.6613264163 -1.9297741697 1.3271196027 0.0000000000
2.0159114786 0.9500000000 3.6618859663 -1.9075690417 1.3382398538 0.0000000000
2.0583949806 0.9500000000 3.6624232111 -1.8832450612 1.3501184251 0.0000000000
2.1006833204 0.9500000000 3.6629432277 -1.8568653321 1.3627503831 0.0000000000
2.1428810917 0.9500000000 3.6635367268 -1.8296035692 1.3760290849 0.0000000000
2.1849097860 0.9500000000 3.6641429503 -1.8007636015 1.3899899660 0.0000000000
2.2268566046 0.9500000000 3.6648443805 -1.7711994433 1.4046213499 0.0000000000
2.2686449574 0.9500000000 3.6655774107 -1.7402647855 1.4199273339 0.0000000000
2.3103032968 0.9500000000 3.6663650563 -1.7082679355 1.4358766561 0.0000000000
2.3517762090 0.9500000000 3.6671889155 -1.6748120140 1.4525544616 0.0000000000
2.3928256782 0.9500000000 3.6678832982 -1.6382036797 1.4699753263 0.0000000000
2.4337520064 0.9500000000 3.6686421691 -1.6007589790 1.4879886900 0.0000000000
2.4745527704 0.9500000000 3.6694621402 -1.5624766793 1.5065814945 0.0000000000
2.5152554648 0.9500000000 3.6703656944 -1.5235581657 1.5257631167 0.0000000000
2.5558437945 0.9500000000 3.6713284645 -1.4839059950 1.5454750652 0.0000000000
2.5961200660 0.9500000000 3.6722184375 -1.4423174069 1.5656703927 0.0000000000
2.6359973737 0.9500000000 3.6730319015 -1.3983703713 1.5865030627 0.0000000000
2.6757821019 0.9500000000 3.6738918925 -1.3539100094 1.6077271715 0.0000000000
2.7155046733 0.9500000000 3.6748375404 -1.3091157998 1.6294274470 0.0000000000
2.7551122332 0.9500000000 3.6758164667 -1.2636898849 1.6515135183 0.0000000000
2.7946438247 0.9500000000 3.6768583248 -1.2178609332 1.6740125311 0.0000000000
2.8336555535 0.9500000000 3.6777174711 -1.1693074900 1.6968704936 0.0000000000
2.8725564469 0.9500000000 3.6786120866 -1.1202031588 1.7200906880 0.0000000000
2.9114117663 0.9500000000 3.6795587397 -1.0708805829 1.7436063309 0.0000000000
2.9502242025 0.9500000000 3.6805565891 -1.0213525460 1.7674089433 0.0000000000
2.9890269423 0.9500000000 3.6816331359 -0.9717839635 1.7915425635 0.0000000000
3.0273855573 0.9500000000 3.6825541019 -0.9201021486 1.8158991534 0.0000000000
3.0656457942 0.9500000000 3.6834901713 -0.8679509620 1.8405039057 0.0000000000
3.1038411150 0.9500000000 3.6844356786 -0.8155047358 1.8652644255 0.0000000000
3.1420281395 0.9500000000 3.6854415348 -0.7630278071 1.8902786216 0.0000000000
3.1801969908 0.9500000000 3.6864829432 -0.7104714294 1.9154668065 0.0000000000
3.2180684981 0.9500000000 3.6874293159 -0.6565835292 1.9408074571 0.0000000000
3.2557377477 0.9500000000 3.6883134176 -0.6018040256 1.9662556655 0.0000000000
3.2934225993 0.9500000000 3.6892320269 -0.5470960521 1.9918132922 0.0000000000
3.3311152137 0.9500000000 3.6902067987 -0.4924275749 2.0175797701 0.0000000000
3.3687884786 0.9500000000 3.6911913305 -0.4376760024 2.0434185265 0.0000000000
3.4064065626 0.9500000000 3.6921952863 -0.3826958438 2.0694264131 0.0000000000
3.4436529922 0.9500000000 3.6930349656 -0.3261326664 2.0954104010 0.0000000000
3.4809437029 0.9500000000 3.6939122109 -0.2697565661 2.1214698225 0.0000000000
3.5182652480 0.9500000000 3.6948246211 -0.2135117583 2.1476173865 0.0000000000
3.5556267587 0.9500000000 3.6957903558 -0.1574383588 2.1739096851 0.0000000000
3.5929684103 0.9500000000 3.6967624990 -0.1012826334 2.2002605477 0.0000000000
3.6300726260 0.9500000000 3.6976347432 -0.0441457277 2.2266042870 0.0000000000
3.6670674460 0.9500000000 3.6984576588 0.0134402759 2.2529303510 0.0000000000
3.7040760307 0.9500000000 3.6992955799 0.0709703581 2.2792940681 0.0000000000
3.7411820136 0.9500000000 3.7002073707 0.1280971183 2.3057919356 0.0000000000
3.7782658388 0.9500000000 3.7011176845 0.1853161617 2.3323208079 0.0000000000
3.8153481162 0.9500000000 3.7020421169 0.2425398248 2.3589080030 0.0000000000
3.8521292315 0.9500000000 3.7028090908 0.3009805258 2.3853521789 0.0000000000
3.8889458438 0.9500000000 3.7036035288 0.3592789693 2.4118493081 0.0000000000
3.9257884361 0.9500000000 3.7044014157 0.4174744782 2.4383190595 0.0000000000
3.9626689529 0.9500000000 3.7052331898 0.4755169007 2.4648631246 0.0000000000
3.9995635698 0.9500000000 3.7060812335 0.5335016680 2.4914492066 0.0000000000
4.0364784861 0.9500000000 3.7069438659 0.5914041872 2.5180607437 0.0000000000
4.0731143681 0.9500000000 3.7076578607 0.6504166703 2.5445217161 0.0000000000
4.1098292122 0.9500000000 3.7084112781 0.7091184307 2.5710160900 0.0000000000
4.1465250718 0.9500000000 3.7091356326 0.7678960548 2.5974245574 0.0000000000
4.1832627345 0.9500000000 3.7098756084 0.8265096168 2.6238298854 0.0000000000
4.2201051405 0.9500000000 3.7106570391 0.8847066308 2.6502344138 0.0000000000
4.2569607907 0.9500000000 3.7114191812 0.9428535545 2.6765417519 0.0000000000
4.2938646464 0.9500000000 3.7121692777 1.0008095333 2.7027245295 0.0000000000
4.3307013161 0.9500000000 3.7127972464 1.0590410806 2.7285290232 0.0000000000
4.3677908721 0.9500000000 3.7134394447 1.1162589335 2.7539849575 0.0000000000
4.4051894920 0.9500000000 3.7140641630 1.1722057851 2.7788625715 0.0000000000
4.4430826389 0.9500000000 3.7146854799 1.2260282632 2.8028768303 0.0000000000
4.4816602615 0.9500000000 3.7152680982 1.2767173732 2.8254829472 0.0000000000
4.5211170402 0.9500000000 3.7157941111 1.3229823598 2.8460929934 0.0000000000
4.5616212259 0.9500000000 3.7162497716 1.3631840712 2.8639963201 0.0000000000
4.6031813920 0.9500000000 3.7166384985 1.3959689288 2.8786651706 0.0000000000
4.6455388771 0.9500000000 3.7169390212 1.4216250640 2.8901297155 0.0000000000
4.6883805556 0.9500000000 3.7171441343 1.4416939574 2.8989777256 0.0000000000
4.7314771249 0.9500000000 3.7172923689 1.4579939077 2.9060906438 0.0000000000
4.7746887319 0.9500000000 3.7174245373 1.4722840585 2.9123353777 0.0000000000
4.8179194580 0.9500000000 3.7175527224 1.4862004689 2.9184146824 0.0000000000
4.8611037637 0.9500000000 3.7176948383 1.5009896175 2.9248988054 0.0000000000
4.9041688552 0.9500000000 3.7178586511 1.5178220228 2.9322870190 0.0000000000
4.9470274560 0.9500000000 3.7180599921 1.5377115793 2.9410482054 0.0000000000
4.9895026493 0.9500000000 3.7182941059 1.5621726085 2.9517690722 0.0000000000
5.0313081531 0.9500000000 3.7185815862 1.5930093871 2.9652537050 0.0000000000
5.0718878597 0.9500000000 3.7189627178 1.6327076033 2.9826575177 0.0000000000
5.1102406101 0.9500000000 3.7194644126 1.6843430302 3.0053184676 0.0000000000
5.1448771186 0.9500000000 3.7200895214 1.7503021101 3.0342025351 0.0000000000
5.1748851169 0.9500000000 3.7208266536 1.8291989568 3.0687098025 0.0000000000
5.2013199615 0.9500000000 3.7216312664 1.9157918976 3.1065654298 0.0000000000
5.2267290486 0.9500000000 3.7223710308 2.0043114921 3.1449323252 0.0000000000
5.2528227346 0.9500000000 3.7230201443 2.0915772279 3.1824350735 0.0000000000
5.2798915841 0.9500000000 3.7236476433 2.1769689759 3.2191017690 0.0000000000
5.3078655381 0.9500000000 3.7242458115 2.2605190650 3.2549144772 0.0000000000
5.3366290539 0.9500000000 3.7248045931 2.3423787050 3.2898934596 0.0000000000
5.3661231825 0.9500000000 3.7253344716 2.4225989752 3.3241010816 0.0000000000
5.3962455222 0.9500000000 3.7258225866 2.5013483360 3.3575532859 0.0000000000
5.4269361120 0.9500000000 3.7262769151 2.5787167960 3.3903179841 0.0000000000
5.4581599051 0.9500000000 3.7267099812 2.6547405389 3.4224597457 0.0000000000
5.4897875005 0.9500000000 3.7270807677 2.7297170215 3.4539334848 0.0000000000
5.5217851628 0.9500000000 3.7273990555 2.8037063936 3.4848023846 0.0000000000
5.5541246864 0.9500000000 3.7276726395 2.8767623333 3.5151190965 0.0000000000
5.5868261166 0.9500000000 3.7279222800 2.9488052588 3.5449348287 0.0000000000
5.6197971443 0.9500000000 3.7281403319 3.0200765682 3.5743155600 0.0000000000
5.6530528062 0.9500000000 3.7283381253 3.0905174688 3.6032830942 0.0000000000
5.6865395550 0.9500000000 3.7284993618 3.1602710137 3.6318294581 0.0000000000
5.7202641829 0.9500000000 3.7286441909 3.2293051816 3.6600224415 0.0000000000
5.7541990450 0.9500000000 3.7287577296 3.2976925198 3.6878315315 0.0000000000
5.7883442413 0.9500000000 3.7288598712 3.3654227385 3.7153321853 0.0000000000
5.8227042821 0.9500000000 3.7289335136 3.4324701337 3.7424457130 0.0000000000
5.8572488124 0.9500000000 3.7289859643 3.4989230306 3.7692366747 0.0000000000
5.8920099715 0.9500000000 3.7290246690 3.5646659243 3.7956886510 0.0000000000
5.9269942486 0.9500000000 3.7290696046 3.6296650175 3.8218680307 0.0000000000
5.9621920563 0.9500000000 3.7291068711 3.6939390806 3.8477267218 0.0000000000
5.9976117688 0.9500000000 3.7291348880 3.7574467102 3.8732418412 0.0000000000
6.0332837516 0.9500000000 3.7291858398 3.8200656784 3.8984932359 0.0000000000
6.0692202804 0.9500000000 3.7292535731 3.8817317742 3.9234306072 0.0000000000
6.1054464803 0.9500000000 3.7293480293 3.9423288339 3.9480472560 0.0000000000
6.1419768021 0.9500000000 3.7294808692 4.0017731065 3.9723563247 0.0000000000
6.1788567845 0.9500000000 3.7296586952 4.0598520863 3.9962992208 0.0000000000
6.2161291333 0.9500000000 3.7299243798 4.1163403945 4.0199572823 0.0000000000
6.2538381878 0.9500000000 3.7302871787 4.1709822544 4.0432652220 0.0000000000
6.2920165250 0.9500000000 3.7307630618 4.2235426356 4.0661929068 0.0000000000
6.3307773637 0.9500000000 3.7314076094 4.2733520224 4.0886948520 0.0000000000
6.3701146808 0.9500000000 3.7322187632 4.3202365034 4.1106932596 0.0000000000
6.4100850840 0.9500000000 3.7332296682 4.3636104645 4.1320864640 0.0000000000
6.4508241215 0.9500000000 3.7345544149 4.4021878409 4.1528164012 0.0000000000
6.4924061803 0.9500000000 3.7362851112 4.4345149043 4.1726700118 0.0000000000
6.5347597561 0.9500000000 3.7384601164 4.4596032752 4.1914053808 0.0000000000
6.5778257593 0.9500000000 3.7412230051 4.4745922669 4.2084525324 0.0000000000
6.6212403438 0.9500000000 3.7446730258 4.4771976706 4.2232947768 0.0000000000
6.6642833407 0.9500000000 3.7489302356 4.4643601265 4.2351885984 0.0000000000
6.7059002465 0.9500000000 3.7539488468 4.4348347159 4.2434528789 0.0000000000
6.7450930494 0.9500000000 3.7596235707 4.3895034969 4.2480192870 0.0000000000
6.7814546084 0.9500000000 3.7658253680 4.3315332029 4.2496383583 0.0000000000
6.8155088917 0.9500000000 3.7724442183 4.2655916421 4.2497371352 0.0000000000
6.8485928504 0.9500000000 3.7795051688 4.1968792302 4.2504959727 0.0000000000
6.8822009337 0.9500000000 3.7872798595 4.1302880957 4.2549582815 0.0000000000
6.9174129868 0.9500000000 3.7960797081 4.0700064423 4.2660450146 0.0000000000
6.9547596322 0.9500000000 3.8061566588 4.0199218876 4.2863189956 0.0000000000
6.9941595928 0.9500000000 3.8177122467 3.9836739558 4.3180421744 0.0000000000
7.0354199480 0.9500000000 3.8302434900 3.9714750486 4.3632875848 0.0000000000
7.0741891738 0.9500000000 3.8397955927 4.0114731423 4.4174952330 0.0000000000
7.1051731620 0.9500000000 3.8440570416 4.0871506735 4.4648120410 0.0000000000
7.1323327281 0.9500000000 3.8454476176 4.1722693302 4.5044218079 0.0000000000
7.1587955379 0.9500000000 3.8450065750 4.2588403275 4.5372860363 0.0000000000
7.1881413403 0.9500000000 3.8435743998 4.3391966134 4.5636998498 0.0000000000
7.2244520926 0.9500000000 3.8419710383 4.3984461984 4.5809862379 0.0000000000
7.2667237570 0.9500000000 3.8411400000 4.4236750000 4.5877536053 0.0000000000
7.3213524725 0.9500000000 3.8408400000 4.4298250000 4.5890136053 0.0000000000
7.3322701823 0.9500000000 3.8408182451 4.4298921812 4.5889534581 0.0000000000
7.3431876532 0.9500000000 3.8407991353 4.4298448129 4.5888580717 0.0000000000
7.3541049121 0.9500000000 3.8407821959 4.4297013396 4.5887329247 0.0000000000
7.3650219860 0.9500000000 3.8407669519 4.4294802060 4.5885834954 0.0000000000
7.3759389016 0.9500000000 3.8407529286 4.4291998567 4.5884152622 0.0000000000
7.3868556859 0.9500000000 3.8407396509 4.4288787363 4.5882337036 0.0000000000
7.3977723658 0.9500000000 3.8407266465 4.4285352407 4.5880442876 0.0000000000
7.4086889656 0.9500000000 3.8407137020 4.4281822965 4.5878513321 0.0000000000
7.4196055053 0.9500000000 3.8407010970 4.4278224386 4.5876569689 0.0000000000
7.4305220041 0.9500000000 3.8406891661 4.4274570393 4.5874630855 0.0000000000
7.4414384813 0.9500000000 3.8406782434 4.4270874698 4.5872715667 0.0000000000
7.4523549508 0.9500000000 3.8406684888 4.4267148375 4.5870834955 0.0000000000
7.4632714137 0.9500000000 3.8406596378 4.4263396059 4.5868979991 0.0000000000
7.4741878688 0.9500000000 3.8406513625 4.4259621422 4.5867139123 0.0000000000
7.4851043153 0.9500000000 3.8406433348 4.4255828135 4.5865300701 0.0000000000
7.4960207522 0.9500000000 3.8406352435 4.4252020116 4.5863453840 0.0000000000
7.5069371831 0.9500000000 3.8406270427 4.4248205196 4.5861599837 0.0000000000
7.5178536147 0.9500000000 3.8406188988 4.4244394334 4.5859749739 0.0000000000
7.5287700537 0.9500000000 3.8406109845 4.4240598581 4.5857914866 0.0000000000
7.5396865071 0.9500000000 3.8406034723 4.4236828983 4.5856106536 0.0000000000
7.5506029813 0.9500000000 3.8405965295 4.4233096196 4.5854335710 0.0000000000
7.5615194778 0.9500000000 3.8405902130 4.4229402250 4.5852605472 0.0000000000
7.5724359928 0.9500000000 3.8405844723 4.4225740809 4.5850911267 0.0000000000
7.5833525223 0.9500000000 3.8405792524 4.4222105190 4.5849248224 0.0000000000
7.5942690624 0.9500000000 3.8405744984 4.4218488711 4.5847611472 0.0000000000
7.6051856090 0.9500000000 3.8405701552 4.4214884692 4.5845996139 0.0000000000
7.6161021589 0.9500000000 3.8405661700 4.4211287413 4.5844397818 0.0000000000
7.6270187113 0.9500000000 3.8405624980 4.4207695475 4.5842814163 0.0000000000
7.6379352665 0.9500000000 3.8405590971 4.4204108682 4.5841243411 0.0000000000
7.6488518244 0.9500000000 3.8405559252 4.4200526841 4.5839683795 0.0000000000
7.6597683853 0.9500000000 3.8405529399 4.4196949758 4.5838133551 0.0000000000
7.6706849492 0.9500000000 3.8405500991 4.4193377238 4.5836590912 0.0000000000
7.6816015159 0.9500000000 3.8405473749 4.4189808337 4.5835054385 0.0000000000
7.6925180828 0.9500000000 3.8405448029 4.4186238768 4.5833523677 0.0000000000
7.7034346470 0.9500000000 3.8405424364 4.4182663315 4.5831998835 0.0000000000
7.7143512054 0.9500000000 3.8405403286 4.4179076760 4.5830479903 0.0000000000
7.7252677551 0.9500000000 3.8405385329 4.4175473888 4.5828966924 0.0000000000
7.7361842930 0.9500000000 3.8405371024 4.4171849482 4.5827459943 0.0000000000
7.7471008160 0.9500000000 3.8405360906 4.4168198326 4.5825959006 0.0000000000
7.7580173213 0.9500000000 3.8405355506 4.4164515202 4.5824464156 0.0000000000
7.7689338057 0.9500000000 3.8405355357 4.4160794894 4.5822975438 0.0000000000
7.7798502663 0.9500000000 3.8405360992 4.4157032187 4.5821492896 0.0000000000
7.7907667000 0.9500000000 3.8405372944 4.4153221863 4.5820016576 0.0000000000
7.8016831039 0.9500000000 3.8405391746 4.4149358706 4.5818546520 0.0000000000
7.8125994752 0.9500000000 3.8405417847 4.4145438102 4.5817082682 0.0000000000
7.8235158153 0.9500000000 3.8405450673 4.4141462843 4.5815623880 0.0000000000
7.8344321283 0.9500000000 3.8405488960 4.4137440694 4.5814168170 0.0000000000
7.8453484184 0.9500000000 3.8405531435 4.4133379508 4.5812713595 0.0000000000
7.8562646897 0.9500000000 3.8405576822 4.4129287141 4.5811258197 0.0000000000
7.8671809462 0.9500000000 3.8405623839 4.4125171266 4.5809799917 0.0000000000
7.8780971902 0.9500000000 3.8405671050 4.4121035418 4.5808334420 0.0000000000
7.8890134216 0.9500000000 3.8405716862 4.4116879050 4.5806855119 0.0000000000
7.8999296407 0.9500000000 3.8405759676 4.4112701437 4.5805355332 0.0000000000
7.9108458473 0.9500000000 3.8405797895 4.4108501856 4.5803828375 0.0000000000
7.9217620391 0.9500000000 3.8405831461 4.4104276105 4.5802272339 0.0000000000
7.9326782013 0.9500000000 3.8405867697 4.4100003317 4.5800708169 0.0000000000
7.9435943156 0.9500000000 3.8405916132 4.4095657647 4.5799163639 0.0000000000
7.9545103634 0.9500000000 3.8405986294 4.4091213247 4.5797666527 0.0000000000
7.9654263319 0.9500000000 3.8406084926 4.4086652096 4.5796236595 0.0000000000
7.9763422435 0.9500000000 3.8406200743 4.4082006804 4.5794841746 0.0000000000
7.9872581345 0.9500000000 3.8406315283 4.4077330136 4.5793429241 0.0000000000
7.9981740413 0.9500000000 3.8406410079 4.4072674877 4.5791946320 0.0000000000
8.0090899845 0.9500000000 3.8406475725 4.4068070863 4.5790367300 0.0000000000
8.0200059405 0.9500000000 3.8406527915 4.4063484368 4.5788741460 0.0000000000
8.0309218782 0.9500000000 3.8406586650 4.4058870755 4.5787130954 0.0000000000
8.0418377674 0.9500000000 3.8406668870 4.4054186685 4.5785586206 0.0000000000
8.0527535824 0.9500000000 3.8406769787 4.4049398033 4.5784074414 0.0000000000
8.0636693000 0.9500000000 3.8406875215 4.4044474661 4.5782526779 0.0000000000
8.0745849019 0.9500000000 3.8406973255 4.4039393535 4.5780886488 0.0000000000
8.0855004140 0.9500000000 3.8407071817 4.4034192080 4.5779200153 0.0000000000
8.0964158845 0.9500000000 3.8407188842 4.4028938335 4.5777566754 0.0000000000
8.1073313516 0.9500000000 3.8407336224 4.4023685697 4.5776055227 0.0000000000
8.1182467999 0.9500000000 3.8407494360 4.4018411047 4.5774577913 0.0000000000
8.1291621973 0.9500000000 3.8407633769 4.4013066772 4.5772997837 0.0000000000
8.1400775088 0.9500000000 3.8407747191 4.4007608535 4.5771268232 0.0000000000
8.1509926941 0.9500000000 3.8407868647 4.4001998100 4.5769509881 0.0000000000
8.1619077233 0.9500000000 3.8408029858 4.3996208964 4.5767839070 0.0000000000
8.1728226502 0.9500000000 3.8408209359 4.3990301379 4.5766194042 0.0000000000
8.1837375651 0.9500000000 3.8408362100 4.3984372947 4.5764433630 0.0000000000
8.1946524549 0.9500000000 3.8408488410 4.3978412826 4.5762554824 0.0000000000
8.2055671880 0.9500000000 3.8408641119 4.3972284984 4.5760714522 0.0000000000
8.2164817285 0.9500000000 3.8408838543 4.3965952036 4.5758971040 0.0000000000
8.2273962483 0.9500000000 3.8409023343 4.3959589984 4.5757165417 0.0000000000
8.2383108088 0.9500000000 3.8409165573 4.3953264142 4.5755204003 0.0000000000
8.2492251182 0.9500000000 3.8409330722 4.3946683530 4.5753232353 0.0000000000
8.2601390783 0.9500000000 3.8409551810 4.3939752624 4.5751344342 0.0000000000
8.2710532206 0.9500000000 3.8409741861 4.3933009766 4.5749407404 0.0000000000
8.2819678523 0.9500000000 3.8409852883 4.3926763472 4.5747352976 0.0000000000
8.2928826782 0.9500000000 3.8409943377 4.3920707927 4.5745292733 0.0000000000
8.3037972299 0.9500000000 3.8410063603 4.3914373311 4.5743239790 0.0000000000
8.3147109911 0.9500000000 3.8410235169 4.3907255717 4.5741079015 0.0000000000
8.3256240424 0.9500000000 3.8410423150 4.3899466872 4.5738715401 0.0000000000
8.3365368166 0.9500000000 3.8410603664 4.3891449398 4.5736230468 0.0000000000
8.3474498406 0.9500000000 3.8410850441 4.3883663175 4.5734103086 0.0000000000
8.3583628741 0.9500000000 3.8411117557 4.3875886935 4.5732061055 0.0000000000
8.3692752753 0.9500000000 3.8411318364 4.3867561719 4.5729534195 0.0000000000
8.3801872435 0.9500000000 3.8411585426 4.3858899108 4.5727137400 0.0000000000
8.3910992277 0.9500000000 3.8411862053 4.3850253304 4.5724785586 0.0000000000
8.4020112719 0.9500000000 3.8412080788 4.3841643778 4.5722216714 0.0000000000
8.4129227545 0.9500000000 3.8412390089 4.3832618337 4.5719843744 0.0000000000
8.4238339106 0.9500000000 3.8412653976 4.3823337038 4.5717186773 0.0000000000
8.4347446605 0.9500000000 3.8412912466 4.3813765701 4.5714392196 0.0000000000
8.4456552712 0.9500000000 3.8413264025 4.3804110327 4.5711936284 0.0000000000
8.4565660959 0.9500000000 3.8413604121 4.3794607120 4.5709495386 0.0000000000
8.4674759170 0.9500000000 3.8413865501 4.3784393939 4.5706455632 0.0000000000
8.4783856234 0.9500000000 3.8414230052 4.3774122686 4.5703805335 0.0000000000
8.4892949659 0.9500000000 3.8414518043 4.3763600490 4.5700748419 0.0000000000
8.5002042098 0.9500000000 3.8414885240 4.3753027325 4.5697987943 0.0000000000
8.5111128255 0.9500000000 3.8415204874 4.3742051027 4.5694875962 0.0000000000
8.5220208155 0.9500000000 3.8415567627 4.3730697552 4.5691785582 0.0000000000
8.5329282557 0.9500000000 3.8416003822 4.3719034857 4.5688865283 0.0000000000
8.5438357221 0.9500000000 3.8416333439 4.3707366057 4.5685516233 0.0000000000
8.5547428298 0.9500000000 3.8416766884 4.3695509920 4.5682507555 0.0000000000
8.5656488839 0.9500000000 3.8417115043 4.3683046602 4.5678914865 0.0000000000
8.5765547507 0.9500000000 3.8417565896 4.3670502994 4.5675700833 0.0000000000
8.5874596270 0.9500000000 3.8417958057 4.3657419029 4.5672035891 0.0000000000
8.5983644882 0.9500000000 3.8418384786 4.3644332822 4.5668508325 0.0000000000
8.6092679048 0.9500000000 3.8418854169 4.3630526521 4.5664863336 0.0000000000
8.6201718932 0.9500000000 3.8419250389 4.3616991346 4.5661034147 0.0000000000
8.6310741110 0.9500000000 3.8419718941 4.3602601787 4.5657152532 0.0000000000
8.6419761726 0.9500000000 3.8420171102 4.3588138628 4.5653175912 0.0000000000
8.6528771692 0.9500000000 3.8420705088 4.3573199581 4.5649336237 0.0000000000
8.6637770453 0.9500000000 3.8421206091 4.3557749687 4.5645160293 0.0000000000
8.6746762616 0.9500000000 3.8421783006 4.3542029610 4.5641179920 0.0000000000
8.6855749606 0.9500000000 3.8422329840 4.3526080896 4.5636987770 0.0000000000
8.6964720833 0.9500000000 3.8422812488 4.3509458682 4.5632269476 0.0000000000
8.7073680560 0.9500000000 3.8423419254 4.3492399877 4.5627873021 0.0000000000
8.7182636598 0.9500000000 3.8424001598 4.3475185167 4.5623316512 0.0000000000
8.7291572068 0.9500000000 3.8424586855 4.3457177014 4.5618454277 0.0000000000
8.7400503737 0.9500000000 3.8425189877 4.3439029163 4.5613607228 0.0000000000
8.7509423516 0.9500000000 3.8425821565 4.3420445829 4.5608700646 0.0000000000
8.7618323241 0.9500000000 3.8426494377 4.3401154625 4.5603675409 0.0000000000
8.7727209542 0.9500000000 3.8427077442 4.3381376223 4.5598096309 0.0000000000
8.7836086785 0.9500000000 3.8427780814 4.3361311132 4.5592883762 0.0000000000
8.7944940919 0.9500000000 3.8428500453 4.3340483919 4.5587431434 0.0000000000
8.8053790491 0.9500000000 3.8429148775 4.3319488820 4.5581626682 0.0000000000
8.8162614587 0.9500000000 3.8429888863 4.3297707024 4.5575874313 0.0000000000
8.8271417554 0.9500000000 3.8430687303 4.3275285023 4.5570099276 0.0000000000
8.8380198589 0.9500000000 3.8431463971 4.3252205715 4.5563974225 0.0000000000
8.8488966606 0.9500000000 3.8432184466 4.3228733765 4.5557467424 0.0000000000
8.8597716808 0.9500000000 3.8432930415 4.3204757004 4.5550860515 0.0000000000
8.8706435211 0.9500000000 3.8433735860 4.3179904962 4.5544141477 0.0000000000
8.8815118034 0.9500000000 3.8434596498 4.3154108716 4.5537265530 0.0000000000
8.8923785001 0.9500000000 3.8435483971 4.3127909149 4.5530335595 0.0000000000
8.9032433695 0.9500000000 3.8436346367 4.3101231865 4.5523114268 0.0000000000
8.9141058736 0.9500000000 3.8437210189 4.3073971556 4.5515665432 0.0000000000
8.9249638753 0.9500000000 3.8438100459 4.3045607810 4.5507881013 0.0000000000
8.9358176968 0.9500000000 3.8439134847 4.3016292109 4.5500292285 0.0000000000
8.9466688951 0.9500000000 3.8440078131 4.2986354415 4.5492090341 0.0000000000
8.9575172057 0.9500000000 3.8441058690 4.2955774525 4.5483780623 0.0000000000
8.9683616846 0.9500000000 3.8442087482 4.2924369397 4.5475333739 0.0000000000
8.9792006292 0.9500000000 3.8443204632 4.2891809459 4.5466778363 0.0000000000
8.9900352789 0.9500000000 3.8444268564 4.2858356736 4.5457653005 0.0000000000
9.0008645631 0.9500000000 3.8445474095 4.2823869169 4.5448680099 0.0000000000
9.0116909287 0.9500000000 3.8446610352 4.2788791778 4.5439194171 0.0000000000
9.0225110563 0.9500000000 3.8447777945 4.2752538372 4.5429363181 0.0000000000
9.0333250714 0.9500000000 3.8448975249 4.2715171626 4.5419205699 0.0000000000
9.0441337560 0.9500000000 3.8450313377 4.2676884980 4.5409243553 0.0000000000
9.0549358269 0.9500000000 3.8451570276 4.2637430708 4.5398489439 0.0000000000
9.0657314400 0.9500000000 3.8452867314 4.2596895934 4.5387463684 0.0000000000
9.0765197898 0.9500000000 3.8454215735 4.2555185338 4.5376173130 0.0000000000
9.0873016366 0.9500000000 3.8455709739 4.2512459229 4.5365058700 0.0000000000
9.0980749744 0.9500000000 3.8457119298 4.2468393882 4.5353070796 0.0000000000
9.1088391220 0.9500000000 3.8458576733 4.2422958012 4.5340726191 0.0000000000
9.1195938398 0.9500000000 3.8460078868 4.2376160553 4.5328015746 0.0000000000
9.1303390149 0.9500000000 3.8461623497 4.2328028052 4.5314941262 0.0000000000
9.1410744870 0.9500000000 3.8463212516 4.2278557571 4.5301509145 0.0000000000
9.1517999120 0.9500000000 3.8464843497 4.2227753684 4.5287711516 0.0000000000
9.1625128295 0.9500000000 3.8466535081 4.2175335096 4.5273510416 0.0000000000
9.1732136403 0.9500000000 3.8468280554 4.2121409260 4.5258921972 0.0000000000
9.1839038087 0.9500000000 3.8469959871 4.2066168915 4.5243543102 0.0000000000
9.1945796350 0.9500000000 3.8471816809 4.2009253457 4.5228204671 0.0000000000
9.2052404617 0.9500000000 3.8473765975 4.1950628622 4.5212551400 0.0000000000
9.2158844042 0.9500000000 3.8475688524 4.1890109167 4.5196033815 0.0000000000
9.2265109713 0.9500000000 3.8477773344 4.1827753288 4.5179430742 0.0000000000
9.2371202102 0.9500000000 3.8479824239 4.1763571216 4.5161961494 0.0000000000
9.2477141373 0.9500000000 3.8481924791 4.1697830417 4.5144067382 0.0000000000
9.2582860920 0.9500000000 3.8484075270 4.1629923354 4.5125506476 0.0000000000
9.2688411355 0.9500000000 3.8486380231 4.1560427465 4.5106927964 0.0000000000
9.2793695750 0.9500000000 3.8488635072 4.1488440434 4.5087152515 0.0000000000
9.2898765402 0.9500000000 3.8490945985 4.1414532878 4.5066833143 0.0000000000
9.3003576209 0.9500000000 3.8493311754 4.1338374521 4.5045832877 0.0000000000
9.3108143048 0.9500000000 3.8495733694 4.1260156407 4.5024233391 0.0000000000
9.3212372383 0.9500000000 3.8498210355 4.1179180848 4.5001749813 0.0000000000
9.3316305738 0.9500000000 3.8500743381 4.1095875311 4.4978559700 0.0000000000
9.3419942968 0.9500000000 3.8503333353 4.1010306752 4.4954692164 0.0000000000
9.3523226696 0.9500000000 3.8505979094 4.0922109777 4.4929996342 0.0000000000
9.3626141196 0.9500000000 3.8508680198 4.0831272499 4.4904465846 0.0000000000
9.3728650464 0.9500000000 3.8511437962 4.0737624723 4.4878037791 0.0000000000
9.3830740492 0.9500000000 3.8514344092 4.0641185187 4.4851086497 0.0000000000
9.3932370330 0.9500000000 3.8517206096 4.0541747345 4.4822759374 0.0000000000
9.4033539301 0.9500000000 3.8520222927 4.0439449610 4.4793907604 0.0000000000
9.4134207694 0.9500000000 3.8523388852 4.0334137888 4.4764446616 0.0000000000
9.4234295098 0.9500000000 3.8526601913 4.0225427456 4.4733814689 0.0000000000
9.4333824984 0.9500000000 3.8529967125 4.0113596036 4.4702542969 0.0000000000
9.4432712050 0.9500000000 3.8533305722 3.9998247207 4.4669757823 0.0000000000
9.4530869333 0.9500000000 3.8536772503 3.9879093759 4.4635963569 0.0000000000
9.4628382153 0.9500000000 3.8540271716 3.9756679881 4.4600994869 0.0000000000
9.4725119220 0.9500000000 3.8543900000 3.9630500000 4.4565036053 0.0000000000
9.4743296799 0.9500000000 3.8544600000 3.9606250000 4.4558136053 0.0000000000
9.4768511879 0.9500000000 3.8545618494 3.9572439368 4.4548685776 0.0000000000
9.4793640575 0.9500000000 3.8546567273 3.9538216540 4.4538791762 0.0000000000
9.4818700349 0.9500000000 3.8547523683 3.9503681026 4.4528803196 0.0000000000
9.4843748976 0.9500000000 3.8548549044 3.9469107074 4.4519075059 0.0000000000
9.4868689989 0.9500000000 3.8549569008 3.9434049415 4.4509131850 0.0000000000
9.4893587092 0.9500000000 3.8550592814 3.9398797916 4.4499126474 0.0000000000
9.4918421642 0.9500000000 3.8551607665 3.9363268926 4.4488974284 0.0000000000
9.4943198193 0.9500000000 3.8552618209 3.9327488146 4.4478704147 0.0000000000
9.4967918956 0.9500000000 3.8553625955 3.9291466399 4.4468326434 0.0000000000
9.4992577074 0.9500000000 3.8554614449 3.9255168135 4.4457761101 0.0000000000
9.5017096716 0.9500000000 3.8555767956 3.9218367280 4.4447654789 0.0000000000
9.5041657341 0.9500000000 3.8556708647 3.9181655485 4.4436732836 0.0000000000
9.5066050122 0.9500000000 3.8557818008 3.9144277714 4.4426219171 0.0000000000
9.5090439598 0.9500000000 3.8558868756 3.9106876843 4.4415461816 0.0000000000
9.5114709193 0.9500000000 3.8559930384 3.9068994062 4.4404555213 0.0000000000
9.5138951972 0.9500000000 3.8561035732 3.9031010626 4.4393783233 0.0000000000
9.5163108057 0.9500000000 3.8562137306 3.8992683483 4.4382858670 0.0000000000
9.5187146169 0.9500000000 3.8563234256 3.8953895605 4.4371731317 0.0000000000
9.5211121973 0.9500000000 3.8564328937 3.8914868686 4.4360499277 0.0000000000
9.5235059527 0.9500000000 3.8565422275 3.8875692899 4.4349202314 0.0000000000
9.5258826226 0.9500000000 3.8566508058 3.8835870835 4.4337616618 0.0000000000
9.5282603801 0.9500000000 3.8567584008 3.8796087627 4.4326007136 0.0000000000
9.5306275998 0.9500000000 3.8568773741 3.8755935271 4.4314705125 0.0000000000
9.5329883341 0.9500000000 3.8569943257 3.8715540056 4.4303225103 0.0000000000
9.5353391541 0.9500000000 3.8571086471 3.8674782501 4.4291494936 0.0000000000
9.5376794033 0.9500000000 3.8572299035 3.8633657503 4.4279895195 0.0000000000
9.5400162282 0.9500000000 3.8573552624 3.8592417904 4.4268413711 0.0000000000
9.5423386569 0.9500000000 3.8574780780 3.8550669166 4.4256626838 0.0000000000
9.5446568091 0.9500000000 3.8575990960 3.8508768950 4.4244707474 0.0000000000
9.5469624185 0.9500000000 3.8577189573 3.8466436480 4.4232568936 0.0000000000
9.5492607284 0.9500000000 3.8578496712 3.8423875067 4.4220772927 0.0000000000
9.5515502173 0.9500000000 3.8579791953 3.8381016803 4.4208810586 0.0000000000
9.5538279909 0.9500000000 3.8581078510 3.8337767153 4.4196656954 0.0000000000
9.5560978166 0.9500000000 3.8582358125 3.8294257542 4.4184371568 0.0000000000
9.5583582293 0.9500000000 3.8583629756 3.8250440656 4.4171931338 0.0000000000
9.5606114353 0.9500000000 3.8584895724 3.8206390754 4.4159375252 0.0000000000
9.5628554622 0.9500000000 3.8586224884 3.8162061015 4.4146959997 0.0000000000
9.5650850297 0.9500000000 3.8587493338 3.8117265500 4.4134115605 0.0000000000
9.5673073243 0.9500000000 3.8588831701 3.8072258318 4.4121466184 0.0000000000
9.5695168263 0.9500000000 3.8590173252 3.8026859688 4.4108672935 0.0000000000
9.5717162000 0.9500000000 3.8591531913 3.7981158808 4.4095827227 0.0000000000
9.5739095679 0.9500000000 3.8592998487 3.7935296926 4.4083348769 0.0000000000
9.5760891011 0.9500000000 3.8594331394 3.7888999889 4.4070161585 0.0000000000
9.5782613783 0.9500000000 3.8595776790 3.7842510339 4.4057347348 0.0000000000
9.5804218241 0.9500000000 3.8597200231 3.7795673428 4.4044306346 0.0000000000
9.5825705886 0.9500000000 3.8598610852 3.7748499451 4.4031079240 0.0000000000
9.5847086415 0.9500000000 3.8600004585 3.7701019114 4.4017662039 0.0000000000
9.5868362942 0.9500000000 3.8601499647 3.7653267887 4.4004541796 0.0000000000
9.5889543087 0.9500000000 3.8602927522 3.7605236472 4.3991040728 0.0000000000
9.5910585211 0.9500000000 3.8604422832 3.7556840807 4.3977663705 0.0000000000
9.5931555332 0.9500000000 3.8605900120 3.7508246051 4.3964134954 0.0000000000
9.5952387017 0.9500000000 3.8607374098 3.7459280093 4.3950444480 0.0000000000
9.5973129618 0.9500000000 3.8608810180 3.7410071434 4.3936505346 0.0000000000
9.5993747685 0.9500000000 3.8610359404 3.7360557506 4.3922896672 0.0000000000
9.6014259114 0.9500000000 3.8611885857 3.7310762848 4.3909084621 0.0000000000
9.6034585350 0.9500000000 3.8613392614 3.7260492178 4.3895003380 0.0000000000
9.6054938560 0.9500000000 3.8614838037 3.7210278858 4.3880699744 0.0000000000
9.6075040995 0.9500000000 3.8616422681 3.7159463958 4.3866712359 0.0000000000
9.6095074714 0.9500000000 3.8617953462 3.7108471603 4.3852438541 0.0000000000
9.6114983047 0.9500000000 3.8619516922 3.7057178575 4.3838175169 0.0000000000
9.6134821923 0.9500000000 3.8621184933 3.7005736687 4.3824270460 0.0000000000
9.6154533210 0.9500000000 3.8622825906 3.6953983368 4.3810133025 0.0000000000
9.6174073936 0.9500000000 3.8624583087 3.6901851722 4.3796309091 0.0000000000
9.6193534928 0.9500000000 3.8626242251 3.6849513533 4.3782010471 0.0000000000
9.6212887275 0.9500000000 3.8627889294 3.6796921839 4.3767561965 0.0000000000
9.6232111450 0.9500000000 3.8629638593 3.6744058008 4.3753413626 0.0000000000
9.6251198556 0.9500000000 3.8631403837 3.6690887920 4.3739206569 0.0000000000
9.6270175931 0.9500000000 3.8633157811 3.6637470892 4.3724855655 0.0000000000
9.6289043543 0.9500000000 3.8634896006 3.6583807674 4.3710343146 0.0000000000
9.6307774703 0.9500000000 3.8636631006 3.6529845559 4.3695698301 0.0000000000
9.6326403386 0.9500000000 3.8638410445 3.6475671758 4.3681146538 0.0000000000
9.6344906321 0.9500000000 3.8640093130 3.6421209533 4.3666092385 0.0000000000
9.6363318048 0.9500000000 3.8641858719 3.6366571172 4.3651299396 0.0000000000
9.6381557744 0.9500000000 3.8643676725 3.6311583956 4.3636576534 0.0000000000
9.6399729782 0.9500000000 3.8645489833 3.6256455999 4.3621777783 0.0000000000
9.6417780989 0.9500000000 3.8647281448 3.6201075638 4.3606792102 0.0000000000
9.6435651223 0.9500000000 3.8649164213 3.6145348716 4.3592032392 0.0000000000
9.6453465349 0.9500000000 3.8650912258 3.6089482321 4.3576678015 0.0000000000
9.6471138624 0.9500000000 3.8652761449 3.6033357277 4.3561624761 0.0000000000
9.6488696479 0.9500000000 3.8654592944 3.5977003046 4.3546409048 0.0000000000
9.6506128614 0.9500000000 3.8656395277 3.5920399283 4.3530976873 0.0000000000
9.6523454859 0.9500000000 3.8658148810 3.5863583072 4.3515264523 0.0000000000
9.6540675278 0.9500000000 3.8660001474 3.5806585270 4.3499876059 0.0000000000
9.6557737563 0.9500000000 3.8661823944 3.5749285384 4.3484245983 0.0000000000
9.6574714158 0.9500000000 3.8663741140 3.5691846430 4.3468939186 0.0000000000
9.6591602265 0.9500000000 3.8665552392 3.5634222533 4.3453134633 0.0000000000
9.6608328209 0.9500000000 3.8667401665 3.5576311476 4.3437367305 0.0000000000
9.6624976723 0.9500000000 3.8669217949 3.5518254760 4.3421409755 0.0000000000
9.6641492594 0.9500000000 3.8671179355 3.5459990641 4.3405949730 0.0000000000
9.6657891908 0.9500000000 3.8673061228 3.5401505032 4.3390082976 0.0000000000
9.6674175048 0.9500000000 3.8674990345 3.5342826604 4.3374328075 0.0000000000
9.6690345396 0.9500000000 3.8676933398 3.5283956684 4.3358552320 0.0000000000
9.6706451815 0.9500000000 3.8678778636 3.5224956935 4.3342333371 0.0000000000
9.6722425728 0.9500000000 3.8680784784 3.5165765423 4.3326681357 0.0000000000
9.6738292157 0.9500000000 3.8682552447 3.5106346409 4.3309984404 0.0000000000
9.6754106099 0.9500000000 3.8684488695 3.5046872615 4.3293939878 0.0000000000
9.6769793993 0.9500000000 3.8686338464 3.4987173949 4.3277459490 0.0000000000
9.6785373226 0.9500000000 3.8688200222 3.4927299729 4.3260956832 0.0000000000
9.6800819521 0.9500000000 3.8690053157 3.4867208994 4.3244332278 0.0000000000
9.6816180520 0.9500000000 3.8691891546 3.4806978644 4.3227593696 0.0000000000
9.6831388289 0.9500000000 3.8693746985 3.4746508881 4.3210827544 0.0000000000
9.6846529502 0.9500000000 3.8695535766 3.4685922687 4.3193748193 0.0000000000
9.6861509127 0.9500000000 3.8697351130 3.4625090925 4.3176676943 0.0000000000
9.6876410910 0.9500000000 3.8699208887 3.4564147756 4.3159730704 0.0000000000
9.6891179591 0.9500000000 3.8701051424 3.4502999821 4.3142641677 0.0000000000
9.6905834102 0.9500000000 3.8702872094 3.4441676007 4.3125394832 0.0000000000
9.6920391106 0.9500000000 3.8704715337 3.4380211098 4.3108181841 0.0000000000
9.6934859421 0.9500000000 3.8706479021 3.4318601562 4.3090592761 0.0000000000
9.6949233483 0.9500000000 3.8708281681 3.4256861339 4.3073107312 0.0000000000
9.6963466340 0.9500000000 3.8710008623 3.4194902949 4.3055231726 0.0000000000
9.6977613011 0.9500000000 3.8711778952 3.4132828762 4.3037483368 0.0000000000
9.6991650164 0.9500000000 3.8713463263 3.4070585382 4.3019323256 0.0000000000
9.7005584732 0.9500000000 3.8715231048 3.4008212320 4.3001445171 0.0000000000
9.7019370987 0.9500000000 3.8716994787 3.3945633672 4.2983468672 0.0000000000
9.7033189168 0.9500000000 3.8718525708 3.3883061837 4.2964563620 0.0000000000
9.7046795048 0.9500000000 3.8720349681 3.3820247515 4.2946733783 0.0000000000
9.7060354303 0.9500000000 3.8722105599 3.3757357402 4.2928601411 0.0000000000
9.7073818055 0.9500000000 3.8723819406 3.3694332342 4.2910246615 0.0000000000
9.7087192118 0.9500000000 3.8725554692 3.3631191464 4.2891931405 0.0000000000
9.7100479814 0.9500000000 3.8727267396 3.3567932184 4.2873478513 0.0000000000
9.7113646671 0.9500000000 3.8728924341 3.3504507324 4.2854736348 0.0000000000
9.7126790718 0.9500000000 3.8730549662 3.3441047546 4.2835853719 0.0000000000
9.7139828151 0.9500000000 3.8732036403 3.3377429282 4.2816353379 0.0000000000
9.7152754326 0.9500000000 3.8733765774 3.3313709159 4.2797782813 0.0000000000
9.7165610460 0.9500000000 3.8735322728 3.3249873314 4.2778476290 0.0000000000
9.7178420918 0.9500000000 3.8736939517 3.3185987820 4.2759389248 0.0000000000
9.7191107471 0.9500000000 3.8738434466 3.3121928150 4.2739745177 0.0000000000
9.7203751274 0.9500000000 3.8740022655 3.3057829590 4.2720458510 0.0000000000
9.7216302278 0.9500000000 3.8741455487 3.2993596523 4.2700496611 0.0000000000
9.7228815800 0.9500000000 3.8742855665 3.2929312329 4.2680383645 0.0000000000
9.7241230522 0.9500000000 3.8744269213 3.2864912676 4.2660277974 0.0000000000
9.7253582733 0.9500000000 3.8745742447 3.2800442968 4.2640383029 0.0000000000
9.7265844776 0.9500000000 3.8747104710 3.2735855721 4.2619997180 0.0000000000
9.7277983918 0.9500000000 3.8748431069 3.2671117442 4.2599407306 0.0000000000
9.7289922571 0.9500000000 3.8749692905 3.2606137722 4.2578462760 0.0000000000
9.7301827925 0.9500000000 3.8750953133 3.2541116523 4.2557495194 0.0000000000
9.7313599151 0.9500000000 3.8752197137 3.2475943702 4.2536402082 0.0000000000
9.7325301868 0.9500000000 3.8753321469 3.2410683589 4.2514795363 0.0000000000
9.7336883864 0.9500000000 3.8754457406 3.2345291388 4.2493182234 0.0000000000
9.7348366796 0.9500000000 3.8755536308 3.2279784500 4.2471295085 0.0000000000
9.7359734659 0.9500000000 3.8756573494 3.2214146576 4.2449188658 0.0000000000
9.7371027043 0.9500000000 3.8757660552 3.2148433229 4.2427251553 0.0000000000
9.7382157705 0.9500000000 3.8758676884 3.2082538380 4.2404958942 0.0000000000
9.7393183653 0.9500000000 3.8759565939 3.2016519022 4.2382107416 0.0000000000
9.7404067060 0.9500000000 3.8760440772 3.1950352051 4.2359139961 0.0000000000
9.7414826508 0.9500000000 3.8761293409 3.1884056993 4.2336032486 0.0000000000
9.7425476698 0.9500000000 3.8762241444 3.1817660473 4.2313266018 0.0000000000
9.7436133756 0.9500000000 3.8763195571 3.1751271368 4.2290526883 0.0000000000
9.7446670516 0.9500000000 3.8764128281 3.1684761173 4.2267653645 0.0000000000
9.7457081825 0.9500000000 3.8764963365 3.1618120443 4.2244337689 0.0000000000
9.7467381681 0.9500000000 3.8765779576 3.1551368879 4.2220901910 0.0000000000
9.7477535601 0.9500000000 3.8766549296 3.1484473225 4.2197222527 0.0000000000
9.7487530250 0.9500000000 3.8767306369 3.1417427343 4.2173432466 0.0000000000
9.7497440989 0.9500000000 3.8767969330 3.1350294456 4.2149231153 0.0000000000
9.7507237268 0.9500000000 3.8768596817 3.1283054427 4.2124845091 0.0000000000
9.7516916195 0.9500000000 3.8769166568 3.1215705057 4.2100184349 0.0000000000
9.7526468459 0.9500000000 3.8769665316 3.1148239013 4.2075192922 0.0000000000
9.7535908595 0.9500000000 3.8770114070 3.1080672060 4.2049961155 0.0000000000
9.7545244776 0.9500000000 3.8770504161 3.1013012490 4.2024457694 0.0000000000
9.7554469269 0.9500000000 3.8770824441 3.0945254962 4.1998635802 0.0000000000
9.7563597772 0.9500000000 3.8771094869 3.0877414755 4.1972581432 0.0000000000
9.7572610966 0.9500000000 3.8771294244 3.0809476535 4.1946203642 0.0000000000
9.7581493749 0.9500000000 3.8771451794 3.0741429087 4.1919614863 0.0000000000
9.7590276563 0.9500000000 3.8771694196 3.0673295292 4.1893330955 0.0000000000
9.7599001268 0.9500000000 3.8771335912 3.0605131573 4.1864632330 0.0000000000
9.7607497251 0.9500000000 3.8770955145 3.0536783407 4.1835769995 0.0000000000
9.7615909797 0.9500000000 3.8770475783 3.0468374283 4.1806488897 0.0000000000
9.7624249629 0.9500000000 3.8770016443 3.0399909063 4.1777265450 0.0000000000
9.7632471440 0.9500000000 3.8769301928 3.0331366968 4.1746990552 0.0000000000
9.7640641858 0.9500000000 3.8768657204 3.0262783762 4.1716978373 0.0000000000
9.7648734650 0.9500000000 3.8768189850 3.0194134070 4.1687649080 0.0000000000
9.7656754365 0.9500000000 3.8767760000 3.0125427262 4.1658446958 0.0000000000
9.7664697591 0.9500000000 3.8767160768 3.0056673028 4.1628548335 0.0000000000
9.7672504723 0.9500000000 3.8766063966 2.9987858649 4.1596635378 0.0000000000
9.7680259971 0.9500000000 3.8765170415 2.9918996502 4.1565516313 0.0000000000
9.7687966791 0.9500000000 3.8764682168 2.9850069778 4.1535992637 0.0000000000
9.7695469104 0.9500000000 3.8763503612 2.9781051689 4.1503671177 0.0000000000
9.7702880851 0.9500000000 3.8762027269 2.9712008830 4.1470148661 0.0000000000
9.7710293484 0.9500000000 3.8761065370 2.9642915004 4.1438663535 0.0000000000
9.7717588130 0.9500000000 3.8759895165 2.9573762284 4.1406321625 0.0000000000
9.7724747484 0.9500000000 3.8758244370 2.9504576349 4.1372044072 0.0000000000
9.7731817658 0.9500000000 3.8756430717 2.9435363198 4.1337104202 0.0000000000
9.7738772281 0.9500000000 3.8754431414 2.9366108499 4.1301405108 0.0000000000
9.7745641064 0.9500000000 3.8752317312 2.9296819757 4.1265233202 0.0000000000
9.7752455624 0.9500000000 3.8750157750 2.9227506987 4.1228869847 0.0000000000
9.7759198446 0.9500000000 3.8747914076 2.9158167696 4.1192159434 0.0000000000
9.7765845762 0.9500000000 3.8745529106 2.9088799104 4.1154872117 0.0000000000
9.7772398577 0.9500000000 3.8742974768 2.9019411619 4.1116899771 0.0000000000
9.7778866046 0.9500000000 3.8740232627 2.8950019972 4.1078174552 0.0000000000
9.7785256143 0.9500000000 3.8737302367 2.8880632424 4.1038698490 0.0000000000
9.7791573930 0.9500000000 3.8734228217 2.8811241306 4.0998645442 0.0000000000
9.7797824023 0.9500000000 3.8731061134 2.8741836545 4.0958215208 0.0000000000
9.7804010466 0.9500000000 3.8727847096 2.8672409181 4.0917588111 0.0000000000
9.7810131339 0.9500000000 3.8724580635 2.8602961727 4.0876743283 0.0000000000
9.7816181207 0.9500000000 3.8721225917 2.8533503474 4.0835541112 0.0000000000
9.7822154589 0.9500000000 3.8717746720 2.8464043797 4.0793840451 0.0000000000
9.7828046004 0.9500000000 3.8714106817 2.8394592075 4.0751500153 0.0000000000
9.7833849969 0.9500000000 3.8710269986 2.8325157684 4.0708379069 0.0000000000
9.7839561005 0.9500000000 3.8706200000 2.8255750000 4.0664336053 0.0000000000
9.7874247892 0.9500000000 3.8675800000 2.7813000000 4.0365636053 0.0000000000
9.7883409073 0.9500000000 3.8665565618 2.7689516220 4.0275305013 0.0000000000
9.7892297366 0.9500000000 3.8654559751 2.7566317883 4.0182002209 0.0000000000
9.7900904608 0.9500000000 3.8642744524 2.7443466191 4.0085600627 0.0000000000
9.7909224011 0.9500000000 3.8630088263 2.7321018292 3.9985996421 0.0000000000
9.7917266856 0.9500000000 3.8616640853 2.7198977979 3.9883390656 0.0000000000
9.7925050037 0.9500000000 3.8602447704 2.7077358499 3.9777970267 0.0000000000
9.7932563142 0.9500000000 3.8587319311 2.6956351085 3.9669053730 0.0000000000
9.7939810883 0.9500000000 3.8571331256 2.6835925982 3.9556931468 0.0000000000
9.7946820041 0.9500000000 3.8554851058 2.6715819623 3.9442968132 0.0000000000
9.7953579588 0.9500000000 3.8537472773 2.6596438209 3.9325702428 0.0000000000
9.7960083212 0.9500000000 3.8518968937 2.6478014991 3.9204317798 0.0000000000
9.7966357183 0.9500000000 3.8499875389 2.6360097689 3.9080776684 0.0000000000
9.7972410019 0.9500000000 3.8480094810 2.6242826977 3.8954746082 0.0000000000
9.7978235947 0.9500000000 3.8459325753 2.6126550309 3.8825159189 0.0000000000
9.7983826997 0.9500000000 3.8437561335 2.6011350361 3.8692021535 0.0000000000
9.7989213129 0.9500000000 3.8415208827 2.5896788518 3.8556786768 0.0000000000
9.7994418375 0.9500000000 3.8392430933 2.5782704542 3.8420041601 0.0000000000
9.7999432841 0.9500000000 3.8368831757 2.5669612658 3.8280408144 0.0000000000
9.8004251011 0.9500000000 3.8344378122 2.5557608542 3.8137791959 0.0000000000
9.8008915090 0.9500000000 3.8319757100 2.5445792925 3.7994581622 0.0000000000
9.8013457431 0.9500000000 3.8295332084 2.5333678259 3.7852035691 0.0000000000
9.8017821319 0.9500000000 3.8269969670 2.5222830597 3.7706246973 0.0000000000
9.8022058257 0.9500000000 3.8244297784 2.5112391450 3.7559383771 0.0000000000
9.8026184311 0.9500000000 3.8218534786 2.5002060570 3.7412199424 0.0000000000
9.8030170565 0.9500000000 3.8192148308 2.4892626710 3.7262879967 0.0000000000
9.8034021816 0.9500000000 3.8165077634 2.4784207030 3.7111229400 0.0000000000
9.8037784618 0.9500000000 3.8137987357 2.4675800019 3.6959505487 0.0000000000
9.8041445273 0.9500000000 3.8110254881 2.4568391006 3.6805611980 0.0000000000
9.8045004768 0.9500000000 3.8081789954 2.4462165349 3.6649262010 0.0000000000
9.8048485915 0.9500000000 3.8052906195 2.4356628092 3.6491512070 0.0000000000
9.8051893464 0.9500000000 3.8023376486 2.4252208814 3.6331625524 0.0000000000
9.8055260610 0.9500000000 3.7993454358 2.4148466974 3.6170440276 0.0000000000
9.8058593539 0.9500000000 3.7962832004 2.4046025977 3.6006974460 0.0000000000
9.8061928131 0.9500000000 3.7931620568 2.3944674956 3.5841588309 0.0000000000
9.8065269417 0.9500000000 3.7899493253 2.3845162687 3.5673274140 0.0000000000
9.8068632234 0.9500000000 3.7866054711 2.3748368390 3.5500802251 0.0000000000
9.8072092910 0.9500000000 3.7831778401 2.3653441289 3.5325726173 0.0000000000
9.8075621745 0.9500000000 3.7795453364 2.3563445566 3.5144427737 0.0000000000
9.8079371872 0.9500000000 3.7757452178 2.3477933840 3.4958218299 0.0000000000
9.8083428367 0.9500000000 3.7719115397 2.3393468512 3.4771085046 0.0000000000
9.8087760057 0.9500000000 3.7681596408 2.3306791106 3.4586338129 0.0000000000
9.8092018128 0.9500000000 3.7645758094 2.3215767705 3.4406575509 0.0000000000
9.8095895361 0.9500000000 3.7614495936 2.3114743458 3.4241117180 0.0000000000
9.8099244002 0.9500000000 3.7588592723 2.3004504916 3.4093408913 0.0000000000
9.8102099544 0.9500000000 3.7568463455 2.2886813413 3.3965815240 0.0000000000
9.8104581443 0.9500000000 3.7551266058 2.2766262773 3.3848805393 0.0000000000
9.8106773749 0.9500000000 3.7537375767 2.2642994629 3.3743936974 0.0000000000
9.8108749230 0.9500000000 3.7526036069 2.2518100492 3.3648620526 0.0000000000
9.8110571243 0.9500000000 3.7516076731 2.2392453834 3.3558524509 0.0000000000
9.8112284273 0.9500000000 3.7506304747 2.2266704166 3.3469136708 0.0000000000
9.8113886573 0.9500000000 3.7497848782 2.2140361085 3.3384775614 0.0000000000
9.8115401328 0.9500000000 3.7490557988 2.2013542122 3.3304884852 0.0000000000
9.8116850570 0.9500000000 3.7483936533 2.1886500015 3.3227582190 0.0000000000
9.8118241145 0.9500000000 3.7478027542 2.1759231255 3.3153038723 0.0000000000
9.8119583489 0.9500000000 3.7472871200 2.1631755384 3.3081423007 0.0000000000
9.8120895811 0.9500000000 3.7467456976 2.1504348449 3.3008803338 0.0000000000
9.8122184051 0.9500000000 3.7461688383 2.1377033366 3.2934802933 0.0000000000
9.8123440685 0.9500000000 3.7456520760 2.1249555921 3.2863141463 0.0000000000
9.8124667575 0.9500000000 3.7451704052 2.1121989082 3.2792847892 0.0000000000
9.8125867432 0.9500000000 3.7447235215 2.0994344408 3.2723914677 0.0000000000
9.8127043090 0.9500000000 3.7443164364 2.0866613318 3.2656538838 0.0000000000
9.8128198056 0.9500000000 3.7439288956 2.0738843761 3.2589929380 0.0000000000
9.8129334428 0.9500000000 3.7435528529 2.0611051319 3.2523770695 0.0000000000
9.8130452155 0.9500000000 3.7432007925 2.0483216063 3.2458554176 0.0000000000
9.8131553109 0.9500000000 3.7428697990 2.0355343749 3.2394165513 0.0000000000
9.8132640803 0.9500000000 3.7425438764 2.0227462727 3.2329976199 0.0000000000
9.8133713309 0.9500000000 3.7422534592 2.0099528069 3.2267185648 0.0000000000
9.8134775270 0.9500000000 3.7419537662 1.9971606370 3.2204029251 0.0000000000
9.8135827918 0.9500000000 3.7416263156 1.9843725625 3.2139778927 0.0000000000
9.8136869811 0.9500000000 3.7413063160 1.9715833371 3.2075822043 0.0000000000
9.8137902727 0.9500000000 3.7410064712 1.9587909871 3.2012658847 0.0000000000
9.8138922741 0.9500000000 3.7407082849 1.9459983351 3.1949560788 0.0000000000
9.8139934163 0.9500000000 3.7404144903 1.9332049908 3.1886635627 0.0000000000
9.8140934497 0.9500000000 3.7401404788 1.9204088825 3.1824490734 0.0000000000
9.8141925042 0.9500000000 3.7398776660 1.9076112343 3.1762787629 0.0000000000
9.8142909381 0.9500000000 3.7396102332 1.8948141479 3.1700901974 0.0000000000
9.8143883755 0.9500000000 3.7393541723 1.8820155773 3.1639465253 0.0000000000
9.8144849304 0.9500000000 3.7391266595 1.8692135885 3.1579156785 0.0000000000
9.8145804751 0.9500000000 3.7389026349 1.8564111624 3.1518986097 0.0000000000
9.8146758034 0.9500000000 3.7386708472 1.8436095999 3.1458508341 0.0000000000
9.8147701447 0.9500000000 3.7384392950 1.8308079568 3.1398039682 0.0000000000
9.8148638143 0.9500000000 3.7382178717 1.8180051700 3.1337971600 0.0000000000
9.8149567504 0.9500000000 3.7380012994 1.8052018290 3.1278095345 0.0000000000
9.8150491215 0.9500000000 3.7377861919 1.7923982974 3.1218276917 0.0000000000
9.8151407458 0.9500000000 3.7375858092 1.7795932639 3.1159041475 0.0000000000
9.8152315939 0.9500000000 3.7373906995 1.7667876664 3.1100014699 0.0000000000
9.8153217309 0.9500000000 3.7372001031 1.7539816208 3.1041166660 0.0000000000
9.8154113416 0.9500000000 3.7370049335 1.7411760034 3.0982137408 0.0000000000
9.8155005639 0.9500000000 3.7367901999 1.7283722860 3.0922333193 0.0000000000
9.8155890458 0.9500000000 3.7365683721 1.7155693131 3.0862248189 0.0000000000
9.8156769812 0.9500000000 3.7363503201 1.7027659129 3.0802312508 0.0000000000
9.8157642565 0.9500000000 3.7361438077 1.6899612771 3.0742833469 0.0000000000
9.8158506965 0.9500000000 3.7359297759 1.6771573872 3.0683056638 0.0000000000
9.8159366216 0.9500000000 3.7357195443 1.6643530849 3.0623430166 0.0000000000
9.8160222261 0.9500000000 3.7355108664 1.6515485950 3.0563865088 0.0000000000
9.8161067719 0.9500000000 3.7353238807 1.6387419830 3.0505159213 0.0000000000
9.8161912633 0.9500000000 3.7351302205 1.6259359814 3.0446188798 0.0000000000
9.8162748090 0.9500000000 3.7349317982 1.6131303974 3.0387029570 0.0000000000
9.8163577758 0.9500000000 3.7347338967 1.6003247399 3.0327890880 0.0000000000
9.8164400506 0.9500000000 3.7345496375 1.5875177866 3.0269292701 0.0000000000
9.8165219463 0.9500000000 3.7343709382 1.5747103070 3.0210914807 0.0000000000
9.8166032566 0.9500000000 3.7341669876 1.5619051844 3.0151536296 0.0000000000
9.8166838363 0.9500000000 3.7339895542 1.5490975517 3.0093208426 0.0000000000
9.8167635880 0.9500000000 3.7338161033 1.5362895641 3.0035038442 0.0000000000
9.8168430618 0.9500000000 3.7336334689 1.5234823443 2.9976504186 0.0000000000
9.8169219931 0.9500000000 3.7334514903 1.5106750512 2.9917995868 0.0000000000
9.8170001676 0.9500000000 3.7332830390 1.4978665756 2.9860023917 0.0000000000
9.8170776346 0.9500000000 3.7331238377 1.4850573412 2.9802418925 0.0000000000
9.8171546384 0.9500000000 3.7329571951 1.4722486590 2.9744518494 0.0000000000
9.8172309672 0.9500000000 3.7327751439 1.4594412842 2.9686006947 0.0000000000
9.8173069131 0.9500000000 3.7326184728 1.4466317767 2.9628502073 0.0000000000
9.8173819656 0.9500000000 3.7324514034 1.4338230784 2.9570584502 0.0000000000
9.8174568297 0.9500000000 3.7322860671 1.4210142235 2.9512735632 0.0000000000
9.8175309558 0.9500000000 3.7321245844 1.4082050289 2.9455039544 0.0000000000
9.8176043562 0.9500000000 3.7319538756 1.3953965764 2.9396977384 0.0000000000
9.8176780083 0.9500000000 3.7317736755 1.3825889310 2.9338538795 0.0000000000
9.8177505103 0.9500000000 3.7315834626 1.3697822015 2.9279703362 0.0000000000
9.8178224864 0.9500000000 3.7314051580 1.3569743306 2.9221339696 0.0000000000
9.8178940866 0.9500000000 3.7312160681 1.3441674085 2.9162548413 0.0000000000
9.8179651234 0.9500000000 3.7310366808 1.3313596023 2.9104141694 0.0000000000
9.8180354860 0.9500000000 3.7308534101 1.3185521380 2.9045581007 0.0000000000
9.8181054542 0.9500000000 3.7306719335 1.3057445557 2.8987091616 0.0000000000
9.8181747579 0.9500000000 3.7304839839 1.2929374760 2.8928345313 0.0000000000
9.8182435736 0.9500000000 3.7302964001 1.2801304202 2.8869613737 0.0000000000
9.8183117540 0.9500000000 3.7301257368 1.2673217635 2.8811552580 0.0000000000
9.8183796261 0.9500000000 3.7299644631 1.2545123316 2.8753863902 0.0000000000
9.8184466533 0.9500000000 3.7297709556 1.2417057184 2.8694897151 0.0000000000
9.8185132534 0.9500000000 3.7295760495 1.2288992468 2.8635875019 0.0000000000
9.8185795310 0.9500000000 3.7294289560 1.2160886736 2.8578748986 0.0000000000
9.8186446589 0.9500000000 3.7292551400 1.2032801874 2.8520562401 0.0000000000
9.8187101268 0.9500000000 3.7290789884 1.1904719116 2.8462283234 0.0000000000
9.8187743031 0.9500000000 3.7289081331 1.1776632151 2.8404214236 0.0000000000
9.8188380107 0.9500000000 3.7287391299 1.1648543443 2.8346218624 0.0000000000
9.8189015485 0.9500000000 3.7285857429 1.1520442148 2.8288842627 0.0000000000
9.8189643526 0.9500000000 3.7284010675 1.1392366143 2.8230225211 0.0000000000
9.8190263931 0.9500000000 3.7282437407 1.1264266985 2.8172692473 0.0000000000
9.8190878734 0.9500000000 3.7280876313 1.1136166732 2.8115207998 0.0000000000
9.8191489581 0.9500000000 3.7279319941 1.1008065971 2.8057742205 0.0000000000
9.8192093286 0.9500000000 3.7277647072 1.0879974334 2.7999814073 0.0000000000
9.8192694875 0.9500000000 3.7276090064 1.0751873345 2.7942345648 0.0000000000
9.8193286193 0.9500000000 3.7274504480 1.0623774281 2.7884763687 0.0000000000
9.8193877568 0.9500000000 3.7272937854 1.0495673722 2.7827256957 0.0000000000
9.8194459040 0.9500000000 3.7271282025 1.0367580885 2.7769396507 0.0000000000
9.8195039392 0.9500000000 3.7269683454 1.0239482763 2.7711762975 0.0000000000
9.8195614040 0.9500000000 3.7267678505 1.0111420306 2.7652518196 0.0000000000
9.8196183549 0.9500000000 3.7265516341 0.9983373523 2.7592650827 0.0000000000
9.8196746959 0.9500000000 3.7263785522 0.9855285561 2.7534492363 0.0000000000
9.8197305242 0.9500000000 3.7261900733 0.9727210873 2.7475723335 0.0000000000
9.8197859082 0.9500000000 3.7260046388 0.9599134012 2.7417075210 0.0000000000
9.8198408425 0.9500000000 3.7258275352 0.9471049338 2.7358757197 0.0000000000
9.8198951785 0.9500000000 3.7256516053 0.9342963258 2.7300485570 0.0000000000
9.8199492409 0.9500000000 3.7254590706 0.9214891868 2.7241555625 0.0000000000
9.8200028164 0.9500000000 3.7252667875 0.9086820136 2.7182635609 0.0000000000
9.8200553882 0.9500000000 3.7250913646 0.8958733312 2.7124383962 0.0000000000
9.8201080129 0.9500000000 3.7249250929 0.8830638862 2.7066495312 0.0000000000
9.8201599844 0.9500000000 3.7247367081 0.8702563154 2.7007729637 0.0000000000
9.8202116332 0.9500000000 3.7245480215 0.8574487807 2.6948952035 0.0000000000
9.8202627533 0.9500000000 3.7243880064 0.8446388241 2.6891311606 0.0000000000
9.8203130911 0.9500000000 3.7242267089 0.8318288984 2.6833620004 0.0000000000
9.8203633996 0.9500000000 3.7240422830 0.8190209550 2.6775011193 0.0000000000
9.8204133711 0.9500000000 3.7238549871 0.8062133393 2.6716288895 0.0000000000
9.8204625530 0.9500000000 3.7236756982 0.7934049512 2.6657883784 0.0000000000
9.8205113133 0.9500000000 3.7235078670 0.7805955067 2.6599932761 0.0000000000
9.8205601215 0.9500000000 3.7233158389 0.7677882260 2.6541022515 0.0000000000
9.8206080413 0.9500000000 3.7231431701 0.7549791734 2.6482879550 0.0000000000
9.8206557313 0.9500000000 3.7229827190 0.7421691332 2.6425221345 0.0000000000
9.8207026972 0.9500000000 3.7228175024 0.7293594844 2.6367374085 0.0000000000
9.8207495427 0.9500000000 3.7226488181 0.7165501122 2.6309389228 0.0000000000
9.8207959620 0.9500000000 3.7224884863 0.7037400608 2.6251735749 0.0000000000
9.8208418016 0.9500000000 3.7223230359 0.6909303696 2.6193878968 0.0000000000
9.8208874271 0.9500000000 3.7221626244 0.6781202647 2.6136222088 0.0000000000
9.8209327025 0.9500000000 3.7219904332 0.6653111027 2.6078097792 0.0000000000
9.8209776775 0.9500000000 3.7217922773 0.6525043152 2.6018944406 0.0000000000
9.8210223001 0.9500000000 3.7215902201 0.6396979003 2.5959636458 0.0000000000
9.8210664808 0.9500000000 3.7213895264 0.6268913286 2.5900382421 0.0000000000
9.8211105045 0.9500000000 3.7211993557 0.6140838034 2.5841545493 0.0000000000
9.8211538175 0.9500000000 3.7210039960 0.6012766790 2.5782502610 0.0000000000
9.8211967287 0.9500000000 3.7208076250 0.5884696429 2.5723419624 0.0000000000
9.8212394661 0.9500000000 3.7206132933 0.5756624309 2.5664417507 0.0000000000
9.8212815939 0.9500000000 3.7204310559 0.5628541086 2.5605894724 0.0000000000
9.8213239267 0.9500000000 3.7202324146 0.5500472903 2.5546721797 0.0000000000
9.8213652563 0.9500000000 3.7200355547 0.5372402643 2.5487619298 0.0000000000
9.8214061211 0.9500000000 3.7198408760 0.5244331650 2.5428603752 0.0000000000
9.8214469953 0.9500000000 3.7196615083 0.5116245371 2.5370194532 0.0000000000
9.8214871600 0.9500000000 3.7194714987 0.4988168888 2.5311363554 0.0000000000
9.8215273453 0.9500000000 3.7192647697 0.4860108199 2.5251870119 0.0000000000
9.8215668434 0.9500000000 3.7190981167 0.4732011291 2.5193965239 0.0000000000
9.8216060218 0.9500000000 3.7189209437 0.4603922801 2.5135642921 0.0000000000
9.8216448327 0.9500000000 3.7187372090 0.4475841119 2.5077060860 0.0000000000
9.8216834662 0.9500000000 3.7185484485 0.4347762855 2.5018279134 0.0000000000
9.8217215004 0.9500000000 3.7183749707 0.4219671144 2.4960103340 0.0000000000
9.8217594009 0.9500000000 3.7182029008 0.4091578444 2.4901983464 0.0000000000
9.8217967580 0.9500000000 3.7180197876 0.3963495596 2.4843425796 0.0000000000
9.8218339117 0.9500000000 3.7178256253 0.3835422631 2.4784430119 0.0000000000
9.8218707211 0.9500000000 3.7176569903 0.3707327186 2.4726446538 0.0000000000
9.8219070004 0.9500000000 3.7174903014 0.3579229234 2.4668539802 0.0000000000
9.8219433638 0.9500000000 3.7173107120 0.3451142775 2.4610121644 0.0000000000
9.8219790502 0.9500000000 3.7171419625 0.3323047074 2.4552133381 0.0000000000
9.8220144245 0.9500000000 3.7169699499 0.3194953997 2.4494015647 0.0000000000
9.8220495830 0.9500000000 3.7167557624 0.3066900357 2.4434226691 0.0000000000
9.8220844112 0.9500000000 3.7165566642 0.2938831079 2.4375035052 0.0000000000
9.8221189741 0.9500000000 3.7163500592 0.2810770505 2.4315546624 0.0000000000
9.8221531387 0.9500000000 3.7161240657 0.2682729667 2.4255290547 0.0000000000
9.8221871093 0.9500000000 3.7159157513 0.2554669408 2.4195733869 0.0000000000
9.8222206076 0.9500000000 3.7157150076 0.2426602212 2.4136477243 0.0000000000
9.8222538892 0.9500000000 3.7155097035 0.2298539141 2.4077039850 0.0000000000
9.8222869487 0.9500000000 3.7153043684 0.2170476241 2.4017601287 0.0000000000
9.8223196460 0.9500000000 3.7150889052 0.2042423485 2.3957761655 0.0000000000
9.8223519314 0.9500000000 3.7149127010 0.1914333332 2.3899477427 0.0000000000
9.8223839794 0.9500000000 3.7147155600 0.1786261960 2.3840363236 0.0000000000
9.8224158136 0.9500000000 3.7145117086 0.1658197271 2.3780983304 0.0000000000
9.8224473170 0.9500000000 3.7143091600 0.1530132566 2.3721655477 0.0000000000
9.8224785047 0.9500000000 3.7141237099 0.1402050468 2.3663004638 0.0000000000
9.8225094838 0.9500000000 3.7139329260 0.1273973838 2.3604142629 0.0000000000
9.8225401765 0.9500000000 3.7137195436 0.1145918961 2.3544385381 0.0000000000
9.8225705357 0.9500000000 3.7135336295 0.1017837024 2.3485716043 0.0000000000
9.8226006334 0.9500000000 3.7133570913 0.0889747076 2.3427418537 0.0000000000
9.8226305030 0.9500000000 3.7131763382 0.0761660586 2.3368953817 0.0000000000
9.8226601394 0.9500000000 3.7129508753 0.0633619214 2.3308718749 0.0000000000
9.8226894210 0.9500000000 3.7127872034 0.0505517916 2.3250931354 0.0000000000
9.8227184711 0.9500000000 3.7126137742 0.0377424540 2.3192756838 0.0000000000
9.8227472837 0.9500000000 3.7124456261 0.0249326637 2.3134791752 0.0000000000
9.8227759169 0.9500000000 3.7122569325 0.0121247156 2.3076012214 0.0000000000
9.8228041864 0.9500000000 3.7120727828 -0.0006836362 2.3017412820 0.0000000000
9.8228323284 0.9500000000 3.7118723045 -0.0134904256 2.2958166532 0.0000000000
9.8228603213 0.9500000000 3.7116426265 -0.0262941849 2.2897764374 0.0000000000
9.8228879082 0.9500000000 3.7114257545 -0.0390992270 2.2837869324 0.0000000000
9.8229152316 0.9500000000 3.7112069473 -0.0519042587 2.2777896912 0.0000000000
9.8229422957 0.9500000000 3.7109866813 -0.0647091277 2.2717866794 0.0000000000
9.8229691036 0.9500000000 3.7107693678 -0.0775141623 2.2657954115 0.0000000000
9.8229956296 0.9500000000 3.7105715031 -0.0903212108 2.2598811335 0.0000000000
9.8230218706 0.9500000000 3.7103562600 -0.1031265859 2.2538980109 0.0000000000
9.8230478904 0.9500000000 3.7101302860 -0.1159308536 2.2478724077 0.0000000000
9.8230736101 0.9500000000 3.7099355838 -0.1287381195 2.2419706928 0.0000000000
9.8230991195 0.9500000000 3.7097338185 -0.1415448770 2.2360409287 0.0000000000
9.8231244200 0.9500000000 3.7094961213 -0.1543476835 2.2299690171 0.0000000000
9.8231494832 0.9500000000 3.7092617501 -0.1671510116 2.2239102010 0.0000000000
9.8231742340 0.9500000000 3.7090759052 -0.1799592790 2.2180435146 0.0000000000
9.8231987982 0.9500000000 3.7088889357 -0.1927674350 2.2121723742 0.0000000000
9.8232231981 0.9500000000 3.7086766783 -0.2055731073 2.2062010756 0.0000000000
9.8232473256 0.9500000000 3.7084664353 -0.2183789793 2.2002377546 0.0000000000
9.8232712378 0.9500000000 3.7082937884 -0.2311884129 2.1944233935 0.0000000000
9.8232948917 0.9500000000 3.7081077657 -0.2439966290 2.1885560163 0.0000000000
9.8233183728 0.9500000000 3.7079154243 -0.2568041568 2.1826636396 0.0000000000
9.8233416162 0.9500000000 3.7077206898 -0.2696115023 2.1767617636 0.0000000000
9.8233646690 0.9500000000 3.7075377673 -0.2824200004 2.1709066743 0.0000000000
9.8233875069 0.9500000000 3.7073486709 -0.2952279498 2.1650271090 0.0000000000
9.8234101410 0.9500000000 3.7071625495 -0.3080361678 2.1591593361 0.0000000000
9.8234325822 0.9500000000 3.7069786492 -0.3208446186 2.1533003545 0.0000000000
9.8234549796 0.9500000000 3.7067443870 -0.3336479134 2.1472419880 0.0000000000
9.8234773208 0.9500000000 3.7064992702 -0.3464498944 2.1411407283 0.0000000000
9.8234994856 0.9500000000 3.7062739169 -0.3592540494 2.1351176530 0.0000000000
9.8235214885 0.9500000000 3.7060250045 -0.3720556076 2.1290013803 0.0000000000
9.8235431602 0.9500000000 3.7057878358 -0.3848585640 2.1229315231 0.0000000000
9.8235646269 0.9500000000 3.7055502107 -0.3976614820 2.1168598554 0.0000000000
9.8235856948 0.9500000000 3.7053606401 -0.4104694518 2.1109783848 0.0000000000
9.8236066893 0.9500000000 3.7051374740 -0.4232737407 2.1049640051 0.0000000000
9.8236273475 0.9500000000 3.7048981804 -0.4360764827 2.0988857339 0.0000000000
9.8236476986 0.9500000000 3.7046787382 -0.4488814215 2.0928859893 0.0000000000
9.8236678458 0.9500000000 3.7044863504 -0.4616891354 2.0869933526 0.0000000000
9.8236877840 0.9500000000 3.7042699592 -0.4744943922 2.0810056852 0.0000000000
9.8237075437 0.9500000000 3.7040445415 -0.4872987232 2.0749822820 0.0000000000
9.8237270520 0.9500000000 3.7038298969 -0.5001037443 2.0690016953 0.0000000000
9.8237464166 0.9500000000 3.7036467105 -0.5129122599 2.0631455432 0.0000000000
9.8237655938 0.9500000000 3.7034435988 -0.5257189164 2.0572104337 0.0000000000
9.8237846243 0.9500000000 3.7032160979 -0.5385229685 2.0511788096 0.0000000000
9.8238034778 0.9500000000 3.7030204949 -0.5513304410 2.0452734087 0.0000000000
9.8238221748 0.9500000000 3.7028210684 -0.5641375371 2.0393528640 0.0000000000
9.8238406781 0.9500000000 3.7026105588 -0.5769434306 2.0333884683 0.0000000000
9.8238590562 0.9500000000 3.7024034384 -0.5897495113 2.0274375544 0.0000000000
9.8238772997 0.9500000000 3.7022188964 -0.6025578641 2.0215760453 0.0000000000
9.8238954043 0.9500000000 3.7020341221 -0.6153662039 2.0157136120 0.0000000000
9.8239133866 0.9500000000 3.7017940591 -0.6281688284 2.0096323103 0.0000000000
9.8239312565 0.9500000000 3.7015586411 -0.6409719523 2.0035693886 0.0000000000
9.8239489439 0.9500000000 3.7013231766 -0.6537750770 1.9975062808 0.0000000000
9.8239664942 0.9500000000 3.7010829984 -0.6665776722 1.9914245300 0.0000000000
9.8239838673 0.9500000000 3.7008584824 -0.6793818781 1.9854047837 0.0000000000
9.8240011172 0.9500000000 3.7006276731 -0.6921855785 1.9793600663 0.0000000000
9.8240182635 0.9500000000 3.7003786612 -0.7049870146 1.9732434442 0.0000000000
9.8240352653 0.9500000000 3.7001150726 -0.7177864797 1.9670693039 0.0000000000
9.8240521386 0.9500000000 3.6999001223 -0.7305919491 1.9610873149 0.0000000000
9.8240689057 0.9500000000 3.6996925517 -0.7433980941 1.9551345746 0.0000000000
9.8240855885 0.9500000000 3.6994457467 -0.7561999117 1.9490266276 0.0000000000
9.8241021479 0.9500000000 3.6992106530 -0.7690031338 1.9429649637 0.0000000000
9.8241185896 0.9500000000 3.6990129069 -0.7818102296 1.9370511412 0.0000000000
9.8241350836 0.9500000000 3.6987925325 -0.7946149532 1.9310477541 0.0000000000
9.8241514196 0.9500000000 3.6985558286 -0.8074179952 1.9249797215 0.0000000000
9.8241676547 0.9500000000 3.6983443794 -0.8202237401 1.9190116267 0.0000000000
9.8241838713 0.9500000000 3.6981570278 -0.8330320025 1.9131389153 0.0000000000
9.8242000498 0.9500000000 3.6979624889 -0.8458395989 1.9072377213 0.0000000000
9.8242162929 0.9500000000 3.6977261777 -0.8586422120 1.9011714313 0.0000000000
9.8242324824 0.9500000000 3.6975335804 -0.8714497721 1.8952780182 0.0000000000
9.8242487435 0.9500000000 3.6973405720 -0.8842573602 1.8893829491 0.0000000000
9.8242651278 0.9500000000 3.6971448489 -0.8970646802 1.8834771286 0.0000000000
9.8242817066 0.9500000000 3.6969399571 -0.9098707629 1.8775351286 0.0000000000
9.8242985567 0.9500000000 3.6966920050 -0.9226722933 1.8714227079 0.0000000000
9.8243157659 0.9500000000 3.6964364331 -0.9354728443 1.8652802000 0.0000000000
9.8243335660 0.9500000000 3.6961794786 -0.9482732573 1.8591322168 0.0000000000
9.8243521942 0.9500000000 3.6959620220 -0.9610781644 1.8531404276 0.0000000000
9.8243722065 0.9500000000 3.6957167616 -0.9738798494 1.8470387117 0.0000000000
9.8243947791 0.9500000000 3.6954698706 -0.9866812019 1.8409306071 0.0000000000
9.8244237418 0.9500000000 3.6952426954 -0.9994845558 1.8349005648 0.0000000000
9.8244924329 0.9500000000 3.6953179757 -1.0016302848 1.8343433941 0.0000000000
9.8245149743 0.9500000000 3.6956201675 -0.9888365367 1.8406696604 0.0000000000
9.8245300024 0.9500000000 3.6959393214 -0.9760446876 1.8470630158 0.0000000000
9.8245425467 0.9500000000 3.6962376061 -0.9632496991 1.8533741502 0.0000000000
9.8245541726 0.9500000000 3.6965260256 -0.9504533244 1.8596463780 0.0000000000
9.8245662568 0.9500000000 3.6968356579 -0.9376599761 1.8660022465 0.0000000000
9.8245866996 0.9500000000 3.6970158869 -0.9308803216 1.8694350243 0.0000000000
9.8245951763 0.9500000000 3.6967556195 -0.9437373780 1.8632511320 0.0000000000
9.8246069417 0.9500000000 3.6964971808 -0.9565380192 1.8570971207 0.0000000000
9.8246192795 0.9500000000 3.6962453641 -0.9693392324 1.8509693686 0.0000000000
9.8246316288 0.9500000000 3.6959889222 -0.9821398470 1.8448233552 0.0000000000
9.8246440346 0.9500000000 3.6957166863 -0.9949383777 1.8386149993 0.0000000000
9.8246563792 0.9500000000 3.6954875532 -1.0077420604 1.8325769941 0.0000000000
9.8246687467 0.9500000000 3.6952447875 -1.0205441704 1.8264850872 0.0000000000
9.8246810970 0.9500000000 3.6949710169 -1.0333421399 1.8202708168 0.0000000000
9.8246933656 0.9500000000 3.6947189220 -1.0461431277 1.8141420421 0.0000000000
9.8247055857 0.9500000000 3.6945029775 -1.0589483850 1.8081561614 0.0000000000
9.8247177744 0.9500000000 3.6942791703 -1.0717527446 1.8021391887 0.0000000000
9.8247298983 0.9500000000 3.6940211850 -1.0845532060 1.7959870630 0.0000000000
9.8247419327 0.9500000000 3.6938006712 -1.0973580273 1.7899830790 0.0000000000
9.8247539237 0.9500000000 3.6935757271 -1.1101619698 1.7839617259 0.0000000000
9.8247658165 0.9500000000 3.6933695337 -1.1229684696 1.7780143524 0.0000000000
9.8247776605 0.9500000000 3.6930893400 -1.1357659012 1.7717746048 0.0000000000
9.8247893645 0.9500000000 3.6929007071 -1.1485738566 1.7658968911 0.0000000000
9.8248010082 0.9500000000 3.6927056443 -1.1613812572 1.7599936796 0.0000000000
9.8248125602 0.9500000000 3.6925035316 -1.1741879740 1.7540625422 0.0000000000
9.8248240363 0.9500000000 3.6922887450 -1.1869932203 1.7480812970 0.0000000000
9.8248354070 0.9500000000 3.6920920397 -1.1998004041 1.7421716025 0.0000000000
9.8248466983 0.9500000000 3.6918607813 -1.2126036352 1.7361252763 0.0000000000
9.8248579116 0.9500000000 3.6915862011 -1.2254018757 1.7299076595 0.0000000000
9.8248690447 0.9500000000 3.6913350396 -1.2382030049 1.7237825615 0.0000000000
9.8248800657 0.9500000000 3.6910719785 -1.2510026422 1.7176104624 0.0000000000
9.8248910234 0.9500000000 3.6907649325 -1.2637964985 1.7112647359 0.0000000000
9.8249018772 0.9500000000 3.6905013287 -1.2765956497 1.7050906601 0.0000000000
9.8249126151 0.9500000000 3.6902657317 -1.2893986557 1.6990270697 0.0000000000
9.8249232995 0.9500000000 3.6899801020 -1.3021952668 1.6927659066 0.0000000000
9.8249338939 0.9500000000 3.6897034907 -1.3149930996 1.6865403281 0.0000000000
9.8249443620 0.9500000000 3.6894832335 -1.3277975145 1.6805375334 0.0000000000
9.8249547626 0.9500000000 3.6892403896 -1.3405986454 1.6744457057 0.0000000000
9.8249650797 0.9500000000 3.6889852340 -1.3533994143 1.6683047757 0.0000000000
9.8249752928 0.9500000000 3.6887195377 -1.3661987575 1.6621222532 0.0000000000
9.8249854409 0.9500000000 3.6884980556 -1.3790032928 1.6561145105 0.0000000000
9.8249954686 0.9500000000 3.6882802824 -1.3918081640 1.6501214691 0.0000000000
9.8250054555 0.9500000000 3.6880425884 -1.4046103863 1.6440498043 0.0000000000
9.8250153279 0.9500000000 3.6878015978 -1.4174122151 1.6379651103 0.0000000000
9.8250250988 0.9500000000 3.6876062335 -1.4302193611 1.6320607947 0.0000000000
9.8250348097 0.9500000000 3.6874076263 -1.4430262315 1.6261436179 0.0000000000
9.8250444381 0.9500000000 3.6871958280 -1.4558316763 1.6201742469 0.0000000000
9.8250539891 0.9500000000 3.6870081998 -1.4686397883 1.6143004892 0.0000000000
9.8250634586 0.9500000000 3.6867381973 -1.4814386652 1.6081009283 0.0000000000
9.8250728894 0.9500000000 3.6864367301 -1.4942329382 1.6017773504 0.0000000000
9.8250821928 0.9500000000 3.6861718296 -1.5070319583 1.5955981405 0.0000000000
9.8250914351 0.9500000000 3.6859010328 -1.5198305129 1.5893955315 0.0000000000
9.8251006020 0.9500000000 3.6856145993 -1.5326271778 1.5831311312 0.0000000000
9.8251096788 0.9500000000 3.6853267882 -1.5454236563 1.5768612955 0.0000000000
9.8251186782 0.9500000000 3.6850754049 -1.5582241407 1.5707355687 0.0000000000
9.8251275970 0.9500000000 3.6848265001 -1.5710254790 1.5646194141 0.0000000000
9.8251364514 0.9500000000 3.6845545140 -1.5838241035 1.5584120198 0.0000000000
9.8251452332 0.9500000000 3.6842909499 -1.5966236746 1.5522379350 0.0000000000
9.8251539203 0.9500000000 3.6840675687 -1.6094278854 1.5462227258 0.0000000000
9.8251625621 0.9500000000 3.6838397027 -1.6222315866 1.5401897815 0.0000000000
9.8251711353 0.9500000000 3.6835334898 -1.6350242568 1.5338478616 0.0000000000
9.8251796032 0.9500000000 3.6833110156 -1.6478288368 1.5278361328 0.0000000000
9.8251880282 0.9500000000 3.6831053672 -1.6606352498 1.5218909741 0.0000000000
9.8251963765 0.9500000000 3.6828939673 -1.6734410097 1.5159230705 0.0000000000
9.8252046621 0.9500000000 3.6826511396 -1.6862429021 1.5098310030 0.0000000000
9.8252128790 0.9500000000 3.6824456378 -1.6990494756 1.5038863664 0.0000000000
9.8252210300 0.9500000000 3.6822482641 -1.7118566132 1.4979740162 0.0000000000
9.8252291098 0.9500000000 3.6820289568 -1.7246615995 1.4919747929 0.0000000000
9.8252371508 0.9500000000 3.6817484491 -1.7374581730 1.4857341327 0.0000000000
9.8252451225 0.9500000000 3.6814483959 -1.7502526381 1.4794161337 0.0000000000
9.8252530297 0.9500000000 3.6811488200 -1.7630471012 1.4731000446 0.0000000000
9.8252608619 0.9500000000 3.6808497743 -1.7758415951 1.4667860646 0.0000000000
9.8252686185 0.9500000000 3.6806100118 -1.7886439668 1.4607060657 0.0000000000
9.8252763302 0.9500000000 3.6803009221 -1.8014365426 1.4543526767 0.0000000000
9.8252839544 0.9500000000 3.6799887431 -1.8142292248 1.4479868879 0.0000000000
9.8252915046 0.9500000000 3.6797296743 -1.8270290375 1.4418306876 0.0000000000
9.8252990008 0.9500000000 3.6794943091 -1.8398321310 1.4357679893 0.0000000000
9.8253064236 0.9500000000 3.6792150216 -1.8526291555 1.4295320296 0.0000000000
9.8253137892 0.9500000000 3.6789086523 -1.8654223394 1.4231892786 0.0000000000
9.8253210852 0.9500000000 3.6786447915 -1.8782210106 1.4170143671 0.0000000000
9.8253282993 0.9500000000 3.6784224748 -1.8910255831 1.4110032711 0.0000000000
9.8253354680 0.9500000000 3.6781671511 -1.9038260963 1.4048617711 0.0000000000
9.8253425749 0.9500000000 3.6779080321 -1.9166255694 1.3987055061 0.0000000000
9.8253496091 0.9500000000 3.6777045084 -1.9294316231 1.3927689898 0.0000000000
9.8253565873 0.9500000000 3.6774767835 -1.9422354878 1.3867365443 0.0000000000
9.8253635004 0.9500000000 3.6772316702 -1.9550371035 1.3806354449 0.0000000000
9.8253703535 0.9500000000 3.6770220381 -1.9678423943 1.3746747999 0.0000000000
9.8253771638 0.9500000000 3.6767085868 -1.9806344119 1.3683041877 0.0000000000
9.8253839150 0.9500000000 3.6763875396 -1.9934252061 1.3619036813 0.0000000000
9.8253906134 0.9500000000 3.6761005084 -2.0062212618 1.3556371341 0.0000000000
9.8253972412 0.9500000000 3.6758041025 -2.0190158235 1.3493336860 0.0000000000
9.8254038212 0.9500000000 3.6754780696 -2.0318037735 1.3429143741 0.0000000000
9.8254103457 0.9500000000 3.6751607194 -2.0445950266 1.3365284724 0.0000000000
9.8254168054 0.9500000000 3.6749126112 -2.0573959860 1.3304156556 0.0000000000
9.8254232060 0.9500000000 3.6746527972 -2.0701957100 1.3242565101 0.0000000000
9.8254295751 0.9500000000 3.6743277276 -2.0829857572 1.3178402127 0.0000000000
9.8254358671 0.9500000000 3.6740460257 -2.0957819553 1.3115949258 0.0000000000
9.8254421151 0.9500000000 3.6737949779 -2.1085812482 1.3054710175 0.0000000000
9.8254482925 0.9500000000 3.6735623731 -2.1213838286 1.2994195661 0.0000000000
9.8254544423 0.9500000000 3.6732669805 -2.1341788931 1.2931199702 0.0000000000
9.8254605194 0.9500000000 3.6730316757 -2.1469807659 1.2870580016 0.0000000000
9.8254665414 0.9500000000 3.6728125789 -2.1597847447 1.2810600231 0.0000000000
9.8254725200 0.9500000000 3.6726019721 -2.1725896752 1.2750956236 0.0000000000
9.8254784567 0.9500000000 3.6723489839 -2.1853892864 1.2689638265 0.0000000000
9.8254843336 0.9500000000 3.6721358783 -2.1981937074 1.2629896357 0.0000000000
9.8254901721 0.9500000000 3.6718733396 -2.2109913974 1.2568204046 0.0000000000
9.8254959602 0.9500000000 3.6715304520 -2.2237784621 1.2503340284 0.0000000000
9.8255017123 0.9500000000 3.6712289906 -2.2365729574 1.2440103847 0.0000000000
9.8255074055 0.9500000000 3.6709032423 -2.2493631583 1.2375913113 0.0000000000
9.8255130536 0.9500000000 3.6705648086 -2.2621510799 1.2311224077 0.0000000000
9.8255186620 0.9500000000 3.6702316671 -2.2749384575 1.2246748905 0.0000000000
9.8255242182 0.9500000000 3.6699775053 -2.2877383548 1.2185382845 0.0000000000
9.8255297410 0.9500000000 3.6696579339 -2.3005291353 1.2121436868 0.0000000000
9.8255352080 0.9500000000 3.6693174253 -2.3133166392 1.2056666510 0.0000000000
9.8255406367 0.9500000000 3.6690613357 -2.3261161467 1.1995224896 0.0000000000
9.8255460066 0.9500000000 3.6688143780 -2.3389166630 1.1934144523 0.0000000000
9.8255513473 0.9500000000 3.6685433947 -2.3517142405 1.1872114881 0.0000000000
9.8255566406 0.9500000000 3.6682354786 -2.3645064498 1.1808629398 0.0000000000
9.8255618845 0.9500000000 3.6680035327 -2.3773086615 1.1748142713 0.0000000000
9.8255670924 0.9500000000 3.6677664478 -2.3901102114 1.1687453118 0.0000000000
9.8255722503 0.9500000000 3.6675334936 -2.4029122107 1.1626926955 0.0000000000
9.8255773568 0.9500000000 3.6672860765 -2.4157124427 1.1565829343 0.0000000000
9.8255824284 0.9500000000 3.6670668910 -2.4285160865 1.1505847345 0.0000000000
9.8255874619 0.9500000000 3.6667558236 -2.4413075485 1.1442238801 0.0000000000
9.8255924591 0.9500000000 3.6664076299 -2.4540935071 1.1377167218 0.0000000000
9.8255974092 0.9500000000 3.6660851435 -2.4668834932 1.1313107820 0.0000000000
9.8256023212 0.9500000000 3.6657321994 -2.4796695854 1.1247845688 0.0000000000
9.8256071946 0.9500000000 3.6653768478 -2.4924552703 1.1182488884 0.0000000000
9.8256120159 0.9500000000 3.6650968838 -2.5052512499 1.1120106404 0.0000000000
9.8256168072 0.9500000000 3.6648290161 -2.5180487407 1.1058201733 0.0000000000
9.8256215547 0.9500000000 3.6644790363 -2.5308343128 1.0993060253 0.0000000000
9.8256262600 0.9500000000 3.6641581606 -2.5436246365 1.0929063931 0.0000000000
9.8256309261 0.9500000000 3.6639151498 -2.5564253713 1.0868140561 0.0000000000
9.8256355492 0.9500000000 3.6636689970 -2.5692257457 1.0807092950 0.0000000000
9.8256401432 0.9500000000 3.6633514672 -2.5820162868 1.0743229594 0.0000000000
9.8256446916 0.9500000000 3.6630836652 -2.5948135118 1.0681328614 0.0000000000
9.8256492004 0.9500000000 3.6628551747 -2.6076160423 1.0620978870 0.0000000000
9.8256536764 0.9500000000 3.6626318609 -2.6204191181 1.0560834015 0.0000000000
9.8256581121 0.9500000000 3.6623662819 -2.6332166151 1.0499020868 0.0000000000
9.8256625155 0.9500000000 3.6621388843 -2.6460194696 1.0438713547 0.0000000000
9.8256668837 0.9500000000 3.6618518858 -2.6588138975 1.0376055893 0.0000000000
9.8256712297 0.9500000000 3.6614715500 -2.6715946821 1.0309719325 0.0000000000
9.8256755286 0.9500000000 3.6611425241 -2.6843828347 1.0245405677 0.0000000000
9.8256798055 0.9500000000 3.6607572601 -2.6971616188 1.0178879983 0.0000000000
9.8256840396 0.9500000000 3.6603758533 -2.7099417114 1.0112503341 0.0000000000
9.8256882402 0.9500000000 3.6600326945 -2.7227274600 1.0047633992 0.0000000000
9.8256924124 0.9500000000 3.6597619027 -2.7355243696 0.9985614684 0.0000000000
9.8256965453 0.9500000000 3.6594381550 -2.7483130236 0.9921510160 0.0000000000
9.8257006456 0.9500000000 3.6590727849 -2.7610951281 0.9855766938 0.0000000000
9.8257047097 0.9500000000 3.6587971349 -2.7738912114 0.9793556605 0.0000000000
9.8257087477 0.9500000000 3.6585483292 -2.7866916182 0.9732402748 0.0000000000
9.8257127523 0.9500000000 3.6582878582 -2.7994901028 0.9670789970 0.0000000000
9.8257167286 0.9500000000 3.6579558816 -2.8122770140 0.9606363260 0.0000000000
9.8257206669 0.9500000000 3.6577108152 -2.8250782096 0.9545355824 0.0000000000
9.8257245803 0.9500000000 3.6574721745 -2.8378806377 0.9484600482 0.0000000000
9.8257284674 0.9500000000 3.6572273368 -2.8506823020 0.9423600317 0.0000000000
9.8257323280 0.9500000000 3.6569636065 -2.8634807580 0.9361857281 0.0000000000
9.8257361595 0.9500000000 3.6565833065 -2.8762591017 0.9295531905 0.0000000000
9.8257399682 0.9500000000 3.6561952136 -2.8890358579 0.9228901163 0.0000000000
9.8257437446 0.9500000000 3.6558367812 -2.9018179500 0.9163435501 0.0000000000
9.8257474913 0.9500000000 3.6555268442 -2.9146084644 0.9099875963 0.0000000000
9.8257512154 0.9500000000 3.6551538787 -2.9273878471 0.9033839812 0.0000000000
9.8257549091 0.9500000000 3.6547696008 -2.9401651302 0.8967359564 0.0000000000
9.8257585781 0.9500000000 3.6544671032 -2.9529570937 0.8904091806 0.0000000000
9.8257622117 0.9500000000 3.6542073823 -2.9657568328 0.8842504015 0.0000000000
9.8257658221 0.9500000000 3.6538572729 -2.9785403688 0.8777365494 0.0000000000
9.8257694024 0.9500000000 3.6535275077 -2.9913274367 0.8713026613 0.0000000000
9.8257729541 0.9500000000 3.6532828733 -3.0041294921 0.8652033017 0.0000000000
9.8257764851 0.9500000000 3.6530363229 -3.0169311910 0.8590964203 0.0000000000
9.8257799870 0.9500000000 3.6527493507 -3.0297265745 0.8528303784 0.0000000000
9.8257834573 0.9500000000 3.6524600710 -3.0425216942 0.8465552115 0.0000000000
9.8257869046 0.9500000000 3.6522021725 -3.0553220436 0.8404034777 0.0000000000
9.8257903319 0.9500000000 3.6519112236 -3.0681159988 0.8341221001 0.0000000000
9.8257937306 0.9500000000 3.6515275048 -3.0808924349 0.8274766504 0.0000000000
9.8257971039 0.9500000000 3.6511493255 -3.0936701678 0.8208528401 0.0000000000
9.8258004568 0.9500000000 3.6507584387 -3.1064449780 0.8141793690 0.0000000000
9.8258037843 0.9500000000 3.6503624103 -3.1192185469 0.8074858277 0.0000000000
9.8258070887 0.9500000000 3.6500608536 -3.1320111485 0.8011625603 0.0000000000
9.8258103701 0.9500000000 3.6497511395 -3.1448022179 0.7948072761 0.0000000000
9.8258136334 0.9500000000 3.6493675488 -3.1575785742 0.7881623707 0.0000000000
9.8258168670 0.9500000000 3.6490103517 -3.1703598631 0.7816210670 0.0000000000
9.8258200855 0.9500000000 3.6487486152 -3.1831589361 0.7754544918 0.0000000000
9.8258232807 0.9500000000 3.6484849007 -3.1959577348 0.7692801143 0.0000000000
9.8258264649 0.9500000000 3.6481375770 -3.2087415076 0.7627773104 0.0000000000
9.8258296244 0.9500000000 3.6478789845 -3.2215396486 0.7566236840 0.0000000000
9.8258327678 0.9500000000 3.6476376896 -3.2343408879 0.7505380085 0.0000000000
9.8258358988 0.9500000000 3.6473806420 -3.2471401899 0.7443900972 0.0000000000
9.8258390182 0.9500000000 3.6471089380 -3.2599376831 0.7381842842 0.0000000000
9.8258421355 0.9500000000 3.6467899576 -3.2727259809 0.7317930432 0.0000000000
9.8258452519 0.9500000000 3.6463828736 -3.2854975799 0.7250560678 0.0000000000
9.8258483642 0.9500000000 3.6459812836 -3.2982709097 0.7183403757 0.0000000000
9.8258514893 0.9500000000 3.6456637200 -3.3110606616 0.7119542206 0.0000000000
9.8258546418 0.9500000000 3.6452879458 -3.3238415058 0.7053387860 0.0000000000
9.8258578491 0.9500000000 3.6448874579 -3.3366166021 0.6986267960 0.0000000000
9.8258611778 0.9500000000 3.6445474715 -3.3494021587 0.6921526276 0.0000000000
9.8258650732 0.9500000000 3.6442800000 -3.3622000000 0.6859636053 0.0000000000
